1.000605058524236979e+00
1.000681621737175675e+00
1.000806629333527820e+00
1.000954643631190688e+00
1.001116892606406239e+00
1.001289030933355750e+00
1.001468462924248959e+00
1.001653458658369189e+00
1.001842781835975638e+00
1.002035505644984337e+00
1.002230910683099996e+00
1.002428423523782808e+00
1.002627577413943705e+00
1.002827985921719289e+00
1.003029324596905969e+00
1.003231317814193169e+00
1.003433729092061411e+00
1.003636353813474491e+00
1.003839013648932577e+00
1.004041552212762589e+00
1.004243831630005523e+00
1.004445729787114994e+00
1.004647138103996529e+00
1.004847959708984106e+00
1.005048107929145118e+00
1.005247505030180566e+00
1.005446081155971338e+00
1.005643773429370391e+00
1.005840525184393375e+00
1.006036285306378897e+00
1.006231007661552601e+00
1.006424650601152049e+00
1.006617176528155078e+00
1.006808551516891637e+00
1.006998744977602112e+00
1.007187729359393380e+00
1.007375479886173597e+00
1.007561974321050435e+00
1.007747192755398036e+00
1.007931117419409661e+00
1.008113732511423333e+00
1.008295024043730725e+00
1.008474979702896679e+00
1.008653588722905559e+00
1.008830841769682296e+00
1.009006730835726451e+00
1.009181249143774384e+00
1.009354391058528977e+00
1.009526152005639332e+00
1.009696528397185711e+00
1.009865517563042658e+00
1.010033117687544113e+00
1.010199327750958442e+00
1.010364147475322216e+00
1.010527577274244804e+00
1.010689618206325413e+00
1.010850271931874822e+00
1.011009540672653584e+00
1.011167427174378242e+00
1.011323934671766622e+00
1.011479066855916154e+00
1.011632827843832461e+00
1.011785222149937713e+00
1.011936254659407286e+00
1.012085930603199513e+00
1.012234255534648408e+00
1.012381235307509009e+00
1.012526876055347191e+00
1.012671184172180716e+00
1.012814166294284668e+00
1.012955829283078479e+00
1.013096180209021702e+00
1.013235226336453243e+00
1.013372975109308571e+00
1.013509434137658261e+00
1.013644611185017697e+00
1.013778514156372879e+00
1.013911151086883677e+00
1.014042530131218811e+00
1.014172659553483458e+00
1.014301547717705088e+00
1.014429203078843988e+00
1.014555634174294507e+00
1.014680849615853031e+00
1.014804858082118955e+00
1.014927668311311759e+00
1.015049289094470453e+00
1.015169729269025822e+00
1.015288997712711527e+00
1.015407103337807149e+00
1.015524055085684996e+00
1.015639861921652898e+00
1.015754532830068335e+00
1.015868076809716802e+00
1.015980502869436197e+00
1.016091820023975467e+00
1.016202037290072635e+00
1.016311163682747765e+00
1.016419208211789993e+00
1.016526179878437519e+00
1.016632087672235452e+00
1.016736940568063741e+00
1.016840747523327426e+00
1.016943517475300762e+00
1.017045259338615670e+00
1.017145982002891857e+00
1.017245694330496386e+00
1.017344405154430476e+00
1.017442123276333099e+00
1.017538857464601820e+00
1.017634616452619323e+00
1.017729408937083191e+00
1.017823243576434056e+00
1.017916128989376112e+00
1.018008073753489562e+00
1.018099086403922549e+00
1.018189175432170135e+00
1.018278349284923445e+00
1.018366616362998744e+00
1.018453985020330688e+00
1.018540463563036624e+00
1.018626060248541298e+00
1.018710783284764387e+00
1.018794640829363995e+00
1.018877640989036548e+00
1.018959791818869753e+00
1.019041101321743081e+00
1.019121577447779314e+00
1.019201228093838951e+00
1.019280061103061463e+00
1.019358084264443853e+00
1.019435305312463402e+00
1.019511731926733722e+00
1.019587371731700998e+00
1.019662232296371318e+00
1.019736321134074419e+00
1.019809645702253631e+00
1.019882213402291349e+00
1.019954031579359377e+00
1.020025107522296803e+00
1.020095448463516075e+00
1.020165061578929500e+00
1.020233953987905950e+00
1.020302132753240665e+00
1.020369604881156800e+00
1.020436377321318755e+00
1.020502456966870586e+00
1.020567850654489073e+00
1.020632565164457439e+00
1.020696607220753727e+00
1.020759983491156042e+00
1.020822700587362464e+00
1.020884765065125599e+00
1.020946183424401799e+00
1.021006962109510141e+00
1.021067107509309180e+00
1.021126625957379463e+00
1.021185523732221823e+00
1.021243807057463204e+00
1.021301482102074942e+00
1.021358554980598132e+00
1.021415031753378777e+00
1.021470918426813368e+00
1.021526220953599573e+00
1.021580945232994919e+00
1.021635097111085466e+00
1.021688682381056923e+00
1.021741706783475978e+00
1.021794176006574739e+00
1.021846095686542277e+00
1.021897471407820834e+00
1.021948308703406916e+00
1.021998613055158156e+00
1.022048389894101739e+00
1.022097644600749700e+00
1.022146382505416007e+00
1.022194608888538303e+00
1.022242328981001647e+00
1.022289547964466472e+00
1.022336270971697436e+00
1.022382503086897376e+00
1.022428249346040374e+00
1.022473514737209044e+00
1.022518304200932926e+00
1.022562622630529106e+00
1.022606474872442828e+00
1.022649865726590557e+00
1.022692799946703479e+00
1.022735282240673893e+00
1.022777317270898489e+00
1.022818909654626740e+00
1.022860063964305288e+00
1.022900784727927226e+00
1.022941076429377816e+00
1.022980943508782659e+00
1.023020390362854304e+00
1.023059421345240638e+00
1.023098040766869943e+00
1.023136252896299503e+00
1.023174061960060000e+00
1.023211472143002343e+00
1.023248487588641842e+00
1.023285112399502816e+00
1.023321350637461880e+00
1.023357206324089885e+00
1.023392683440994988e+00
1.023427785930161260e+00
1.023462517694289087e+00
1.023496882597134450e+00
1.023530884463843105e+00
1.023564527081288977e+00
1.023597814198407452e+00
1.023630749526528216e+00
1.023663336739707219e+00
1.023695579475056627e+00
1.023727481333072564e+00
1.023759045877963514e+00
1.023790276637973840e+00
1.023821177105708635e+00
1.023851750738455468e+00
1.023882000958504124e+00
1.023911931153465016e+00
1.023941544676586712e+00
1.023970844847069461e+00
1.023999834950378718e+00
1.024028518238556673e+00
1.024056897930530452e+00
1.024084977212420533e+00
1.024112759237844505e+00
1.024140247128222381e+00
1.024167443973075908e+00
1.024194352830329890e+00
1.024220976726607280e+00
1.024247318657527384e+00
1.024273381587996523e+00
1.024299168452500908e+00
1.024324682155395516e+00
1.024349925571190756e+00
1.024374901544838234e+00
1.024399612892013200e+00
1.024424062399396096e+00
1.024448252824950334e+00
1.024472186898200521e+00
1.024495867320505793e+00
1.024519296765333376e+00
1.024542477878527702e+00
1.024565413278581083e+00
1.024588105556897055e+00
1.024610557278056611e+00
1.024632770980079766e+00
1.024654749174685353e+00
1.024676494347548372e+00
1.024698008958556894e+00
1.024719295442064748e+00
1.024740356207143765e+00
1.024761193637832690e+00
1.024781810093385204e+00
1.024802207908515284e+00
1.024822389393639455e+00
1.024842356835119483e+00
1.024862112495500410e+00
1.024881658613748581e+00
1.024900997405486347e+00
1.024920131063224549e+00
1.024939061756594549e+00
1.024957791632576720e+00
1.024976322815728036e+00
1.024994657408406118e+00
1.025012797490992611e+00
1.025030745122115450e+00
1.025048502338866019e+00
1.025066071157017422e+00
1.025083453571239644e+00
1.025100651555312936e+00
1.025117667062337867e+00
1.025134502024946492e+00
1.025151158355509073e+00
1.025167637946339250e+00
1.025183942669897874e+00
1.025200074378995962e+00
1.025216034906993201e+00
1.025231826067996899e+00
1.025247449657058052e+00
1.025262907450365635e+00
1.025278201205440221e+00
1.025293332661322943e+00
1.025308303538766452e+00
1.025323115540420993e+00
1.025337770351020916e+00
1.025352269637566760e+00
1.025366615049509544e+00
1.025380808218928630e+00
1.025394850760712462e+00
1.025408744272733985e+00
1.025422490336026726e+00
1.025436090514956655e+00
1.025449546357396713e+00
1.025462859394894677e+00
1.025476031142842137e+00
1.025489063100641918e+00
1.025501956751873944e+00
1.025514713564456448e+00
1.025527334990810946e+00
1.025539822468021001e+00
1.025552177417992095e+00
1.025564401247607282e+00
1.025576495348885508e+00
1.025588461099133930e+00
1.025600299861102460e+00
1.025612012983132315e+00
1.025623601799308782e+00
1.025635067629607988e+00
1.025646411780043454e+00
1.025657635542812862e+00
1.025668740196440609e+00
1.025679727005920583e+00
1.025690597222858269e+00
1.025701352085609308e+00
1.025711992819418050e+00
1.025722520636554780e+00
1.025732936736451162e+00
1.025743242305833913e+00
1.025753438518858252e+00
1.025763526537239789e+00
1.025773507510383098e+00
1.025783382575512714e+00
1.025793152857798374e+00
1.025802819470483351e+00
1.025812383515008808e+00
1.025821846081136579e+00
1.025831208247073301e+00
1.025840471079590088e+00
1.025849635634143775e+00
1.025858702954995039e+00
1.025867674075325642e+00
1.025876550017357225e+00
1.025885331792461663e+00
1.025894020401281193e+00
1.025902616833835657e+00
1.025911122069638637e+00
1.025919537077805144e+00
1.025927862817161973e+00
1.025936100236356729e+00
1.025944250273964187e+00
1.025952313858592646e+00
1.025960291908988964e+00
1.025968185334142246e+00
1.025975995033387544e+00
1.025983721896507106e+00
1.025991366803830296e+00
1.025998930626335293e+00
1.026006414225746344e+00
1.026013818454631465e+00
1.026021144156500142e+00
1.026028392165897474e+00
1.026035563308500764e+00
1.026042658401211671e+00
1.026049678252249242e+00
1.026056623661242284e+00
1.026063495419319960e+00
1.026070294309201270e+00
1.026077021105284981e+00
1.026083676573735559e+00
1.026090261472573317e+00
1.026096776551758127e+00
1.026103222553276240e+00
1.026109600211222883e+00
1.026115910251888641e+00
1.026122153393839387e+00
1.026128330347999773e+00
1.026134441817733611e+00
1.026140488498923586e+00
1.026146471080051858e+00
1.026152390242276669e+00
1.026158246659511608e+00
1.026164040998501781e+00
1.026169773918899963e+00
1.026175446073340769e+00
1.026181058107517030e+00
1.026186610660252185e+00
1.026192104363573110e+00
1.026197539842783168e+00
1.026202917716532159e+00
1.026208238596888478e+00
1.026213503089408174e+00
1.026218711793203342e+00
1.026223865301012506e+00
1.026228964199266791e+00
1.026234009068156761e+00
1.026239000481700137e+00
1.026243939007805750e+00
1.026248825208339932e+00
1.026253659639189575e+00
1.026258442850325636e+00
1.026263175385867088e+00
1.026267857784142645e+00
1.026272490577751606e+00
1.026277074293625358e+00
1.026281609453087995e+00
1.026286096571915607e+00
1.026290536160394229e+00
1.026294928723380462e+00
1.026299274760357427e+00
1.026303574765492277e+00
1.026307829227692814e+00
1.026312038630664558e+00
1.026316203452963816e+00
1.026320324168054521e+00
1.026324401244361084e+00
1.026328435145323015e+00
1.026332426329447545e+00
1.026336375250361588e+00
1.026340282356865252e+00
1.026344148092980468e+00
1.026347972898005168e+00
1.026351757206561022e+00
1.026355501448644736e+00
1.026359206049676231e+00
1.026362871430547496e+00
1.026366498007672323e+00
1.026370086193031606e+00
1.026373636394222411e+00
1.026377149014503942e+00
1.026380624452843504e+00
1.026384063103962907e+00
1.026387465358382656e+00
1.026390831602468134e+00
1.026394162218472239e+00
1.026397457584580453e+00
1.026400718074953478e+00
1.026403944059770978e+00
1.026407135905272217e+00
1.026410293973800236e+00
1.026413418623841611e+00
1.026416510210068633e+00
1.026419569083379280e+00
1.026422595590937625e+00
1.026425590076214034e+00
1.026428552879024014e+00
1.026431484335566857e+00
1.026434384778465603e+00
1.026437254536803234e+00
1.026440093936161979e+00
1.026442903298659504e+00
1.026445682942986659e+00
1.026448433184443454e+00
1.026451154334975691e+00
1.026453846703209827e+00
1.026456510594489391e+00
1.026459146310909176e+00
1.026461754151351213e+00
1.026464334411516299e+00
1.026466887383961080e+00
1.026469413358129135e+00
1.026471912620385396e+00
1.026474385454049232e+00
1.026476832139425532e+00
1.026479252953838017e+00
1.026481648171660765e+00
1.026484018064349080e+00
1.026486362900471461e+00
1.026488682945739805e+00
1.026490978463040271e+00
1.026493249712462585e+00
1.026495496951331354e+00
1.026497720434233374e+00
1.026499920413048716e+00
1.026502097136978930e+00
1.026504250852575684e+00
1.026506381803768075e+00
1.026508490231892612e+00
1.026510576375718298e+00
1.026512640471476390e+00
1.026514682752885932e+00
1.026516703451180401e+00
1.026518702795136351e+00
1.026520681011096503e+00
1.026522638322997949e+00
1.026524574952396796e+00
1.026526491118493700e+00
1.026528387038159407e+00
1.026530262925959391e+00
1.026532118994177623e+00
1.026533955452841873e+00
1.026535772509747924e+00
1.026537570370481989e+00
1.026539349238445809e+00
1.026541109314878630e+00
1.026542850798881856e+00
1.026544573887439915e+00
1.026546278775444021e+00
1.026547965655714822e+00
1.026549634719022830e+00
1.026551286154112175e+00
1.026552920147720815e+00
1.026554536884602964e+00
1.026556136547548626e+00
1.026557719317407358e+00
1.026559285373105368e+00
1.026560834891669050e+00
1.026562368048242968e+00
1.026563885016112287e+00
1.026565385966720090e+00
1.026566871069688247e+00
1.026568340492838072e+00
1.026569794402206082e+00
1.026571232962066649e+00
1.026572656334948430e+00
1.026574064681654352e+00
1.026575458161278709e+00
1.026576836931226699e+00
1.026578201147231750e+00
1.026579550963372389e+00
1.026580886532092229e+00
1.026582208004215069e+00
1.026583515528962876e+00
1.026584809253974218e+00
1.026586089325318918e+00
1.026587355887515818e+00
1.026588609083550097e+00
1.026589849054887482e+00
1.026591075941492903e+00
1.026592289881845144e+00
1.026593491012952164e+00
1.026594679470367755e+00
1.026595855388207301e+00
1.026597018899161995e+00
1.026598170134513932e+00
1.026599309224152545e+00
1.026600436296588370e+00
1.026601551478967922e+00
1.026602654897088129e+00
1.026603746675410544e+00
1.026604826937076664e+00
1.026605895803920365e+00
1.026606953396483002e+00
1.026607999834026286e+00
1.026609035234547385e+00
1.026610059714790246e+00
1.026611073390260476e+00
1.026612076375238658e+00
1.026613068782792126e+00
1.026614050724789173e+00
1.026615022311911041e+00
1.026615983653664799e+00
1.026616934858395336e+00
1.026617876033299126e+00
1.026618807284434665e+00
1.026619728716736457e+00
1.026620640434024567e+00
1.026621542539019050e+00
1.026622435133350164e+00
1.026623318317569922e+00
1.026624192191164742e+00
1.026625056852564999e+00
1.026625912399157681e+00
1.026626758927297267e+00
1.026627596532316167e+00
1.026628425308536041e+00
1.026629245349278463e+00
1.026630056746875574e+00
1.026630859592680300e+00
1.026631653977077230e+00
1.026632439989492607e+00
1.026633217718405211e+00
1.026633987251354352e+00
1.026634748674953412e+00
1.026635502074896067e+00
1.026636247535968494e+00
1.026636985142057146e+00
1.026637714976160964e+00
1.026638437120397596e+00
1.026639151656015603e+00
1.026639858663401572e+00
1.026640558222090771e+00
1.026641250410774919e+00
1.026641935307313069e+00
1.026642612988737824e+00
1.026643283531266881e+00
1.026643947010308811e+00
1.026644603500474817e+00
1.026645253075584296e+00
1.026645895808675046e+00
1.026646531772011706e+00
1.026647161037092415e+00
1.026647783674657921e+00
1.026648399754700680e+00
1.026649009346469965e+00
1.026649612518483412e+00
1.026650209338531461e+00
1.026650799873687347e+00
1.026651384190313987e+00
1.026651962354070413e+00
1.026652534429921770e+00
1.026653100482143977e+00
1.026653660574333049e+00
1.026654214769410878e+00
1.026654763129633885e+00
1.026655305716598576e+00
1.026655842591249979e+00
1.026656373813886525e+00
1.026656899444170268e+00
1.026657419541129102e+00
1.026657934163168528e+00
1.026658443368074103e+00
1.026658947213019868e+00
1.026659445754575239e+00
1.026659939048710335e+00
1.026660427150802635e+00
1.026660910115644310e+00
1.026661387997446884e+00
1.026661860849848118e+00
1.026662328725918671e+00
1.026662791678166764e+00
1.026663249758545504e+00
1.026663703018458218e+00
1.026664151508763778e+00
1.026664595279783487e+00
1.026665034381305741e+00
1.026665468862592245e+00
1.026665898772384011e+00
1.026666324158905352e+00
1.026666745069871212e+00
1.026667161552491159e+00
1.026667573653475829e+00
1.026667981419041364e+00
1.026668384894915409e+00
1.026668784126341549e+00
1.026669179158084422e+00
1.026669570034436596e+00
1.026669956799220351e+00
1.026670339495795670e+00
1.026670718167063789e+00
1.026671092855471645e+00
1.026671463603018086e+00
1.026671830451257428e+00
1.026672193441304337e+00
1.026672552613839162e+00
1.026672908009111929e+00
1.026673259666946558e+00
1.026673607626746865e+00
1.026673951927499662e+00
1.026674292607778982e+00
1.026674629705751851e+00
1.026674963259181617e+00
1.026675293305431946e+00
1.026675619881471713e+00
1.026675943023879656e+00
1.026676262768847270e+00
1.026676579152183466e+00
1.026676892209318570e+00
1.026677201975309206e+00
1.026677508484840295e+00
1.026677811772231275e+00
1.026678111871438537e+00
1.026678408816059207e+00
1.026678702639335805e+00
1.026678993374159354e+00
1.026679281053073822e+00
1.026679565708278119e+00
1.026679847371632759e+00
1.026680126074659860e+00
1.026680401848549140e+00
1.026680674724161468e+00
1.026680944732030643e+00
1.026681211902368940e+00
1.026681476265067783e+00
1.026681737849704845e+00
1.026681996685544274e+00
1.026682252801540685e+00
1.026682506226344271e+00
1.026682756988301248e+00
1.026683005115459180e+00
1.026683250635568978e+00
1.026683493576088901e+00
1.026683733964186995e+00
1.026683971826744202e+00
1.026684207190358356e+00
1.026684440081345073e+00
1.026684670525743304e+00
1.026684898549316660e+00
1.026685124177556752e+00
1.026685347435685625e+00
1.026685568348659539e+00
1.026685786941171408e+00
1.026686003237653022e+00
1.026686217262278156e+00
1.026686429038965453e+00
1.026686638591381762e+00
1.026686845942943016e+00
1.026687051116819127e+00
1.026687254135934202e+00
1.026687455022971207e+00
1.026687653800373745e+00
1.026687850490347831e+00
1.026688045114866110e+00
1.026688237695668082e+00
1.026688428254265428e+00
1.026688616811941124e+00
1.026688803389754767e+00
1.026688988008543024e+00
1.026689170688923625e+00
1.026689351451295140e+00
1.026689530315842536e+00
1.026689707302537169e+00
1.026689882431139456e+00
1.026690055721201089e+00
1.026690227192068816e+00
1.026690396862883548e+00
1.026690564752585910e+00
1.026690730879915359e+00
1.026690895263414394e+00
1.026691057921429451e+00
1.026691218872114453e+00
1.026691378133430810e+00
1.026691535723150750e+00
1.026691691658859096e+00
1.026691845957955485e+00
1.026691998637655479e+00
1.026692149714993896e+00
1.026692299206824810e+00
1.026692447129825547e+00
1.026692593500497352e+00
1.026692738335166943e+00
1.026692881649989619e+00
1.026693023460949483e+00
1.026693163783862772e+00
1.026693302634379190e+00
1.026693440027982351e+00
1.026693575979994000e+00
1.026693710505573121e+00
1.026693843619719715e+00
1.026693975337275244e+00
1.026694105672925073e+00
1.026694234641199133e+00
1.026694362256475035e+00
1.026694488532978067e+00
1.026694613484783858e+00
1.026694737125819934e+00
1.026694859469866827e+00
1.026694980530559853e+00
1.026695100321390441e+00
1.026695218855707914e+00
1.026695336146721482e+00
1.026695452207500026e+00
1.026695567050975866e+00
1.026695680689944323e+00
1.026695793137066381e+00
1.026695904404868687e+00
1.026696014505747101e+00
1.026696123451966258e+00
1.026696231255661562e+00
1.026696337928840519e+00
1.026696443483384513e+00
1.026696547931049253e+00
1.026696651283466988e+00
1.026696753552147401e+00
1.026696854748478716e+00
1.026696954883729251e+00
1.026697053969048756e+00
1.026697152015469516e+00
1.026697249033907244e+00
1.026697345035163300e+00
1.026697440029924913e+00
1.026697534028767178e+00
1.026697627042152838e+00
1.026697719080435611e+00
1.026697810153859081e+00
1.026697900272560027e+00
1.026697989446567760e+00
1.026698077685806121e+00
1.026698165000094809e+00
1.026698251399149608e+00
1.026698336892584162e+00
1.026698421489911528e+00
1.026698505200543510e+00
1.026698588033793547e+00
1.026698669998876712e+00
1.026698751104911267e+00
1.026698831360919328e+00
1.026698910775828644e+00
1.026698989358471703e+00
1.026699067117589292e+00
1.026699144061829383e+00
1.026699220199749352e+00
1.026699295539816204e+00
1.026699370090408125e+00
1.026699443859814931e+00
1.026699516856239169e+00
1.026699589087797237e+00
1.026699660562520044e+00
1.026699731288353679e+00
1.026699801273160961e+00
1.026699870524721891e+00
1.026699939050734756e+00
1.026700006858816350e+00
1.026700073956503756e+00
1.026700140351255008e+00
1.026700206050448649e+00
1.026700271061386616e+00
1.026700335391293573e+00
1.026700399047318024e+00
1.026700462036533867e+00
1.026700524365939726e+00
1.026700586042461172e+00
1.026700647072951167e+00
1.026700707464189843e+00
1.026700767222886057e+00
1.026700826355679386e+00
1.026700884869137909e+00
1.026700942769761316e+00
1.026701000063981351e+00
1.026701056758161368e+00
1.026701112858598108e+00
1.026701168371522366e+00
1.026701223303098764e+00
1.026701277659427536e+00
1.026701331446544962e+00
1.026701384670423156e+00
1.026701437336972278e+00
1.026701489452039429e+00
1.026701541021411535e+00
1.026701592050812906e+00
1.026701642545909010e+00
1.026701692512305364e+00
1.026701741955548641e+00
1.026701790881126453e+00
1.026701839294470009e+00
1.026701887200952790e+00
1.026701934605891209e+00
1.026701981514546613e+00
1.026702027932124395e+00
1.026702073863776210e+00
1.026702119314598427e+00
1.026702164289634567e+00
1.026702208793874860e+00
1.026702252832257134e+00
1.026702296409667259e+00
1.026702339530939811e+00
1.026702382200858743e+00
1.026702424424157156e+00
1.026702466205519082e+00
1.026702507549578813e+00
1.026702548460922459e+00
1.026702588944087502e+00
1.026702629003563683e+00
1.026702668643793892e+00
1.026702707869174169e+00
1.026702746684054368e+00
1.026702785092738601e+00
1.026702823099486128e+00
1.026702860708510467e+00
1.026702897923982061e+00
1.026702934750026941e+00
1.026702971190727620e+00
1.026703007250124200e+00
1.026703042932213927e+00
1.026703078240952305e+00
1.026703113180253091e+00
1.026703147753988965e+00
1.026703181965992195e+00
1.026703215820054638e+00
1.026703249319927735e+00
1.026703282469324741e+00
1.026703315271918937e+00
1.026703347731344973e+00
1.026703379851200415e+00
1.026703411635043306e+00
1.026703443086396383e+00
1.026703474208743305e+00
1.026703505005532868e+00
1.026703535480176566e+00
1.026703565636050364e+00
1.026703595476495146e+00
1.026703625004816045e+00
1.026703654224284223e+00
1.026703683138135981e+00
1.026703711749573422e+00
1.026703740061766013e+00
1.026703768077848578e+00
1.026703795800924635e+00
1.026703823234063062e+00
1.026703850380302763e+00
1.026703877242649110e+00
1.026703903824076614e+00
1.026703930127528475e+00
1.026703956155916586e+00
1.026703981912123531e+00
1.026704007398999696e+00
1.026704032619367268e+00
1.026704057576017348e+00
1.026704082271713503e+00
1.026704106709188657e+00
1.026704130891147759e+00
1.026704154820267334e+00
1.026704178499195930e+00
1.026704201930554117e+00
1.026704225116934932e+00
1.026704248060904101e+00
1.026704270765000704e+00
1.026704293231737175e+00
1.026704315463599304e+00
1.026704337463046901e+00
1.026704359232514019e+00
1.026704380774409398e+00
1.026704402091115798e+00
1.026704423184991999e+00
1.026704444058371246e+00
1.026704464713562359e+00
1.026704485152849955e+00
1.026704505378495780e+00
1.026704525392735601e+00
1.026704545197783869e+00
1.026704564795831054e+00
1.026704584189043867e+00
1.026704603379567260e+00
1.026704622369523756e+00
1.026704641161012788e+00
1.026704659756112470e+00
1.026704678156878936e+00
1.026704696365346337e+00
1.026704714383528172e+00
1.026704732213416404e+00
1.026704749856981902e+00
1.026704767316175548e+00
1.026704784592927577e+00
1.026704801689146906e+00
1.026704818606724023e+00
1.026704835347528544e+00
1.026704851913410987e+00
1.026704868306202112e+00
1.026704884527713579e+00
1.026704900579738178e+00
1.026704916464049822e+00
1.026704932182403995e+00
1.026704947736537310e+00
1.026704963128168613e+00
1.026704978358998543e+00
1.026704993430709756e+00
1.026705008344968029e+00
1.026705023103420267e+00
1.026705037707697832e+00
1.026705052159413212e+00
1.026705066460163573e+00
1.026705080611528098e+00
1.026705094615070202e+00
1.026705108472336647e+00
1.026705122184857766e+00
1.026705135754148568e+00
1.026705149181707188e+00
1.026705162469016663e+00
1.026705175617544263e+00
1.026705188628742382e+00
1.026705201504047427e+00
1.026705214244881370e+00
1.026705226852650643e+00
1.026705239328747465e+00
1.026705251674549402e+00
1.026705263891419584e+00
1.026705275980706489e+00
1.026705287943745271e+00
1.026705299781855762e+00
1.026705311496345363e+00
1.026705323088506816e+00
1.026705334559620209e+00
1.026705345910950751e+00
1.026705357143752328e+00
1.026705368259264173e+00
1.026705379258712858e+00
1.026705390143312524e+00
1.026705400914264210e+00
1.026705411572756521e+00
1.026705422119966071e+00
1.026705432557056152e+00
1.026705442885178510e+00
1.026705453105472454e+00
1.026705463219065972e+00
1.026705473227074616e+00
1.026705483130602836e+00
1.026705492930742869e+00
1.026705502628576072e+00
1.026705512225171812e+00
1.026705521721589243e+00
1.026705531118875303e+00
1.026705540418066498e+00
1.026705549620188895e+00
1.026705558726257461e+00
1.026705567737275615e+00
1.026705576654238339e+00
1.026705585478127958e+00
1.026705594209917916e+00
1.026705602850570997e+00
1.026705611401040441e+00
1.026705619862268382e+00
1.026705628235188072e+00
1.026705636520722553e+00
1.026705644719785315e+00
1.026705652833280524e+00
1.026705660862102354e+00
1.026705668807135652e+00
