1.000598213990116614e+00
1.000662903639585322e+00
1.000775701462818912e+00
1.000906884983587597e+00
1.001047113556213342e+00
1.001192355534647138e+00
1.001340452077991827e+00
1.001490128775319732e+00
1.001640597538588473e+00
1.001791345853146886e+00
1.001942017299032317e+00
1.002092345567999976e+00
1.002242119230004835e+00
1.002391163333805180e+00
1.002539329946913860e+00
1.002686493297658465e+00
1.002832547131498497e+00
1.002977402984393418e+00
1.003120988716175388e+00
1.003263247024455573e+00
1.003404133870185344e+00
1.003543616849835729e+00
1.003681673587494716e+00
1.003818290220929388e+00
1.003953460037235290e+00
1.004087182288190050e+00
1.004219461190567264e+00
1.004350305096961105e+00
1.004479725810034196e+00
1.004607738007608830e+00
1.004734358746510736e+00
1.004859607017718037e+00
1.004983503332374850e+00
1.005106069325850893e+00
1.005227327374141666e+00
1.005347300222660722e+00
1.005466010631560270e+00
1.005583481044097782e+00
1.005699733285396746e+00
1.005814788298576179e+00
1.005928665923963683e+00
1.006041384725307353e+00
1.006152961864882123e+00
1.006263413027335130e+00
1.006372752390270353e+00
1.006480992637971639e+00
1.006588145013458391e+00
1.006694219403191148e+00
1.006799224448255536e+00
1.006903167675686994e+00
1.007006055643714593e+00
1.007107894095063738e+00
1.007208688112971373e+00
1.007308442275250515e+00
1.007407160802440860e+00
1.007504847696868655e+00
1.007601506870181352e+00
1.007697142257642176e+00
1.007791757918133690e+00
1.007885358119397834e+00
1.007977947408540853e+00
1.008069530668243230e+00
1.008160113159433990e+00
1.008249700551428374e+00
1.008338298940688382e+00
1.008425914859459871e+00
1.008512555275575817e+00
1.008598227584701856e+00
1.008682939596258876e+00
1.008766699514172416e+00
1.008849515913518236e+00
1.008931397714015077e+00
1.009012354151225477e+00
1.009092394746198718e+00
1.009171529274206058e+00
1.009249767733106040e+00
1.009327120311804826e+00
1.009403597359185500e+00
1.009479209353828288e+00
1.009553966874763287e+00
1.009627880573467973e+00
1.009700961147261822e+00
1.009773219314223924e+00
1.009844665789719098e+00
1.009915311264598659e+00
1.009985166385109157e+00
1.010054241734531288e+00
1.010122547816539651e+00
1.010190095040272906e+00
1.010256893707071502e+00
1.010322953998841200e+00
1.010388285967980693e+00
1.010452899528801129e+00
1.010516804450360739e+00
1.010580010350626612e+00
1.010642526691873044e+00
1.010704362777217646e+00
1.010765527748201276e+00
1.010826030583308111e+00
1.010885880097332157e+00
1.010945084941491601e+00
1.011003653604200414e+00
1.011061594412408837e+00
1.011118915533428364e+00
1.011175624977167509e+00
1.011231730598704193e+00
1.011287240101131468e+00
1.011342161038619070e+00
1.011396500819635946e+00
1.011450266710289370e+00
1.011503465837738869e+00
1.011556105193648358e+00
1.011608191637644261e+00
1.011659731900754977e+00
1.011710732588802619e+00
1.011761200185733234e+00
1.011811141056859320e+00
1.011860561452008422e+00
1.011909467508557148e+00
1.011957865254343503e+00
1.012005760610452221e+00
1.012053159393858648e+00
1.012100067319933849e+00
1.012146490004806054e+00
1.012192432967578437e+00
1.012237901632402126e+00
1.012282901330415541e+00
1.012327437301546063e+00
1.012371514696193131e+00
1.012415138576790774e+00
1.012458313919273989e+00
1.012501045614448980e+00
1.012543338469293674e+00
1.012585197208197396e+00
1.012626626474158353e+00
1.012667630829954923e+00
1.012708214759311609e+00
1.012748382668071434e+00
1.012788138885396982e+00
1.012827487665010073e+00
1.012866433186489612e+00
1.012904979556637386e+00
1.012943130810923353e+00
1.012980890915021526e+00
1.013018263766441773e+00
1.013055253196259997e+00
1.013091862970954438e+00
1.013128096794342792e+00
1.013163958309620805e+00
1.013199451101495896e+00
1.013234578698407606e+00
1.013269344574831088e+00
1.013303752153643877e+00
1.013337804808554399e+00
1.013371505866568212e+00
1.013404858610484016e+00
1.013437866281400312e+00
1.013470532081220066e+00
1.013502859175131610e+00
1.013534850694056022e+00
1.013566509737040544e+00
1.013597839373586051e+00
1.013628842645890371e+00
1.013659522570999005e+00
1.013689882142847498e+00
1.013719924334185674e+00
1.013749652098375531e+00
1.013779068371054581e+00
1.013808176071656186e+00
1.013836978104788011e+00
1.013865477361459266e+00
1.013893676720159398e+00
1.013921579047789123e+00
1.013949187200442026e+00
1.013976504024042491e+00
1.014003532354845749e+00
1.014030275019798921e+00
1.014056734836780382e+00
1.014082914614713671e+00
1.014108817153571485e+00
1.014134445244275096e+00
1.014159801668499172e+00
1.014184889198392669e+00
1.014209710596221115e+00
1.014234268613946277e+00
1.014258565992746108e+00
1.014282605462488940e+00
1.014306389741168823e+00
1.014329921534310452e+00
1.014353203534352765e+00
1.014376238420018561e+00
1.014399028855675233e+00
1.014421577490698390e+00
1.014443886958835028e+00
1.014465959877582923e+00
1.014487798847579780e+00
1.014509406452013707e+00
1.014530785256054557e+00
1.014551937806308590e+00
1.014572866630302883e+00
1.014593574235993056e+00
1.014614063111303199e+00
1.014634335723694658e+00
1.014654394519763692e+00
1.014674241924868436e+00
1.014693880342785626e+00
1.014713312155394398e+00
1.014732539722387861e+00
1.014751565381009524e+00
1.014770391445813047e+00
1.014789020208449077e+00
1.014807453937467630e+00
1.014825694878146223e+00
1.014843745252331342e+00
1.014861607258300991e+00
1.014879283070640348e+00
1.014896774840133631e+00
1.014914084693667728e+00
1.014931214734149822e+00
1.014948167040435001e+00
1.014964943667264752e+00
1.014981546645216781e+00
1.014997977980664601e+00
1.015014239655742667e+00
1.015030333628327508e+00
1.015046261832021735e+00
1.015062026176151377e+00
1.015077628545770327e+00
1.015093070801676101e+00
1.015108354780434041e+00
1.015123482294414181e+00
1.015138455131836981e+00
1.015153275056830395e+00
1.015167943809501594e+00
1.015182463106017785e+00
1.015196834638700807e+00
1.015211060076135929e+00
1.015225141063293979e+00
1.015239079221666119e+00
1.015252876149415284e+00
1.015266533421539830e+00
1.015280052590053828e+00
1.015293435184179582e+00
1.015306682710557906e+00
1.015319796653470608e+00
1.015332778475078079e+00
1.015345629615670653e+00
1.015358351493935052e+00
1.015370945507230838e+00
1.015383413031883730e+00
1.015395755423486257e+00
1.015407974017215054e+00
1.015420070128151941e+00
1.015432045051621435e+00
1.015443900063532912e+00
1.015455636420731000e+00
1.015467255361355070e+00
1.015478758105202051e+00
1.015490145854096582e+00
1.015501419792261384e+00
1.015512581086697175e+00
1.015523630887556372e+00
1.015534570328524566e+00
1.015545400527198217e+00
1.015556122585462795e+00
1.015566737589869373e+00
1.015577246612006768e+00
1.015587650708873912e+00
1.015597950923243342e+00
1.015608148284024015e+00
1.015618243806615695e+00
1.015628238493258229e+00
1.015638133333375936e+00
1.015647929303910679e+00
1.015657627369652261e+00
1.015667228483555951e+00
1.015676733587057790e+00
1.015686143610374792e+00
1.015695459472801820e+00
1.015704682082997357e+00
1.015713812339260613e+00
1.015722851129800430e+00
1.015731799332993956e+00
1.015740657817638670e+00
1.015749427443192854e+00
1.015758109060011627e+00
1.015766703509568547e+00
1.015775211624675656e+00
1.015783634229689536e+00
1.015791972140713373e+00
1.015800226165789244e+00
1.015808397105084637e+00
1.015816485751070086e+00
1.015824492888691255e+00
1.015832419295533029e+00
1.015840265741979831e+00
1.015848032991365946e+00
1.015855721800123401e+00
1.015863332917922524e+00
1.015870867087807383e+00
1.015878325046326580e+00
1.015885707523657810e+00
1.015893015243730435e+00
1.015900248924340499e+00
1.015907409277262419e+00
1.015914497008358675e+00
1.015921512817682171e+00
1.015928457399577267e+00
1.015935331442775924e+00
1.015942135630491627e+00
1.015948870640506874e+00
1.015955537145263099e+00
1.015962135811939948e+00
1.015968667302537654e+00
1.015975132273953419e+00
1.015981531378054914e+00
1.015987865261751777e+00
1.015994134567063778e+00
1.016000339931184993e+00
1.016006481986547971e+00
1.016012561360880584e+00
1.016018578677265527e+00
1.016024534554192948e+00
1.016030429605610852e+00
1.016036264440975057e+00
1.016042039665293162e+00
1.016047755879168069e+00
1.016053413678838169e+00
1.016059013656214427e+00
1.016064556398913910e+00
1.016070042490292202e+00
1.016075472509472721e+00
1.016080847031370915e+00
1.016086166626720022e+00
1.016091431862089056e+00
1.016096643299902347e+00
1.016101801498453749e+00
1.016106907011919525e+00
1.016111960390366775e+00
1.016116962179761662e+00
1.016121912921973403e+00
1.016126813154775821e+00
1.016131663411846464e+00
1.016136464222764157e+00
1.016141216113002121e+00
1.016145919603921532e+00
1.016150575212760199e+00
1.016155183452620792e+00
1.016159744832455747e+00
1.016164259857052166e+00
1.016168729027010942e+00
1.016173152838729887e+00
1.016177531784378640e+00
1.016181866351878238e+00
1.016186157024874692e+00
1.016190404282713011e+00
1.016194608600410554e+00
1.016198770448628608e+00
1.016202890293643080e+00
1.016206968597315630e+00
1.016211005817062585e+00
1.016215002405825185e+00
1.016218958812037165e+00
1.016222875479596777e+00
1.016226752847833037e+00
1.016230591351477308e+00
1.016234391420632877e+00
1.016238153480745865e+00
1.016241877952577477e+00
1.016245565252175354e+00
1.016249215790848481e+00
1.016252829975142546e+00
1.016256408206816619e+00
1.016259950882821395e+00
1.016263458395280317e+00
1.016266931131470930e+00
1.016270369473810886e+00
1.016273773799844182e+00
1.016277144482229833e+00
1.016280481888735432e+00
1.016283786382230936e+00
1.016287058320686443e+00
1.016290298057172636e+00
1.016293505939863895e+00
1.016296682312046507e+00
1.016299827512126441e+00
1.016302941873643118e+00
1.016306025725286499e+00
1.016309079390916192e+00
1.016312103189584093e+00
1.016315097435561920e+00
1.016318062438370085e+00
1.016320998502810991e+00
1.016323905929005900e+00
1.016326785012435341e+00
1.016329636043980855e+00
1.016332459309972958e+00
1.016335255092239320e+00
1.016338023668158952e+00
1.016340765310716154e+00
1.016343480288560919e+00
1.016346168866068433e+00
1.016348831303405031e+00
1.016351467856593249e+00
1.016354078777582881e+00
1.016356664314318703e+00
1.016359224710819298e+00
1.016361760207247666e+00
1.016364271039991607e+00
1.016366757441741209e+00
1.016369219641571009e+00
1.016371657865020151e+00
1.016374072334177203e+00
1.016376463267762764e+00
1.016378830881215833e+00
1.016381175386778857e+00
1.016383496993582991e+00
1.016385795907736700e+00
1.016388072332410353e+00
1.016390326467924377e+00
1.016392558511833855e+00
1.016394768659016457e+00
1.016396957101757259e+00
1.016399124029833345e+00
1.016401269630597959e+00
1.016403394089064438e+00
1.016405497587987483e+00
1.016407580307944425e+00
1.016409642427413607e+00
1.016411684122854764e+00
1.016413705568783188e+00
1.016415706937845220e+00
1.016417688400891528e+00
1.016419650127048158e+00
1.016421592283784925e+00
1.016423515036984027e+00
1.016425418551002879e+00
1.016427302988739401e+00
1.016429168511690850e+00
1.016431015280012895e+00
1.016432843452575563e+00
1.016434653187017201e+00
1.016436444639795766e+00
1.016438217966237900e+00
1.016439973320585111e+00
1.016441710856038849e+00
1.016443430724802255e+00
1.016445133078119234e+00
1.016446818066312208e+00
1.016448485838816751e+00
1.016450136544214899e+00
1.016451770330263127e+00
1.016453387343924097e+00
1.016454987731389092e+00
1.016456571638104434e+00
1.016458139208791245e+00
1.016459690587465658e+00
1.016461225917457467e+00
1.016462745341424112e+00
1.016464249001365339e+00
1.016465737038635631e+00
1.016467209593953536e+00
1.016468666807410992e+00
1.016470108818479767e+00
1.016471535766017453e+00
1.016472947788270575e+00
1.016474345022877923e+00
1.016475727606871882e+00
1.016477095676677322e+00
1.016478449368111603e+00
1.016479788816381236e+00
1.016481114156079002e+00
1.016482425521180177e+00
1.016483723045035870e+00
1.016485006860368134e+00
1.016486277099262647e+00
1.016487533893160933e+00
1.016488777372852148e+00
1.016490007668465090e+00
1.016491224909457980e+00
1.016492429224609140e+00
1.016493620742006554e+00
1.016494799589037878e+00
1.016495965892379338e+00
1.016497119777984626e+00
1.016498261371074685e+00
1.016499390796124391e+00
1.016500508176853446e+00
1.016501613636214163e+00
1.016502707296379260e+00
1.016503789278731862e+00
1.016504859703853070e+00
1.016505918691511745e+00
1.016506966360653408e+00
1.016508002829389135e+00
1.016509028214985122e+00
1.016510042633853139e+00
1.016511046201539425e+00
1.016512039032715808e+00
1.016513021241170378e+00
1.016513992939798161e+00
1.016514954240592905e+00
1.016515905254638863e+00
1.016516846092102577e+00
1.016517776862225997e+00
1.016518697673320037e+00
1.016519608632756366e+00
1.016520509846964071e+00
1.016521401421421889e+00
1.016522283460653986e+00
1.016523156068225742e+00
1.016524019346739083e+00
1.016524873397829598e+00
1.016525718322163208e+00
1.016526554219432610e+00
1.016527381188357060e+00
1.016528199326679260e+00
1.016529008731165362e+00
1.016529809497602521e+00
1.016530601720802007e+00
1.016531385494595430e+00
1.016532160911839178e+00
1.016532928064413754e+00
1.016533687043225775e+00
1.016534437938210633e+00
1.016535180838334496e+00
1.016535915831597858e+00
1.016536643005038876e+00
1.016537362444736692e+00
1.016538074235816325e+00
1.016538778462453552e+00
1.016539475207878462e+00
1.016540164554382786e+00
1.016540846583323887e+00
1.016541521375132096e+00
1.016542189009316033e+00
1.016542849564469497e+00
1.016543503118279013e+00
1.016544149747530712e+00
1.016544789528117221e+00
1.016545422535046317e+00
1.016546048842447814e+00
1.016546668523583108e+00
1.016547281650852508e+00
1.016547888295803226e+00
1.016548488529140037e+00
1.016549082420732608e+00
1.016549670039625042e+00
1.016550251454044984e+00
1.016550826731412727e+00
1.016551395938351199e+00
1.016551959140694850e+00
1.016552516403498974e+00
1.016553067791050591e+00
1.016553613366876885e+00
1.016554153193754972e+00
1.016554687333723006e+00
1.016555215848088167e+00
1.016555738797437547e+00
1.016556256241647915e+00
1.016556768239894382e+00
1.016557274850661940e+00
1.016557776131753688e+00
1.016558272140301256e+00
1.016558762932773252e+00
1.016559248564986806e+00
1.016559729092115338e+00
1.016560204568698778e+00
1.016560675048652218e+00
1.016561140585275469e+00
1.016561601231262824e+00
1.016562057038710831e+00
1.016562508059128067e+00
1.016562954343443348e+00
1.016563395942015280e+00
1.016563832904639142e+00
1.016564265280557100e+00
1.016564693118465090e+00
1.016565116466522367e+00
1.016565535372357498e+00
1.016565949883077913e+00
1.016566360045276118e+00
1.016566765905039249e+00
1.016567167507954395e+00
1.016567564899116816e+00
1.016567958123136606e+00
1.016568347224146462e+00
1.016568732245807238e+00
1.016569113231315047e+00
1.016569490223408145e+00
1.016569863264372930e+00
1.016570232396049267e+00
1.016570597659838038e+00
1.016570959096705806e+00
1.016571316747190590e+00
1.016571670651408521e+00
1.016572020849056734e+00
1.016572367379422248e+00
1.016572710281383518e+00
1.016573049593417988e+00
1.016573385353604975e+00
1.016573717599632110e+00
1.016574046368798889e+00
1.016574371698021118e+00
1.016574693623835568e+00
1.016575012182403981e+00
1.016575327409518170e+00
1.016575639340601356e+00
1.016575948010714825e+00
1.016576253454561485e+00
1.016576555706486751e+00
1.016576854800485430e+00
1.016577150770203275e+00
1.016577443648940982e+00
1.016577733469657741e+00
1.016578020264973681e+00
1.016578304067173644e+00
1.016578584908210070e+00
1.016578862819705886e+00
1.016579137832957169e+00
1.016579409978937143e+00
1.016579679288297733e+00
1.016579945791373119e+00
1.016580209518181288e+00
1.016580470498428479e+00
1.016580728761510066e+00
1.016580984336513893e+00
1.016581237252223602e+00
1.016581487537119521e+00
1.016581735219381333e+00
1.016581980326892287e+00
1.016582222887239428e+00
1.016582462927717367e+00
1.016582700475329615e+00
1.016582935556791911e+00
1.016583168198533782e+00
1.016583398426701201e+00
1.016583626267158813e+00
1.016583851745492151e+00
1.016584074887009637e+00
1.016584295716745689e+00
1.016584514259461836e+00
1.016584730539650039e+00
1.016584944581533589e+00
1.016585156409071544e+00
1.016585366045958505e+00
1.016585573515628393e+00
1.016585778841256227e+00
1.016585982045760339e+00
1.016586183151804823e+00
1.016586382181801751e+00
1.016586579157913395e+00
1.016586774102054225e+00
1.016586967035893796e+00
1.016587157980858080e+00
1.016587346958133020e+00
1.016587533988665859e+00
1.016587719093167141e+00
1.016587902292115153e+00
1.016588083605754367e+00
1.016588263054102326e+00
1.016588440656948089e+00
1.016588616433857339e+00
1.016588790404172382e+00
1.016588962587016365e+00
1.016589133001295053e+00
1.016589301665698386e+00
1.016589468598704027e+00
1.016589633818578697e+00
1.016589797343381285e+00
1.016589959190964176e+00
1.016590119378976809e+00
1.016590277924868113e+00
1.016590434845886737e+00
1.016590590159085927e+00
1.016590743881324865e+00
1.016590896029269997e+00
1.016591046619399474e+00
1.016591195668003156e+00
1.016591343191187491e+00
1.016591489204874410e+00
1.016591633724807542e+00
1.016591776766551547e+00
1.016591918345495227e+00
1.016592058476854632e+00
1.016592197175673729e+00
1.016592334456828617e+00
1.016592470335027532e+00
1.016592604824814838e+00
1.016592737940572810e+00
1.016592869696522516e+00
1.016593000106727374e+00
1.016593129185095368e+00
1.016593256945380386e+00
1.016593383401184214e+00
1.016593508565959425e+00
1.016593632453010931e+00
1.016593755075497763e+00
1.016593876446435729e+00
1.016593996578698089e+00
1.016594115485020433e+00
1.016594233177998241e+00
1.016594349670092878e+00
1.016594464973631151e+00
1.016594579100807527e+00
1.016594692063686800e+00
1.016594803874204311e+00
1.016594914544169725e+00
1.016595024085267474e+00
1.016595132509058308e+00
1.016595239826981967e+00
1.016595346050357396e+00
1.016595451190386079e+00
1.016595555258153150e+00
1.016595658264627611e+00
1.016595760220665445e+00
1.016595861137010726e+00
1.016595961024296946e+00
1.016596059893048132e+00
1.016596157753681062e+00
1.016596254616505934e+00
1.016596350491728362e+00
1.016596445389450487e+00
1.016596539319671866e+00
1.016596632292291247e+00
1.016596724317107903e+00
1.016596815403822740e+00
1.016596905562038966e+00
1.016596994801264309e+00
1.016597083130911461e+00
1.016597170560298746e+00
1.016597257098653007e+00
1.016597342755108269e+00
1.016597427538709075e+00
1.016597511458409819e+00
1.016597594523076298e+00
1.016597676741487488e+00
1.016597758122335105e+00
1.016597838674225818e+00
1.016597918405680812e+00
1.016597997325138003e+00
1.016598075440952487e+00
1.016598152761396534e+00
1.016598229294661593e+00
1.016598305048858730e+00
1.016598380032018634e+00
1.016598454252093608e+00
1.016598527716957800e+00
1.016598600434407196e+00
1.016598672412162063e+00
1.016598743657865622e+00
1.016598814179085819e+00
1.016598883983316437e+00
1.016598953077976653e+00
1.016599021470412589e+00
1.016599089167896430e+00
1.016599156177629970e+00
1.016599222506741729e+00
1.016599288162289616e+00
1.016599353151261598e+00
1.016599417480574807e+00
1.016599481157077989e+00
1.016599544187549720e+00
1.016599606578701742e+00
1.016599668337176521e+00
1.016599729469549906e+00
1.016599789982331581e+00
1.016599849881963946e+00
1.016599909174823679e+00
1.016599967867222620e+00
1.016600025965407106e+00
1.016600083475559968e+00
1.016600140403799202e+00
1.016600196756179297e+00
1.016600252538693017e+00
1.016600307757269395e+00
1.016600362417775294e+00
1.016600416526016737e+00
1.016600470087737573e+00
1.016600523108621701e+00
1.016600575594292621e+00
1.016600627550313440e+00
1.016600678982188422e+00
1.016600729895361876e+00
1.016600780295220829e+00
1.016600830187093241e+00
1.016600879576250005e+00
1.016600928467904286e+00
1.016600976867212847e+00
1.016601024779275608e+00
1.016601072209137424e+00
1.016601119161787192e+00
1.016601165642158744e+00
1.016601211655130843e+00
1.016601257205529851e+00
1.016601302298126397e+00
1.016601346937639594e+00
1.016601391128734821e+00
1.016601434876025944e+00
1.016601478184074425e+00
1.016601521057390656e+00
1.016601563500433958e+00
1.016601605517613915e+00
1.016601647113289264e+00
1.016601688291770333e+00
1.016601729057317272e+00
1.016601769414143153e+00
1.016601809366412201e+00
1.016601848918241124e+00
1.016601888073700444e+00
1.016601926836812719e+00
1.016601965211556102e+00
1.016602003201862559e+00
1.016602040811618757e+00
1.016602078044666957e+00
1.016602114904805898e+00
1.016602151395790354e+00
1.016602187521332468e+00
1.016602223285101303e+00
1.016602258690724625e+00
1.016602293741788232e+00
1.016602328441837289e+00
1.016602362794376324e+00
1.016602396802869679e+00
1.016602430470742835e+00
1.016602463801381973e+00
1.016602496798134858e+00
1.016602529464311733e+00
1.016602561803184646e+00
1.016602593817989231e+00
1.016602625511924707e+00
1.016602656888154765e+00
1.016602687949806905e+00
1.016602718699973984e+00
1.016602749141714890e+00
1.016602779278054314e+00
1.016602809111982975e+00
1.016602838646459617e+00
1.016602867884409900e+00
1.016602896828727509e+00
1.016602925482275044e+00
1.016602953847883128e+00
1.016602981928353300e+00
1.016603009726455564e+00
1.016603037244931063e+00
1.016603064486491181e+00
1.016603091453819552e+00
1.016603118149570051e+00
1.016603144576369466e+00
1.016603170736817940e+00
1.016603196633486972e+00
1.016603222268922524e+00
1.016603247645644137e+00
1.016603272766145372e+00
1.016603297632894698e+00
1.016603322248335051e+00
1.016603346614886050e+00
1.016603370734941336e+00
1.016603394610871902e+00
1.016603418245025203e+00
1.016603441639724714e+00
1.016603464797272594e+00
1.016603487719947241e+00
1.016603510410005740e+00
1.016603532869683191e+00
1.016603555101193379e+00
1.016603577106728551e+00
1.016603598888460969e+00
1.016603620448541800e+00
1.016603641789102674e+00
1.016603662912254791e+00
1.016603683820089588e+00
1.016603704514679851e+00
1.016603724998078828e+00
1.016603745272321113e+00
1.016603765339423093e+00
1.016603785201382282e+00
1.016603804860178872e+00
1.016603824317774407e+00
1.016603843576113553e+00
1.016603862637123878e+00
1.016603881502714746e+00
1.016603900174779751e+00
1.016603918655194949e+00
1.016603936945820852e+00
1.016603955048500429e+00
1.016603972965061553e+00
1.016603990697316107e+00
1.016604008247059543e+00
1.016604025616071993e+00
1.016604042806118713e+00
1.016604059818949191e+00
1.016604076656297817e+00
1.016604093319884328e+00
1.016604109811413359e+00
1.016604126132575114e+00
1.016604142285045143e+00
1.016604158270484781e+00
1.016604174090540935e+00
1.016604189746846298e+00
1.016604205241020242e+00
1.016604220574667261e+00
1.016604235749378526e+00
1.016604250766731887e+00
1.016604265628290982e+00
1.016604280335606347e+00
1.016604294890215643e+00
1.016604309293642316e+00
1.016604323547397382e+00
1.016604337652978529e+00
1.016604351611870349e+00
1.016604365425544776e+00
1.016604379095461308e+00
1.016604392623065678e+00
1.016604406009792072e+00
1.016604419257061576e+00
1.016604432366282840e+00
1.016604445338852525e+00
1.016604458176154191e+00
1.016604470879560296e+00
1.016604483450429974e+00
1.016604495890111259e+00
1.016604508199939083e+00
1.016604520381237720e+00
1.016604532435318342e+00
1.016604544363480800e+00
1.016604556167013840e+00
1.016604567847193330e+00
1.016604579405284481e+00
1.016604590842540734e+00
1.016604602160203763e+00
1.016604613359503695e+00
1.016604624441660221e+00
1.016604635407881041e+00
1.016604646259362532e+00
1.016604656997290412e+00
1.016604667622838631e+00
1.016604678137171147e+00
1.016604688541439927e+00
1.016604698836786724e+00
1.016604709024341968e+00
1.016604719105225874e+00
1.016604729080547553e+00
1.016604738951405906e+00
1.016604748718888729e+00
1.016604758384073381e+00
1.016604767948027455e+00
1.016604777411807881e+00
1.016604786776460712e+00
1.016604796043022230e+00
1.016604805212518947e+00
1.016604814285966718e+00
1.016604823264371404e+00
1.016604832148729542e+00
1.016604840940026788e+00
1.016604849639240138e+00
1.016604858247335930e+00
1.016604866765271176e+00
1.016604875193993340e+00
1.016604883534440340e+00
1.016604891787540765e+00
1.016604899954213437e+00
1.016604908035368293e+00
1.016604916031905725e+00
1.016604923944717243e+00
1.016604931774685028e+00
1.016604939522682383e+00
1.016604947189573949e+00
1.016604954776214598e+00
1.016604962283451652e+00
1.016604969712122664e+00
1.016604977063056747e+00
1.016604984337075024e+00
1.016604991534989955e+00
1.016604998657604897e+00
1.016605005705715659e+00
1.016605012680108722e+00
1.016605019581564573e+00
1.016605026410852375e+00
1.016605033168736405e+00
1.016605039855970727e+00
1.016605046473302743e+00
1.016605053021470972e+00
1.016605059501207275e+00
1.016605065913235739e+00
1.016605072258271791e+00
1.016605078537024198e+00
1.016605084750193955e+00
1.016605090898475172e+00
1.016605096982553746e+00
1.016605103003109134e+00
1.016605108960813464e+00
1.016605114856331316e+00
1.016605120690320607e+00
1.016605126463432374e+00
1.016605132176310322e+00
1.016605137829591943e+00
1.016605143423907620e+00
1.016605148959881078e+00
1.016605154438129599e+00
