1.000603315025466955e+00
1.000676880990591711e+00
1.000798802878761995e+00
1.000942490047452171e+00
1.001098993341276611e+00
1.001263992319746388e+00
1.001434953100039049e+00
1.001610218604523261e+00
1.001788628982129392e+00
1.001969332520577183e+00
1.002151680437807668e+00
1.002335163979303445e+00
1.002519374779583972e+00
1.002703978810154606e+00
1.002888698642514065e+00
1.003073301000080297e+00
1.003257587784873284e+00
1.003441389450991927e+00
1.003624560001762589e+00
1.003806973134875324e+00
1.003988519215630149e+00
1.004169102859005847e+00
1.004348640967619666e+00
1.004527061117152842e+00
1.004704300211175960e+00
1.004880303348240744e+00
1.005055022858754921e+00
1.005228417479522740e+00
1.005400451641255799e+00
1.005571094849777136e+00
1.005740321145622618e+00
1.005908108629765874e+00
1.006074439045474556e+00
1.006239297408102029e+00
1.006402671676038141e+00
1.006564552457165806e+00
1.006724932746096091e+00
1.006883807688216725e+00
1.007041174367193870e+00
1.007197031613096927e+00
1.007351379828738569e+00
1.007504220832178943e+00
1.007655557713645234e+00
1.007805394705360236e+00
1.007953737062985855e+00
1.008100590957559550e+00
1.008245963376944498e+00
1.008389862035939721e+00
1.008532295294290559e+00
1.008673272081931138e+00
1.008812801830861305e+00
1.008950894413112920e+00
1.009087560084326540e+00
1.009222809432483547e+00
1.009356653331399567e+00
1.009489102898593282e+00
1.009620169457194017e+00
1.009749864501565009e+00
1.009878199666344400e+00
1.010005186698629709e+00
1.010130837433046214e+00
1.010255163769459896e+00
1.010378177653109111e+00
1.010499891056946709e+00
1.010620315965995664e+00
1.010739464363538342e+00
1.010857348218967555e+00
1.010973979477143736e+00
1.011089370049109704e+00
1.011203531804029998e+00
1.011316476562229560e+00
1.011428216089214072e+00
1.011538762090566923e+00
1.011648126207628895e+00
1.011756320013864396e+00
1.011863355011838550e+00
1.011969242630730292e+00
1.012073994224310436e+00
1.012177621069329847e+00
1.012280134364257567e+00
1.012381545228322022e+00
1.012481864700810474e+00
1.012581103740589850e+00
1.012679273225807197e+00
1.012776383953748027e+00
1.012872446640816326e+00
1.012967471922617602e+00
1.013061470354124083e+00
1.013154452409898987e+00
1.013246428484370076e+00
1.013337408892135416e+00
1.013427403868291554e+00
1.013516423568773916e+00
1.013604478070699644e+00
1.013691577372712427e+00
1.013777731395315129e+00
1.013862949981194639e+00
1.013947242895528067e+00
1.014030619826276958e+00
1.014113090384457738e+00
1.014194664104395294e+00
1.014275350443957890e+00
1.014355158784768340e+00
1.014434098432398956e+00
1.014512178616547411e+00
1.014589408491193723e+00
1.014665797134741254e+00
1.014741353550145941e+00
1.014816086665025985e+00
1.014890005331765543e+00
1.014963118327606217e+00
1.015035434354728316e+00
1.015106962040329464e+00
1.015177709936693873e+00
1.015247686521261627e+00
1.015316900196695959e+00
1.015385359290946532e+00
1.015453072057319606e+00
1.015520046674548205e+00
1.015586291246864725e+00
1.015651813804082648e+00
1.015716622301682470e+00
1.015780724620905406e+00
1.015844128568857085e+00
1.015906841878618350e+00
1.015968872209369378e+00
1.016030227146523135e+00
1.016090914201870810e+00
1.016150940813740355e+00
1.016210314347167021e+00
1.016269042094078312e+00
1.016327131273490725e+00
1.016384589031723129e+00
1.016441422442621700e+00
1.016497638507800394e+00
1.016553244156896296e+00
1.016608246247838299e+00
1.016662651567130426e+00
1.016716466830150267e+00
1.016769698681460277e+00
1.016822353695135073e+00
1.016874438375099832e+00
1.016925959155486225e+00
1.016976922400997019e+00
1.017027334407287320e+00
1.017077201401357378e+00
1.017126529541958257e+00
1.017175324920007506e+00
1.017223593559019923e+00
1.017271341415546093e+00
1.017318574379623808e+00
1.017365298275240360e+00
1.017411518860801944e+00
1.017457241829615722e+00
1.017502472810378311e+00
1.017547217367675394e+00
1.017591481002487308e+00
1.017635269152702415e+00
1.017678587193639128e+00
1.017721440438572822e+00
1.017763834139270962e+00
1.017805773486531340e+00
1.017847263610728081e+00
1.017888309582360762e+00
1.017928916412608631e+00
1.017969089053889720e+00
1.018008832400421060e+00
1.018048151288784009e+00
1.018087050498492019e+00
1.018125534752558847e+00
1.018163608718072766e+00
1.018201277006765437e+00
1.018238544175590787e+00
1.018275414727295658e+00
1.018311893110997790e+00
1.018347983722759365e+00
1.018383690906163430e+00
1.018419018952887223e+00
1.018453972103276151e+00
1.018488554546916447e+00
1.018522770423206270e+00
1.018556623821923246e+00
1.018590118783794463e+00
1.018623259301058681e+00
1.018656049318030554e+00
1.018688492731661288e+00
1.018720593392092644e+00
1.018752355103214491e+00
1.018783781623213258e+00
1.018814876665119717e+00
1.018845643897353437e+00
1.018876086944262571e+00
1.018906209386658102e+00
1.018936014762349407e+00
1.018965506566669621e+00
1.018994688253000103e+00
1.019023563233289353e+00
1.019052134878570381e+00
1.019080406519467408e+00
1.019108381446705014e+00
1.019136062911607077e+00
1.019163454126594814e+00
1.019190558265676838e+00
1.019217378464937873e+00
1.019243917823019041e+00
1.019270179401596144e+00
1.019296166225849731e+00
1.019321881284935172e+00
1.019347327532442060e+00
1.019372507886852741e+00
1.019397425231993948e+00
1.019422082417483777e+00
1.019446482259173337e+00
1.019470627539585283e+00
1.019494521008343479e+00
1.019518165382601538e+00
1.019541563347464486e+00
1.019564717556404876e+00
1.019587630631676234e+00
1.019610305164718733e+00
1.019632743716561762e+00
1.019654948818221385e+00
1.019676922971092914e+00
1.019698668647336826e+00
1.019720188290263785e+00
1.019741484314710123e+00
1.019762559107412869e+00
1.019783415027376794e+00
1.019804054406239446e+00
1.019824479548628648e+00
1.019844692732517544e+00
1.019864696209575206e+00
1.019884492205510806e+00
1.019904082920415123e+00
1.019923470529096710e+00
1.019942657181413415e+00
1.019961645002600337e+00
1.019980436093592902e+00
1.019999032531345051e+00
1.020017436369145658e+00
1.020035649636926056e+00
1.020053674341568462e+00
1.020071512467207064e+00
1.020089165975525791e+00
1.020106636806052958e+00
1.020123926876449261e+00
1.020141038082796214e+00
1.020157972299874594e+00
1.020174731381445543e+00
1.020191317160522582e+00
1.020207731449642274e+00
1.020223976041131575e+00
1.020240052707368283e+00
1.020255963201042171e+00
1.020271709255409442e+00
1.020287292584543426e+00
1.020302714883583706e+00
1.020317977828980371e+00
1.020333083078734271e+00
1.020348032272635486e+00
1.020362827032495590e+00
1.020377468962380352e+00
1.020391959648834890e+00
1.020406300661109267e+00
1.020420493551377872e+00
1.020434539854957023e+00
1.020448441090519243e+00
1.020462198760304195e+00
1.020475814350326083e+00
1.020489289330578586e+00
1.020502625155236487e+00
1.020515823262853949e+00
1.020528885076561032e+00
1.020541812004254645e+00
1.020554605438790174e+00
1.020567266758166891e+00
1.020579797325712690e+00
1.020592198490264613e+00
1.020604471586348705e+00
1.020616617934354320e+00
1.020628638840707314e+00
1.020640535598041243e+00
1.020652309485364562e+00
1.020663961768225825e+00
1.020675493698877112e+00
1.020686906516432346e+00
1.020698201447026943e+00
1.020709379703972353e+00
1.020720442487908608e+00
1.020731390986955311e+00
1.020742226376859074e+00
1.020752949821141176e+00
1.020763562471238561e+00
1.020774065466648395e+00
1.020784459935064392e+00
1.020794746992515822e+00
1.020804927743502510e+00
1.020815003281126288e+00
1.020824974687223774e+00
1.020834843032494055e+00
1.020844609376626577e+00
1.020854274768424830e+00
1.020863840245931131e+00
1.020873306836546313e+00
1.020882675557150288e+00
1.020891947414218848e+00
1.020901123403940902e+00
1.020910204512330166e+00
1.020919191715339958e+00
1.020928085978972888e+00
1.020936888259389219e+00
1.020945599503015888e+00
1.020954220646651978e+00
1.020962752617571745e+00
1.020971196333628983e+00
1.020979552703357829e+00
1.020987822626071573e+00
1.020996006991963689e+00
1.021004106682201762e+00
1.021012122569025404e+00
1.021020055515838854e+00
1.021027906377305783e+00
1.021035675999439229e+00
1.021043365219692189e+00
1.021050974867048433e+00
1.021058505762107771e+00
1.021065958717175093e+00
1.021073334536344301e+00
1.021080634015583133e+00
1.021087857942817312e+00
1.021095007098010932e+00
1.021102082253249055e+00
1.021109084172816761e+00
1.021116013613278417e+00
1.021122871323555836e+00
1.021129658045004440e+00
1.021136374511490530e+00
1.021143021449464339e+00
1.021149599578035971e+00
1.021156109609048013e+00
1.021162552247147026e+00
1.021168928189854830e+00
1.021175238127640883e+00
1.021181482743989566e+00
1.021187662715470790e+00
1.021193778711805944e+00
1.021199831395938507e+00
1.021205821424095994e+00
1.021211749445859684e+00
1.021217616104227677e+00
1.021223422035678174e+00
1.021229167870234988e+00
1.021234854231529265e+00
1.021240481736860994e+00
1.021246050997261623e+00
1.021251562617554232e+00
1.021257017196412820e+00
1.021262415326423589e+00
1.021267757594141345e+00
1.021273044580150113e+00
1.021278276859118872e+00
1.021283454999859730e+00
1.021288579565383436e+00
1.021293651112956447e+00
1.021298670194154212e+00
1.021303637354918248e+00
1.021308553135608532e+00
1.021313418071057910e+00
1.021318232690625827e+00
1.021322997518249176e+00
1.021327713072496257e+00
1.021332379866617401e+00
1.021336998408596264e+00
1.021341569201200672e+00
1.021346092742032585e+00
1.021350569523578056e+00
1.021355000033256299e+00
1.021359384753467880e+00
1.021363724161644448e+00
1.021368018730295812e+00
1.021372268927057236e+00
1.021376475214736734e+00
1.021380638051362144e+00
1.021384757890225981e+00
1.021388835179933618e+00
1.021392870364445926e+00
1.021396863883126560e+00
1.021400816170785486e+00
1.021404727657722944e+00
1.021408598769774079e+00
1.021412429928352239e+00
1.021416221550491388e+00
1.021419974048889845e+00
1.021423687831951810e+00
1.021427363303830216e+00
1.021431000864466920e+00
1.021434600909635559e+00
1.021438163830981738e+00
1.021441690016063664e+00
1.021445179848392781e+00
1.021448633707472631e+00
1.021452051968839703e+00
1.021455435004101631e+00
1.021458783180977381e+00
1.021462096863334112e+00
1.021465376411226700e+00
1.021468622180934815e+00
1.021471834525002453e+00
1.021475013792272124e+00
1.021478160327924156e+00
1.021481274473512890e+00
1.021484356567002205e+00
1.021487406942803489e+00
1.021490425931808499e+00
1.021493413861427557e+00
1.021496371055622854e+00
1.021499297834944420e+00
1.021502194516564321e+00
1.021505061414310411e+00
1.021507898838700967e+00
1.021510707096978443e+00
1.021513486493141443e+00
1.021516237327980470e+00
1.021518959899107681e+00
1.021521654500991527e+00
1.021524321424988946e+00
1.021526960959375785e+00
1.021529573389380108e+00
1.021532158997212614e+00
1.021534718062098168e+00
1.021537250860307111e+00
1.021539757665184567e+00
1.021542238747182196e+00
1.021544694373887285e+00
1.021547124810052942e+00
1.021549530317627852e+00
1.021551911155785142e+00
1.021554267580950581e+00
1.021556599846833668e+00
1.021558908204453608e+00
1.021561192902168624e+00
1.021563454185704378e+00
1.021565692298180394e+00
1.021567907480139370e+00
1.021570099969572043e+00
1.021572270001945837e+00
1.021574417810231505e+00
1.021576543624928224e+00
1.021578647674091567e+00
1.021580730183358376e+00
1.021582791375972299e+00
1.021584831472809984e+00
1.021586850692405957e+00
1.021588849250977482e+00
1.021590827362449660e+00
1.021592785238479628e+00
1.021594723088480539e+00
1.021596641119646431e+00
1.021598539536975547e+00
1.021600418543294087e+00
1.021602278339278858e+00
1.021604119123481258e+00
1.021605941092349479e+00
1.021607744440252485e+00
1.021609529359500224e+00
1.021611296040368266e+00
1.021613044671117354e+00
1.021614775438017375e+00
1.021616488525367794e+00
1.021618184115518524e+00
1.021619862388892797e+00
1.021621523524006037e+00
1.021623167697487622e+00
1.021624795084101089e+00
1.021626405856765007e+00
1.021628000186571850e+00
1.021629578242808645e+00
1.021631140192976961e+00
1.021632686202810891e+00
1.021634216436298370e+00
1.021635731055698493e+00
1.021637230221561055e+00
1.021638714092744760e+00
1.021640182826435872e+00
1.021641636578167534e+00
1.021643075501835973e+00
1.021644499749718937e+00
1.021645909472494562e+00
1.021647304819257140e+00
1.021648685937535994e+00
1.021650052973310352e+00
1.021651406071029111e+00
1.021652745373625493e+00
1.021654071022534360e+00
1.021655383157708430e+00
1.021656681917634035e+00
1.021657967439348447e+00
1.021659239858454082e+00
1.021660499309135606e+00
1.021661745924174358e+00
1.021662979834963902e+00
1.021664201171525788e+00
1.021665410062523982e+00
1.021666606635279528e+00
1.021667791015785642e+00
1.021668963328722146e+00
1.021670123697469457e+00
1.021671272244123019e+00
1.021672409089507516e+00
1.021673534353190194e+00
1.021674648153494847e+00
1.021675750607514921e+00
1.021676841831128613e+00
1.021677921939009082e+00
1.021678991044640883e+00
1.021680049260329959e+00
1.021681096697218294e+00
1.021682133465296571e+00
1.021683159673414831e+00
1.021684175429297348e+00
1.021685180839552842e+00
1.021686176009687808e+00
1.021687161044117387e+00
1.021688136046178474e+00
1.021689101118140375e+00
1.021690056361216126e+00
1.021691001875575155e+00
1.021691937760353497e+00
1.021692864113664667e+00
1.021693781032612769e+00
1.021694688613300261e+00
1.021695586950840839e+00
1.021696476139369869e+00
1.021697356272054380e+00
1.021698227441103501e+00
1.021699089737779342e+00
1.021699943252405873e+00
1.021700788074380473e+00
1.021701624292183253e+00
1.021702451993385941e+00
1.021703271264663204e+00
1.021704082191801533e+00
1.021704884859707674e+00
1.021705679352419960e+00
1.021706465753115634e+00
1.021707244144121951e+00
1.021708014606923287e+00
1.021708777222171349e+00
1.021709532069693172e+00
1.021710279228501328e+00
1.021711018776800151e+00
1.021711750791996609e+00
1.021712475350707638e+00
1.021713192528768133e+00
1.021713902401240492e+00
1.021714605042420843e+00
1.021715300525849468e+00
1.021715988924316365e+00
1.021716670309870789e+00
1.021717344753828360e+00
1.021718012326779057e+00
1.021718673098594543e+00
1.021719327138435496e+00
1.021719974514759377e+00
1.021720615295327983e+00
1.021721249547214327e+00
1.021721877336809747e+00
1.021722498729831674e+00
1.021723113791329407e+00
1.021723722585691885e+00
1.021724325176655013e+00
1.021724921627307658e+00
1.021725512000097869e+00
1.021726096356841529e+00
1.021726674758726139e+00
1.021727247266319694e+00
1.021727813939575569e+00
1.021728374837839848e+00
1.021728930019856652e+00
1.021729479543775243e+00
1.021730023467155579e+00
1.021730561846974084e+00
1.021731094739630752e+00
1.021731622200953815e+00
1.021732144286206401e+00
1.021732661050091862e+00
1.021733172546759993e+00
1.021733678829811920e+00
1.021734179952306754e+00
1.021734675966766037e+00
1.021735166925179961e+00
1.021735652879012468e+00
1.021736133879206587e+00
1.021736609976190424e+00
1.021737081219880938e+00
1.021737547659689938e+00
1.021738009344530518e+00
1.021738466322819283e+00
1.021738918642483895e+00
1.021739366350966627e+00
1.021739809495230134e+00
1.021740248121761452e+00
1.021740682276577328e+00
1.021741112005229102e+00
1.021741537352806706e+00
1.021741958363944658e+00
1.021742375082824505e+00
1.021742787553181486e+00
1.021743195818308303e+00
1.021743599921058898e+00
1.021743999903854005e+00
1.021744395808684036e+00
1.021744787677115074e+00
1.021745175550292650e+00
1.021745559468944187e+00
1.021745939473386100e+00
1.021746315603526245e+00
1.021746687898867023e+00
1.021747056398512266e+00
1.021747421141168566e+00
1.021747782165150831e+00
1.021748139508385611e+00
1.021748493208414654e+00
1.021748843302399345e+00
1.021749189827124482e+00
1.021749532819001605e+00
1.021749872314073437e+00
1.021750208348016331e+00
1.021750540956145148e+00
1.021750870173416592e+00
1.021751196034432319e+00
1.021751518573442707e+00
1.021751837824350639e+00
1.021752153820714604e+00
1.021752466595752473e+00
1.021752776182344391e+00
1.021753082613036323e+00
1.021753385920044721e+00
1.021753686135256523e+00
1.021753983290236256e+00
1.021754277416226930e+00
1.021754568544153585e+00
1.021754856704626846e+00
1.021755141927946031e+00
1.021755424244101818e+00
1.021755703682780236e+00
1.021755980273364450e+00
1.021756254044938528e+00
1.021756525026290774e+00
1.021756793245915507e+00
1.021757058732017498e+00
1.021757321512513528e+00
1.021757581615035493e+00
1.021757839066934404e+00
1.021758093895281938e+00
1.021758346126873773e+00
1.021758595788231361e+00
1.021758842905606812e+00
1.021759087504983565e+00
1.021759329612079714e+00
1.021759569252350452e+00
1.021759806450991848e+00
1.021760041232942173e+00
1.021760273622884574e+00
1.021760503645250395e+00
1.021760731324220739e+00
1.021760956683729571e+00
1.021761179747466386e+00
1.021761400538878650e+00
1.021761619081172690e+00
1.021761835397318574e+00
1.021762049510050563e+00
1.021762261441870878e+00
1.021762471215050594e+00
1.021762678851632966e+00
1.021762884373435876e+00
1.021763087802052716e+00
1.021763289158856836e+00
1.021763488465001313e+00
1.021763685741423178e+00
1.021763881008844521e+00
1.021764074287775603e+00
1.021764265598514854e+00
1.021764454961153978e+00
1.021764642395577738e+00
1.021764827921467056e+00
1.021765011558301017e+00
1.021765193325358645e+00
1.021765373241720676e+00
1.021765551326272892e+00
1.021765727597706119e+00
1.021765902074520227e+00
1.021766074775023903e+00
1.021766245717338872e+00
1.021766414919400345e+00
1.021766582398958567e+00
1.021766748173582373e+00
1.021766912260659410e+00
1.021767074677399023e+00
1.021767235440833366e+00
1.021767394567819842e+00
1.021767552075041996e+00
1.021767707979012396e+00
1.021767862296073526e+00
1.021768015042400002e+00
1.021768166233999908e+00
1.021768315886717016e+00
1.021768464016231892e+00
1.021768610638063679e+00
1.021768755767572534e+00
1.021768899419959853e+00
1.021769041610271156e+00
1.021769182353397420e+00
1.021769321664075747e+00
1.021769459556892246e+00
1.021769596046282480e+00
1.021769731146534355e+00
1.021769864871787670e+00
1.021769997236037675e+00
1.021770128253135734e+00
1.021770257936789772e+00
1.021770386300568045e+00
1.021770513357898036e+00
1.021770639122069557e+00
1.021770763606236532e+00
1.021770886823416546e+00
1.021771008786493962e+00
1.021771129508220355e+00
1.021771249001216075e+00
1.021771367277972242e+00
1.021771484350851633e+00
1.021771600232088684e+00
1.021771714933794151e+00
1.021771828467952448e+00
1.021771940846426086e+00
1.021772052080955007e+00
1.021772162183158805e+00
1.021772271164538060e+00
1.021772379036474554e+00
1.021772485810233499e+00
1.021772591496964866e+00
1.021772696107703604e+00
1.021772799653371644e+00
1.021772902144778561e+00
1.021773003592623574e+00
1.021773104007495769e+00
1.021773203399875651e+00
1.021773301780136034e+00
1.021773399158543816e+00
1.021773495545260424e+00
1.021773590950343369e+00
1.021773685383746244e+00
1.021773778855322057e+00
1.021773871374821896e+00
1.021773962951897152e+00
1.021774053596100407e+00
1.021774143316886763e+00
1.021774232123614290e+00
1.021774320025545357e+00
1.021774407031847742e+00
1.021774493151595076e+00
1.021774578393768618e+00
1.021774662767257924e+00
1.021774746280860846e+00
1.021774828943286639e+00
1.021774910763154409e+00
1.021774991748995998e+00
1.021775071909256205e+00
1.021775151252292790e+00
1.021775229786379136e+00
1.021775307519704246e+00
1.021775384460372749e+00
1.021775460616407560e+00
1.021775535995749218e+00
1.021775610606257878e+00
1.021775684455713096e+00
1.021775757551815378e+00
1.021775829902187294e+00
1.021775901514373253e+00
1.021775972395841503e+00
1.021776042553983022e+00
1.021776111996115732e+00
1.021776180729481176e+00
1.021776248761248507e+00
1.021776316098513160e+00
1.021776382748299961e+00
1.021776448717560903e+00
1.021776514013177817e+00
1.021776578641963029e+00
1.021776642610659813e+00
1.021776705925943052e+00
1.021776768594418794e+00
1.021776830622628252e+00
1.021776892017044247e+00
1.021776952784076098e+00
1.021777012930066064e+00
1.021777072461294011e+00
1.021777131383975412e+00
1.021777189704262234e+00
1.021777247428246049e+00
1.021777304561954924e+00
1.021777361111357640e+00
1.021777417082361250e+00
1.021777472480813964e+00
1.021777527312504485e+00
1.021777581583163341e+00
1.021777635298463549e+00
1.021777688464020173e+00
1.021777741085392321e+00
1.021777793168082482e+00
1.021777844717537631e+00
1.021777895739150566e+00
1.021777946238259016e+00
1.021777996220147200e+00
1.021778045690046266e+00
1.021778094653134517e+00
1.021778143114538295e+00
1.021778191079332210e+00
1.021778238552539353e+00
1.021778285539133524e+00
1.021778332044037452e+00
1.021778378072124571e+00
1.021778423628219912e+00
1.021778468717098765e+00
1.021778513343490236e+00
1.021778557512074137e+00
1.021778601227484540e+00
1.021778644494308885e+00
1.021778687317087320e+00
1.021778729700316246e+00
1.021778771648445439e+00
1.021778813165881150e+00
1.021778854256984781e+00
1.021778894926073988e+00
1.021778935177423797e+00
1.021778975015265489e+00
1.021779014443788380e+00
1.021779053467140042e+00
1.021779092089426300e+00
1.021779130314711681e+00
1.021779168147020300e+00
1.021779205590335415e+00
1.021779242648601205e+00
1.021779279325721657e+00
1.021779315625562123e+00
1.021779351551949322e+00
1.021779387108671333e+00
1.021779422299478490e+00
1.021779457128083823e+00
1.021779491598162615e+00
1.021779525713353731e+00
1.021779559477260291e+00
1.021779592893448330e+00
1.021779625965448801e+00
1.021779658696757132e+00
1.021779691090833886e+00
1.021779723151105213e+00
1.021779754880963065e+00
1.021779786283764535e+00
1.021779817362834297e+00
1.021779848121463496e+00
1.021779878562909971e+00
1.021779908690399807e+00
1.021779938507125562e+00
1.021779968016249374e+00
1.021779997220900515e+00
1.021780026124177621e+00
1.021780054729148457e+00
1.021780083038849707e+00
1.021780111056288298e+00
1.021780138784440295e+00
1.021780166226252895e+00
1.021780193384642654e+00
1.021780220262498595e+00
1.021780246862679098e+00
1.021780273188015453e+00
1.021780299241310086e+00
1.021780325025336778e+00
1.021780350542842442e+00
1.021780375796546680e+00
1.021780400789140675e+00
1.021780425523290070e+00
1.021780450001632534e+00
1.021780474226781088e+00
1.021780498201320553e+00
1.021780521927811325e+00
1.021780545408788043e+00
1.021780568646759146e+00
1.021780591644208869e+00
1.021780614403596577e+00
1.021780636927355879e+00
1.021780659217897291e+00
1.021780681277606684e+00
1.021780703108845945e+00
1.021780724713953648e+00
1.021780746095244385e+00
1.021780767255009881e+00
1.021780788195518763e+00
1.021780808919017458e+00
1.021780829427729298e+00
1.021780849723854967e+00
1.021780869809574277e+00
1.021780889687044169e+00
1.021780909358400047e+00
1.021780928825756440e+00
1.021780948091205676e+00
1.021780967156820541e+00
1.021780986024651394e+00
1.021781004696729056e+00
1.021781023175063252e+00
1.021781041461644612e+00
1.021781059558442450e+00
1.021781077467407428e+00
1.021781095190469113e+00
1.021781112729539753e+00
1.021781130086510281e+00
1.021781147263253642e+00
1.021781164261623909e+00
1.021781181083456502e+00
1.021781197730567969e+00
1.021781214204756871e+00
1.021781230507803784e+00
1.021781246641470631e+00
1.021781262607502461e+00
1.021781278407626115e+00
1.021781294043551336e+00
1.021781309516970326e+00
1.021781324829558635e+00
1.021781339982974046e+00
1.021781354978859024e+00
1.021781369818838048e+00
1.021781384504519830e+00
1.021781399037496652e+00
1.021781413419344808e+00
1.021781427651624385e+00
1.021781441735880147e+00
1.021781455673640870e+00
1.021781469466419789e+00
1.021781483115715261e+00
1.021781496623010099e+00
1.021781509989772019e+00
1.021781523217453858e+00
1.021781536307493798e+00
1.021781549261316036e+00
1.021781562080329220e+00
1.021781574765928458e+00
1.021781587319494200e+00
1.021781599742393798e+00
1.021781612035979281e+00
1.021781624201590022e+00
1.021781636240551405e+00
1.021781648154175270e+00
1.021781659943760801e+00
1.021781671610592523e+00
1.021781683155943199e+00
1.021781694581072486e+00
1.021781705887226277e+00
1.021781717075638474e+00
1.021781728147530544e+00
1.021781739104111075e+00
1.021781749946576667e+00
1.021781760676111261e+00
1.021781771293887475e+00
1.021781781801064604e+00
1.021781792198791949e+00
1.021781802488205715e+00
1.021781812670430334e+00
1.021781822746580026e+00
1.021781832717756355e+00
1.021781842585050226e+00
1.021781852349541220e+00
1.021781862012298037e+00
1.021781871574378275e+00
1.021781881036828210e+00
1.021781890400684567e+00
1.021781899666972526e+00
1.021781908836707053e+00
1.021781917910892012e+00
1.021781926890522385e+00
1.021781935776581829e+00
1.021781944570044232e+00
1.021781953271873267e+00
1.021781961883023060e+00
1.021781970404437967e+00
1.021781978837051907e+00
1.021781987181789919e+00
1.021781995439567492e+00
1.021782003611290568e+00
1.021782011697855097e+00
1.021782019700149258e+00
1.021782027619050348e+00
1.021782035455427895e+00
1.021782043210142321e+00
1.021782050884044502e+00
1.021782058477977317e+00
1.021782065992774324e+00
1.021782073429260418e+00
1.021782080788252944e+00
1.021782088070560146e+00
1.021782095276981162e+00
