1.000603315025466955e+00
1.000675375283555546e+00
1.000792920404196762e+00
1.000933124474148617e+00
1.001090553173511033e+00
1.001259017666742857e+00
1.001431424752002197e+00
1.001602869579323096e+00
1.001777494857732487e+00
1.001960161783652659e+00
1.002147504624990360e+00
1.002333090576073449e+00
1.002513166511203924e+00
1.002693657496044555e+00
1.002880664430879865e+00
1.003070875396342210e+00
1.003257494612813883e+00
1.003436907806296130e+00
1.003615715914981443e+00
1.003800540443607225e+00
1.003988003614929569e+00
1.004171005666893546e+00
1.004345943629918247e+00
1.004519796689981259e+00
1.004699490563923936e+00
1.004881582179559363e+00
1.005058745479599391e+00
1.005227364505402621e+00
1.005394663337413563e+00
1.005567767406101876e+00
1.005743180260227909e+00
1.005913408917346263e+00
1.006074820552930849e+00
1.006234806923132163e+00
1.006400630584544986e+00
1.006568753355292944e+00
1.006731559371174534e+00
1.006885400208083592e+00
1.007037785165060484e+00
1.007196072754383387e+00
1.007356692723139435e+00
1.007511938939302576e+00
1.007658149830297667e+00
1.007802917899795148e+00
1.007953669318621071e+00
1.008106809347170563e+00
1.008254565607574538e+00
1.008393265752358214e+00
1.008530561435359463e+00
1.008673926750486949e+00
1.008819748249369042e+00
1.008960204770287916e+00
1.009091615117014396e+00
1.009221673241331274e+00
1.009357887485526240e+00
1.009496629986264660e+00
1.009630043238313846e+00
1.009754438642028518e+00
1.009877540818635122e+00
1.010006883067551708e+00
1.010138826224906472e+00
1.010265485097705751e+00
1.010383164729438121e+00
1.010499612568934502e+00
1.010622380714216728e+00
1.010747820909514427e+00
1.010868026163526334e+00
1.010979295916053289e+00
1.011089395277812386e+00
1.011205891152596514e+00
1.011325127732837892e+00
1.011439180176532115e+00
1.011544342873283764e+00
1.011648395246604437e+00
1.011758916443312284e+00
1.011872244172262292e+00
1.011980438387586556e+00
1.012079788854376439e+00
1.012178087133475568e+00
1.012282922946049046e+00
1.012390628268255099e+00
1.012493249669983442e+00
1.012587072640112051e+00
1.012679899417476603e+00
1.012779329153381092e+00
1.012881688639523325e+00
1.012979012384543687e+00
1.013067581904873560e+00
1.013155209067039264e+00
1.013249501593413981e+00
1.013346781517061146e+00
1.013439072328771395e+00
1.013522651851548995e+00
1.013605340745374894e+00
1.013694754585777513e+00
1.013787211003239097e+00
1.013874723367282016e+00
1.013953566072456569e+00
1.014031567842063719e+00
1.014116351449318110e+00
1.014204230440484356e+00
1.014287208887709291e+00
1.014361558012780939e+00
1.014435113918192188e+00
1.014515505944856510e+00
1.014599043853211757e+00
1.014677723205139381e+00
1.014747812297246643e+00
1.014817153948406103e+00
1.014893383450463205e+00
1.014972807064791205e+00
1.015047412606085331e+00
1.015113465684485572e+00
1.015178815188075401e+00
1.015251101756994734e+00
1.015326628431351796e+00
1.015397376017771247e+00
1.015459607668167230e+00
1.015521177712196188e+00
1.015589731556524988e+00
1.015661569288416777e+00
1.015728665415756460e+00
1.015787280848261975e+00
1.015845274756628669e+00
1.015910296761402876e+00
1.015978644254221352e+00
1.016042286116244142e+00
1.016097481217306697e+00
1.016152093003630519e+00
1.016213774793525815e+00
1.016278821526857223e+00
1.016339197085811774e+00
1.016391158487885527e+00
1.016442572930866373e+00
1.016501096956766492e+00
1.016563023282224254e+00
1.016620311368731100e+00
1.016669216553650168e+00
1.016717609308379178e+00
1.016773148969941865e+00
1.016832126243562673e+00
1.016886496695732278e+00
1.016932514140451493e+00
1.016978051893050017e+00
1.017030771703458125e+00
1.017086962459746280e+00
1.017138576305469444e+00
1.017181865672918128e+00
1.017224706340239537e+00
1.017274762134190880e+00
1.017328320302171241e+00
1.017377329983974121e+00
1.017418042357348007e+00
1.017458335329378460e+00
1.017505874511645647e+00
1.017556945669864321e+00
1.017603495308517791e+00
1.017641773464362576e+00
1.017679659884226151e+00
1.017724821713644978e+00
1.017773543378835077e+00
1.017817769069892631e+00
1.017853747783538543e+00
1.017889360858437620e+00
1.017932276760781019e+00
1.017978778703667375e+00
1.018020808840065072e+00
1.018054615216124059e+00
1.018088080551850405e+00
1.018128874454458543e+00
1.018173279035696988e+00
1.018213234649228749e+00
1.018244988469724222e+00
1.018276424421348914e+00
1.018315213102408245e+00
1.018357635621748525e+00
1.018395630736438129e+00
1.018425444819487602e+00
1.018454962851269796e+00
1.018491856297079057e+00
1.018532405349319214e+00
1.018568547340296337e+00
1.018596527902950521e+00
1.018624232951229835e+00
1.018659334715514841e+00
1.018698112547547385e+00
1.018732502499821058e+00
1.018758749519534046e+00
1.018784740353274376e+00
1.018818147913488348e+00
1.018855250777597199e+00
1.018887983840037315e+00
1.018912591410207957e+00
1.018936960984821560e+00
1.018968766091296718e+00
1.019004284590788956e+00
1.019035450321551295e+00
1.019058506997535973e+00
1.019081342798582313e+00
1.019111631813318208e+00
1.019145651237452821e+00
1.019175333937988981e+00
1.019196923070900151e+00
1.019218307445137306e+00
1.019247161667866441e+00
1.019279762313872073e+00
1.019308041349481719e+00
1.019328241405894175e+00
1.019348251877959299e+00
1.019375747857880210e+00
1.019407005338579308e+00
1.019433955444161821e+00
1.019452840310548947e+00
1.019471549884211736e+00
1.019497759716418983e+00
1.019527745252571282e+00
1.019553436822831172e+00
1.019571076094119455e+00
1.019588553537587927e+00
1.019613545143738698e+00
1.019642325840719010e+00
1.019666825204533556e+00
1.019683284456598837e+00
1.019699594571780832e+00
1.019723431964931315e+00
1.019751071073711657e+00
1.019774440752724942e+00
1.019789781798980943e+00
1.019804985674902742e+00
1.019827729208734546e+00
1.019854286371423058e+00
1.019876585323170382e+00
1.019890866455626544e+00
1.019905021706416726e+00
1.019926728309267894e+00
1.019952259789632887e+00
1.019973543635670499e+00
1.019986819850977611e+00
1.019999980838957931e+00
1.020020704233193909e+00
1.020045263132712154e+00
1.020065584372323642e+00
1.020077907583409216e+00
1.020090125627902911e+00
1.020109916535239858e+00
1.020133552995280635e+00
1.020152961205377462e+00
1.020164380439310570e+00
1.020175704011816009e+00
1.020194610345225517e+00
1.020217371735998357e+00
1.020235913757862489e+00
1.020246475340601755e+00
1.020256950246979599e+00
1.020275017289823838e+00
1.020296948386731462e+00
1.020314668500233779e+00
1.020324416228907793e+00
1.020334085779227795e+00
1.020351356352255934e+00
1.020372499500281860e+00
1.020389439586217861e+00
1.020398414889561511e+00
1.020407320056243350e+00
1.020423834673078067e+00
1.020444229939825753e+00
1.020460429630977828e+00
1.020468671718559150e+00
1.020476851283415032e+00
1.020492648295138860e+00
1.020512333613133649e+00
1.020527830434671435e+00
1.020535376435504515e+00
1.020542867126299935e+00
1.020557982855736956e+00
1.020576994154580808e+00
1.020591823654394936e+00
1.020598708745543481e+00
1.020605545362665456e+00
1.020620014228955652e+00
1.020638385557924188e+00
1.020652581427480499e+00
1.020658838953241387e+00
1.020665054487064793e+00
1.020678909121109257e+00
1.020696672762772650e+00
1.020710266949071299e+00
1.020715928531322536e+00
1.020721554270862752e+00
1.020734825622221953e+00
1.020752012197662317e+00
1.020765035006873767e+00
1.020770130647171703e+00
1.020775196280599761e+00
1.020787913716415529e+00
1.020804552282607025e+00
1.020817032475961561e+00
1.020821590649958477e+00
1.020826124357551601e+00
1.020838315754059700e+00
1.020854433893974900e+00
1.020866398776460349e+00
1.020870446521208397e+00
1.020874475061303244e+00
1.020886166888486768e+00
1.020901790794472408e+00
1.020913266296895605e+00
1.020916829291592443e+00
1.020920378080082846e+00
1.020931595480012888e+00
1.020946750030974126e+00
1.020957760785913937e+00
1.020960863426623622e+00
1.020963956610543955e+00
1.020974723469923573e+00
1.020989432302825684e+00
1.021000001714998939e+00
1.021002667183864343e+00
1.021005327709564092e+00
1.021015666726981852e+00
1.021029952303166066e+00
1.021040102614691136e+00
1.021042352944131926e+00
1.021044602620530206e+00
1.021054535368895344e+00
1.021068419035674690e+00
1.021078171386702760e+00
1.021080027519061684e+00
1.021081887076436878e+00
1.021091434061045522e+00
1.021104936109020755e+00
1.021114310594167129e+00
1.021115792437236047e+00
1.021117281581984004e+00
1.021126462294631443e+00
1.021139602011133185e+00
1.021148617732113628e+00
1.021149744210946286e+00
1.021150881676695210e+00
1.021159714646222572e+00
1.021172510365258024e+00
1.021181185480105835e+00
1.021181974585479990e+00
1.021182778180928619e+00
1.021191281020554120e+00
1.021203750169600966e+00
1.021212101938799854e+00
1.021212570772668027e+00
1.021213057426472837e+00
1.021221246878226463e+00
1.021233406022189927e+00
1.021241450852029553e+00
1.021241615670260616e+00
1.021241801473269817e+00
1.021249693449822082e+00
1.021261558332430486e+00
1.021269311815863112e+00
1.021269188068541833e+00
1.021269088313637718e+00
1.021276697937776312e+00
1.021288283520667584e+00
1.021295760475907866e+00
1.021295362845433763e+00
1.021294992065220342e+00
1.021302333707202026e+00
1.021313654206922550e+00
1.021320868714005847e+00
1.021320211151203416e+00
1.021319583153740496e+00
1.021326670466719433e+00
1.021337739389827526e+00
1.021344704825318361e+00
1.021343800583739636e+00
1.021342928486505874e+00
1.021349774440212244e+00
1.021360604616656786e+00
1.021367333686669099e+00
1.021366195355251083e+00
1.021365091617487897e+00
1.021371708530304678e+00
1.021382312145226567e+00
1.021388816916898978e+00
1.021387456451111841e+00
1.021386132904686272e+00
1.021392532474258097e+00
1.021402921098336858e+00
1.021409213029886631e+00
1.021407641781492348e+00
1.021406109660387695e+00
1.021412302992870114e+00
1.021422487611329366e+00
1.021428577580786312e+00
1.021426806326305003e+00
1.021425076294840473e+00
1.021431073932887124e+00
1.021441064973246160e+00
1.021446963305957745e+00
1.021445002273930536e+00
1.021443084453790506e+00
1.021448896403355011e+00
1.021458703762008424e+00
1.021464420256990246e+00
1.021462279154108366e+00
1.021460183150251888e+00
1.021465818906275524e+00
1.021475451973964166e+00
1.021480995929161084e+00
1.021478683965322487e+00
1.021476418890829407e+00
1.021481887461872962e+00
1.021491355148105074e+00
1.021496735384613608e+00
1.021494261296957751e+00
1.021491835796865644e+00
1.021497145728730072e+00
1.021506456485199443e+00
1.021511681370501190e+00
1.021509053446468140e+00
1.021506475720636686e+00
1.021511635119018990e+00
1.021520796962061439e+00
1.021525874432303027e+00
1.021523100531749773e+00
1.021520378356792769e+00
1.021525394909010842e+00
1.021534415441132770e+00
1.021539353022489438e+00
1.021536440598898920e+00
1.021533581349214348e+00
1.021538462345030318e+00
1.021547348775541764e+00
1.021552153604691426e+00
1.021549109725500948e+00
1.021546120393423074e+00
1.021550872744996452e+00
1.021559631909777055e+00
1.021564310753511950e+00
1.021561142119586485e+00
1.021558029334690199e+00
1.021562659595681044e+00
1.021571297976100023e+00
1.021575857250101915e+00
1.021572570214373865e+00
1.021569340261949232e+00
1.021573854645799084e+00
1.021582378386816092e+00
1.021586824173612129e+00
1.021583424758911729e+00
1.021580083597632971e+00
1.021584487995041313e+00
1.021592902922505930e+00
1.021597240988635136e+00
1.021593734904727713e+00
1.021590288183535256e+00
1.021594588179154384e+00
1.021602899816330901e+00
1.021607135628729957e+00
1.021603528288587803e+00
1.021599981362804055e+00
1.021604182251172110e+00
1.021612395834503362e+00
1.021616534576145430e+00
1.021612831111463837e+00
1.021609189058163114e+00
1.021613295858896375e+00
1.021621416353034384e+00
1.021625462937829854e+00
1.021621668213818168e+00
1.021617935846471648e+00
1.021621953318735398e+00
1.021629985430852372e+00
1.021633944517840842e+00
1.021630063147301204e+00
1.021626245029715552e+00
1.021630177685996177e+00
1.021638125879406278e+00
1.021642001886255091e+00
1.021638038242973057e+00
1.021634138702546268e+00
1.021637990821745889e+00
1.021645859328849326e+00
1.021649656444683973e+00
1.021645614676155445e+00
1.021641637816469661e+00
1.021645413456343743e+00
1.021653206290922045e+00
1.021656928488508864e+00
1.021652812528019316e+00
1.021648762240794373e+00
1.021652465249755615e+00
1.021660186218639188e+00
1.021663837265944119e+00
1.021659650844026324e+00
1.021655530820456903e+00
1.021659164848768286e+00
1.021666817562898233e+00
1.021670401034042275e+00
1.021666147689336723e+00
1.021661961430832433e+00
1.021665529941214068e+00
1.021673117826121135e+00
1.021676637111757824e+00
1.021672320201297168e+00
1.021668071029654623e+00
1.021671577307323719e+00
1.021679103613049699e+00
1.021682561930188804e+00
1.021678184639128295e+00
1.021673875706153867e+00
1.021677322868325577e+00
1.021684790678808685e+00
1.021688191080106556e+00
1.021683756430928014e+00
1.021679390727539438e+00
1.021682781732409229e+00
1.021690193974359229e+00
1.021693539356902214e+00
1.021689050218112627e+00
1.021684630582937015e+00
1.021687968238170541e+00
1.021695327689454258e+00
1.021698620803056734e+00
1.021694079897405905e+00
1.021689609024904133e+00
1.021692895995655714e+00
1.021700205293218033e+00
1.021703448748261689e+00
1.021698858660498921e+00
1.021694339108635941e+00
1.021697577925119838e+00
1.021704839572462387e+00
1.021708035847294527e+00
1.021703399031495207e+00
1.021698833228977588e+00
1.021702026293616061e+00
1.021709242667857565e+00
1.021712394115772637e+00
1.021707712902248044e+00
1.021703103155356285e+00
1.021706252749521315e+00
1.021713426108059597e+00
1.021716534963891032e+00
1.021711811565708228e+00
1.021707160064740272e+00
1.021710268355118689e+00
1.021717400841915202e+00
1.021720469228250439e+00
1.021715705747383129e+00
1.021711014572734388e+00
1.021714083617328406e+00
1.021721177268839709e+00
1.021724207201885060e+00
1.021719405635015399e+00
1.021714676762911944e+00
1.021717708516703960e+00
1.021724765267475910e+00
1.021727758662589025e+00
1.021722920906579679e+00
1.021718156214487694e+00
1.021721152534781574e+00
1.021728174222727548e+00
1.021731132899636796e+00
1.021726260756695037e+00
1.021721462028422955e+00
1.021724424679884891e+00
1.021731413051267578e+00
1.021734338738997439e+00
1.021729433921544583e+00
1.021724602852058794e+00
1.021727533511473496e+00
1.021734490225605363e+00
1.021737384567124041e+00
1.021732448702392659e+00
1.021727586902361207e+00
1.021730487163122536e+00
1.021737413796803606e+00
1.021740278353410858e+00
1.021735312987784861e+00
1.021730421987866677e+00
1.021733293364216699e+00
1.021740191415924981e+00
1.021743027671395687e+00
1.021738034274506823e+00
1.021733115529403602e+00
1.021735959460436494e+00
1.021742830354286369e+00
1.021745639718784737e+00
1.021740619687385276e+00
1.021735674579667741e+00
1.021738492433113876e+00
1.021745337522597108e+00
1.021748121336375936e+00
1.021743075997994410e+00
1.021738105841720534e+00
1.021740898917522067e+00
1.021747719489044748e+00
1.021750479025942404e+00
1.021745409642344837e+00
1.021740415686479775e+00
1.021743185220173711e+00
1.021749982496401365e+00
1.021752718967150475e+00
1.021747626737611547e+00
1.021742610169264154e+00
1.021745357335182902e+00
1.021752132478206843e+00
1.021754847033565117e+00
1.021749733097964796e+00
1.021744695045450957e+00
1.021747420959752795e+00
1.021754175074086834e+00
1.021756868807802920e+00
1.021751734249560339e+00
1.021746675785304426e+00
1.021749381508843646e+00
1.021756115644265162e+00
1.021758789595887507e+00
1.021753635444739405e+00
1.021748557588022965e+00
1.021751244129071257e+00
1.021757959283312367e+00
1.021760614440851977e+00
1.021755441675488152e+00
1.021750345395058934e+00
1.021753013711883318e+00
1.021759710833185064e+00
1.021762348135642817e+00
1.021757157686205453e+00
1.021752043902749207e+00
1.021754694906062300e+00
1.021761374895597152e+00
1.021763995235360767e+00
1.021758787985817207e+00
1.021753657574306473e+00
1.021756292129590182e+00
1.021762955843762644e+00
1.021765560068883305e+00
1.021760336859280027e+00
1.021755190651204348e+00
1.021757809580916998e+00
1.021764457833549411e+00
1.021767046749905816e+00
1.021761808378508718e+00
1.021756647163994947e+00
1.021759251249669820e+00
1.021765884814080261e+00
1.021768459187433642e+00
1.021763206412763969e+00
1.021758030942591322e+00
1.021760620926832841e+00
1.021767240537808874e+00
1.021769801095760544e+00
1.021764534638532229e+00
1.021759345626049420e+00
1.021761922214429408e+00
1.021768528570109469e+00
1.021771076003960665e+00
1.021765796548922189e+00
1.021760594671871747e+00
1.021763158534737981e+00
1.021769752298398837e+00
1.021772287264921975e+00
1.021766995462611183e+00
1.021761781364866728e+00
1.021764333139061787e+00
1.021770914940822950e+00
1.021773438063948714e+00
1.021768134532363259e+00
1.021762908825584404e+00
1.021765449116083913e+00
1.021772019554528566e+00
1.021774531426952182e+00
1.021769216753141363e+00
1.021763980018350448e+00
1.021766509399823608e+00
1.021773069043544702e+00
1.021775570228257823e+00
1.021770244969838926e+00
1.021764997758921822e+00
1.021767516777218887e+00
1.021774066166291295e+00
1.021776557198039281e+00
1.021771221884644421e+00
1.021765964721783604e+00
1.021768473895352969e+00
1.021775013542737920e+00
1.021777494929411390e+00
1.021772150064063744e+00
1.021766883447102536e+00
1.021769383268342102e+00
1.021775913661223889e+00
1.021778385885184992e+00
1.021773031945613974e+00
1.021767756347357281e+00
1.021770247283902755e+00
1.021776768884965270e+00
1.021779232404309345e+00
1.021773869844202487e+00
1.021768585713658695e+00
1.021771068209610167e+00
1.021777581458251927e+00
1.021780036708013872e+00
1.021774665958211425e+00
1.021769373721774343e+00
1.021771848198868460e+00
1.021778353512361237e+00
1.021780800905663700e+00
1.021775422375296394e+00
1.021770122437872796e+00
1.021772589296597422e+00
1.021779087071191805e+00
1.021781527000338752e+00
1.021776141077914257e+00
1.021770833823998359e+00
1.021773293444657060e+00
1.021779784056634277e+00
1.021782216894155493e+00
1.021776823948591151e+00
1.021771509743289785e+00
1.021773962487013909e+00
1.021780446293689248e+00
1.021782872393333763e+00
1.021777472774942908e+00
1.021772151964950970e+00
1.021774598174665538e+00
1.021781075515344028e+00
1.021783495213027138e+00
1.021778089254457900e+00
1.021772762168987381e+00
1.021775202170331687e+00
1.021781673367218035e+00
1.021784086981923245e+00
1.021778674999051617e+00
1.021773341950718450e+00
1.021775776052920026e+00
1.021782241411984815e+00
1.021784649246621601e+00
1.021779231539404975e+00
1.021773892825069918e+00
1.021776321321779202e+00
1.021782781133584006e+00
1.021785183475806269e+00
1.021779760329090347e+00
1.021774416230662563e+00
1.021776839400745374e+00
1.021783293941226578e+00
1.021785691064209134e+00
1.021780262748501311e+00
1.021774913533700424e+00
1.021777331641992248e+00
1.021783781173208894e+00
1.021786173336386661e+00
1.021780740108587437e+00
1.021775386031669397e+00
1.021777799329693037e+00
1.021784244100534256e+00
1.021786631550305913e+00
1.021781193654406117e+00
1.021775834956852202e+00
1.021778243683498566e+00
1.021784683930359483e+00
1.021787066900754937e+00
1.021781624568497193e+00
1.021776261479670156e+00
1.021778665861847291e+00
1.021785101809268514e+00
1.021787480522583502e+00
1.021782033974091286e+00
1.021776666711856407e+00
1.021779066965103233e+00
1.021785498826379701e+00
1.021787873493777088e+00
1.021782422938152024e+00
1.021777051709468420e+00
1.021779448038538707e+00
1.021785876016296557e+00
1.021788246838380099e+00
1.021782792474267509e+00
1.021777417475749017e+00
1.021779810075165607e+00
1.021786234361910406e+00
1.021788601529265428e+00
1.021783143545392347e+00
1.021777764963838209e+00
1.021780154018418818e+00
1.021786574797054037e+00
1.021788938490762355e+00
1.021783477066447121e+00
1.021778095079347359e+00
1.021780480764701737e+00
1.021786898209022798e+00
1.021789258601150996e+00
1.021783793906786197e+00
1.021778408682798123e+00
1.021780791165801006e+00
1.021787205440961355e+00
1.021789562695022191e+00
1.021784094892532080e+00
1.021778706591934593e+00
1.021781086031173347e+00
1.021787497294126545e+00
1.021789851565517493e+00
1.021784380808791859e+00
1.021778989583913333e+00
1.021781366130111390e+00
1.021787774530031445e+00
1.021790125966448803e+00
1.021784652401754201e+00
1.021779258397378820e+00
1.021781632193797584e+00
1.021788037872474408e+00
1.021790386614306323e+00
1.021784910380674649e+00
1.021779513734427880e+00
1.021781884917245975e+00
1.021788288009462198e+00
1.021790634190161917e+00
1.021785155419757896e+00
1.021779756262469752e+00
1.021782124961143845e+00
1.021788525595030528e+00
1.021790869341465680e+00
1.021785388159937247e+00
1.021779986615987568e+00
1.021782352953592987e+00
1.021788751250965577e+00
1.021791092683754787e+00
1.021785609210560608e+00
1.021780205398205243e+00
1.021782569491757497e+00
1.021788965568436014e+00
1.021791304802261546e+00
1.021785819150985208e+00
1.021780413182664216e+00
1.021782775143425859e+00
1.021789169109535766e+00
1.021791506253443949e+00
1.021786018532087725e+00
1.021780610514718468e+00
1.021782970448486649e+00
1.021789362408744406e+00
1.021791697566427626e+00
1.021786207877693808e+00
1.021780797912946737e+00
1.021783155920326980e+00
1.021789545974310931e+00
1.021791879244374979e+00
1.021786387685929665e+00
1.021780975870491437e+00
1.021783332047156323e+00
1.021789720289563164e+00
1.021792051765780140e+00
1.021786558430504144e+00
1.021781144856324097e+00
1.021783499293258846e+00
1.021789885814144538e+00
1.021792215585693775e+00
1.021786720561919992e+00
1.021781305316445287e+00
1.021783658100179792e+00
1.021790042985190716e+00
1.021792371136885258e+00
1.021786874508622489e+00
1.021781457675020821e+00
1.021783808887849032e+00
1.021790192218438476e+00
1.021792518830940022e+00
1.021787020678087465e+00
1.021781602335456896e+00
1.021783952055645539e+00
1.021790333909279980e+00
1.021792659059303610e+00
1.021787159457850702e+00
1.021781739681420387e+00
1.021784087983406142e+00
1.021790468433760868e+00
1.021792792194266664e+00
1.021787291216485816e+00
1.021781870077803855e+00
1.021784217032380537e+00
1.021790596149523944e+00
1.021792918589901733e+00
1.021787416304528850e+00
1.021781993871642813e+00
1.021784339546138565e+00
1.021790717396708903e+00
1.021793038582951230e+00
1.021787535055357798e+00
1.021782111392983028e+00
1.021784455851429518e+00
1.021790832498800761e+00
1.021793152493667645e+00
1.021787647786023934e+00
1.021782222955706976e+00
1.021784566258998161e+00
1.021790941763438099e+00
1.021793260626613797e+00
1.021787754798043402e+00
1.021782328858314326e+00
1.021784671064358552e+00
1.021791045483179117e+00
1.021793363271421118e+00
1.021787856378148174e+00
1.021782429384666457e+00
1.021784770548530119e+00
1.021791143936229940e+00
1.021793460703508849e+00
1.021787952798997923e+00
1.021782524804689896e+00
1.021784864978734886e+00
1.021791237387134732e+00
1.021793553184770165e+00
1.021788044319858368e+00
1.021782615375049552e+00
1.021784954609063156e+00
1.021791326087435170e+00
1.021793640964220984e+00
1.021788131187244764e+00
1.021782701339783994e+00
1.021785039681103235e+00
1.021791410276291501e+00
1.021793724278619475e+00
1.021788213635534515e+00
1.021782782930913624e+00
1.021785120424540727e+00
1.021791490181081175e+00
1.021793803353054031e+00
1.021788291887549605e+00
1.021782860369015555e+00
1.021785197057732075e+00
1.021791566017960395e+00
1.021793878401502820e+00
1.021788366155109928e+00
1.021782933863773835e+00
1.021785269788246353e+00
1.021791637992404578e+00
1.021793949627368026e+00
1.021788436639563091e+00
1.021783003614500807e+00
1.021785338813382848e+00
1.021791706299719937e+00
1.021794017223981221e+00
1.021788503532285119e+00
1.021783069810636047e+00
1.021785404320663559e+00
1.021791771125531101e+00
1.021794081375087870e+00
1.021788567015158966e+00
1.021783132632218649e+00
1.021785466488304150e+00
1.021791832646246956e+00
1.021794142255306959e+00
1.021788627261031035e+00
1.021783192250340422e+00
1.021785525485658264e+00
1.021791891029501631e+00
1.021794200030570421e+00
1.021788684434146610e+00
1.021783248827574653e+00
1.021785581473646509e+00
1.021791946434579490e+00
1.021794254858540807e+00
1.021788738690561082e+00
1.021783302518387559e+00
1.021785634605161253e+00
1.021791999012815033e+00
1.021794306889010073e+00
1.021788790178538076e+00
1.021783353469528421e+00
1.021785685025453638e+00
1.021792048907977257e+00
1.021794356264278614e+00
1.021788839038923147e+00
1.021783401820402837e+00
1.021785732872504848e+00
1.021792096256635141e+00
1.021794403119518524e+00
1.021788885405503944e+00
1.021783447703427772e+00
1.021785778277374712e+00
1.021792141188508474e+00
1.021794447583119325e+00
1.021788929405352819e+00
1.021783491244371067e+00
1.021785821364541658e+00
1.021792183826796707e+00
1.021794489777016368e+00
1.021788971159151904e+00
1.021783532562674290e+00
1.021785862252219346e+00
1.021792224288499362e+00
1.021794529817005692e+00
1.021789010781505080e+00
1.021783571771761157e+00
1.021785901052663759e+00
1.021792262684717123e+00
1.021794567813043120e+00
1.021789048381234188e+00
1.021783608979331293e+00
1.021785937872464523e+00
