1.000603444564682754e+00
1.000677456721170255e+00
1.000800051766535415e+00
1.000944452307182653e+00
1.001101668116284760e+00
1.001267393206095146e+00
1.001439098372200576e+00
1.001615109365143308e+00
1.001794235759245755e+00
1.001975591846638203e+00
1.002158497687965388e+00
1.002342418921835066e+00
1.002526927607294116e+00
1.002711675533637603e+00
1.002896375427149378e+00
1.003080787407810481e+00
1.003264709057191117e+00
1.003447968029183901e+00
1.003630416480578269e+00
1.003811926819541567e+00
1.003992388417625614e+00
1.004171705032334661e+00
1.004349792758280291e+00
1.004526578375263490e+00
1.004701997997489826e+00
1.004875995953830925e+00
1.005048523847510200e+00
1.005219539756910585e+00
1.005389007548830094e+00
1.005556896282514101e+00
1.005723179687915581e+00
1.005887835705396860e+00
1.006050846076899985e+00
1.006212195980699331e+00
1.006371873703455044e+00
1.006529870344493371e+00
1.006686179548188509e+00
1.006840797261049358e+00
1.006993721510703654e+00
1.007144952204412469e+00
1.007294490945131349e+00
1.007442340863417662e+00
1.007588506463720446e+00
1.007732993483785755e+00
1.007875808766058867e+00
1.008016960140100116e+00
1.008156456315129734e+00
1.008294306781910121e+00
1.008430521723239881e+00
1.008565111932403502e+00
1.008698088738970267e+00
1.008829463941376625e+00
1.008959249745779108e+00
1.009087458710685503e+00
1.009214103696915110e+00
1.009339197822465284e+00
1.009462754421885933e+00
1.009584787009790929e+00
1.009705309248159599e+00
1.009824334917101885e+00
1.009941877888782313e+00
1.010057952104219003e+00
1.010172571552691245e+00
1.010285750253508086e+00
1.010397502239910317e+00
1.010507841544888041e+00
1.010616782188723528e+00
1.010724338168069503e+00
1.010830523446401230e+00
1.010935351945686955e+00
1.011038837539135926e+00
1.011140994044896768e+00
1.011241835220587859e+00
1.011341374758561118e+00
1.011439626281794624e+00
1.011536603340340346e+00
1.011632319408242164e+00
1.011726787880863565e+00
1.011820022072562608e+00
1.011912035214662886e+00
1.012002840453677388e+00
1.012092450849740866e+00
1.012180879375225162e+00
1.012268138913500426e+00
1.012354242257824666e+00
1.012439202110338998e+00
1.012523031081151714e+00
1.012605741687498950e+00
1.012687346352970419e+00
1.012767857406794203e+00
1.012847287083171510e+00
1.012925647520658945e+00
1.013002950761593413e+00
1.013079208751562099e+00
1.013154433338909755e+00
1.013228636274290162e+00
1.013301829210255800e+00
1.013374023700891691e+00
1.013445231201491215e+00
1.013515463068274780e+00
1.013584730558153346e+00
1.013653044828538796e+00
1.013720416937198721e+00
1.013786857842159161e+00
1.013852378401653098e+00
1.013916989374117561e+00
1.013980701418236041e+00
1.014043525093026199e+00
1.014105470857976643e+00
1.014166549073221679e+00
1.014226769999763800e+00
1.014286143799733031e+00
1.014344680536688026e+00
1.014402390175951574e+00
1.014459282584981192e+00
1.014515367533771695e+00
1.014570654695285956e+00
1.014625153645913436e+00
1.014678873865950459e+00
1.014731824740104482e+00
1.014784015558013230e+00
1.014835455514781826e+00
1.014886153711531680e+00
1.014936119155959382e+00
1.014985360762904465e+00
1.015033887354923170e+00
1.015081707662863320e+00
1.015128830326442078e+00
1.015175263894823932e+00
1.015221016827196010e+00
1.015266097493338293e+00
1.015310514174190715e+00
1.015354275062413603e+00
1.015397388262941902e+00
1.015439861793529186e+00
1.015481703585286333e+00
1.015522921483209773e+00
1.015563523246701738e+00
1.015603516550080521e+00
1.015642908983082515e+00
1.015681708051355603e+00
1.015719921176942986e+00
1.015757555698762138e+00
1.015794618873071542e+00
1.015831117873935874e+00
1.015867059793680749e+00
1.015902451643345028e+00
1.015937300353128681e+00
1.015971612772834209e+00
1.016005395672308964e+00
1.016038655741884345e+00
1.016071399592812563e+00
1.016103633757706071e+00
1.016135364690976983e+00
1.016166598769277840e+00
1.016197342291945471e+00
1.016227601481450193e+00
1.016257382483845451e+00
1.016286691369227446e+00
1.016315534132197218e+00
1.016343916692330929e+00
1.016371844894656817e+00
1.016399324510141255e+00
1.016426361236180576e+00
1.016452960697104446e+00
1.016479128444687463e+00
1.016504869958670287e+00
1.016530190647290333e+00
1.016555095847825108e+00
1.016579590827141555e+00
1.016603680782261820e+00
1.016627370840935463e+00
1.016650666062225206e+00
1.016673571437101131e+00
1.016696091889049303e+00
1.016718232274690159e+00
1.016739997384405569e+00
1.016761391942981874e+00
1.016782420610258697e+00
1.016803087981793308e+00
1.016823398589530303e+00
1.016843356902488615e+00
1.016862967327452516e+00
1.016882234209677272e+00
1.016901161833601019e+00
1.016919754423570188e+00
1.016938016144571133e+00
1.016955951102973099e+00
1.016973563347278509e+00
1.016990856868882798e+00
1.017007835602842025e+00
1.017024503428648252e+00
1.017040864171012249e+00
1.017056921600653974e+00
1.017072679435098603e+00
1.017088141339479668e+00
1.017103310927347071e+00
1.017118191761481105e+00
1.017132787354711354e+00
1.017147101170738033e+00
1.017161136624959772e+00
1.017174897085301843e+00
1.017188385873048828e+00
1.017201606263678393e+00
1.017214561487695956e+00
1.017227254731470909e+00
1.017239689138072389e+00
1.017251867808104837e+00
1.017263793800540217e+00
1.017275470133551796e+00
1.017286899785342147e+00
1.017298085694968268e+00
1.017309030763163147e+00
1.017319737853153327e+00
1.017330209791468043e+00
1.017340449368744348e+00
1.017350459340525148e+00
1.017360242428047012e+00
1.017369801319022660e+00
1.017379138668412342e+00
1.017388257099185456e+00
1.017397159203072166e+00
1.017405847541302588e+00
1.017414324645336876e+00
1.017422593017579313e+00
1.017430655132081307e+00
1.017438513435231062e+00
1.017446170346427703e+00
1.017453628258742970e+00
1.017460889539564484e+00
1.017467956531227014e+00
1.017474831551626213e+00
1.017481516894815474e+00
1.017488014831586796e+00
1.017494327610035665e+00
1.017500457456107288e+00
1.017506406574127498e+00
1.017512177147313901e+00
1.017517771338270371e+00
1.017523191289465334e+00
1.017528439123690731e+00
1.017533516944503003e+00
1.017538426836647858e+00
1.017543170866467728e+00
1.017547751082288787e+00
1.017552169514795324e+00
1.017556428177381678e+00
1.017560529066492858e+00
1.017564474161944954e+00
1.017568265427229113e+00
1.017571904809801309e+00
1.017575394241356124e+00
1.017578735638082987e+00
1.017581930900910869e+00
1.017584981915735876e+00
1.017587890553635077e+00
1.017590658671066572e+00
1.017593288110058225e+00
1.017595780698381080e+00
1.017598138249710349e+00
1.017600362563777949e+00
1.017602455426508179e+00
1.017604418610147832e+00
1.017606253873382105e+00
1.017607962961442070e+00
1.017609547606203702e+00
1.017611009526274479e+00
1.017612350427075985e+00
1.017613572000914512e+00
1.017614675927046575e+00
1.017615663871735965e+00
1.017616537488304829e+00
1.017617298417178739e+00
1.017617948285924001e+00
1.017618488709283175e+00
1.017618921289201950e+00
1.017619247614853562e+00
1.017619469262658338e+00
1.017619587796299685e+00
1.017619604766736519e+00
1.017619521712211927e+00
1.017619340158260721e+00
1.017619061617712539e+00
1.017618687590693183e+00
1.017618219564626614e+00
1.017617659014231624e+00
1.017617007401518947e+00
1.017616266175788597e+00
1.017615436773623649e+00
1.017614520618886020e+00
1.017613519122710697e+00
1.017612433683498852e+00
1.017611265686913846e+00
1.017610016505875681e+00
1.017608687500553888e+00
1.017607280018367089e+00
1.017605795393976109e+00
1.017604234949283981e+00
1.017602599993433055e+00
1.017600891822806997e+00
1.017599111721030569e+00
1.017597260958973626e+00
1.017595340794755998e+00
1.017593352473753709e+00
1.017591297228608749e+00
1.017589176279238394e+00
1.017586990832849647e+00
1.017584742083952998e+00
1.017582431214381300e+00
1.017580059393309089e+00
1.017577627777275673e+00
1.017575137510210448e+00
1.017572589723460652e+00
1.017569985535822230e+00
1.017567326053574472e+00
1.017564612370514432e+00
1.017561845567999557e+00
1.017559026714987436e+00
1.017556156868083761e+00
1.017553237071589622e+00
1.017550268357553911e+00
1.017547251745829051e+00
1.017544188244127623e+00
1.017541078848086533e+00
1.017537924541329186e+00
1.017534726295533876e+00
1.017531485070506614e+00
1.017528201814252853e+00
1.017524877463057642e+00
1.017521512941562900e+00
1.017518109162854234e+00
1.017514667028546427e+00
1.017511187428872699e+00
1.017507671242777967e+00
1.017504119338014767e+00
1.017500532571241401e+00
1.017496911788123182e+00
1.017493257823436581e+00
1.017489571501175138e+00
1.017485853634660486e+00
1.017482105026651373e+00
1.017478326469459571e+00
1.017474518745064449e+00
1.017470682625232214e+00
1.017466818871636924e+00
1.017462928235980169e+00
1.017459011460117635e+00
1.017455069276183011e+00
1.017451102406716323e+00
1.017447111564791395e+00
1.017443097454146850e+00
1.017439060769316228e+00
1.017435002195760330e+00
1.017430922409999994e+00
1.017426822079750437e+00
1.017422701864054702e+00
1.017418562413419325e+00
1.017414404369948011e+00
1.017410228367479075e+00
1.017406035031719558e+00
1.017401824980381564e+00
1.017397598823316374e+00
1.017393357162650780e+00
1.017389100592921425e+00
1.017384829701208693e+00
1.017380545067270603e+00
1.017376247263675149e+00
1.017371936855933079e+00
1.017367614402628018e+00
1.017363280455547025e+00
1.017358935559809607e+00
1.017354580253994278e+00
1.017350215070266461e+00
1.017345840534501500e+00
1.017341457166409668e+00
1.017337065479656522e+00
1.017332665981984352e+00
1.017328259175329874e+00
1.017323845555940576e+00
1.017319425614490624e+00
1.017314999836192557e+00
1.017310568700909412e+00
1.017306132683262865e+00
1.017301692252740475e+00
1.017297247873800714e+00
1.017292800005975995e+00
1.017288349103972145e+00
1.017283895617768996e+00
1.017279439992714529e+00
1.017274982669619909e+00
1.017270524084851857e+00
1.017266064670421688e+00
1.017261604854071466e+00
1.017257145059362156e+00
1.017252685705753334e+00
1.017248227208684908e+00
1.017243769979656154e+00
1.017239314426300556e+00
1.017234860952459075e+00
1.017230409958253645e+00
1.017225961840154236e+00
1.017221516991046126e+00
1.017217075800295634e+00
1.017212638653810952e+00
1.017208205934103216e+00
1.017203778020344451e+00
1.017199355288422646e+00
1.017194938110996594e+00
1.017190526857545407e+00
1.017186121894418704e+00
1.017181723584884789e+00
1.017177332289173952e+00
1.017172948364521989e+00
1.017168572165211060e+00
1.017164204042608988e+00
1.017159844345205677e+00
1.017155493418647083e+00
1.017151151605770742e+00
1.017146819246633749e+00
1.017142496678542951e+00
1.017138184236084264e+00
1.017133882251143984e+00
1.017129591052936100e+00
1.017125310968022278e+00
1.017121042320332513e+00
1.017116785431184445e+00
1.017112540619298233e+00
1.017108308200813882e+00
1.017104088489303670e+00
1.017099881795785699e+00
1.017095688428732547e+00
1.017091508694083046e+00
1.017087342895248492e+00
1.017083191333120640e+00
1.017079054306075925e+00
1.017074932109980567e+00
1.017070825038193682e+00
1.017066733381568833e+00
1.017062657428454919e+00
1.017058597464697289e+00
1.017054553773635295e+00
1.017050526636102292e+00
1.017046516330421202e+00
1.017042523132403176e+00
1.017038547315342489e+00
1.017034589150012547e+00
1.017030648904661216e+00
1.017026726845004392e+00
1.017022823234221773e+00
1.017018938332949984e+00
1.017015072399276132e+00
1.017011225688731368e+00
1.017007398454285116e+00
1.017003590946337521e+00
1.016999803412713455e+00
1.016996036098657186e+00
1.016992289246823500e+00
1.016988563097274589e+00
1.016984857887473837e+00
1.016981173852278708e+00
1.016977511223938979e+00
1.016973870232090071e+00
1.016970251103751277e+00
1.016966654063321318e+00
1.016963079332577014e+00
1.016959527130672392e+00
1.016955997674135581e+00
1.016952491176872364e+00
1.016949007850164621e+00
1.016945547902673441e+00
1.016942111540442006e+00
1.016938698966900034e+00
1.016935310382868440e+00
1.016931945986565999e+00
1.016928605973616451e+00
1.016925290537057158e+00
1.016921999867349324e+00
1.016918734152387760e+00
1.016915493577513985e+00
1.016912278325530661e+00
1.016909088576713138e+00
1.016905924508827663e+00
1.016902786297148475e+00
1.016899674114474905e+00
1.016896588131151358e+00
1.016893528515088629e+00
1.016890495431784558e+00
1.016887489044348669e+00
1.016884509513524826e+00
1.016881556997717873e+00
1.016878631653018727e+00
1.016875733633233025e+00
1.016872863089909540e+00
1.016870020172368827e+00
1.016867205027734311e+00
1.016864417800964038e+00
1.016861658634881760e+00
1.016858927670210910e+00
1.016856225045608131e+00
1.016853550897697467e+00
1.016850905361106339e+00
1.016848288568500402e+00
1.016845700650619966e+00
1.016843141736317735e+00
1.016840611952595008e+00
1.016838111424639646e+00
1.016835640275864261e+00
1.016833198627944634e+00
1.016830786600857017e+00
1.016828404312917655e+00
1.016826051880821646e+00
1.016823729419680689e+00
1.016821437043062382e+00
1.016819174863028863e+00
1.016816942990174777e+00
1.016814741533665689e+00
1.016812570601276278e+00
1.016810430299428081e+00
1.016808320733225912e+00
1.016806242006496497e+00
1.016804194221823332e+00
1.016802177480583103e+00
1.016800191882982318e+00
1.016798237528090842e+00
1.016796314513876753e+00
1.016794422937239428e+00
1.016792562894043517e+00
1.016790734479150471e+00
1.016788937786450742e+00
1.016787172908893089e+00
1.016785439938516333e+00
1.016783738966476669e+00
1.016782070083078082e+00
1.016780433377797221e+00
1.016778828939312262e+00
1.016777256855526890e+00
1.016775717213596275e+00
1.016774210099950171e+00
1.016772735600315336e+00
1.016771293799739517e+00
1.016769884782610323e+00
1.016768508632676760e+00
1.016767165433067444e+00
1.016765855266310137e+00
1.016764578214348846e+00
1.016763334358558701e+00
1.016762123779764160e+00
1.016760946558251888e+00
1.016759802773785415e+00
1.016758692505617123e+00
1.016757615832502237e+00
1.016756572832708372e+00
1.016755563584026412e+00
1.016754588163781836e+00
1.016753646648840492e+00
1.016752739115620141e+00
1.016751865640095343e+00
1.016751026297805893e+00
1.016750221163861934e+00
1.016749450312949721e+00
1.016748713819335848e+00
1.016748011756872794e+00
1.016747344199000480e+00
1.016746711218750709e+00
1.016746112888749165e+00
1.016745549281217631e+00
1.016745020467974658e+00
1.016744526520437120e+00
1.016744067509621541e+00
1.016743643506142325e+00
1.016743254580213307e+00
1.016742900801645977e+00
1.016742582239849479e+00
1.016742298963828395e+00
1.016742051042182293e+00
1.016741838543102849e+00
1.016741661534372287e+00
1.016741520083361827e+00
1.016741414257027465e+00
1.016741344121909529e+00
1.016741309744128241e+00
1.016741311189381491e+00
1.016741348522941735e+00
1.016741421809653323e+00
1.016741531113928065e+00
1.016741676499743896e+00
1.016741858030639323e+00
1.016742075769712317e+00
1.016742329779615872e+00
1.016742620122554452e+00
1.016742946860281993e+00
1.016743310054096572e+00
1.016743709764840187e+00
1.016744146052892539e+00
1.016744618978170145e+00
1.016745128600122561e+00
1.016745674977729497e+00
1.016746258169498152e+00
1.016746878233460549e+00
1.016747535227171095e+00
1.016748229207704135e+00
1.016748960231651733e+00
1.016749728355121007e+00
1.016750533633733244e+00
1.016751376122620787e+00
1.016752255876426148e+00
1.016753172949300232e+00
1.016754127394901230e+00
1.016755119266392837e+00
1.016756148616443589e+00
1.016757215497225975e+00
1.016758319960415768e+00
1.016759462057190921e+00
1.016760641838232004e+00
1.016761859353721098e+00
1.016763114653342903e+00
1.016764407786283186e+00
1.016765738801230334e+00
1.016767107746376020e+00
1.016768514669414092e+00
1.016769959617543018e+00
1.016771442637465661e+00
1.016772963775391281e+00
1.016774523077035308e+00
1.016776120587622234e+00
1.016777756351885609e+00
1.016779430414071150e+00
1.016781142817936523e+00
1.016782893606755334e+00
1.016784682823316910e+00
1.016786510509930519e+00
1.016788376708424702e+00
1.016790281460153489e+00
1.016792224805994849e+00
1.016794206786355570e+00
1.016796227441172817e+00
1.016798286809917240e+00
1.016800384931595413e+00
1.016802521844752505e+00
1.016804697587476047e+00
1.016806912197397494e+00
1.016809165711696217e+00
1.016811458167101723e+00
1.016813789599898321e+00
1.016816160045926232e+00
1.016818569540586026e+00
1.016821018118841069e+00
1.016823505815222184e+00
1.016826032663828983e+00
1.016828598698334751e+00
1.016831203951989337e+00
1.016833848457621148e+00
1.016836532247642477e+00
1.016839255354052396e+00
1.016842017808438303e+00
1.016844819641981701e+00
1.016847660885460414e+00
1.016850541569250588e+00
1.016853461723332686e+00
1.016856421377293263e+00
1.016859420560327631e+00
1.016862459301244304e+00
1.016865537628467653e+00
1.016868655570041247e+00
1.016871813153630510e+00
1.016875010406526503e+00
1.016878247355649467e+00
1.016881524027549499e+00
1.016884840448412541e+00
1.016888196644061715e+00
1.016891592639960429e+00
1.016895028461215045e+00
1.016898504132578429e+00
1.016902019678452174e+00
1.016905575122889260e+00
1.016909170489597392e+00
1.016912805801940767e+00
1.016916481082942969e+00
1.016920196355289630e+00
1.016923951641330648e+00
1.016927746963083301e+00
1.016931582342233353e+00
1.016935457800138165e+00
1.016939373357829357e+00
1.016943329036013699e+00
1.016947324855076440e+00
1.016951360835082196e+00
1.016955436995778950e+00
1.016959553356597379e+00
1.016963709936654414e+00
1.016967906754755235e+00
1.016972143829394382e+00
1.016976421178757306e+00
1.016980738820722374e+00
1.016985096772863084e+00
1.016989495052448511e+00
1.016993933676445305e+00
1.016998412661519691e+00
1.017002932024037909e+00
1.017007491780067774e+00
1.017012091945381336e+00
1.017016732535453327e+00
1.017021413565465160e+00
1.017026135050305147e+00
1.017030897004568502e+00
1.017035699442559782e+00
1.017040542378293111e+00
1.017045425825493732e+00
1.017050349797598452e+00
1.017055314307756531e+00
1.017060319368831012e+00
1.017065364993398058e+00
1.017070451193750280e+00
1.017075577981894519e+00
1.017080745369554506e+00
1.017085953368170870e+00
1.017091201988901350e+00
1.017096491242622136e+00
1.017101821139926976e+00
1.017107191691129842e+00
1.017112602906263152e+00
1.017118054795078663e+00
1.017123547367049907e+00
1.017129080631369087e+00
1.017134654596950183e+00
1.017140269272427400e+00
1.017145924666156720e+00
1.017151620786215682e+00
1.017157357640402271e+00
1.017163135236237581e+00
1.017168953580963597e+00
1.017174812681544083e+00
1.017180712544665244e+00
1.017186653176735067e+00
1.017192634583882871e+00
1.017198656771960863e+00
1.017204719746542363e+00
1.017210823512922024e+00
1.017216968076117389e+00
1.017223153440866223e+00
1.017229379611627849e+00
1.017235646592583365e+00
1.017241954387634095e+00
1.017248303000402032e+00
1.017254692434229835e+00
1.017261122692179942e+00
1.017267593777034573e+00
1.017274105691295505e+00
1.017280658437183849e+00
1.017287252016638721e+00
1.017293886431318128e+00
1.017300561682597415e+00
1.017307277771569929e+00
1.017314034699045244e+00
1.017320832465549385e+00
1.017327671071325046e+00
1.017334550516329372e+00
1.017341470800235070e+00
1.017348431922428187e+00
1.017355433882008775e+00
1.017362476677790006e+00
1.017369560308296617e+00
1.017376684771765794e+00
1.017383850066145179e+00
1.017391056189092424e+00
1.017398303137975191e+00
1.017405590909868707e+00
1.017412919501556878e+00
1.017420288909530512e+00
1.017427699129986651e+00
1.017435150158827017e+00
1.017442641991658459e+00
1.017450174623790948e+00
1.017457748050236921e+00
1.017465362265711049e+00
1.017473017264627577e+00
1.017480713041101215e+00
1.017488449588945132e+00
1.017496226901669409e+00
1.017504044972481037e+00
1.017511903794282357e+00
1.017519803359669517e+00
1.017527743660932238e+00
1.017535724690051602e+00
1.017543746438699381e+00
1.017551808898236931e+00
1.017559912059713856e+00
1.017568055913866010e+00
1.017576240451115499e+00
1.017584465661568238e+00
1.017592731535013506e+00
1.017601038060920837e+00
1.017609385228441132e+00
1.017617773026403327e+00
1.017626201443313727e+00
1.017634670467353786e+00
1.017643180086379662e+00
1.017651730287919776e+00
1.017660321059173256e+00
1.017668952387009718e+00
1.017677624257965263e+00
1.017686336658243373e+00
1.017695089573710243e+00
1.017703882989896780e+00
1.017712716891994162e+00
1.017721591264851622e+00
1.017730506092977993e+00
1.017739461360535946e+00
1.017748457051343092e+00
1.017757493148867542e+00
1.017766569636229468e+00
1.017775686496195320e+00
1.017784843711178278e+00
1.017794041263236249e+00
1.017803279134068539e+00
1.017812557305014298e+00
1.017821875757051853e+00
1.017831234470794488e+00
1.017840633426489116e+00
1.017850072604015166e+00
1.017859551982880806e+00
1.017869071542222059e+00
1.017878631260799249e+00
1.017888231116995890e+00
1.017897871088815798e+00
1.017907551153881096e+00
1.017917271289429326e+00
1.017927031472312116e+00
1.017936831678991183e+00
1.017946671885537668e+00
1.017956552067628140e+00
1.017966472200543038e+00
1.017976432259163566e+00
1.017986432217970139e+00
1.017996472051038825e+00
1.018006551732038467e+00
1.018016671234229786e+00
1.018026830530460280e+00
1.018037029593163778e+00
1.018047268394356442e+00
1.018057546905633881e+00
1.018067865098169822e+00
1.018078222942711442e+00
1.018088620409578038e+00
1.018099057468656810e+00
1.018109534089401524e+00
1.018120050240828522e+00
1.018130605891513607e+00
1.018141201009590491e+00
1.018151835562745688e+00
1.018162509518217851e+00
1.018173222842792214e+00
1.018183975502799932e+00
1.018194767464112971e+00
1.018205598692142555e+00
1.018216469151834946e+00
1.018227378807668781e+00
1.018238327623651074e+00
1.018249315563315660e+00
1.018260342589718093e+00
1.018271408665432975e+00
1.018282513752551521e+00
1.018293657812676667e+00
1.018304840806921074e+00
1.018316062695902247e+00
1.018327323439740972e+00
1.018338622998056664e+00
1.018349961329963138e+00
1.018361338394067062e+00
1.018372754148463288e+00
1.018384208550730641e+00
1.018395701557929911e+00
1.018407233126598754e+00
1.018418803212748802e+00
1.018430411771861888e+00
1.018442058758886937e+00
1.018453744128234195e+00
1.018465467833774118e+00
1.018477229828831820e+00
1.018489030066184187e+00
1.018500868498055212e+00
1.018512745076112669e+00
1.018524659751464778e+00
1.018536612474654213e+00
1.018548603195657432e+00
1.018560631863877575e+00
1.018572698428142020e+00
1.018584802836698611e+00
1.018596945037210544e+00
1.018609124976753488e+00
1.018621342601810920e+00
1.018633597858269013e+00
1.018645890691414646e+00
1.018658221045929402e+00
1.018670588865886240e+00
1.018682994094744831e+00
1.018695436675348009e+00
1.018707916549916659e+00
1.018720433660046165e+00
1.018732987946701307e+00
1.018745579350212482e+00
1.018758207810271710e+00
1.018770873265926857e+00
1.018783575655578755e+00
1.018796314916976087e+00
1.018809090987210730e+00
1.018821903802713091e+00
1.018834753299248996e+00
1.018847639411913253e+00
1.018860562075126097e+00
1.018873521222629197e+00
1.018886516787479213e+00
1.018899548702045355e+00
1.018912616898003165e+00
1.018925721306330079e+00
1.018938861857301870e+00
1.018952038480485989e+00
1.018965251104738678e+00
1.018978499658198977e+00
1.018991784068284723e+00
1.019005104261687222e+00
1.019018460164366591e+00
1.019031851701546643e+00
1.019045278797710896e+00
1.019058741376596355e+00
1.019072239361189958e+00
1.019085772673722579e+00
1.019099341235664369e+00
1.019112944967720313e+00
1.019126583789824902e+00
1.019140257621136136e+00
1.019153966380032195e+00
1.019167709984105219e+00
1.019181488350157094e+00
1.019195301394193010e+00
1.019209149031417905e+00
1.019223031176230698e+00
1.019236947742217847e+00
1.019250898642151348e+00
1.019264883787979858e+00
1.019278903090826027e+00
1.019292956460980726e+00
1.019307043807897495e+00
1.019321165040187216e+00
1.019335320065612560e+00
1.019349508791084657e+00
1.019363731122654881e+00
1.019377986965511962e+00
1.019392276223974880e+00
1.019406598801489316e+00
1.019420954600620766e+00
1.019435343523049653e+00
1.019449765469567115e+00
1.019464220340067229e+00
1.019478708033543679e+00
1.019493228448083988e+00
1.019507781480863295e+00
1.019522367028139698e+00
1.019536984985248029e+00
1.019551635246595644e+00
1.019566317705655534e+00
1.019581032254962549e+00
1.019595778786105855e+00
1.019610557189725819e+00
1.019625367355506018e+00
1.019640209172170131e+00
1.019655082527474388e+00
1.019669987308203796e+00
1.019684923400165699e+00
1.019699890688184230e+00
1.019714889056095419e+00
1.019729918386740986e+00
1.019744978561963222e+00
1.019760069462599894e+00
1.019775190968477352e+00
1.019790342958406759e+00
1.019805525310177874e+00
1.019820737900552388e+00
1.019835980605260595e+00
1.019851253298994287e+00
1.019866555855401646e+00
1.019881888147082583e+00
1.019897250045581405e+00
1.019912641421383714e+00
1.019928062143908853e+00
1.019943512081505688e+00
1.019958991101446166e+00
1.019974499069921992e+00
1.019990035852035959e+00
1.020005601311799293e+00
1.020021195312124984e+00
1.020036817714822241e+00
1.020052468380592714e+00
1.020068147169022499e+00
1.020083853938579255e+00
1.020099588546605318e+00
1.020115350849313263e+00
1.020131140701779904e+00
1.020146957957941858e+00
1.020162802470589547e+00
1.020178674091362758e+00
1.020194572670744204e+00
1.020210498058055304e+00
1.020226450101451521e+00
1.020242428647916366e+00
1.020258433543255183e+00
1.020274464632093370e+00
1.020290521757867719e+00
1.020306604762824643e+00
1.020322713488011956e+00
1.020338847773276658e+00
1.020355007457258711e+00
1.020371192377386382e+00
1.020387402369871577e+00
1.020403637269704955e+00
1.020419896910651048e+00
1.020436181125243147e+00
1.020452489744780422e+00
1.020468822599320591e+00
1.020485179517677921e+00
1.020501560327417012e+00
1.020517964854848803e+00
1.020534392925026346e+00
1.020550844361740150e+00
1.020567318987513961e+00
1.020583816623600315e+00
1.020600337089977216e+00
1.020616880205342136e+00
1.020633445787110016e+00
1.020650033651406829e+00
1.020666643613068914e+00
1.020683275485635422e+00
1.020699929081346991e+00
1.020716604211140188e+00
1.020733300684645961e+00
1.020750018310183638e+00
1.020766756894758931e+00
1.020783516244059719e+00
1.020800296162452270e+00
1.020817096452979467e+00
1.020833916917355033e+00
1.020850757355963090e+00
1.020867617567852381e+00
1.020884497350735387e+00
1.020901396500983438e+00
1.020918314813626271e+00
1.020935252082345812e+00
1.020952208099477065e+00
1.020969182656003893e+00
1.020986175541555019e+00
1.021003186544404473e+00
1.021020215451466928e+00
1.021037262048297034e+00
1.021054326119085864e+00
1.021071407446660473e+00
1.021088505812480340e+00
1.021105620996636931e+00
1.021122752777851250e+00
1.021139900933471845e+00
1.021157065239474360e+00
1.021174245470459541e+00
1.021191441399651900e+00
1.021208652798898830e+00
1.021225879438669049e+00
1.021243121088052597e+00
1.021260377514759288e+00
1.021277648485118039e+00
1.021294933764077317e+00
1.021312233115202694e+00
1.021329546300679514e+00
1.021346873081309559e+00
1.021364213216513273e+00
1.021381566464329316e+00
1.021398932581414343e+00
1.021416311323044113e+00
1.021433702443113045e+00
1.021451105694136441e+00
1.021468520827249371e+00
1.021485947592209786e+00
1.021503385737397407e+00
1.021520835009817496e+00
1.021538295155099973e+00
1.021555765917502301e+00
1.021573247039911481e+00
1.021590738263844722e+00
1.021608239329452772e+00
1.021625749975521913e+00
1.021643269939475740e+00
1.021660798957378269e+00
1.021678336763936157e+00
1.021695883092502921e+00
1.021713437675080938e+00
1.021731000242324772e+00
1.021748570523544952e+00
1.021766148246711969e+00
1.021783733138458938e+00
1.021801324924086707e+00
1.021818923327567630e+00
1.021836528071550898e+00
1.021854138877364759e+00
1.021871755465024290e+00
1.021889377553233835e+00
1.021907004859394341e+00
1.021924637099606459e+00
1.021942273988678096e+00
1.021959915240128858e+00
1.021977560566197374e+00
1.021995209677846184e+00
1.022012862284769064e+00
1.022030518095396356e+00
1.022048176816903631e+00
1.022065838155217232e+00
1.022083501815022721e+00
1.022101167499770646e+00
1.022118834911686314e+00
1.022136503751776004e+00
1.022154173719836523e+00
1.022171844514462080e+00
1.022189515833054507e+00
1.022207187371829917e+00
1.022224858825830696e+00
1.022242529888931717e+00
1.022260200253852336e+00
1.022277869612163936e+00
1.022295537654302588e+00
1.022313204069576376e+00
1.022330868546178273e+00
1.022348530771194808e+00
1.022366190430618715e+00
1.022383847209359597e+00
1.022401500791254358e+00
1.022419150859080306e+00
1.022436797094566696e+00
1.022454439178405394e+00
1.022472076790266637e+00
1.022489709608807473e+00
1.022507337311688858e+00
1.022524959575584980e+00
1.022542576076199916e+00
1.022560186488279399e+00
1.022577790485625471e+00
1.022595387741110251e+00
1.022612977926690592e+00
1.022630560713423176e+00
1.022648135771478728e+00
1.022665702770158447e+00
1.022683261377907549e+00
1.022700811262332810e+00
1.022718352090217886e+00
1.022735883527539302e+00
1.022753405239483548e+00
1.022770916890463955e+00
1.022788418144136013e+00
1.022805908663417807e+00
1.022823388110504439e+00
1.022840856146887800e+00
1.022858312433374106e+00
1.022875756630102106e+00
1.022893188396562181e+00
1.022910607391613880e+00
1.022928013273507908e+00
1.022945405699901444e+00
1.022962784327881902e+00
1.022980148813983803e+00
1.022997498814210537e+00
1.023014833984054572e+00
1.023032153978518100e+00
1.023049458452133020e+00
1.023066747058984038e+00
1.023084019452728644e+00
1.023101275286618650e+00
1.023118514213523955e+00
1.023135735885953190e+00
1.023152939956075924e+00
1.023170126075747310e+00
1.023187293896528960e+00
1.023204443069713143e+00
1.023221573246346772e+00
1.023238684077253380e+00
1.023255775213059771e+00
1.023272846304216888e+00
1.023289897001027793e+00
1.023306926953669649e+00
1.023323935812219254e+00
1.023340923226678800e+00
1.023357888847001629e+00
1.023374832323116213e+00
1.023391753304953022e+00
1.023408651442471395e+00
1.023425526385683515e+00
1.023442377784683721e+00
1.023459205289672713e+00
1.023476008550985750e+00
1.023492787219120403e+00
1.023509540944762097e+00
1.023526269378812970e+00
1.023542972172419407e+00
1.023559648977000247e+00
1.023576299444274085e+00
1.023592923226288143e+00
1.023609519975447579e+00
1.023626089344541690e+00
1.023642630986776325e+00
1.023659144555800093e+00
1.023675629705735002e+00
1.023692086091205988e+00
1.023708513367369122e+00
1.023724911189942910e+00
1.023741279215237832e+00
1.023757617100185424e+00
1.023773924502370036e+00
1.023790201080057471e+00
1.023806446492227851e+00
1.023822660398603368e+00
1.023838842459681375e+00
1.023854992336763914e+00
1.023871109691989911e+00
1.023887194188365157e+00
1.023903245489794056e+00
1.023919263261111157e+00
1.023935247168112905e+00
1.023951196877587400e+00
1.023967112057349027e+00
1.023982992376267998e+00
1.023998837504302761e+00
1.024014647112531318e+00
1.024030420873185188e+00
1.024046158459678946e+00
1.024061859546644193e+00
1.024077523809959978e+00
1.024093150926788098e+00
1.024108740575600862e+00
1.024124292436217498e+00
1.024139806189833912e+00
1.024155281519056437e+00
1.024170718107933586e+00
1.024186115641988692e+00
1.024201473808251439e+00
1.024216792295292056e+00
1.024232070793251514e+00
1.024247308993875949e+00
1.024262506590547961e+00
1.024277663278318151e+00
1.024292778753939093e+00
1.024307852715897305e+00
1.024322884864443894e+00
1.024337874901628531e+00
1.024352822531331197e+00
1.024367727459292832e+00
1.024382589393149523e+00
1.024397408042462931e+00
1.024412183118752040e+00
1.024426914335526018e+00
1.024441601408314639e+00
1.024456244054700260e+00
1.024470841994349790e+00
1.024485394949044892e+00
1.024499902642714400e+00
1.024514364801464072e+00
1.024528781153608792e+00
1.024543151429701870e+00
1.024557475362567249e+00
1.024571752687328585e+00
1.024585983141439893e+00
1.024600166464716633e+00
1.024614302399363686e+00
1.024628390690007329e+00
1.024642431083722771e+00
1.024656423330064570e+00
1.024670367181096164e+00
1.024684262391416967e+00
1.024698108718193446e+00
1.024711905921185329e+00
1.024725653762775357e+00
1.024739352007996818e+00
1.024753000424560856e+00
1.024766598782884675e+00
1.024780146856117735e+00
1.024793644420169514e+00
1.024807091253735924e+00
1.024820487138325742e+00
1.024833831858286581e+00
1.024847125200829989e+00
1.024860366956058755e+00
1.024873556916989337e+00
1.024886694879579618e+00
1.024899780642751113e+00
1.024912814008414275e+00
1.024925794781492261e+00
1.024938722769944022e+00
1.024951597784787172e+00
1.024964419640122859e+00
1.024977188153155083e+00
1.024989903144213788e+00
1.025002564436779062e+00
1.025015171857498686e+00
1.025027725236210774e+00
1.025040224405965095e+00
1.025052669203041056e+00
1.025065059466969908e+00
1.025077395040551842e+00
1.025089675769876640e+00
1.025101901504339885e+00
1.025114072096664053e+00
1.025126187402913169e+00
1.025138247282511905e+00
1.025150251598261120e+00
1.025162200216355401e+00
1.025174093006397502e+00
1.025185929841414101e+00
1.025197710597871792e+00
1.025209435155689963e+00
1.025221103398255229e+00
1.025232715212435863e+00
1.025244270488593568e+00
1.025255769120596794e+00
1.025267211005831625e+00
1.025278596045215096e+00
1.025289924143205411e+00
1.025301195207810823e+00
1.025312409150603399e+00
1.025323565886724353e+00
1.025334665334896922e+00
1.025345707417431473e+00
1.025356692060235941e+00
1.025367619192822488e+00
1.025378488748313943e+00
1.025389300663451131e+00
1.025400054878597977e+00
1.025410751337747506e+00
1.025421389988526499e+00
1.025431970782199276e+00
1.025442493673672573e+00
1.025452958621497102e+00
1.025463365587872433e+00
1.025473714538646997e+00
1.025484005443321189e+00
1.025494238275047820e+00
1.025504413010632554e+00
1.025514529630533689e+00
1.025524588118862379e+00
1.025534588463380636e+00
1.025544530655500663e+00
1.025554414690280858e+00
1.025564240566424701e+00
1.025574008286277650e+00
1.025583717855820476e+00
1.025593369284668821e+00
1.025602962586064981e+00
1.025612497776873688e+00
1.025621974877575227e+00
1.025631393912261213e+00
1.025640754908623720e+00
1.025650057897950163e+00
1.025659302915113980e+00
1.025668489998566635e+00
1.025677619190326073e+00
1.025686690535969836e+00
1.025695704084622406e+00
1.025704659888944548e+00
1.025713558005122206e+00
1.025722398492854293e+00
1.025731181415339588e+00
1.025739906839264304e+00
1.025748574834786986e+00
1.025757185475526523e+00
1.025765738838545271e+00
1.025774235004334400e+00
1.025782674056798127e+00
1.025791056083237951e+00
1.025799381174335334e+00
1.025807649424133494e+00
1.025815860930020751e+00
1.025824015792711652e+00
1.025832114116228100e+00
1.025840156007879589e+00
1.025848141578244110e+00
1.025856070941146836e+00
1.025863944213639911e+00
1.025871761515980918e+00
1.025879522971610447e+00
1.025887228707131005e+00
1.025894878852282588e+00
1.025902473539921367e+00
1.025910012905994151e+00
1.025917497089515074e+00
1.025924926232540502e+00
1.025932300480144832e+00
1.025939619980393847e+00
1.025946884884319399e+00
1.025954095345892769e+00
1.025961251521997575e+00
1.025968353572403569e+00
1.025975401659737107e+00
1.025982395949454284e+00
1.025989336609812952e+00
1.025996223811842079e+00
1.026003057729314216e+00
1.026009838538713970e+00
1.026016566419209575e+00
1.026023241552621368e+00
1.026029864123391588e+00
1.026036434318552626e+00
1.026042952327695268e+00
1.026049418342937614e+00
1.026055832558891989e+00
1.026062195172632974e+00
1.026068506383663648e+00
1.026074766393882509e+00
1.026080975407550167e+00
1.026087133631255810e+00
1.026093241273881240e+00
1.026099298546568006e+00
1.026105305662681655e+00
1.026111262837777538e+00
1.026117170289563285e+00
1.026123028237865498e+00
1.026128836904591779e+00
1.026134596513696096e+00
1.026140307291141252e+00
1.026145969464861585e+00
1.026151583264727440e+00
1.026157148922506535e+00
1.026162666671827317e+00
1.026168136748140558e+00
1.026173559388681600e+00
1.026178934832432610e+00
1.026184263320084167e+00
1.026189545093994848e+00
1.026194780398155260e+00
1.026199969478148066e+00
1.026205112581107137e+00
1.026210209955680686e+00
1.026215261851989968e+00
1.026220268521591095e+00
1.026225230217433948e+00
1.026230147193822884e+00
1.026235019706376761e+00
1.026239848011988087e+00
1.026244632368783272e+00
1.026249373036081991e+00
1.026254070274356778e+00
1.026258724345191720e+00
1.026263335511242047e+00
1.026267904036193723e+00
1.026272430184721474e+00
1.026276914222449044e+00
1.026281356415906121e+00
1.026285757032489032e+00
1.026290116340419445e+00
1.026294434608701067e+00
1.026298712107080346e+00
1.026302949106004281e+00
1.026307145876579119e+00
1.026311302690528393e+00
1.026315419820152286e+00
1.026319497538285441e+00
1.026323536118255442e+00
1.026327535833841953e+00
1.026331496959234535e+00
1.026335419768991120e+00
1.026339304537997155e+00
1.026343151541423193e+00
1.026346961054684037e+00
1.026350733353396771e+00
1.026354468713340795e+00
1.026358167410414302e+00
1.026361829720594310e+00
1.026365455919895364e+00
1.026369046284327347e+00
1.026372601089855952e+00
1.026376120612360054e+00
1.026379605127591077e+00
1.026383054911132797e+00
1.026386470238359605e+00
1.026389851384396312e+00
1.026393198624077074e+00
1.026396512231904756e+00
1.026399792482011186e+00
1.026403039648114968e+00
1.026406254003484175e+00
1.026409435820893279e+00
1.026412585372584729e+00
1.026415702930228324e+00
1.026418788764881906e+00
1.026421843146951840e+00
1.026424866346152598e+00
1.026427858631468126e+00
1.026430820271112987e+00
1.026433751532491945e+00
1.026436652682162443e+00
1.026439523985794855e+00
1.026442365708134519e+00
1.026445178112963097e+00
1.026447961463059944e+00
1.026450716020163911e+00
1.026453442044937159e+00
1.026456139796924516e+00
1.026458809534518402e+00
1.026461451514919965e+00
1.026464065994103336e+00
1.026466653226775883e+00
1.026469213466345121e+00
1.026471746964879195e+00
1.026474253973071793e+00
1.026476734740205510e+00
1.026479189514115875e+00
1.026481618541156271e+00
1.026484022066160851e+00
1.026486400332411009e+00
1.026488753581598967e+00
1.026491082053793136e+00
1.026493385987403695e+00
1.026495665619147513e+00
1.026497921184014617e+00
1.026500152915234665e+00
1.026502361044241418e+00
1.026504545800640322e+00
1.026506707412175423e+00
1.026508846104696282e+00
1.026510962102123781e+00
1.026513055626419924e+00
1.026515126897553198e+00
1.026517176133467935e+00
1.026519203550051884e+00
1.026521209361104914e+00
1.026523193778307252e+00
1.026525157011188849e+00
1.026527099267098730e+00
1.026529020751173693e+00
1.026530921666308327e+00
1.026532802213125484e+00
1.026534662589946079e+00
1.026536502992759115e+00
1.026538323615193260e+00
1.026540124648487762e+00
1.026541906281462690e+00
1.026543668700491629e+00
1.026545412089474141e+00
1.026547136629805124e+00
1.026548842500350389e+00
1.026550529877416906e+00
1.026552198934727711e+00
1.026553849843393040e+00
1.026555482771885686e+00
1.026557097886013015e+00
1.026558695348893213e+00
1.026560275320927307e+00
1.026561837959774515e+00
1.026563383420329156e+00
1.026564911854691786e+00
1.026566423412148765e+00
1.026567918239144950e+00
1.026569396479261709e+00
1.026570858273192055e+00
1.026572303758718219e+00
1.026573733070687444e+00
1.026575146340990230e+00
1.026576543698536792e+00
1.026577925269235969e+00
1.026579291175972131e+00
1.026580641538585414e+00
1.026581976473847080e+00
1.026583296095442188e+00
1.026584600513946732e+00
1.026585889836807208e+00
1.026587164168321298e+00
1.026588423609617662e+00
1.026589668258635957e+00
1.026590898210109071e+00
1.026592113555541586e+00
1.026593314383193789e+00
1.026594500778061692e+00
1.026595672821860150e+00
1.026596830593003995e+00
1.026597974166591598e+00
1.026599103614386888e+00
1.026600219004803805e+00
1.026601320402888318e+00
1.026602407870303324e+00
1.026603481465313106e+00
1.026604541242766233e+00
1.026605587254081797e+00
1.026606619547233645e+00
1.026607638166736836e+00
1.026608643153632539e+00
1.026609634545474048e+00
1.026610612376313014e+00
1.026611576676687454e+00
1.026612527473607317e+00
1.026613464790542274e+00
1.026614388647410170e+00
1.026615299060563258e+00
1.026616196042778650e+00
1.026617079603245664e+00
1.026617949747554936e+00
1.026618806477688217e+00
1.026619649792007927e+00
1.026620479685246723e+00
1.026621296148498397e+00
1.026622099169208324e+00
1.026622888731164807e+00
1.026623664814489523e+00
1.026624427395630645e+00
1.026625176447354182e+00
1.026625911938735980e+00
1.026626633835155067e+00
1.026627342098287210e+00
1.026628036686097367e+00
1.026628717552834136e+00
1.026629384649023979e+00
1.026630037921466121e+00
1.026630677313226547e+00
1.026631302763633569e+00
1.026631914208275376e+00
1.026632511578992712e+00
1.026633094803878210e+00
1.026633663807271724e+00
1.026634218509758112e+00
1.026634758828164351e+00
1.026635284675557980e+00
1.026635795961245101e+00
1.026636292590769273e+00
1.026636774465910396e+00
1.026637241484685159e+00
1.026637693541344820e+00
1.026638130526378312e+00
1.026638552326511356e+00
1.026638958824706904e+00
1.026639349900168696e+00
1.026639725428341698e+00
1.026640085280914771e+00
1.026640429325824000e+00
1.026640757427255801e+00
1.026641069445649368e+00
1.026641365237702441e+00
1.026641644656374641e+00
1.026641907550893684e+00
1.026642153766758714e+00
1.026642383145748294e+00
1.026642595525925072e+00
1.026642790741643774e+00
1.026642968623557639e+00
1.026643128998625976e+00
1.026643271690122594e+00
1.026643396517644469e+00
1.026643503297119953e+00
1.026643591840819658e+00
1.026643661957365783e+00
1.026643713451741435e+00
1.026643746125303291e+00
1.026643759775792475e+00
1.026643754197345881e+00
1.026643729180509723e+00
1.026643684512251298e+00
1.026643619975972976e+00
1.026643535351525749e+00
1.026643430415224767e+00
1.026643304939862666e+00
1.026643158694725999e+00
1.026642991445611219e+00
1.026642802954841560e+00
1.026642592981282798e+00
1.026642361280361460e+00
1.026642107604084142e+00
1.026641831701054386e+00
1.026641533316492438e+00
1.026641212192255459e+00
1.026640868066857726e+00
1.026640500675491285e+00
1.026640109750046825e+00
1.026639695019137655e+00
1.026639256208119466e+00
1.026638793039115649e+00
1.026638305231040160e+00
1.026637792499621504e+00
1.026637254557428713e+00
1.026636691113895994e+00
1.026636101875348261e+00
1.026635486545029341e+00
1.026634844823128168e+00
1.026634176406806098e+00
1.026633480990227110e+00
1.026632758264585554e+00
1.026632007918135914e+00
1.026631229636223441e+00
1.026630423101315248e+00
1.026629587993031612e+00
1.026628723988177949e+00
1.026627830760777682e+00
1.026626907982106429e+00
1.026625955320724870e+00
1.026624972442514494e+00
1.026623959010712017e+00
1.026622914685946464e+00
1.026621839126274693e+00
1.026620731987219370e+00
1.026619592921806934e+00
1.026618421580605345e+00
1.026617217611764943e+00
1.026615980661055971e+00
1.026614710371911876e+00
1.026613406385468608e+00
1.026612068340606809e+00
1.026610695873995116e+00
1.026609288620131677e+00
1.026607846211390562e+00
1.026606368278064396e+00
1.026604854448409654e+00
1.026603304348693291e+00
1.026601717603238484e+00
1.026600093834473260e+00
1.026598432662976235e+00
1.026596733707526576e+00
1.026594996585153297e+00
1.026593220911184101e+00
1.026591406299297571e+00
1.026589552361571567e+00
1.026587658708538520e+00
1.026585724949235612e+00
1.026583750691258512e+00
1.026581735540815998e+00
1.026579679102783027e+00
1.026577580980757354e+00
1.026575440777113934e+00
1.026573258093063101e+00
1.026571032528706517e+00
1.026568763683094243e+00
1.026566451154285797e+00
1.026564094539405447e+00
1.026561693434705491e+00
1.026559247435624656e+00
1.026556756136848714e+00
1.026554219132373547e+00
1.026551636015565983e+00
1.026549006379227080e+00
1.026546329815655856e+00
1.026543605916712787e+00
1.026540834273884428e+00
1.026538014478349137e+00
1.026535146121042352e+00
1.026532228792722101e+00
1.026529262084038274e+00
1.026526245585597685e+00
1.026523178888033350e+00
1.026520061582072874e+00
1.026516893258606844e+00
1.026513673508759883e+00
1.026510401923959481e+00
1.026507078096006831e+00
1.026503701617148767e+00
1.026500272080149267e+00
1.026496789078360283e+00
1.026493252205795681e+00
1.026489661057204295e+00
1.026486015228142090e+00
1.026482314315048328e+00
1.026478557915317724e+00
1.026474745627376173e+00
1.026470877050755792e+00
1.026466951786171089e+00
1.026462969435593564e+00
1.026458929602329651e+00
1.026454831891095321e+00
1.026450675908094690e+00
1.026446461261097065e+00
1.026442187559513552e+00
1.026437854414475659e+00
1.026433461438913231e+00
1.026429008247633279e+00
1.026424494457397696e+00
1.026419919687002302e+00
1.026415283557356561e+00
1.026410585691561739e+00
1.026405825714991948e+00
1.026401003255370981e+00
1.026396117942854680e+00
1.026391169410108883e+00
1.026386157292390466e+00
1.026381081227626169e+00
1.026375940856493418e+00
1.026370735822499825e+00
1.026365465772064223e+00
1.026360130354594169e+00
1.026354729222569206e+00
1.026349262031618581e+00
1.026343728440601399e+00
1.026338128111687231e+00
1.026332460710435157e+00
1.026326725905872372e+00
1.026320923370576121e+00
1.026315052780750081e+00
1.026309113816304519e+00
1.026303106160935563e+00
1.026297029502202030e+00
1.026290883531605802e+00
1.026284667944667994e+00
1.026278382441006443e+00
1.026272026724414754e+00
1.026265600502936692e+00
1.026259103488945001e+00
1.026252535399214905e+00
1.026245895955002041e+00
1.026239184882116184e+00
1.026232401910995851e+00
1.026225546776782682e+00
1.026218619219394945e+00
1.026211618983599916e+00
1.026204545819087599e+00
1.026197399480540229e+00
1.026190179727705099e+00
1.026182886325464061e+00
1.026175519043903694e+00
1.026168077658383027e+00
1.026160561949603256e+00
1.026152971703673700e+00
1.026145306712178851e+00
1.026137566772244991e+00
1.026129751686602365e+00
1.026121861263653123e+00
1.026113895317529279e+00
1.026105853668159540e+00
1.026097736141327488e+00
1.026089542568731972e+00
1.026081272788047061e+00
1.026072926642979777e+00
1.026064503983326714e+00
1.026056004665029331e+00
1.026047428550229457e+00
1.026038775507323031e+00
1.026030045411011393e+00
1.026021238142353020e+00
1.026012353588814374e+00
1.026003391644316087e+00
1.025994352209282923e+00
1.025985235190688849e+00
1.025976040502101672e+00
1.025966768063725887e+00
1.025957417802446425e+00
1.025947989651867953e+00
1.025938483552354397e+00
1.025928899451067133e+00
1.025919237302000742e+00
1.025909497066018528e+00
1.025899678710885832e+00
1.025889782211301338e+00
1.025879807548927936e+00
1.025869754712421589e+00
1.025859623697458423e+00
1.025849414506759594e+00
1.025839127150117491e+00
1.025828761644415277e+00
1.025818318013649311e+00
1.025807796288949358e+00
1.025797196508592357e+00
1.025786518718023066e+00
1.025775762969863392e+00
1.025764929323928598e+00
1.025754017847234634e+00
1.025743028614010122e+00
1.025731961705701023e+00
1.025720817210977298e+00
1.025709595225736237e+00
1.025698295853104458e+00
1.025686919203437242e+00
1.025675465394317865e+00
1.025663934550553158e+00
1.025652326804168624e+00
1.025640642294401328e+00
1.025628881167690132e+00
1.025617043577665921e+00
1.025605129685139172e+00
1.025593139658083963e+00
1.025581073671623100e+00
1.025568931908009906e+00
1.025556714556607130e+00
1.025544421813866514e+00
1.025532053883305261e+00
1.025519610975479612e+00
1.025507093307957529e+00
1.025494501105291612e+00
1.025481834598986230e+00
1.025469094027465333e+00
1.025456279636039136e+00
1.025443391676866156e+00
1.025430430408917015e+00
1.025417396097932698e+00
1.025404289016385473e+00
1.025391109443433368e+00
1.025377857664876213e+00
1.025364533973109005e+00
1.025351138667073059e+00
1.025337672052206273e+00
1.025324134440390944e+00
1.025310526149900703e+00
1.025296847505345221e+00
1.025283098837612927e+00
1.025269280483814160e+00
1.025255392787219222e+00
1.025241436097198866e+00
1.025227410769159464e+00
1.025213317164479943e+00
1.025199155650444727e+00
1.025184926600176905e+00
1.025170630392568061e+00
1.025156267412209665e+00
1.025141838049319354e+00
1.025127342699668986e+00
1.025112781764509595e+00
1.025098155650495890e+00
1.025083464769607877e+00
1.025068709539074030e+00
1.025053890381291133e+00
1.025039007723742568e+00
1.025024061998917269e+00
1.025009053644225787e+00
1.024993983101917028e+00
1.024978850818990761e+00
1.024963657247114579e+00
1.024948402842532857e+00
1.024933088065981046e+00
1.024917713382594853e+00
1.024902279261820315e+00
1.024886786177322540e+00
1.024871234606895332e+00
1.024855625032365047e+00
1.024839957939501556e+00
1.024824233817919428e+00
1.024808453160985788e+00
1.024792616465724837e+00
1.024776724232720593e+00
1.024760776966019638e+00
1.024744775173035416e+00
1.024728719364450091e+00
1.024712610054114847e+00
1.024696447758952855e+00
1.024680232998859131e+00
1.024663966296602613e+00
1.024647648177724024e+00
1.024631279170438614e+00
1.024614859805533795e+00
1.024598390616270116e+00
1.024581872138280225e+00
1.024565304909468288e+00
1.024548689469908513e+00
1.024532026361746784e+00
1.024515316129096965e+00
1.024498559317942092e+00
1.024481756476033123e+00
1.024464908152788567e+00
1.024448014899194570e+00
1.024431077267704104e+00
1.024414095812137493e+00
1.024397071087582489e+00
1.024380003650295690e+00
1.024362894057602391e+00
1.024345742867799558e+00
1.024328550640055457e+00
1.024311317934315291e+00
1.024294045311199941e+00
1.024276733331912048e+00
1.024259382558139198e+00
1.024241993551958441e+00
1.024224566875739928e+00
1.024207103092054982e+00
1.024189602763581064e+00
1.024172066453008290e+00
1.024154494722948616e+00
1.024136888135844359e+00
1.024119247253875820e+00
1.024101572638873581e+00
1.024083864852229020e+00
1.024066124454805493e+00
1.024048352006852181e+00
1.024030548067917268e+00
1.024012713196763347e+00
1.023994847951283038e+00
1.023976952888415060e+00
1.023959028564063178e+00
1.023941075533014278e+00
1.023923094348858420e+00
1.023905085563910689e+00
1.023887049729132581e+00
1.023868987394055186e+00
1.023850899106705015e+00
1.023832785413527624e+00
1.023814646859316113e+00
1.023796483987138295e+00
1.023778297338267862e+00
1.023760087452111112e+00
1.023741854866142553e+00
1.023723600115836962e+00
1.023705323734601658e+00
1.023687026253714993e+00
1.023668708202261968e+00
1.023650370107072272e+00
1.023632012492659893e+00
1.023613635881165607e+00
1.023595240792296579e+00
1.023576827743271966e+00
