1.000603444564682754e+00
1.000677453275050421e+00
1.000800032575250631e+00
1.000944391820165258e+00
1.001101526126997321e+00
1.001267116679177782e+00
1.001438622783210608e+00
1.001614359590696779e+00
1.001793126819412905e+00
1.001974029627245688e+00
1.002156379666040209e+00
1.002339634879734653e+00
1.002523360313812395e+00
1.002707201375148571e+00
1.002890864980250596e+00
1.003074105952894479e+00
1.003256717038155887e+00
1.003438521467757027e+00
1.003619367354866121e+00
1.003799123416053263e+00
1.003977675664791347e+00
1.004154924821911488e+00
1.004330784259372500e+00
1.004505178344152760e+00
1.004678041085178331e+00
1.004849315012172228e+00
1.005018950234027209e+00
1.005186903637832696e+00
1.005353138199505558e+00
1.005517622384104470e+00
1.005680329619135893e+00
1.005841237828017043e+00
1.006000329013704064e+00
1.006157588884656562e+00
1.006313006516916797e+00
1.006466574047332641e+00
1.006618286393911710e+00
1.006768141000039307e+00
1.006916137599880967e+00
1.007062278002759381e+00
1.007206565894655625e+00
1.007349006655285040e+00
1.007489607189429481e+00
1.007628375771392193e+00
1.007765321901596955e+00
1.007900456174464665e+00
1.008033790156801501e+00
1.008165336276004576e+00
1.008295107717459116e+00
1.008423118330538326e+00
1.008549382542670791e+00
1.008673915280962952e+00
1.008796731900897914e+00
1.008917848121652305e+00
1.009037279967590628e+00
1.009155043715524780e+00
1.009271155847331070e+00
1.009385633007537697e+00
1.009498491965515665e+00
1.009609749581910743e+00
1.009719422778978082e+00
1.009827528514488648e+00
1.009934083758893708e+00
1.010039105475453169e+00
1.010142610603036006e+00
1.010244616041332977e+00
1.010345138638219176e+00
1.010444195179036164e+00
1.010541802377564746e+00
1.010637976868485888e+00
1.010732735201133936e+00
1.010826093834366057e+00
1.010918069132389574e+00
1.011008677361396213e+00
1.011097934686870037e+00
1.011185857171454705e+00
1.011272460773269710e+00
1.011357761344584771e+00
1.011441774630772450e+00
1.011524516269468599e+00
1.011606001789880249e+00
1.011686246612199858e+00
1.011765266047072620e+00
1.011843075295102867e+00
1.011919689446359794e+00
1.011995123479878300e+00
1.012069392263133638e+00
1.012142510551492514e+00
1.012214492987633108e+00
1.012285354100938228e+00
1.012355108306866036e+00
1.012423769906308557e+00
1.012491353084939538e+00
1.012557871912570517e+00
1.012623340342519329e+00
1.012687772211003701e+00
1.012751181236573261e+00
1.012813581019583520e+00
1.012874985041728682e+00
1.012935406665636195e+00
1.012994859134529468e+00
1.013053355571969849e+00
1.013110908981674552e+00
1.013167532247417180e+00
1.013223238133013737e+00
1.013278039282386578e+00
1.013331948219711620e+00
1.013384977349642391e+00
1.013437138957604677e+00
1.013488445210161570e+00
1.013538908155433571e+00
1.013588539723579096e+00
1.013637351727312064e+00
1.013685355862464554e+00
1.013732563708571455e+00
1.013778986729477083e+00
1.013824636273954027e+00
1.013869523576321985e+00
1.013913659757062602e+00
1.013957055823419884e+00
1.013999722669979953e+00
1.014041671079225271e+00
1.014082911722054892e+00
1.014123455158265630e+00
1.014163311836996595e+00
1.014202492097122432e+00
1.014241006167604375e+00
1.014278864167790228e+00
1.014316076107667275e+00
1.014352651888065227e+00
1.014388601300812986e+00
1.014423934028849228e+00
1.014458659646291228e+00
1.014492787618464398e+00
1.014526327301894959e+00
1.014559287944273969e+00
1.014591678684393816e+00
1.014623508552063402e+00
1.014654786468007552e+00
1.014685521243758437e+00
1.014715721581538554e+00
1.014745396074148598e+00
1.014774553204857765e+00
1.014803201347311168e+00
1.014831348765450336e+00
1.014859003613456601e+00
1.014886173935725111e+00
1.014912867666866170e+00
1.014939092631744755e+00
1.014964856545560012e+00
1.014990167013967159e+00
1.015015031533245349e+00
1.015039457490516828e+00
1.015063452164015168e+00
1.015087022723409449e+00
1.015110176230182404e+00
1.015132919638066955e+00
1.015155259793539821e+00
1.015177203436375075e+00
1.015198757200257429e+00
1.015219927613456141e+00
1.015240721099558208e+00
1.015261143978264169e+00
1.015281202466244315e+00
1.015300902678052619e+00
1.015320250627105292e+00
1.015339252226714617e+00
1.015357913291186076e+00
1.015376239536969871e+00
1.015394236583873511e+00
1.015411909956329684e+00
1.015429265084719201e+00
1.015446307306752338e+00
1.015463041868899019e+00
1.015479473927876519e+00
1.015495608552183127e+00
1.015511450723686870e+00
1.015527005339256661e+00
1.015542277212443167e+00
1.015557271075201218e+00
1.015571991579657052e+00
1.015586443299909103e+00
1.015600630733872078e+00
1.015614558305149906e+00
1.015628230364941764e+00
1.015641651193974315e+00
1.015654825004459250e+00
1.015667755942069483e+00
1.015680448087934451e+00
1.015692905460644280e+00
1.015705132018266177e+00
1.015717131660362149e+00
1.015728908230007166e+00
1.015740465515802660e+00
1.015751807253879813e+00
1.015762937129889742e+00
1.015773858780973260e+00
1.015784575797707756e+00
1.015795091726028332e+00
1.015805410069110959e+00
1.015815534289224775e+00
1.015825467809538196e+00
1.015835214015881949e+00
1.015844776258463700e+00
1.015854157853526285e+00
1.015863362084954424e+00
1.015872392205816155e+00
1.015881251439847421e+00
1.015889942982868499e+00
1.015898470004133358e+00
1.015906835647611750e+00
1.015915043033199572e+00
1.015923095257856401e+00
1.015930995396673087e+00
1.015938746503865175e+00
1.015946351613691512e+00
1.015953813741302003e+00
1.015961135883513000e+00
1.015968321019508736e+00
1.015975372111475705e+00
1.015982292105164664e+00
1.015989083930388226e+00
1.015995750501450967e+00
1.016002294717517351e+00
1.016008719462919263e+00
1.016015027607403809e+00
1.016021222006326497e+00
1.016027305500791122e+00
1.016033280917741255e+00
1.016039151070001978e+00
1.016044918756279447e+00
1.016050586761120922e+00
1.016056157854833941e+00
1.016061634793372193e+00
1.016067020318191849e+00
1.016072317156075488e+00
1.016077528018932474e+00
1.016082655603575802e+00
1.016087702591478958e+00
1.016092671648515466e+00
1.016097565424681770e+00
1.016102386553809911e+00
1.016107137653267323e+00
1.016111821323650855e+00
1.016116440148471911e+00
1.016120996693840706e+00
1.016125493508142963e+00
1.016129933121721951e+00
1.016134318046554297e+00
1.016138650775933572e+00
1.016142933784152547e+00
1.016147169526193661e+00
1.016151360437420159e+00
1.016155508933277662e+00
1.016159617409000404e+00
1.016163688239326568e+00
1.016167723778219845e+00
1.016171726358602534e+00
1.016175698292097085e+00
1.016179641868777406e+00
1.016183559356929944e+00
1.016187453002828533e+00
1.016191325030516568e+00
1.016195177641602054e+00
1.016199013015066210e+00
1.016202833307081388e+00
1.016206640650842097e+00
1.016210437156408464e+00
1.016214224910563235e+00
1.016218005976679439e+00
1.016221782394604034e+00
1.016225556180550438e+00
1.016229329327009712e+00
1.016233103802669291e+00
1.016236881552351257e+00
1.016240664496960378e+00
1.016244454533445474e+00
1.016248253534778989e+00
1.016252063349946555e+00
1.016255885803952097e+00
1.016259722697837820e+00
1.016263575808716624e+00
1.016267446889821624e+00
1.016271337670566322e+00
1.016275249856621876e+00
1.016279185130007257e+00
1.016283145149193379e+00
1.016287131549221900e+00
1.016291145941836227e+00
1.016295189915627617e+00
1.016299265036193944e+00
1.016303372846312003e+00
1.016307514866120920e+00
1.016311692593319549e+00
1.016315907503376748e+00
1.016320161049750093e+00
1.016324454664118582e+00
1.016328789756625550e+00
1.016333167716130248e+00
1.016337589910471850e+00
1.016342057686738798e+00
1.016346572371552348e+00
1.016351135271350348e+00
1.016355747672686549e+00
1.016360410842531037e+00
1.016365126028578203e+00
1.016369894459561829e+00
1.016374717345572387e+00
1.016379595878380782e+00
1.016384531231763422e+00
1.016389524561832403e+00
1.016394577007364575e+00
1.016399689690137276e+00
1.016404863715258733e+00
1.016410100171503128e+00
1.016415400131644109e+00
1.016420764652786080e+00
1.016426194776696601e+00
1.016431691530132797e+00
1.016437255925169536e+00
1.016442888959520285e+00
1.016448591616858188e+00
1.016454364867128701e+00
1.016460209666862902e+00
1.016466126959480132e+00
1.016472117675590425e+00
1.016478182733286939e+00
1.016484323038436610e+00
1.016490539484959710e+00
1.016496832955107177e+00
1.016503204319728404e+00
1.016509654438532140e+00
1.016516184160342950e+00
1.016522794323345469e+00
1.016529485755325979e+00
1.016536259273902232e+00
1.016543115686748155e+00
1.016550055791810347e+00
1.016557080377516797e+00
1.016564190222974728e+00
1.016571386098166663e+00
1.016578668764131832e+00
1.016586038973145145e+00
1.016593497468885943e+00
1.016601044986598090e+00
1.016608682253244744e+00
1.016616409987654457e+00
1.016624228900658844e+00
1.016632139695225590e+00
1.016640143066581015e+00
1.016648239702328427e+00
1.016656430282556478e+00
1.016664715479945080e+00
1.016673095959859552e+00
1.016681572380442100e+00
1.016690145392695310e+00
1.016698815640560305e+00
1.016707583760987799e+00
1.016716450384004045e+00
1.016725416132771675e+00
1.016734481623643660e+00
1.016743647466212819e+00
1.016752914263356455e+00
1.016762282611274770e+00
1.016771753099526387e+00
1.016781326311057221e+00
1.016791002822225787e+00
1.016800783202825187e+00
1.016810668016098873e+00
1.016820657818752860e+00
1.016830753160967049e+00
1.016840954586398116e+00
1.016851262632182618e+00
1.016861677828934551e+00
1.016872200700741358e+00
1.016882831765155037e+00
1.016893571533181717e+00
1.016904420509268103e+00
1.016915379191285052e+00
1.016926448070507139e+00
1.016937627631594010e+00
1.016948918352564402e+00
1.016960320704770826e+00
1.016971835152872483e+00
1.016983462154804840e+00
1.016995202161747214e+00
1.017007055618091016e+00
1.017019022961403341e+00
1.017031104622391435e+00
1.017043301024863844e+00
1.017055612585692881e+00
1.017068039714772443e+00
1.017080582814977152e+00
1.017093242282121501e+00
1.017106018504913445e+00
1.017118911864912434e+00
1.017131922736484562e+00
1.017145051486754381e+00
1.017158298475562050e+00
1.017171664055413594e+00
1.017185148571436049e+00
1.017198752361327285e+00
1.017212475755310486e+00
1.017226319076084184e+00
1.017240282638773863e+00
1.017254366750885097e+00
1.017268571712252490e+00
1.017282897814991927e+00
1.017297345343451731e+00
1.017311914574163589e+00
1.017326605775794146e+00
1.017341419209095488e+00
1.017356355126857625e+00
1.017371413773859423e+00
1.017386595386819526e+00
1.017401900194350173e+00
1.017417328416907685e+00
1.017432880266745165e+00
1.017448555947864541e+00
1.017464355655970820e+00
1.017480279578423463e+00
1.017496327894189534e+00
1.017512500773798401e+00
1.017528798379293775e+00
1.017545220864188860e+00
1.017561768373418829e+00
1.017578441043296422e+00
1.017595239001465535e+00
1.017612162366855255e+00
1.017629211249635901e+00
1.017646385751170612e+00
1.017663685963974718e+00
1.017681111971665553e+00
1.017698663848920271e+00
1.017716341661429880e+00
1.017734145465853501e+00
1.017752075309772852e+00
1.017770131231647612e+00
1.017788313260768129e+00
1.017806621417210788e+00
1.017825055711791382e+00
1.017843616146018704e+00
1.017862302712047029e+00
1.017881115392631042e+00
1.017900054161075207e+00
1.017919118981188920e+00
1.017938309807235431e+00
1.017957626583885444e+00
1.017977069246165822e+00
1.017996637719410069e+00
1.018016331919207929e+00
1.018036151751353202e+00
1.018056097111793790e+00
1.018076167886577288e+00
1.018096363951797256e+00
1.018116685173541036e+00
1.018137131407833129e+00
1.018157702500579465e+00
1.018178398287512554e+00
1.018199218594131983e+00
1.018220163235647124e+00
1.018241232016917852e+00
1.018262424732394145e+00
1.018283741166055689e+00
1.018305181091349709e+00
1.018326744271127460e+00
1.018348430457581166e+00
1.018370239392178966e+00
1.018392170805600294e+00
1.018414224417667269e+00
1.018436399937278747e+00
1.018458697062341045e+00
1.018481115479699550e+00
1.018503654865067221e+00
1.018526314882954864e+00
1.018549095186597864e+00
1.018571995417883791e+00
1.018595015207278909e+00
1.018618154173754675e+00
1.018641411924709361e+00
1.018664788055896109e+00
1.018688282151343660e+00
1.018711893783279754e+00
1.018735622512053851e+00
1.018759467886056758e+00
1.018783429441644017e+00
1.018807506703054866e+00
1.018831699182331629e+00
1.018856006379241563e+00
1.018880427781192921e+00
1.018904962863157460e+00
1.018929611087586284e+00
1.018954371904329470e+00
1.018979244750555235e+00
1.019004229050666899e+00
1.019029324216222054e+00
1.019054529645850860e+00
1.019079844725175210e+00
1.019105268826726807e+00
1.019130801309866330e+00
1.019156441520704171e+00
1.019182188792018717e+00
1.019208042443178197e+00
1.019234001780060295e+00
1.019260066094976214e+00
1.019286234666591628e+00
1.019312506759849635e+00
1.019338881625897253e+00
1.019365358502008823e+00
1.019391936611514282e+00
1.019418615163725450e+00
1.019445393353865636e+00
1.019472270363000810e+00
1.019499245357971873e+00
1.019526317491326051e+00
1.019553485901255607e+00
1.019580749711531897e+00
1.019608108031446747e+00
1.019635559955752058e+00
1.019663104564603850e+00
1.019690740923507644e+00
1.019718468083265162e+00
1.019746285079926151e+00
1.019774190934739755e+00
1.019802184654110544e+00
1.019830265229556776e+00
1.019858431637670204e+00
1.019886682840081438e+00
1.019915017783426636e+00
1.019943435399317089e+00
1.019971934604313235e+00
1.020000514299901795e+00
1.020029173372475784e+00
1.020057910693319414e+00
1.020086725118595439e+00
1.020115615489336047e+00
1.020144580631441311e+00
1.020173619355676298e+00
1.020202730457675733e+00
1.020231912717954437e+00
1.020261164901917761e+00
1.020290485759879129e+00
1.020319874027084239e+00
1.020349328423735935e+00
1.020378847655026178e+00
1.020408430411173129e+00
1.020438075367463115e+00
1.020467781184297706e+00
1.020497546507245445e+00
1.020527369967099585e+00
1.020557250179942921e+00
1.020587185747214409e+00
1.020617175255785547e+00
1.020647217278040308e+00
1.020677310371961299e+00
1.020707453081222571e+00
1.020737643935288430e+00
1.020767881449517134e+00
1.020798164125273910e+00
1.020828490450045534e+00
1.020858858897567334e+00
1.020889267927952204e+00
1.020919715987826937e+00
1.020950201510477662e+00
1.020980722916000172e+00
1.021011278611456685e+00
1.021041866991040603e+00
1.021072486436247706e+00
1.021103135316055344e+00
1.021133811987108064e+00
1.021164514793908351e+00
1.021195242069018905e+00
1.021225992133269145e+00
1.021256763295969039e+00
1.021287553855131147e+00
1.021318362097700216e+00
1.021349186299789658e+00
1.021380024726924685e+00
1.021410875634294335e+00
1.021441737267010375e+00
1.021472607860373749e+00
1.021503485640146591e+00
1.021534368822835548e+00
1.021565255615979106e+00
1.021596144218443802e+00
1.021627032820727310e+00
1.021657919605269305e+00
1.021688802746770097e+00
1.021719680412514819e+00
1.021750550762706933e+00
1.021781411950807517e+00
1.021812262123882098e+00
1.021843099422955481e+00
1.021873921983371236e+00
1.021904727935161183e+00
1.021935515403418648e+00
1.021966282508681712e+00
1.021997027367318456e+00
1.022027748091926203e+00
1.022058442791727195e+00
1.022089109572980714e+00
1.022119746539393859e+00
1.022150351792542100e+00
1.022180923432295163e+00
1.022211459557248681e+00
1.022241958265159179e+00
1.022272417653389720e+00
1.022302835819355327e+00
1.022333210860976171e+00
1.022363540877136323e+00
1.022393823968145821e+00
1.022424058236207633e+00
1.022454241785889284e+00
1.022484372724599133e+00
1.022514449163064887e+00
1.022544469215818319e+00
1.022574431001680662e+00
1.022604332644254654e+00
1.022634172272415043e+00
1.022663948020807290e+00
1.022693658030344066e+00
1.022723300448707295e+00
1.022752873430850640e+00
1.022782375139503541e+00
1.022811803745677928e+00
1.022841157429174919e+00
1.022870434379094196e+00
1.022899632794341596e+00
1.022928750884138260e+00
1.022957786868532448e+00
1.022986738978904908e+00
1.023015605458480248e+00
1.023044384562833864e+00
1.023073074560398421e+00
1.023101673732968564e+00
1.023130180376206289e+00
1.023158592800139655e+00
1.023186909329663941e+00
1.023215128305036803e+00
1.023243248082372103e+00
1.023271267034129739e+00
1.023299183549602143e+00
1.023326996035395897e+00
1.023354702915910464e+00
1.023382302633812024e+00
1.023409793650500665e+00
1.023437174446574893e+00
1.023464443522288159e+00
1.023491599398001828e+00
1.023518640614629494e+00
1.023545565734077512e+00
1.023572373339675323e+00
1.023599062036602225e+00
1.023625630452303703e+00
1.023652077236901770e+00
1.023678401063597088e+00
1.023704600629061767e+00
1.023730674653824835e+00
1.023756621882646378e+00
1.023782441084887473e+00
1.023808131054863235e+00
1.023833690612193870e+00
1.023859118602139295e+00
1.023884413895927992e+00
1.023909575391072746e+00
1.023934602011675965e+00
1.023959492708725438e+00
1.023984246460376557e+00
1.024008862272225429e+00
1.024033339177567337e+00
1.024057676237647208e+00
1.024081872541894089e+00
1.024105927208145417e+00
1.024129839382858176e+00
1.024153608241307634e+00
1.024177232987772967e+00
1.024200712855710016e+00
1.024224047107909819e+00
1.024247235036646719e+00
1.024270275963809151e+00
1.024293169241018653e+00
1.024315914249737780e+00
1.024338510401357372e+00
1.024360957137278039e+00
1.024383253928972337e+00
1.024405400278033174e+00
1.024427395716210665e+00
1.024449239805433010e+00
1.024470932137812706e+00
1.024492472335639892e+00
1.024513860051359693e+00
1.024535094967538029e+00
1.024556176796808771e+00
1.024577105281809786e+00
1.024597880195105670e+00
1.024618501339090937e+00
1.024638968545885209e+00
1.024659281677209766e+00
1.024679440624251425e+00
1.024699445307513113e+00
1.024719295676647546e+00
1.024738991710281599e+00
1.024758533415821127e+00
1.024777920829246680e+00
1.024797154014893019e+00
1.024816233065215965e+00
1.024835158100544596e+00
1.024853929268822350e+00
1.024872546745332125e+00
1.024891010732410734e+00
1.024909321459148925e+00
1.024927479181079182e+00
1.024945484179851096e+00
1.024963336762894084e+00
1.024981037263067218e+00
1.024998586038299297e+00
1.025015983471213588e+00
1.025033229968744131e+00
1.025050325961739617e+00
1.025067271904553712e+00
1.025084068274627835e+00
1.025100715572062393e+00
1.025117214319174685e+00
1.025133565060050378e+00
1.025149768360081648e+00
1.025165824805497783e+00
1.025181735002885119e+00
1.025197499578696547e+00
1.025213119178755239e+00
1.025228594467745502e+00
1.025243926128697636e+00
1.025259114862463239e+00
1.025274161387184080e+00
1.025289066437750751e+00
1.025303830765255109e+00
1.025318455136436047e+00
1.025332940333117060e+00
1.025347287151637587e+00
1.025361496402277695e+00
1.025375568908676538e+00
1.025389505507246390e+00
1.025403307046577783e+00
1.025416974386842206e+00
1.025430508399188145e+00
1.025443909965134015e+00
1.025457179975953537e+00
1.025470319332059788e+00
1.025483328942383920e+00
1.025496209723749441e+00
1.025508962600245155e+00
1.025521588502591896e+00
1.025534088367508812e+00
1.025546463137076980e+00
1.025558713758097706e+00
1.025570841181452364e+00
1.025582846361457134e+00
1.025594730255219078e+00
1.025606493821988208e+00
1.025618138022509562e+00
1.025629663818375281e+00
1.025641072171373569e+00
1.025652364042839881e+00
1.025663540393005890e+00
1.025674602180351114e+00
1.025685550360950993e+00
1.025696385887829187e+00
1.025707109710308096e+00
1.025717722773363150e+00
1.025728226016974887e+00
1.025738620375485244e+00
1.025748906776954072e+00
1.025759086142518317e+00
1.025769159385753193e+00
1.025779127412034697e+00
1.025788991117907223e+00
1.025798751390449626e+00
1.025808409106649499e+00
1.025817965132776788e+00
1.025827420323761396e+00
1.025836775522575905e+00
1.025846031559620730e+00
1.025855189252113497e+00
1.025864249403483086e+00
1.025873212802767664e+00
1.025882080224016502e+00
1.025890852425697997e+00
1.025899530150112593e+00
1.025908114122809023e+00
1.025916605052006991e+00
1.025925003628026300e+00
1.025933310522720854e+00
1.025941526388916891e+00
1.025949651859861200e+00
1.025957687548670449e+00
1.025965634047792285e+00
1.025973491928468428e+00
1.025981261740208206e+00
1.025988944010266302e+00
1.025996539243128503e+00
1.026004047920007434e+00
1.026011470498340072e+00
1.026018807411299028e+00
1.026026059067307594e+00
1.026033225849565689e+00
1.026040308115581112e+00
1.026047306196712583e+00
1.026054220397718320e+00
1.026061050996316393e+00
1.026067798242750850e+00
1.026074462359371608e+00
1.026081043540217896e+00
1.026087541950617021e+00
1.026093957726789352e+00
1.026100290975465290e+00
1.026106541773510683e+00
1.026112710167565112e+00
1.026118796173688397e+00
1.026124799777020424e+00
1.026130720931449192e+00
1.026136559559294170e+00
1.026142315550996553e+00
1.026147988764825492e+00
1.026153579026593210e+00
1.026159086129385445e+00
1.026164509833301874e+00
1.026169849865209205e+00
1.026175105918510688e+00
1.026180277652923856e+00
1.026185364694276014e+00
1.026190366634310625e+00
1.026195283030510774e+00
1.026200113405932424e+00
1.026204857249057412e+00
1.026209514013656676e+00
1.026214083118671017e+00
1.026218563948107620e+00
1.026222955850949914e+00
1.026227258141086507e+00
1.026231470097251464e+00
1.026235590962987221e+00
1.026239619946618831e+00
1.026243556221248854e+00
1.026247398924766907e+00
1.026251147159878974e+00
1.026254799994152700e+00
1.026258356460082455e+00
1.026261815555172152e+00
1.026265176242036503e+00
1.026268437448521142e+00
1.026271598067843627e+00
1.026274656958751974e+00
1.026277612945704742e+00
1.026280464819069316e+00
1.026283211335343282e+00
1.026285851217394463e+00
1.026288383154722261e+00
1.026290805803740991e+00
1.026293117788084519e+00
1.026295317698931786e+00
1.026297404095355859e+00
1.026299375504693190e+00
1.026301230422938637e+00
1.026302967315159798e+00
1.026304584615935545e+00
1.026306080729820325e+00
1.026307454031826660e+00
1.026308702867936073e+00
1.026309825555632216e+00
1.026310820384455313e+00
1.026311685616586367e+00
1.026312419487450445e+00
1.026313020206345961e+00
1.026313485957101257e+00
1.026313814898750287e+00
1.026314005166239607e+00
1.026314054871154458e+00
1.026313962102473498e+00
1.026313724927345961e+00
1.026313341391895673e+00
1.026312809522049729e+00
1.026312127324390033e+00
1.026311292787032592e+00
1.026310303880529906e+00
1.026309158558798451e+00
1.026307854760069915e+00
1.026306390407869973e+00
1.026304763412016152e+00
1.026302971669645014e+00
1.026301013066259982e+00
1.026298885476804035e+00
1.026296586766754615e+00
1.026294114793244727e+00
1.026291467406200919e+00
1.026288642449510569e+00
1.026285637762204939e+00
1.026282451179668653e+00
1.026279080534865384e+00
1.026275523659589073e+00
1.026271778385730471e+00
1.026267842546567444e+00
1.026263713978069703e+00
1.026259390520225523e+00
1.026254870018383336e+00
1.026250150324610644e+00
1.026245229299070472e+00
1.026240104811411591e+00
1.026234774742171840e+00
1.026229236984198323e+00
1.026223489444078041e+00
1.026217530043579629e+00
1.026211356721106860e+00
1.026204967433163917e+00
1.026198360155823552e+00
1.026191532886209234e+00
1.026184483643979517e+00
1.026177210472819734e+00
1.026169711441937249e+00
1.026161984647558256e+00
1.026154028214429470e+00
1.026145840297316258e+00
1.026137419082503666e+00
1.026128762789292104e+00
1.026119869671490381e+00
1.026110738018904511e+00
1.026101366158818973e+00
1.026091752457471085e+00
1.026081895321514059e+00
1.026071793199471838e+00
1.026061444583179050e+00
1.026050848009209204e+00
1.026040002060285339e+00
1.026028905366675126e+00
1.026017556607566661e+00
1.026005954512425378e+00
1.025994097862326759e+00
1.025981985491268400e+00
1.025969616287454755e+00
1.025956989194559021e+00
1.025944103212951042e+00
1.025930957400901677e+00
1.025917550875752982e+00
1.025903882815055068e+00
1.025889952457670340e+00
1.025875759104841300e+00
1.025861302121220842e+00
1.025846580935862562e+00
1.025831595043174671e+00
1.025816344003827485e+00
1.025800827445620733e+00
1.025785045064306678e+00
1.025768996624365048e+00
1.025752681959734236e+00
1.025736100974491638e+00
1.025719253643486040e+00
1.025702140012919594e+00
1.025684760200876511e+00
1.025667114397802004e+00
1.025649202866925069e+00
1.025631025944627961e+00
1.025612584040761055e+00
1.025593877638899976e+00
1.025574907296548322e+00
1.025555673645280219e+00
1.025536177390827808e+00
1.025516419313108551e+00
1.025496400266194374e+00
1.025476121178221733e+00
1.025455583051243513e+00
1.025434786961018752e+00
1.025413734056745962e+00
1.025392425560734955e+00
1.025370862768020919e+00
1.025349047045917450e+00
1.025326979833512286e+00
1.025304662641104647e+00
1.025282097049583729e+00
1.025259284709749252e+00
1.025236227341578044e+00
1.025212926733430230e+00
1.025189384741204579e+00
1.025165603287436333e+00
1.025141584360343305e+00
1.025117330012819794e+00
1.025092842361377654e+00
1.025068123585039626e+00
1.025043175924183592e+00
1.025018001679338209e+00
1.024992603209934794e+00
1.024966982933014581e+00
1.024941143321891346e+00
1.024915086904777839e+00
1.024888816263367142e+00
1.024862334031381383e+00
1.024835642893083598e+00
1.024808745581754943e+00
1.024781644878140829e+00
1.024754343608867968e+00
1.024726844644834767e+00
1.024699150899572198e+00
1.024671265327586678e+00
1.024643190922676528e+00
1.024614930716233552e+00
1.024586487775524635e+00
1.024557865201959572e+00
1.024529066129346688e+00
1.024500093722137795e+00
1.024470951173663380e+00
1.024441641704364914e+00
1.024412168560019598e+00
1.024382535009966677e+00
1.024352744345331523e+00
1.024322799877254386e+00
1.024292704935121590e+00
1.024262462864805823e+00
1.024232077026912879e+00
1.024201550795039939e+00
1.024170887554048059e+00
1.024140090698345329e+00
1.024109163630190666e+00
1.024078109758012278e+00
1.024046932494748541e+00
1.024015635256207535e+00
1.023984221459453448e+00
1.023952694521212292e+00
1.023921057856310490e+00
1.023889314876133660e+00
1.023857468987119823e+00
1.023825523589279030e+00
1.023793482074747185e+00
1.023761347826368073e+00
1.023729124216312236e+00
1.023696814604728944e+00
1.023664422338431690e+00
1.023631950749621655e+00
1.023599403154645371e+00
1.023566782852792567e+00
1.023534093125126887e+00
1.023501337233359454e+00
1.023468518418757744e+00
1.023435639901094207e+00
1.023402704877633296e+00
1.023369716522158246e+00
1.023336677984035603e+00
1.023303592387321714e+00
1.023270462829903416e+00
1.023237292382682240e+00
1.023204084088795707e+00
1.023170840962875694e+00
1.023137565990346998e+00
1.023104262126761865e+00
1.023070932297174052e+00
1.023037579395546182e+00
1.023004206284198192e+00
1.022970815793287080e+00
1.022937410720325069e+00
1.022903993829729963e+00
1.022870567852410817e+00
1.022837135485386684e+00
1.022803699391436894e+00
1.022770262198784863e+00
1.022736826500809437e+00
1.022703394855790648e+00
1.022669969786681232e+00
1.022636553780909896e+00
1.022603149290207014e+00
1.022569758730464962e+00
1.022536384481616434e+00
1.022503028887544518e+00
1.022469694256011641e+00
1.022436382858616710e+00
1.022403096930771804e+00
1.022369838671702391e+00
1.022336610244467536e+00
1.022303413776001202e+00
1.022270251357173310e+00
1.022237125042868566e+00
1.022204036852084164e+00
1.022170988768043909e+00
1.022137982738331008e+00
1.022105020675033726e+00
1.022072104454909036e+00
1.022039235919560030e+00
1.022006416875626655e+00
1.021973649094990444e+00
1.021940934314993665e+00
1.021908274238667591e+00
1.021875670534976299e+00
1.021843124839069139e+00
1.021810638752546074e+00
1.021778213843731242e+00
1.021745851647960723e+00
1.021713553667874530e+00
1.021681321373723694e+00
1.021649156203682018e+00
1.021617059564170038e+00
1.021585032830183870e+00
1.021553077345635607e+00
1.021521194423701262e+00
1.021489385347174039e+00
1.021457651368827602e+00
1.021425993711786218e+00
1.021394413569902682e+00
1.021362912108140675e+00
1.021331490462968450e+00
1.021300149742755847e+00
1.021268891028177972e+00
1.021237715372629307e+00
1.021206623802639379e+00
1.021175617318299089e+00
1.021144696893689252e+00
1.021113863477320471e+00
1.021083117992573230e+00
1.021052461338149975e+00
1.021021894388528306e+00
1.020991417994423500e+00
1.020961032983254801e+00
1.020930740159618821e+00
1.020900540305767823e+00
1.020870434182093334e+00
1.020840422527616198e+00
1.020810506060481959e+00
1.020780685478458238e+00
1.020750961459442774e+00
1.020721334661971902e+00
1.020691805725734369e+00
1.020662375272091360e+00
1.020633043904599635e+00
1.020603812209538663e+00
1.020574680756441754e+00
1.020545650098630741e+00
1.020516720773753772e+00
1.020487893304326210e+00
1.020459168198275313e+00
1.020430545949483570e+00
1.020402027038338488e+00
1.020373611932280600e+00
1.020345301086354795e+00
1.020317094943760328e+00
1.020288993936401933e+00
1.020260998485441384e+00
1.020233109001847494e+00
1.020205325886944792e+00
1.020177649532961306e+00
1.020150080323571462e+00
1.020122618634441203e+00
1.020095264833763116e+00
1.020068019282792893e+00
1.020040882336378241e+00
1.020013854343483573e+00
1.019986935647707815e+00
1.019960126587797777e+00
1.019933427498151524e+00
1.019906838709315533e+00
1.019880360548474085e+00
1.019853993339927989e+00
1.019827737405564427e+00
1.019801593065315481e+00
1.019775560637608214e+00
1.019749640439798988e+00
1.019723832788600237e+00
1.019698138000489473e+00
1.019672556392110518e+00
1.019647088280655201e+00
1.019621733984234169e+00
1.019596493822231276e+00
1.019571368115643750e+00
1.019546357187403718e+00
1.019521461362687065e+00
1.019496680969201208e+00
1.019472016337461096e+00
1.019447467801040563e+00
1.019423035696813695e+00
1.019398720365171984e+00
1.019374522150226392e+00
1.019350441399990093e+00
1.019326478466541896e+00
1.019302633706172578e+00
1.019278907479510776e+00
1.019255300151631349e+00
1.019231812092143974e+00
1.019208443675263531e+00
1.019185195279862288e+00
1.019162067289502538e+00
1.019139060092452809e+00
1.019116174081683646e+00
1.019093409654848514e+00
1.019070767214245166e+00
1.019048247166759680e+00
1.019025849923797189e+00
1.019003575901193281e+00
1.018981425519109640e+00
1.018959399201916582e+00
1.018937497378059165e+00
1.018915720479911524e+00
1.018894068943614117e+00
1.018872543208901416e+00
1.018851143718915164e+00
1.018829870920008762e+00
1.018808725261537429e+00
1.018787707195640602e+00
1.018766817177013673e+00
1.018746055662673067e+00
1.018725423111709993e+00
1.018704919985040869e+00
1.018684546745147301e+00
1.018664303855813635e+00
1.018644191781858499e+00
1.018624210988861911e+00
1.018604361942887504e+00
1.018584645110207410e+00
1.018565060957016932e+00
1.018545609949156106e+00
1.018526292551825474e+00
1.018507109229305208e+00
1.018488060444671994e+00
1.018469146659520819e+00
1.018450368333687850e+00
1.018431725924974218e+00
1.018413219888876231e+00
1.018394850678318697e+00
1.018376618743391804e+00
1.018358524531094211e+00
1.018340568485082365e+00
1.018322751045425356e+00
1.018305072648365783e+00
1.018287533726089267e+00
1.018270134706501517e+00
1.018252876013011177e+00
1.018235758064323537e+00
1.018218781274241813e+00
1.018201946051477735e+00
1.018185252799470142e+00
1.018168701916215335e+00
1.018152293794105212e+00
1.018136028819776495e+00
1.018119907373968624e+00
1.018103929831393861e+00
1.018088096560616496e+00
1.018072407923941824e+00
1.018056864277317786e+00
1.018041465970244808e+00
1.018026213345696762e+00
1.018011106740054572e+00
1.017996146483046260e+00
1.017981332897701652e+00
1.017966666300313960e+00
1.017952147000413810e+00
1.017937775300751468e+00
1.017923551497291745e+00
1.017909475879215542e+00
1.017895548728932065e+00
1.017881770322102142e+00
1.017868140927668197e+00
1.017854660807893774e+00
1.017841330218412832e+00
1.017828149408285476e+00
1.017815118620063242e+00
1.017802238089862366e+00
1.017789508047442393e+00
1.017776928716294549e+00
1.017764500313733667e+00
1.017752223051000993e+00
1.017740097133369215e+00
1.017728122760253040e+00
1.017716300125329765e+00
1.017704629416659179e+00
1.017693110816810798e+00
1.017681744502996422e+00
1.017670530647203808e+00
1.017659469416334561e+00
1.017648560972347571e+00
1.017637805472402235e+00
1.017627203069004338e+00
1.017616753910155047e+00
1.017606458139500791e+00
1.017596315896484693e+00
1.017586327316498007e+00
1.017576492531032883e+00
1.017566811667834692e+00
1.017557284851053900e+00
1.017547912201398175e+00
1.017538693836283592e+00
1.017529629869982966e+00
1.017520720413775059e+00
1.017511965576089361e+00
1.017503365462651521e+00
1.017494920176624129e+00
1.017486629818745936e+00
1.017478494487467966e+00
1.017470514279086746e+00
1.017462689287872868e+00
1.017455019606199107e+00
1.017447505324660550e+00
1.017440146532194056e+00
1.017432943316192606e+00
1.017425895762615218e+00
1.017419003956092638e+00
1.017412267980028373e+00
1.017405687916695944e+00
1.017399263847329705e+00
1.017392995852213433e+00
1.017386884010761161e+00
1.017380928401596218e+00
1.017375129102621845e+00
1.017369486191091354e+00
1.017363999743667868e+00
1.017358669836484264e+00
1.017353496545194691e+00
1.017348479945023865e+00
1.017343620110807922e+00
1.017338917117034391e+00
1.017334371037874163e+00
1.017329981947211914e+00
1.017325749918668532e+00
1.017321675025621097e+00
1.017317757341217987e+00
1.017313996938390197e+00
1.017310393889855558e+00
1.017306948268124067e+00
1.017303660145493449e+00
1.017300529594045377e+00
1.017297556685634152e+00
1.017294741491875598e+00
1.017292084084129300e+00
1.017289584533478175e+00
1.017287242910706269e+00
1.017285059286271887e+00
1.017283033730278952e+00
1.017281166312443919e+00
1.017279457102061802e+00
1.017277906167968871e+00
1.017276513578503128e+00
1.017275279401462118e+00
1.017274203704060298e+00
1.017273286552881295e+00
1.017272528013832833e+00
1.017271928152095217e+00
1.017271487032072930e+00
1.017271204717340893e+00
1.017271081270592958e+00
1.017271116753586169e+00
1.017271311227086361e+00
1.017271664750812210e+00
1.017272177383377940e+00
1.017272849182237371e+00
1.017273680203624409e+00
1.017274670502496425e+00
1.017275820132474973e+00
1.017277129145788273e+00
1.017278597593211709e+00
1.017280225524010095e+00
1.017282012985878836e+00
1.017283960024886413e+00
1.017286066685415991e+00
1.017288333010108570e+00
1.017290759039805703e+00
1.017293344813492872e+00
1.017296090368244421e+00
1.017298995739167822e+00
1.017302060959348164e+00
1.017305286059796199e+00
1.017308671069395043e+00
1.017312216014845561e+00
1.017315920920617733e+00
1.017319785808899368e+00
1.017323810699545694e+00
1.017327995610031399e+00
1.017332340555402448e+00
1.017336845548229451e+00
1.017341510598561483e+00
1.017346335713880556e+00
1.017351320899058997e+00
1.017356466156314587e+00
1.017361771485169930e+00
1.017367236882409598e+00
1.017372862342039941e+00
1.017378647855250673e+00
1.017384593410374016e+00
1.017390698992848730e+00
1.017396964585181030e+00
1.017403390166909949e+00
1.017409975714569370e+00
1.017416721201654939e+00
1.017423626598587427e+00
1.017430691872680759e+00
1.017437916988106927e+00
1.017445301905863797e+00
1.017452846583742687e+00
1.017460550976295064e+00
1.017468415034801898e+00
1.017476438707241027e+00
1.017484621938256728e+00
1.017492964669127087e+00
1.017501466837734014e+00
1.017510128378531054e+00
1.017518949222513847e+00
1.017527929297186606e+00
1.017537068526532140e+00
1.017546366830979876e+00
1.017555824127374553e+00
1.017565440328942250e+00
1.017575215345260187e+00
1.017585149082222085e+00
1.017595241442005527e+00
1.017605492323037097e+00
1.017615901619958629e+00
1.017626469223591013e+00
1.017637195020899776e+00
1.017648078894955788e+00
1.017659120724900834e+00
1.017670320385906546e+00
1.017681677749137092e+00
1.017693192681707215e+00
1.017704865046642704e+00
1.017716694702837099e+00
1.017728681505008392e+00
1.017740825303655283e+00
1.017753125945011217e+00
1.017765583270997753e+00
1.017778197119176387e+00
1.017790967322700135e+00
1.017803893710261809e+00
1.017816976106043825e+00
1.017830214329664251e+00
1.017843608196122407e+00
1.017857157515743571e+00
1.017870862094121698e+00
1.017884721732061459e+00
1.017898736225516743e+00
1.017912905365531362e+00
1.017927228938175110e+00
1.017941706724480033e+00
1.017956338500374258e+00
1.017971124036616049e+00
1.017986063098724303e+00
1.018001155446908612e+00
1.018016400835998869e+00
1.018031799015371330e+00
1.018047349728874673e+00
1.018063052714754724e+00
1.018078907705576963e+00
1.018094914428147479e+00
1.018111072603434586e+00
1.018127381946485555e+00
1.018143842166345125e+00
1.018160452965970686e+00
1.018177214042148115e+00
1.018194125085403412e+00
1.018211185779915873e+00
1.018228395803427722e+00
1.018245754827154848e+00
1.018263262515693546e+00
1.018280918526928591e+00
1.018298722511938648e+00
1.018316674114899900e+00
1.018334772972991464e+00
1.018353018716295910e+00
1.018371410967701785e+00
1.018389949342802581e+00
1.018408633449797707e+00
1.018427462889389457e+00
1.018446437254680204e+00
1.018465556131070038e+00
1.018484819096150851e+00
1.018504225719601530e+00
1.018523775563082712e+00
1.018543468180128198e+00
1.018563303116038821e+00
1.018583279907773420e+00
1.018603398083840261e+00
1.018623657164186902e+00
1.018644056660090502e+00
1.018664596074047246e+00
1.018685274899661319e+00
1.018706092621532777e+00
1.018727048715146299e+00
1.018748142646757726e+00
1.018769373873283479e+00
1.018790741842185765e+00
1.018812245991360887e+00
1.018833885749025114e+00
1.018855660533602325e+00
1.018877569753609436e+00
1.018899612807544486e+00
1.018921789083772511e+00
1.018944097960412520e+00
1.018966538805224253e+00
1.018989110975496271e+00
1.019011813817932044e+00
1.019034646668539157e+00
1.019057608852516505e+00
1.019080699684143942e+00
1.019103918466670144e+00
1.019127264492202922e+00
1.019150737041599974e+00
1.019174335384360086e+00
1.019198058778513438e+00
1.019221906470515693e+00
1.019245877695141411e+00
1.019269971675377473e+00
1.019294187622319603e+00
1.019318524735068898e+00
1.019342982200628800e+00
1.019367559193804951e+00
1.019392254877105053e+00
1.019417068400640503e+00
1.019441998902029578e+00
1.019467045506303071e+00
1.019492207325809030e+00
1.019517483460121721e+00
1.019542872995951477e+00
1.019568375007055439e+00
1.019593988554152730e+00
1.019619712684838309e+00
1.019645546433502137e+00
1.019671488821247918e+00
1.019697538855816710e+00
1.019723695531509433e+00
1.019749957829116482e+00
1.019776324715844673e+00
1.019802795145251739e+00
1.019829368057179941e+00
1.019856042377694338e+00
1.019882817019022836e+00
1.019909690879501785e+00
1.019936662843520025e+00
1.019963731781472038e+00
1.019990896549708204e+00
1.020018155990494835e+00
1.020045508931971545e+00
1.020072954188117276e+00
1.020100490558716544e+00
1.020128116829332132e+00
1.020155831771279109e+00
1.020183634141605289e+00
1.020211522683074357e+00
1.020239496124153433e+00
1.020267553179005526e+00
1.020295692547485311e+00
1.020323912915140685e+00
1.020352212953218540e+00
1.020380591318674757e+00
1.020409046654189966e+00
1.020437577588188649e+00
1.020466182734865779e+00
1.020494860694215689e+00
1.020523610052069818e+00
1.020552429380135351e+00
1.020581317236042063e+00
1.020610272163396504e+00
1.020639292691837063e+00
1.020668377337098365e+00
1.020697524601080541e+00
1.020726732971923845e+00
1.020756000924090801e+00
1.020785326918452363e+00
1.020814709402382059e+00
1.020844146809856134e+00
1.020873637561558134e+00
1.020903180064993254e+00
1.020932772714607140e+00
1.020962413891910447e+00
1.020992101965612964e+00
1.021021835291761715e+00
1.021051612213887516e+00
1.021081431063157741e+00
1.021111290158536633e+00
1.021141187806951400e+00
1.021171122303467627e+00
1.021201091931469573e+00
1.021231094962848474e+00
1.021261129658198374e+00
1.021291194267019309e+00
1.021321287027927571e+00
1.021351406168872877e+00
1.021381549907363073e+00
1.021411716450696838e+00
1.021441903996204825e+00
1.021472110731494132e+00
1.021502334834704984e+00
1.021532574474772304e+00
1.021562827811695717e+00
1.021593092996815333e+00
1.021623368173097512e+00
1.021653651475426638e+00
1.021683941030903764e+00
1.021714234959153478e+00
1.021744531372638765e+00
1.021774828376980526e+00
1.021805124071288429e+00
1.021835416548494635e+00
1.021865703895697974e+00
1.021895984194513662e+00
1.021926255521429461e+00
1.021956515948171607e+00
1.021986763542073184e+00
1.022016996366453156e+00
1.022047212481000500e+00
1.022077409942164117e+00
1.022107586803551182e+00
1.022137741116329268e+00
1.022167870929637568e+00
1.022197974291001454e+00
1.022228049246754589e+00
1.022258093842467019e+00
1.022288106123377061e+00
1.022318084134830940e+00
1.022348025922726222e+00
1.022377929533961227e+00
1.022407793016888222e+00
1.022437614421773056e+00
1.022467391801257897e+00
1.022497123210829528e+00
1.022526806709290526e+00
1.022556440359234875e+00
1.022586022227529146e+00
1.022615550385793881e+00
1.022645022910890322e+00
1.022674437885410459e+00
1.022703793398169081e+00
1.022733087544697161e+00
1.022762318427741235e+00
1.022791484157760333e+00
1.022820582853428917e+00
1.022849612642137362e+00
1.022878571660496005e+00
1.022907458054841623e+00
1.022936269981739255e+00
1.022965005608491351e+00
1.022993663113640928e+00
1.023022240687478046e+00
1.023050736532544969e+00
1.023079148864140642e+00
1.023107475910821851e+00
1.023135715914907706e+00
1.023163867132978133e+00
1.023191927836370585e+00
1.023219896311677646e+00
1.023247770861239525e+00
1.023275549803631890e+00
1.023303231474155250e+00
1.023330814225316354e+00
1.023358296427306691e+00
1.023385676468477890e+00
1.023412952755812011e+00
1.023440123715386063e+00
1.023467187792832522e+00
1.023494143453793637e+00
1.023520989184368180e+00
1.023547723491556649e+00
1.023574344903695588e+00
1.023600851970885461e+00
1.023627243265414766e+00
1.023653517382173028e+00
1.023679672939057150e+00
1.023705708577371087e+00
1.023731622962215759e+00
1.023757414782870745e+00
1.023783082753166873e+00
1.023808625611849488e+00
1.023834042122933496e+00
1.023859331076047763e+00
1.023884491286767506e+00
1.023909521596941374e+00
1.023934420875002527e+00
1.023959188016272615e+00
1.023983821943253325e+00
1.024008321605906824e+00
1.024032685981924873e+00
1.024056914076986402e+00
1.024081004925002425e+00
1.024104957588350073e+00
1.024128771158092865e+00
1.024152444754189428e+00
1.024175977525690007e+00
1.024199368650918540e+00
1.024222617337642749e+00
1.024245722823232230e+00
1.024268684374799676e+00
1.024291501289332773e+00
1.024314172893809882e+00
1.024336698545303292e+00
1.024359077631067594e+00
1.024381309568614729e+00
1.024403393805775941e+00
1.024425329820747965e+00
1.024447117122126549e+00
1.024468755248924445e+00
1.024490243770576736e+00
1.024511582286929734e+00
1.024532770428218775e+00
1.024553807855028031e+00
1.024574694258238994e+00
1.024595429358962750e+00
1.024616012908457829e+00
1.024636444688036718e+00
1.024656724508953509e+00
1.024676852212281108e+00
1.024696827668772237e+00
1.024716650778706883e+00
1.024736321471726663e+00
1.024755839706652960e+00
1.024775205471292416e+00
1.024794418782231098e+00
1.024813479684609119e+00
1.024832388251887494e+00
1.024851144585598117e+00
1.024869748815082637e+00
1.024888201097215346e+00
1.024906501616115406e+00
1.024924650582846208e+00
1.024942648235099174e+00
1.024960494836868907e+00
1.024978190678113688e+00
1.024995736074403530e+00
1.025013131366556696e+00
1.025030376920264885e+00
1.025047473125707320e+00
1.025064420397149956e+00
1.025081219172538916e+00
1.025097869913078164e+00
1.025114373102798293e+00
1.025130729248115991e+00
1.025146938877380176e+00
1.025163002540411927e+00
1.025178920808030414e+00
1.025194694271571727e+00
1.025210323542399715e+00
1.025225809251403275e+00
1.025241152048488980e+00
1.025256352602063714e+00
1.025271411598507765e+00
1.025286329741642355e+00
1.025301107752186303e+00
1.025315746367208680e+00
1.025330246339570373e+00
1.025344608437362970e+00
1.025358833443335449e+00
1.025372922154320410e+00
1.025386875380650098e+00
1.025400693945566877e+00
1.025414378684630590e+00
1.025427930445116598e+00
1.025441350085413372e+00
1.025454638474410540e+00
1.025467796490885819e+00
1.025480825022886844e+00
1.025493724967107667e+00
1.025506497228263258e+00
1.025519142718459120e+00
1.025531662356558904e+00
1.025544057067548476e+00
1.025556327781896648e+00
1.025568475434915250e+00
1.025580500966114972e+00
1.025592405318560996e+00
1.025604189438226399e+00
1.025615854273343341e+00
1.025627400773754472e+00
1.025638829890263226e+00
1.025650142573981460e+00
1.025661339775680414e+00
1.025672422445137899e+00
1.025683391530487931e+00
1.025694247977569251e+00
1.025704992729275400e+00
1.025715626724905682e+00
1.025726150899516131e+00
1.025736566183270693e+00
1.025746873500799072e+00
1.025757073770549699e+00
1.025767167904148236e+00
1.025777156805758761e+00
1.025787041371443831e+00
1.025796822488532101e+00
1.025806501034983720e+00
1.025816077878761723e+00
1.025825553877206309e+00
1.025834929876411117e+00
1.025844206710605722e+00
1.025853385201537238e+00
1.025862466157862141e+00
1.025871450374537197e+00
1.025880338632216393e+00
1.025889131696653411e+00
1.025897830318108106e+00
1.025906435230757641e+00
1.025914947152111623e+00
1.025923366782437007e+00
1.025931694804183003e+00
1.025939931881413969e+00
1.025948078659250751e+00
1.025956135763313126e+00
1.025964103799172022e+00
1.025971983351807726e+00
1.025979774985072979e+00
1.025987479241165401e+00
1.025995096640104576e+00
1.026002627679217571e+00
1.026010072832632014e+00
1.026017432550775155e+00
1.026024707259883151e+00
1.026031897361515011e+00
1.026039003232078750e+00
1.026046025222361546e+00
1.026052963657070993e+00
1.026059818834385240e+00
1.026066591025510455e+00
1.026073280474246951e+00
1.026079887396568413e+00
1.026086411980205337e+00
1.026092854384241804e+00
1.026099214738720455e+00
1.026105493144258807e+00
1.026111689671674210e+00
1.026117804361620589e+00
1.026123837224235391e+00
1.026129788238797858e+00
1.026135657353397068e+00
1.026141444484613974e+00
1.026147149517211643e+00
1.026152772303840610e+00
1.026158312664754435e+00
1.026163770387536367e+00
1.026169145226843105e+00
1.026174436904154552e+00
1.026179645107543781e+00
1.026184769491454318e+00
1.026189809676494757e+00
1.026194765249244689e+00
1.026199635762076401e+00
1.026204420732990563e+00
1.026209119645465018e+00
1.026213731948319996e+00
1.026218257055597993e+00
1.026222694346457853e+00
1.026227043165087505e+00
1.026231302820627800e+00
1.026235472587117226e+00
1.026239551703450825e+00
1.026243539373355329e+00
1.026247434765382494e+00
1.026251237012919759e+00
1.026254945214217340e+00
1.026258558432434853e+00
1.026262075695704379e+00
1.026265495997213062e+00
1.026268818295303920e+00
1.026272041513596633e+00
1.026275164541126772e+00
1.026278186232503664e+00
1.026281105408090921e+00
1.026283920854204501e+00
1.026286631323332310e+00
1.026289235534374455e+00
1.026291732172905036e+00
1.026294119891453693e+00
1.026296397309810482e+00
1.026298563015350496e+00
1.026300615563383145e+00
1.026302553477521418e+00
1.026304375250074230e+00
1.026306079342462763e+00
1.026307664185658108e+00
1.026309128180643793e+00
1.026310469698899830e+00
1.026311687082911206e+00
1.026312778646702339e+00
1.026313742676391083e+00
1.026314577430770258e+00
1.026315281141913394e+00
1.026315852015803110e+00
1.026316288232984819e+00
1.026316587949245740e+00
1.026316749296319442e+00
1.026316770382610377e+00
1.026316649293951055e+00
1.026316384094377643e+00
1.026315972826932654e+00
1.026315413514494734e+00
1.026314704160629088e+00
1.026313842750466332e+00
1.026312827251605775e+00
1.026311655615039786e+00
1.026310325776109256e+00
1.026308835655475926e+00
1.026307183160126479e+00
1.026305366184394829e+00
1.026303382611010617e+00
1.026301230312173018e+00
1.026298907150644091e+00
1.026296410980869211e+00
1.026293739650116610e+00
1.026290890999641991e+00
1.026287862865873146e+00
1.026284653081617648e+00
1.026281259477290320e+00
1.026277679882161564e+00
1.026273912125626131e+00
1.026269954038490750e+00
1.026265803454280867e+00
1.026261458210565358e+00
1.026256916150298570e+00
1.026252175123179455e+00
1.026247232987026692e+00
1.026242087609168685e+00
1.026236736867848443e+00
1.026231178653641107e+00
1.026225410870885479e+00
1.026219431439125973e+00
1.026213238294565233e+00
1.026206829391528519e+00
1.026200202703933417e+00
1.026193356226769771e+00
1.026186287977585376e+00
1.026178995997976351e+00
1.026171478355082378e+00
1.026163733143084844e+00
1.026155758484704972e+00
1.026147552532705731e+00
1.026139113471388642e+00
1.026130439518092796e+00
1.026121528924684778e+00
1.026112379979049916e+00
1.026102991006571319e+00
1.026093360371604035e+00
1.026083486478939655e+00
1.026073367775259371e+00
1.026063002750574160e+00
1.026052389939652532e+00
1.026041527923431618e+00
1.026030415330411838e+00
1.026019050838032687e+00
1.026007433174027872e+00
1.025995561117760468e+00
1.025983433501532538e+00
1.025971049211871433e+00
1.025958407190789234e+00
1.025945506437013321e+00
1.025932346007188745e+00
1.025918925017047734e+00
1.025905242642548565e+00
1.025891298120977790e+00
1.025877090752017606e+00
1.025862619898777250e+00
1.025847884988783765e+00
1.025832885514932791e+00
1.025817621036398730e+00
1.025802091179500941e+00
1.025786295638526191e+00
1.025770234176504037e+00
1.025753906625938017e+00
1.025737312889485109e+00
1.025720452940588334e+00
1.025703326824058959e+00
1.025685934656604736e+00
1.025668276627307751e+00
1.025650352998049186e+00
1.025632164103876587e+00
1.025613710353320274e+00
1.025594992228648472e+00
1.025576010286071149e+00
1.025556765155882566e+00
1.025537257542547653e+00
1.025517488224730211e+00
1.025497458055261824e+00
1.025477167961050595e+00
1.025456618942933940e+00
1.025435812075468522e+00
1.025414748506661811e+00
1.025393429457646555e+00
1.025371856222291100e+00
1.025350030166755966e+00
1.025327952728987135e+00
1.025305625418153399e+00
1.025283049814025294e+00
1.025260227566296312e+00
1.025237160393847713e+00
1.025213850083955158e+00
1.025190298491445162e+00
1.025166507537790928e+00
1.025142479210159774e+00
1.025118215560405943e+00
1.025093718704012113e+00
1.025068990818982950e+00
1.025044034144687810e+00
1.025018850980658147e+00
1.024993443685338512e+00
1.024967814674792477e+00
1.024941966421367923e+00
1.024915901452320144e+00
1.024889622348395646e+00
1.024863131742379529e+00
1.024836432317607571e+00
1.024809526806442994e+00
1.024782417988723271e+00
1.024755108690176497e+00
1.024727601780811126e+00
1.024699900173278611e+00
1.024672006821213843e+00
