1.000603315025466955e+00
1.000676841394810168e+00
1.000798587265726125e+00
1.000941823574805323e+00
1.001097445861268920e+00
1.001260991459055782e+00
1.001429796434559760e+00
1.001602085222727867e+00
1.001776591005445027e+00
1.001952366162565111e+00
1.002128676302352916e+00
1.002304936584134332e+00
1.002480671434702097e+00
1.002655488014806195e+00
1.002829058151915476e+00
1.003001105684601324e+00
1.003171397370903772e+00
1.003339736198985310e+00
1.003505956345808414e+00
1.003669919281410916e+00
1.003831510677623662e+00
1.003990637886534198e+00
1.004147227826045707e+00
1.004301225159629052e+00
1.004452590692074265e+00
1.004601299927431857e+00
1.004747341752358025e+00
1.004890717219836471e+00
1.005031438416240652e+00
1.005169527399963236e+00
1.005305015203228347e+00
1.005437940890823834e+00
1.005568350670794420e+00
1.005696297052985688e+00
1.005821838051950579e+00
1.005945036431258544e+00
1.006065958986827047e+00
1.006184675867492384e+00
1.006301259931713377e+00
1.006415786139982060e+00
1.006528330983203823e+00
1.006638971947904970e+00
1.006747787019624418e+00
1.006854854226197471e+00
1.006960251222778435e+00
1.007064054920431051e+00
1.007166341159852596e+00
1.007267184431395179e+00
1.007366657641942220e+00
1.007464831928510218e+00
1.007561776517647667e+00
1.007657558628894723e+00
1.007752243419768767e+00
1.007845893969000928e+00
1.007938571294114682e+00
1.008030334398927419e+00
1.008121240346199432e+00
1.008211344350461447e+00
1.008300699886016449e+00
1.008389358805232172e+00
1.008477371462503047e+00
1.008564786839634131e+00
1.008651652668870025e+00
1.008738015550320277e+00
1.008823921061104301e+00
1.008909413854113257e+00
1.008994537744847708e+00
1.009079335785328269e+00
1.009163850324546807e+00
1.009248123055354274e+00
1.009332195048036951e+00
1.009416106771112709e+00
1.009499898100113091e+00
1.009583608315258729e+00
1.009667276089049714e+00
1.009750939464836295e+00
1.009834635827449922e+00
1.009918401866950699e+00
1.010002273536501738e+00
1.010086286005317691e+00
1.010170473607557629e+00
1.010254869787955201e+00
1.010339507044894614e+00
1.010424416871563480e+00
1.010509629695742095e+00
1.010595174818714526e+00
1.010681080353740935e+00
1.010767373164459304e+00
1.010854078803568923e+00
1.010941221452089200e+00
1.011028823859483339e+00
1.011116907284903998e+00
1.011205491439820303e+00
1.011294594432271321e+00
1.011384232713003151e+00
1.011474421023746073e+00
1.011565172347906660e+00
1.011656497863956172e+00
1.011748406901820996e+00
1.011840906902593762e+00
1.011934003381904645e+00
1.012027699897311672e+00
1.012121998020081515e+00
1.012216897311750685e+00
1.012312395305867696e+00
1.012408487495324083e+00
1.012505167325680855e+00
1.012602426194903593e+00
1.012700253459895450e+00
1.012798636450219281e+00
1.012897560489356419e+00
1.012997008923835818e+00
1.013096963160515562e+00
1.013197402712258777e+00
1.013298305252182674e+00
1.013399646676603538e+00
1.013501401176721828e+00
1.013603541319021417e+00
1.013706038134261078e+00
1.013808861214858359e+00
1.013911978820368098e+00
1.014015357990655009e+00
1.014118964666272493e+00
1.014222763815453288e+00
1.014326719567026469e+00
1.014430795348481684e+00
1.014534954028307068e+00
1.014639158061661828e+00
1.014743369638350323e+00
1.014847550832022272e+00
1.014951663749455779e+00
1.015055670678749022e+00
1.015159534235216210e+00
1.015263217503770576e+00
1.015366684176579826e+00
1.015469898684792538e+00
1.015572826323168032e+00
1.015675433366481473e+00
1.015777687176637301e+00
1.015879556299488673e+00
1.015981010550450980e+00
1.016082021088071663e+00
1.016182560474839125e+00
1.016282602724598139e+00
1.016382123336070364e+00
1.016481099312077863e+00
1.016579509164193373e+00
1.016677332902662378e+00
1.016774552011544097e+00
1.016871149409154462e+00
1.016967109393986490e+00
1.017062417576403810e+00
1.017157060796496371e+00
1.017251027028592603e+00
1.017344305273009120e+00
1.017436885435698102e+00
1.017528758196545979e+00
1.017619914867138098e+00
1.017710347238879542e+00
1.017800047422422693e+00
1.017889007679418256e+00
1.017977220247657133e+00
1.018064677160731790e+00
1.018151370063397509e+00
1.018237290023865205e+00
1.018322427344316106e+00
1.018406771370976571e+00
1.018490310305151469e+00
1.018573031016665631e+00
1.018654918861223058e+00
1.018735957503252632e+00
1.018816128745861027e+00
1.018895412369573261e+00
1.018973785981603042e+00
1.019051224877433270e+00
1.019127701916538342e+00
1.019203187414124745e+00
1.019277649050776668e+00
1.019351051801919983e+00
1.019423357889008841e+00
1.019494526754309849e+00
1.019564515061119891e+00
1.019633276721167547e+00
1.019700762950845885e+00
1.019766922357783212e+00
1.019831701059067619e+00
1.019895042832240417e+00
1.019956889299884706e+00
1.020017180148351077e+00
1.020075853380794317e+00
1.020132845604310390e+00
1.020188092350521103e+00
1.020241528428481370e+00
1.020293088308278584e+00
1.020342706533158950e+00
1.020390318157468279e+00
1.020435859207131646e+00
1.020479267158851178e+00
1.020520481433650151e+00
1.020559443899901941e+00
1.020596099380504995e+00
1.020630396158470843e+00
1.020662286474871117e+00
1.020691727012840166e+00
1.020718679361214409e+00
1.020743110451355573e+00
1.020764992960825346e+00
1.020784305677806314e+00
1.020801033820540216e+00
1.020815169306559245e+00
1.020826710967113859e+00
1.020835664702960166e+00
1.020842043578521929e+00
1.020845867852394617e+00
1.020847164943176955e+00
1.020845969330673952e+00
1.020842322393604507e+00
1.020836272186010252e+00
1.020827873155615961e+00
1.020817185808351457e+00
1.020804276324140503e+00
1.020789216129831312e+00
1.020772081435787459e+00
1.020752952743147812e+00
1.020731914329099155e+00
1.020709053717673287e+00
1.020684461143587018e+00
1.020658229016481178e+00
1.020630451392610105e+00
1.020601223460584794e+00
1.020570641047208849e+00
1.020538800148780290e+00
1.020505796492483963e+00
1.020471725131714136e+00
1.020436680078323555e+00
1.020400753973968344e+00
1.020364037801892554e+00
1.020326620639697257e+00
1.020288589452905903e+00
1.020250028928439745e+00
1.020211021346525637e+00
1.020171646489010264e+00
1.020131981581626546e+00
1.020092101267390472e+00
1.020052077608050167e+00
1.020011980110312244e+00
1.019971875773484360e+00
1.019931829155140912e+00
1.019891902451462995e+00
1.019852155589018983e+00
1.019812646324904648e+00
1.019773430352372889e+00
1.019734561409324280e+00
1.019696091387294112e+00
1.019658070438865582e+00
1.019620547081724116e+00
1.019583568297873777e+00
1.019547179626818512e+00
1.019511425251797609e+00
1.019476348078413919e+00
1.019441989805244031e+00
1.019408390986216384e+00
1.019375591084742183e+00
1.019343628519728373e+00
1.019312540703736447e+00
1.019282364073645919e+00
1.019253134114254333e+00
1.019224885375297429e+00
1.019197651482403266e+00
1.019171465142493016e+00
1.019146358144152220e+00
1.019122361353464790e+00
1.019099504705783588e+00
1.019077817193874802e+00
1.019057326852836454e+00
1.019038060742157192e+00
1.019020044925230017e+00
1.019003304446612246e+00
1.018987863307275088e+00
1.018973744438058660e+00
1.018960969671518502e+00
1.018949559712327924e+00
1.018939534106370282e+00
1.018930911208655310e+00
1.018923708150167862e+00
1.018917940803762523e+00
1.018913623749211128e+00
1.018910770237511754e+00
1.018909392154583538e+00
1.018909499984470557e+00
1.018911102772206423e+00
1.018914208086497020e+00
1.018918821982411238e+00
1.018924948964287314e+00
1.018932591949084809e+00
1.018941752230451803e+00
1.018952429443790386e+00
1.018964621532643999e+00
1.018978324716749206e+00
1.018993533462130729e+00
1.019010240453637639e+00
1.019028436570343032e+00
1.019048110864253509e+00
1.019069250542788296e+00
1.019091840955498984e+00
1.019115865585513259e+00
1.019141306046181139e+00
1.019168142083399786e+00
1.019196351584084503e+00
1.019225910591225803e+00
1.019256793325953314e+00
1.019288972216989109e+00
1.019322417937827963e+00
1.019357099451929871e+00
1.019392984066156416e+00
1.019430037492605301e+00
1.019468223918930772e+00
1.019507506087148574e+00
1.019547845380841977e+00
1.019589201920587218e+00
1.019631534667325479e+00
1.019674801533301922e+00
1.019718959500098832e+00
1.019763964743184204e+00
1.019809772762301225e+00
1.019856338516931693e+00
1.019903616565967841e+00
1.019951561210659996e+00
1.020000126639814875e+00
1.020049267076173605e+00
1.020098936922829047e+00
1.020149090908516465e+00
1.020199684230569837e+00
1.020250672694338778e+00
1.020302012847843942e+00
1.020353662110484727e+00
1.020405578894623355e+00
1.020457722718929094e+00
1.020510054312415704e+00
1.020562535708174234e+00
1.020615130325894349e+00
1.020667803042340838e+00
1.020720520249071228e+00
1.020773249896773427e+00
1.020825961525717807e+00
1.020878626281935375e+00
1.020931216918852247e+00
1.020983707784221206e+00
1.021036074792320392e+00
1.021088295381491262e+00
1.021140348457208358e+00
1.021192214320979730e+00
1.021243874585472389e+00
1.021295312076361927e+00
1.021346510721492074e+00
1.021397455428014522e+00
1.021448131948258897e+00
1.021498526735157952e+00
1.021548626788118419e+00
1.021598419490295617e+00
1.021647892438282579e+00
1.021697033265293486e+00
1.021745829458966082e+00
1.021794268174963216e+00
1.021842336047611655e+00
1.021890018998863559e+00
1.021937302046921126e+00
1.021984169115922159e+00
1.022030602848135405e+00
1.022076584420173351e+00
1.022122093364787432e+00
1.022167107399870156e+00
1.022211602266338559e+00
1.022255551576634947e+00
1.022298926675629271e+00
1.022341696515748799e+00
1.022383827548205115e+00
1.022425283632205195e+00
1.022466025964054781e+00
1.022506013028050997e+00
1.022545200571040258e+00
1.022583541602464674e+00
1.022620986421650002e+00
1.022657482673967833e+00
1.022692975437380358e+00
1.022727407340674244e+00
1.022760718714486705e+00
1.022792847775952474e+00
1.022823730847496115e+00
1.022853302609942006e+00
1.022881496389718814e+00
1.022908244479501683e+00
1.022933478491150794e+00
1.022957129739316073e+00
1.022979129653524888e+00
1.022999410216036686e+00
1.023017904422181212e+00
1.023034546759344021e+00
1.023049273700228134e+00
1.023062024205518838e+00
1.023072740230604127e+00
1.023081367230619598e+00
1.023087854657751761e+00
1.023092156444500578e+00
1.023094231466475712e+00
1.023094043978278522e+00
1.023091564016137323e+00
1.023086767761195004e+00
1.023079637857730262e+00
1.023070163681089273e+00
1.023058341550747707e+00
1.023044174884676805e+00
1.023027674292038336e+00
1.023008857602197619e+00
1.022987749829048276e+00
1.022964383070719130e+00
1.022938796345802093e+00
1.022911035368332833e+00
1.022881152264772719e+00
1.022849205237236436e+00
1.022815258178073838e+00
1.022779380241708225e+00
1.022741645380253805e+00
1.022702131849936080e+00
1.022660921695670577e+00
1.022618100221314386e+00
1.022573755453120015e+00
1.022527977603739702e+00
1.022480858543843407e+00
1.022432491287939893e+00
1.022382969500442496e+00
1.022332387027335976e+00
1.022280837458071634e+00
1.022228413721505191e+00
1.022175207718869938e+00
1.022121309995936755e+00
1.022066809455687952e+00
1.022011793112039602e+00
1.021956345884396544e+00
1.021900550432153665e+00
1.021844487027631976e+00
1.021788233465422691e+00
1.021731865005659934e+00
1.021675454348392131e+00
1.021619071635953890e+00
1.021562784480060326e+00
1.021506658010243651e+00
1.021450754940230077e+00
1.021395135648904384e+00
1.021339858272617196e+00
1.021284978805746757e+00
1.021230551206645742e+00
1.021176627506337642e+00
1.021123257917597726e+00
1.021070490942348918e+00
1.021018373475587326e+00
1.020966950904363957e+00
1.020916267200626226e+00
1.020866365007014220e+00
1.020817285714960221e+00
1.020769069534679607e+00
1.020721755556858401e+00
1.020675381806019910e+00
1.020629985285717023e+00
1.020585602015816162e+00
1.020542267062249486e+00
1.020500014559669655e+00
1.020458877727506097e+00
1.020418888879939256e+00
1.020380079430321940e+00
1.020342479890576470e+00
1.020306119866064343e+00
1.020271028046417783e+00
1.020237232192769739e+00
1.020204759121792204e+00
1.020173634686912134e+00
1.020143883757026915e+00
1.020115530193008269e+00
1.020088596822251281e+00
1.020063105411472382e+00
1.020039076637958342e+00
1.020016530059418391e+00
1.019995484082584003e+00
1.019975955930683575e+00
1.019957961609902153e+00
1.019941515874937199e+00
1.019926632193758120e+00
1.019913322711672343e+00
1.019901598214823624e+00
1.019891468093241604e+00
1.019882940303590946e+00
1.019876021331778126e+00
1.019870716155599322e+00
1.019867028207634085e+00
1.019864959338617316e+00
1.019864509781549966e+00
1.019865678116832264e+00
1.019868461238740975e+00
1.019872854323587541e+00
1.019878850799938341e+00
1.019886442321287667e+00
1.019895618741607057e+00
1.019906368094215088e+00
1.019918676574422811e+00
1.019932528526427795e+00
1.019947906434936158e+00
1.019964790921990438e+00
1.019983160749476481e+00
1.020002992827778510e+00
1.020024262231019829e+00
1.020046942219306363e+00
1.020071004268358728e+00
1.020096418106866576e+00
1.020123151761851199e+00
1.020151171612264651e+00
1.020180442450985270e+00
1.020210927555285085e+00
1.020242588765782221e+00
1.020275386573779031e+00
1.020309280216816328e+00
1.020344227782161051e+00
1.020380186317854099e+00
1.020417111950839395e+00
1.020454960011597745e+00
1.020493685164614472e+00
1.020533241543901903e+00
1.020573582892727149e+00
1.020614662706595510e+00
1.020656434378476529e+00
1.020698851345196445e+00
1.020741867233857292e+00
1.020785436007113578e+00
1.020829512106106618e+00
1.020874050589842152e+00
1.020919007269797785e+00
1.020964338838565411e+00
1.021010002991362020e+00
1.021055958539287989e+00
1.021102165513265270e+00
1.021148585257663388e+00
1.021195180512697753e+00
1.021241915484781826e+00
1.021288755904104839e+00
1.021335669068824226e+00
1.021382623875363382e+00
1.021429590834432632e+00
1.021476542072496718e+00
1.021523451318536946e+00
1.021570293876075786e+00
1.021617046580538535e+00
1.021663687742145221e+00
1.021710197074630511e+00
1.021756555610190853e+00
1.021802745601152917e+00
1.021848750408959061e+00
1.021894554381128417e+00
1.021940142716958322e+00
1.021985501322779877e+00
1.022030616657666480e+00
1.022075475570547232e+00
1.022120065129747069e+00
1.022164372446021430e+00
1.022208384490218780e+00
1.022252087906750484e+00
1.022295468824102826e+00
1.022338512663681032e+00
1.022381203948324435e+00
1.022423526111889913e+00
1.022465461311353074e+00
1.022506990242936453e+00
1.022548091963829009e+00
1.022588743721117854e+00
1.022628920789613316e+00
1.022668596320298384e+00
1.022707741201188014e+00
1.022746323932423707e+00
1.022784310517473649e+00
1.022821664372325579e+00
1.022858346254578388e+00
1.022894314214330302e+00
1.022929523568740340e+00
1.022963926902083598e+00
1.022997474093054304e+00
1.023030112370949318e+00
1.023061786402239326e+00
1.023092438408830240e+00
1.023122008319126142e+00
1.023150433952709992e+00
1.023177651239174590e+00
1.023203594471273625e+00
1.023228196592163686e+00
1.023251389516083742e+00
1.023273104481332574e+00
1.023293272433903001e+00
1.023311824439600892e+00
1.023328692121921346e+00
1.023343808122402443e+00
1.023357106579619202e+00
1.023368523622446347e+00
1.023377997872709333e+00
1.023385470951884590e+00
1.023390887986110442e+00
1.023394198103443564e+00
1.023395354917064015e+00
1.023394316987995101e+00
1.023391048260900549e+00
1.023385518466619182e+00
1.023377703485337520e+00
1.023367585664683110e+00
1.023355154087516761e+00
1.023340404784843560e+00
1.023323340890015531e+00
1.023303972731256728e+00
1.023282317860496171e+00
1.023258401017508756e+00
1.023232254029432964e+00
1.023203915646808015e+00
1.023173431318363358e+00
1.023140852907810094e+00
1.023106238356883413e+00
1.023069651299746141e+00
1.023031160634652492e+00
1.022990840059402329e+00
1.022948767577610774e+00
1.022905024983144617e+00
1.022859697330248618e+00
1.022812872396882344e+00
1.022764640148630111e+00
1.022715092210230381e+00
1.022664321351331340e+00
1.022612420992498938e+00
1.022559484736845326e+00
1.022505605931896433e+00
1.022450877265514979e+00
1.022395390398873616e+00
1.022339235638620725e+00
1.022282501649574460e+00
1.022225275208469508e+00
1.022167640998548066e+00
1.022109681444097973e+00
1.022051476583434759e+00
1.021993103978292128e+00
1.021934638657146177e+00
1.021876153089637196e+00
1.021817717188995944e+00
1.021759398339190605e+00
1.021701261443414444e+00
1.021643368990515999e+00
1.021585781136013615e+00
1.021528555794450455e+00
1.021471748740005125e+00
1.021415413712481346e+00
1.021359602526048516e+00
1.021304365178365092e+00
1.021249749958009323e+00
1.021195803548447190e+00
1.021142571127043874e+00
1.021090096457940577e+00
1.021038421977880972e+00
1.020987588874337604e+00
1.020937637155531652e+00
1.020888605712141572e+00
1.020840532370692388e+00
1.020793453938766859e+00
1.020747406242306754e+00
1.020702424155377264e+00
1.020658541622833759e+00
1.020615791676387385e+00
1.020574206444582632e+00
1.020533817157225354e+00
1.020494654144775026e+00
1.020456746833215966e+00
1.020420123734880669e+00
1.020384812435672472e+00
1.020350839579093449e+00
1.020318230847446106e+00
1.020287010940533090e+00
1.020257203552145109e+00
1.020228831344586862e+00
1.020201915921456148e+00
1.020176477798867776e+00
1.020152536375281915e+00
1.020130109900076576e+00
1.020109215440995420e+00
1.020089868850580395e+00
1.020072084731698414e+00
1.020055876402270023e+00
1.020041255859309715e+00
1.020028233742390933e+00
1.020016819296668542e+00
1.020007020335598424e+00
1.019998843203515415e+00
1.019992292738251871e+00
1.019987372234005818e+00
1.019984083404685382e+00
1.019982426347991744e+00
1.019982399510531046e+00
1.019983999654262785e+00
1.019987221824639967e+00
1.019992059320804501e+00
1.019998503668240186e+00
1.020006544594303843e+00
1.020016170007075340e+00
1.020027365977986822e+00
1.020040116728701651e+00
1.020054404622721123e+00
1.020070210162198565e+00
1.020087511990436013e+00
1.020106286900527071e+00
1.020126509850586283e+00
1.020148153985987793e+00
1.020171190668985650e+00
1.020195589516062817e+00
1.020221318443288228e+00
1.020248343719909689e+00
1.020276630030344300e+00
1.020306140544643636e+00
1.020336836997440155e+00
1.020368679775284004e+00
1.020401628012193473e+00
1.020435639693140661e+00
1.020470671765094650e+00
1.020506680255149234e+00
1.020543620395155671e+00
1.020581446752183208e+00
1.020620113364041570e+00
1.020659573879002524e+00
1.020699781698778841e+00
1.020740690123747907e+00
1.020782252499335296e+00
1.020824422362426542e+00
1.020867153586639597e+00
1.020910400525248285e+00
1.020954118150549483e+00
1.020998262188462125e+00
1.021042789247156746e+00
1.021087656938554522e+00
1.021132823991570238e+00
1.021178250356036488e+00
1.021223897296313687e+00
1.021269727473673061e+00
1.021315705016626829e+00
1.021361795578493048e+00
1.021407966381562060e+00
1.021454186247380047e+00
1.021500425612744456e+00
1.021546656531151509e+00
1.021592852659537254e+00
1.021638989230278849e+00
1.021685043008531579e+00
1.021730992235102331e+00
1.021776816555141298e+00
1.021822496933069813e+00
1.021868015554224129e+00
1.021913355713818472e+00
1.021958501693884358e+00
1.022003438628948935e+00
1.022048152361270112e+00
1.022092629286522891e+00
1.022136856190894560e+00
1.022180820080602848e+00
1.022224508004913490e+00
1.022267906873784549e+00
1.022311003271318075e+00
1.022353783266258365e+00
1.022396232220818657e+00
1.022438334599183207e+00
1.022480073777078058e+00
1.022521431853859575e+00
1.022562389468632427e+00
1.022602925621958647e+00
1.022643017504781149e+00
1.022682640336242343e+00
1.022721767212125155e+00
1.022760368965708100e+00
1.022798414042856319e+00
1.022835868393217496e+00
1.022872695379413610e+00
1.022908855706130549e+00
1.022944307371008277e+00
1.022979005639199857e+00
1.023012903043432509e+00
1.023045949411309774e+00
1.023078091921501898e+00
1.023109275190317469e+00
1.023139441389973481e+00
1.023168530399661158e+00
1.023196479990233332e+00
1.023223226043041834e+00
1.023248702803093657e+00
1.023272843166302293e+00
1.023295579000170541e+00
1.023316841496777041e+00
1.023336561556415392e+00
1.023354670199717820e+00
1.023371099005539575e+00
1.023385780571314241e+00
1.023398648992052795e+00
1.023409640353608818e+00
1.023418693235330412e+00
1.023425749216761771e+00
1.023430753382652547e+00
1.023433654820212091e+00
1.023434407102308707e+00
1.023432968750187300e+00
1.023429303669256996e+00
1.023423381551616718e+00
1.023415178239219347e+00
1.023404676041951289e+00
1.023391864005412488e+00
1.023376738123812579e+00
1.023359301494156659e+00
1.023339564408753732e+00
1.023317544384031663e+00
1.023293266124660095e+00
1.023266761423046400e+00
1.023238068995356187e+00
1.023207234256280129e+00
1.023174309035808305e+00
1.023139351242251749e+00
1.023102424476626027e+00
1.023063597604300767e+00
1.023022944290433056e+00
1.022980542506222612e+00
1.022936474013333319e+00
1.022890823834006646e+00
1.022843679714385168e+00
1.022795131588412954e+00
1.022745271049355420e+00
1.022694190835548245e+00
1.022641984336397414e+00
1.022588745124005882e+00
1.022534566515034715e+00
1.022479541166626760e+00
1.022423760709376239e+00
1.022367315419496991e+00
1.022310293931515179e+00
1.022252782992018716e+00
1.022194867254251127e+00
1.022136629112650352e+00
1.022078148575835677e+00
1.022019503176000654e+00
1.021960767912239776e+00
1.021902015224976479e+00
1.021843314998389873e+00
1.021784734587566357e+00
1.021726338866991046e+00
1.021668190296980416e+00
1.021610349004699714e+00
1.021552872876521745e+00
1.021495817658638394e+00
1.021439237063056060e+00
1.021383182876335338e+00
1.021327705068717506e+00
1.021272851901559919e+00
1.021218670031303510e+00
1.021165204608487365e+00
1.021112499370628424e+00
1.021060596728047942e+00
1.021009537842004100e+00
1.020959362694709549e+00
1.020910110151045824e+00
1.020861818011952860e+00
1.020814523059644152e+00
1.020768261094909590e+00
1.020723066966882087e+00
1.020678974595708333e+00
1.020636016988615502e+00
1.020594226249891934e+00
1.020553633585317810e+00
1.020514269301559862e+00
1.020476162801045028e+00
1.020439342572786456e+00
1.020403836179607282e+00
1.020369670242172067e+00
1.020336870420189390e+00
1.020305461391114443e+00
1.020275466826637167e+00
1.020246909367211074e+00
1.020219810594832577e+00
1.020194191004265782e+00
1.020170069972871296e+00
1.020147465729181135e+00
1.020126395320344548e+00
1.020106874578560419e+00
1.020088918086605290e+00
1.020072539142560242e+00
1.020057749723850549e+00
1.020044560450709348e+00
1.020032980549198776e+00
1.020023017813928679e+00
1.020014678570631217e+00
1.020007967638778545e+00
1.020002888294448073e+00
1.019999442233663567e+00
1.019997629536478989e+00
1.019997448632082193e+00
1.019998896265245758e+00
1.020001967464460257e+00
1.020006655512128546e+00
1.020012951917215194e+00
1.020020846390774061e+00
1.020030326824795441e+00
1.020041379274832405e+00
1.020053987946875296e+00
1.020068135188956893e+00
1.020083801487961628e+00
1.020100965472121368e+00
1.020119603919652729e+00
1.020139691773986002e+00
1.020161202165998260e+00
1.020184106443633443e+00
1.020208374209247149e+00
1.020233973364961244e+00
1.020260870166255884e+00
1.020289029283954818e+00
1.020318413874690577e+00
1.020348985659847996e+00
1.020380705012898570e+00
1.020413531054949807e+00
1.020447421758227780e+00
1.020482334057119633e+00
1.020518223966299098e+00
1.020555046705357238e+00
1.020592756829261427e+00
1.020631308363876499e+00
1.020670654945684319e+00
1.020710749964761632e+00
1.020751546710001012e+00
1.020792998515493322e+00
1.020835058906938597e+00
1.020877681746915400e+00
1.020920821377802490e+00
1.020964432761146012e+00
1.021008471612254276e+00
1.021052894528826416e+00
1.021097659112449207e+00
1.021142724081837816e+00
1.021188049376757556e+00
1.021233596251632569e+00
1.021279327357923705e+00
1.021325206814461151e+00
1.021371200264999946e+00
1.021417274922391094e+00
1.021463399598855348e+00
1.021509544721982632e+00
1.021555682336170445e+00
1.021601786089367359e+00
1.021647831205066748e+00
1.021693794439646252e+00
1.021739654025232369e+00
1.021785389598394378e+00
1.021830982115064845e+00
1.021876413752185853e+00
1.021921667796663602e+00
1.021966728522308854e+00
1.022011581055510598e+00
1.022056211230469192e+00
1.022100605434881126e+00
1.022144750447028683e+00
1.022188633265299629e+00
1.022232240931199243e+00
1.022275560346993739e+00
1.022318578089161267e+00
1.022361280218884172e+00
1.022403652090879245e+00
1.022445678161893134e+00
1.022487341800274452e+00
1.022528625098060306e+00
1.022569508687092510e+00
1.022609971560725306e+00
1.022649990902749106e+00
1.022689541925206003e+00
1.022728597716832777e+00
1.022767129103912875e+00
1.022805104525368769e+00
1.022842489923956544e+00
1.022879248655457207e+00
1.022915341417767410e+00
1.022950726201787841e+00
1.022985358265985134e+00
1.023019190136449819e+00
1.023052171634201812e+00
1.023084249931379475e+00
1.023115369637812799e+00
1.023145472919293031e+00
1.023174499648640268e+00
1.023202387590391282e+00
1.023229072619637581e+00
1.023254488975182452e+00
1.023278569546793193e+00
1.023301246195885472e+00
1.023322450108508974e+00
1.023342112178988517e+00
1.023360163422049496e+00
1.023376535410700949e+00
1.023391160736592642e+00
1.023403973489014351e+00
1.023414909748162183e+00
1.023423908087789158e+00
