1.000603444564682754e+00
1.000677446362280953e+00
1.000799994004033522e+00
1.000944269961284272e+00
1.001101239371325224e+00
1.001266556893695370e+00
1.001437657862771502e+00
1.001612835161096671e+00
1.001790867691870979e+00
1.001970841259146816e+00
1.002152049671945377e+00
1.002333934559024309e+00
1.002516046145358608e+00
1.002698016438551942e+00
1.002879540280522175e+00
1.003060361642521325e+00
1.003240263543382582e+00
1.003419060533669249e+00
1.003596593027069606e+00
1.003772722976624010e+00
1.003947330537996674e+00
1.004120311462002535e+00
1.004291575029290229e+00
1.004461042390702996e+00
1.004628645213400562e+00
1.004794324559315166e+00
1.004958029941759090e+00
1.005119718520018690e+00
1.005279354401966252e+00
1.005436908032196319e+00
1.005592355648667446e+00
1.005745678794872866e+00
1.005896863877585368e+00
1.006045901762475880e+00
1.006192787401632094e+00
1.006337519488314403e+00
1.006480100135321631e+00
1.006620534574131476e+00
1.006758830872615418e+00
1.006894999669630364e+00
1.007029053925172724e+00
1.007161008685099723e+00
1.007290880859652127e+00
1.007418689015202373e+00
1.007544453178779609e+00
1.007668194655022775e+00
1.007789935855276653e+00
1.007909700138580611e+00
1.008027511664315590e+00
1.008143395256275499e+00
1.008257376277919448e+00
1.008369480518525929e+00
1.008479734089952284e+00
1.008588163333661747e+00
1.008694794737646561e+00
1.008799654862827966e+00
1.008902770278495842e+00
1.009004167506298622e+00
1.009103872972272109e+00
1.009201912966365411e+00
1.009298313608909092e+00
1.009393100823439360e+00
1.009486300315296958e+00
1.009577937555408145e+00
1.009668037768659099e+00
1.009756625926284013e+00
1.009843726741704639e+00
1.009929364669275742e+00
1.010013563905421297e+00
1.010096348391675392e+00
1.010177741819177299e+00
1.010257767634210380e+00
1.010336449044413776e+00
1.010413809025344944e+00
1.010489870327103468e+00
1.010564655480790108e+00
1.010638186804600380e+00
1.010710486409405862e+00
1.010781576203715115e+00
1.010851477897941830e+00
1.010920213007945989e+00
1.010987802857840068e+00
1.011054268582084248e+00
1.011119631126915053e+00
1.011183911251169798e+00
1.011247129526583244e+00
1.011309306337645708e+00
1.011370461881111460e+00
1.011430616165255758e+00
1.011489789008968909e+00
1.011548000040779716e+00
1.011605268697888471e+00
1.011661614225277450e+00
1.011717055674967947e+00
1.011771611905462942e+00
1.011825301581423808e+00
1.011878143173592814e+00
1.011930154958984973e+00
1.011981355021337681e+00
1.012031761251816597e+00
1.012081391349950010e+00
1.012130262824767257e+00
1.012178392996103682e+00
1.012225798996028603e+00
1.012272497770360768e+00
1.012318506080213121e+00
1.012363840503534007e+00
1.012408517436590438e+00
1.012452553095357866e+00
1.012495963516775843e+00
1.012538764559839599e+00
1.012580971906497318e+00
1.012622601062336480e+00
1.012663667357039055e+00
1.012704185944607094e+00
1.012744171803348525e+00
1.012783639735635122e+00
1.012822604367441981e+00
1.012861080147684723e+00
1.012899081347377717e+00
1.012936622058639102e+00
1.012973716193567686e+00
1.013010377483029689e+00
1.013046619475381327e+00
1.013082455535164739e+00
1.013117898841810582e+00
1.013152962388376377e+00
1.013187658980358119e+00
1.013222001234596048e+00
1.013256001578311860e+00
1.013289672248289808e+00
1.013323025290234325e+00
1.013356072558311727e+00
1.013388825714898855e+00
1.013421296230545110e+00
1.013453495384157188e+00
1.013485434263413199e+00
1.013517123765406591e+00
1.013548574597521013e+00
1.013579797278532979e+00
1.013610802139939038e+00
1.013641599327498088e+00
1.013672198802987090e+00
1.013702610346155719e+00
1.013732843556873320e+00
1.013762907857458817e+00
1.013792812495181606e+00
1.013822566544921866e+00
1.013852178911982094e+00
1.013881658335038516e+00
1.013911013389219740e+00
1.013940252489302196e+00
1.013969383893016829e+00
1.013998415704447709e+00
1.014027355877523240e+00
1.014056212219580422e+00
1.014084992394996387e+00
1.014113703928876342e+00
1.014142354210791019e+00
1.014170950498543888e+00
1.014199499921969228e+00
1.014228009486741300e+00
1.014256486078187525e+00
1.014284936465095877e+00
1.014313367303498525e+00
1.014341785140428609e+00
1.014370196417631043e+00
1.014398607475221370e+00
1.014427024555274670e+00
1.014455453805338525e+00
1.014483901281854727e+00
1.014512372953478403e+00
1.014540874704287887e+00
1.014569412336866483e+00
1.014597991575256097e+00
1.014626618067764996e+00
1.014655297389626121e+00
1.014684035045496202e+00
1.014712836471789448e+00
1.014741707038840257e+00
1.014770652052888300e+00
1.014799676757885960e+00
1.014828786337119260e+00
1.014857985914647376e+00
1.014887280556555638e+00
1.014916675272023339e+00
1.014946175014208141e+00
1.014975784680948623e+00
1.015005509115289861e+00
1.015035353105834037e+00
1.015065321386921404e+00
1.015095418638647162e+00
1.015125649486722015e+00
1.015156018502179291e+00
1.015186530200939741e+00
1.015217189043236878e+00
1.015247999432916437e+00
1.015278965716610360e+00
1.015310092182801771e+00
1.015341383060779812e+00
1.015372842519501440e+00
1.015404474666359302e+00
1.015436283545871010e+00
1.015468273138293354e+00
1.015500447358167246e+00
1.015532810052806045e+00
1.015565365000729026e+00
1.015598115910047117e+00
1.015631066416809558e+00
1.015664220083314806e+00
1.015697580396391242e+00
1.015731150765653901e+00
1.015764934521740326e+00
1.015798934914531326e+00
1.015833155111358632e+00
1.015867598195204113e+00
1.015902267162893891e+00
1.015937164923290226e+00
1.015972294295482081e+00
1.016007658006979675e+00
1.016043258691911255e+00
1.016079098889229426e+00
1.016115181040920579e+00
1.016151507490226980e+00
1.016188080479879741e+00
1.016224902150338893e+00
1.016261974538052115e+00
1.016299299573722337e+00
1.016336879080590450e+00
1.016374714772736887e+00
1.016412808253391642e+00
1.016451161013270266e+00
1.016489774428917636e+00
1.016528649761077929e+00
1.016567788153078133e+00
1.016607190629232438e+00
1.016646858093270378e+00
1.016686791326780082e+00
1.016726990987680601e+00
1.016767457608713343e+00
1.016808191595960587e+00
1.016849193227388870e+00
1.016890462651420357e+00
1.016931999885533067e+00
1.016973804814891524e+00
1.017015877191010720e+00
1.017058216630452927e+00
1.017100822613561384e+00
1.017143694483232164e+00
1.017186831443728012e+00
1.017230232559533043e+00
1.017273896754253393e+00
1.017317822809568728e+00
1.017362009364230158e+00
1.017406454913116320e+00
1.017451157806342987e+00
1.017496116248434834e+00
1.017541328297560277e+00
1.017586791864829809e+00
1.017632504713668951e+00
1.017678464459261356e+00
1.017724668568070756e+00
1.017771114357441942e+00
1.017817798995287903e+00
1.017864719499865123e+00
1.017911872739641455e+00
1.017959255433257493e+00
1.018006864149592516e+00
1.018054695307931024e+00
1.018102745178238511e+00
1.018151009881550051e+00
1.018199485390473003e+00
1.018248167529811399e+00
1.018297051977313128e+00
1.018346134264544789e+00
1.018395409777897775e+00
1.018444873759729141e+00
1.018494521309641021e+00
1.018544347385901716e+00
1.018594346807011775e+00
1.018644514253416844e+00
1.018694844269374400e+00
1.018745331264970577e+00
1.018795969518295319e+00
1.018846753177775399e+00
1.018897676264666652e+00
1.018948732675709845e+00
1.018999916185948873e+00
1.019051220451714146e+00
1.019102639013769629e+00
1.019154165300629522e+00
1.019205792632036367e+00
1.019257514222609018e+00
1.019309323185652705e+00
1.019361212537135408e+00
1.019413175199825883e+00
1.019465204007593551e+00
1.019517291709865603e+00
1.019569430976243085e+00
1.019621614401267307e+00
1.019673834509337018e+00
1.019726083759771695e+00
1.019778354552014488e+00
1.019830639230972835e+00
1.019882930092490536e+00
1.019935219388941494e+00
1.019987499334948033e+00
1.020039762113206017e+00
1.020091999880419653e+00
1.020144204773331564e+00
1.020196368914841667e+00
1.020248484420210877e+00
1.020300543403335425e+00
1.020352537983084451e+00
1.020404460289692228e+00
1.020456302471196341e+00
1.020508056699907851e+00
1.020559715178905424e+00
1.020611270148545913e+00
1.020662713892973805e+00
1.020714038746621810e+00
1.020765237100694556e+00
1.020816301409618543e+00
1.020867224197447021e+00
1.020917998064214238e+00
1.020968615692219528e+00
1.021019069852233674e+00
1.021069353409615355e+00
1.021119459330325885e+00
1.021169380686827388e+00
1.021219110663858842e+00
1.021268642564071794e+00
1.021317969813519744e+00
1.021367085966986554e+00
1.021415984713144098e+00
1.021464659879528947e+00
1.021513105437326541e+00
1.021561315505954859e+00
1.021609284357433811e+00
1.021657006420534586e+00
1.021704476284700736e+00
1.021751688703726346e+00
1.021798638599190401e+00
1.021845321063636236e+00
1.021891731363486766e+00
1.021937864941694585e+00
1.021983717420113624e+00
1.022029284601594368e+00
1.022074562471789516e+00
1.022119547200673662e+00
1.022164235143764976e+00
1.022208622843052694e+00
1.022252707027622609e+00
1.022296484613981926e+00
1.022339952706076804e+00
1.022383108595007917e+00
1.022425949758438257e+00
1.022468473859696303e+00
1.022510678746574975e+00
1.022552562449823288e+00
1.022594123181340908e+00
1.022635359332067839e+00
1.022676269469581234e+00
1.022716852335395332e+00
1.022757106841973407e+00
1.022797032069452827e+00
1.022836627262090126e+00
1.022875891824428729e+00
1.022914825317197796e+00
1.022953427452945263e+00
1.022991698091415103e+00
1.023029637234670775e+00
1.023067245021976657e+00
1.023104521724439886e+00
1.023141467739426158e+00
1.023178083584752596e+00
1.023214369892666120e+00
1.023250327403620652e+00
1.023285956959854470e+00
1.023321259498784164e+00
1.023356236046215617e+00
1.023390887709391572e+00
1.023425215669875099e+00
1.023459221176284295e+00
1.023492905536887321e+00
1.023526270112065539e+00
1.023559316306654532e+00
1.023592045562176089e+00
1.023624459348966731e+00
1.023656559158215185e+00
1.023688346493918822e+00
1.023719822864770812e+00
1.023750989775980669e+00
1.023781848721049492e+00
1.023812401173501696e+00
1.023842648578586978e+00
1.023872592344962307e+00
1.023902233836362585e+00
1.023931574363275754e+00
1.023960615174625000e+00
1.023989357449474724e+00
1.024017802288768930e+00
1.024045950707112684e+00
1.024073803624606871e+00
1.024101361858748671e+00
1.024128626116405760e+00
1.024155596985880434e+00
1.024182274929070546e+00
1.024208660273737248e+00
1.024234753205899962e+00
1.024260553762356807e+00
1.024286061823356242e+00
1.024311277105419471e+00
1.024336199154338267e+00
1.024360827338347546e+00
1.024385160841495779e+00
1.024409198657221909e+00
1.024432939582152091e+00
1.024456382210128247e+00
1.024479524926485752e+00
1.024502365902590029e+00
1.024524903090648476e+00
1.024547134218811717e+00
1.024569056786575949e+00
1.024590668060507692e+00
1.024611965070295838e+00
1.024632944605156304e+00
1.024653603210597730e+00
1.024673937185564654e+00
1.024693942579978145e+00
1.024713615192682337e+00
1.024732950569818835e+00
1.024751944003639892e+00
1.024770590531780545e+00
1.024788884937002820e+00
1.024806821747423546e+00
1.024824395237252883e+00
1.024841599428043537e+00
1.024858428090477780e+00
1.024874874746701359e+00
1.024890932673216737e+00
1.024906594904355650e+00
1.024921854236336305e+00
1.024936703231923429e+00
1.024951134225700056e+00
1.024965139329962138e+00
1.024978710441247554e+00
1.024991839247504588e+00
1.025004517235911683e+00
1.025016735701352655e+00
1.025028485755552055e+00
1.025039758336875551e+00
1.025050544220797999e+00
1.025060834031036094e+00
1.025070618251349153e+00
1.025079887238000254e+00
1.025088631232874192e+00
1.025096840377246465e+00
1.025104504726189969e+00
1.025111614263610971e+00
1.025118158917897926e+00
1.025124128578166482e+00
1.025129513111081359e+00
1.025134302378233997e+00
1.025138486254050685e+00
1.025142054644200496e+00
1.025144997504479516e+00
1.025147304860130948e+00
1.025148966825569996e+00
1.025149973624473354e+00
1.025150315610188878e+00
1.025149983286427036e+00
1.025148967328180394e+00
1.025147258602825850e+00
1.025144848191355429e+00
1.025141727409681458e+00
1.025137887829957739e+00
1.025133321301858746e+00
1.025128019973754689e+00
1.025121976313718708e+00
1.025115183130303587e+00
1.025107633593019596e+00
1.025099321252444184e+00
1.025090240059903124e+00
1.025080384386642951e+00
1.025069749042436751e+00
1.025058329293546233e+00
1.025046120879975486e+00
1.025033120031948020e+00
1.025019323485540257e+00
1.025004728497403761e+00
1.024989332858519786e+00
1.024973134906915995e+00
1.024956133539293379e+00
1.024938328221506989e+00
1.024919718997847395e+00
1.024900306499072711e+00
1.024880091949153860e+00
1.024859077170685140e+00
1.024837264588932984e+00
1.024814657234489168e+00
1.024791258744504940e+00
1.024767073362489178e+00
1.024742105936657266e+00
1.024716361916826912e+00
1.024689847349854244e+00
1.024662568873628388e+00
1.024634533709625206e+00
1.024605749654048381e+00
1.024576225067582058e+00
1.024545968863785905e+00
1.024514990496174338e+00
1.024483299944023873e+00
1.024450907696962787e+00
1.024417824738395488e+00
1.024384062527833095e+00
1.024349632982188840e+00
1.024314548456119134e+00
1.024278821721485766e+00
1.024242465946019198e+00
1.024205494671272199e+00
1.024167921789947755e+00
1.024129761522694970e+00
1.024091028394467529e+00
1.024051737210533997e+00
1.024011903032237880e+00
1.023971541152604692e+00
1.023930667071884848e+00
1.023889296473132760e+00
1.023847445197907824e+00
1.023805129222191468e+00
1.023762364632606392e+00
1.023719167603017732e+00
1.023675554371603180e+00
1.023631541218458896e+00
1.023587144443821817e+00
1.023542380346962322e+00
1.023497265205819184e+00
1.023451815257422792e+00
1.023406046679159243e+00
1.023359975570915292e+00
1.023313617938143238e+00
1.023266989675871486e+00
1.023220106553686781e+00
1.023172984201702551e+00
1.023125638097527990e+00
1.023078083554236573e+00
1.023030335709335992e+00
1.022982409514733071e+00
1.022934319727676122e+00
1.022886080902662087e+00
1.022837707384282702e+00
1.022789213300981492e+00
1.022740612559692508e+00
1.022691918841327041e+00
1.022643145597064596e+00
1.022594306045413459e+00
1.022545413169994255e+00
1.022496479718002949e+00
1.022447518199305794e+00
1.022398540886120255e+00
1.022349559813233721e+00
1.022300586778712939e+00
1.022251633345052646e+00
1.022202710840724560e+00
1.022153830362072746e+00
1.022105002775516969e+00
1.022056238720016053e+00
1.022007548609757288e+00
1.021958942637025025e+00
1.021910430775218703e+00
1.021862022781984791e+00
1.021813728202427995e+00
1.021765556372377315e+00
1.021717516421680960e+00
1.021669617277502828e+00
1.021621867667606542e+00
1.021574276123604186e+00
1.021526850984158630e+00
1.021479600398125687e+00
1.021432532327625875e+00
1.021385654551041355e+00
1.021338974665931598e+00
1.021292500091861566e+00
1.021246238073149293e+00
1.021200195681526868e+00
1.021154379818720814e+00
1.021108797218953423e+00
1.021063454451375030e+00
1.021018357922425901e+00
1.020973513878143279e+00
1.020928928406413583e+00
1.020884607439183744e+00
1.020840556754635919e+00
1.020796781979339318e+00
1.020753288590379171e+00
1.020710081917483247e+00
1.020667167145144383e+00
1.020624549314748553e+00
1.020582233326722710e+00
1.020540223942700830e+00
1.020498525787718158e+00
1.020457143352441420e+00
1.020416080995435903e+00
1.020375342945477382e+00
1.020334933303908009e+00
1.020294856047045950e+00
1.020255115028642967e+00
1.020215713982397743e+00
1.020176656524521608e+00
1.020137946156361775e+00
1.020099586267072311e+00
1.020061580136347290e+00
1.020023930937197232e+00
1.019986641738780175e+00
1.019949715509281152e+00
1.019913155118833625e+00
1.019876963342487342e+00
1.019841142863212813e+00
1.019805696274945550e+00
1.019770626085660936e+00
1.019735934720479076e+00
1.019701624524797623e+00
1.019667697767445480e+00
1.019634156643854928e+00
1.019601003279249518e+00
1.019568239731843295e+00
1.019535867996044010e+00
1.019503890005663216e+00
1.019472307637121267e+00
1.019441122712648307e+00
1.019410337003474831e+00
1.019379952233006037e+00
1.019349970079979295e+00
1.019320392181592760e+00
1.019291220136608889e+00
1.019262455508419096e+00
1.019234099828070672e+00
1.019206154597245284e+00
1.019178621291187081e+00
1.019151501361571954e+00
1.019124796239311737e+00
1.019098507337290682e+00
1.019072636053021785e+00
1.019047183771221388e+00
1.019022151866294745e+00
1.018997541704724341e+00
1.018973354647354945e+00
1.018949592051572761e+00
1.018926255273366888e+00
1.018903345669273097e+00
1.018880864598189273e+00
1.018858813423061171e+00
1.018837193512432737e+00
1.018816006241855199e+00
1.018795252995151834e+00
1.018774935165539297e+00
1.018755054156594397e+00
1.018735611383072559e+00
1.018716608271570845e+00
1.018698046261039547e+00
1.018679926803135238e+00
1.018662251362426829e+00
1.018645021416442420e+00
1.018628238455570267e+00
1.018611903982810318e+00
1.018596019513381634e+00
1.018580586574187041e+00
1.018565606703143667e+00
1.018551081448379581e+00
1.018537012367305650e+00
1.018523401025564379e+00
1.018510248995865952e+00
1.018497557856715030e+00
1.018485329191037625e+00
1.018473564584709834e+00
1.018462265625003971e+00
1.018451433898949654e+00
1.018441070991625619e+00
1.018431178484383359e+00
1.018421757953013707e+00
1.018412810965860116e+00
1.018404339081889987e+00
1.018396343848726904e+00
1.018388826800650016e+00
1.018381789456572539e+00
1.018375233317998285e+00
1.018369159866965745e+00
1.018363570563985077e+00
1.018358466845972199e+00
1.018353850124184001e+00
1.018349721782160877e+00
1.018346083173679251e+00
1.018342935620716982e+00
1.018340280411436094e+00
1.018338118798185477e+00
1.018336451995525582e+00
1.018335281178275764e+00
1.018334607479590259e+00
1.018334431989058153e+00
1.018334755750834431e+00
1.018335579761797227e+00
1.018336904969737500e+00
1.018338732271576674e+00
1.018341062511613604e+00
1.018343896479802391e+00
1.018347234910057741e+00
1.018351078478591187e+00
1.018355427802271507e+00
1.018360283437013791e+00
1.018365645876194936e+00
1.018371515549091555e+00
1.018377892819341879e+00
1.018384777983431633e+00
1.018392171269197233e+00
1.018400072834349190e+00
1.018408482765015943e+00
1.018417401074299899e+00
1.018426827700852355e+00
1.018436762507459070e+00
1.018447205279640277e+00
1.018458155724260905e+00
1.018469613468150570e+00
1.018481578056733117e+00
1.018494048952663045e+00
1.018507025534468369e+00
1.018520507095201477e+00
1.018534492841091321e+00
1.018548981890205152e+00
1.018563973271108480e+00
1.018579465921534588e+00
1.018595458687051369e+00
1.018611950319737280e+00
1.018628939476854844e+00
1.018646424719531929e+00
1.018664404511445243e+00
1.018682877217506277e+00
1.018701841102555239e+00
1.018721294330057425e+00
1.018741234960808706e+00
1.018761660951647219e+00
1.018782570154173506e+00
1.018803960313482859e+00
1.018825829066907662e+00
1.018848173942773716e+00
1.018870992359174110e+00
1.018894281622757525e+00
1.018918038927540071e+00
1.018942261353736001e+00
1.018966945866615736e+00
1.018992089315391203e+00
1.019017688432130253e+00
1.019043739830706619e+00
1.019070240005784500e+00
1.019097185331846012e+00
1.019124572062258149e+00
1.019152396328390164e+00
1.019180654138780229e+00
1.019209341378356282e+00
1.019238453807716382e+00
1.019267987062470571e+00
1.019297936652648451e+00
1.019328297962180496e+00
1.019359066248449963e+00
1.019390236641928515e+00
1.019421804145891564e+00
1.019453763636223975e+00
1.019486109861317935e+00
1.019518837442066728e+00
1.019551940871959994e+00
1.019585414517285571e+00
1.019619252617441241e+00
1.019653449285359725e+00
1.019687998508053361e+00
1.019722894147283121e+00
1.019758129940350866e+00
1.019793699501026829e+00
1.019829596320609655e+00
1.019865813769125884e+00
1.019902345096671770e+00
1.019939183434900976e+00
1.019976321798661711e+00
1.020013753087783082e+00
1.020051470089021084e+00
1.020089465478157820e+00
1.020127731822261463e+00
1.020166261582108991e+00
1.020205047114770558e+00
1.020244080676359300e+00
1.020283354424946998e+00
1.020322860423646283e+00
1.020362590643858924e+00
1.020402536968690432e+00
1.020442691196533413e+00
1.020483045044813242e+00
1.020523590153900928e+00
1.020564318091185418e+00
1.020605220355310205e+00
1.020646288380564704e+00
1.020687513541432168e+00
1.020728887157289044e+00
1.020770400497251540e+00
1.020812044785167849e+00
1.020853811204744277e+00
1.020895690904810582e+00
1.020937675004707224e+00
1.020979754599799394e+00
1.021021920767101188e+00
1.021064164571011457e+00
1.021106477069146479e+00
1.021148849318269214e+00
1.021191272380297166e+00
1.021233737328391733e+00
1.021276235253108400e+00
1.021318757268608213e+00
1.021361294518912111e+00
1.021403838184196999e+00
1.021446379487113365e+00
1.021488909699123315e+00
1.021531420146839508e+00
1.021573902218361418e+00
1.021616347369592059e+00
1.021658747130526068e+00
1.021701093111496927e+00
1.021743377009372233e+00
1.021785590613684569e+00
1.021827725812686438e+00
1.021869774599316605e+00
1.021911729077066955e+00
1.021953581465738115e+00
1.021995324107071390e+00
1.022036949470246370e+00
1.022078450157230201e+00
1.022119818907973210e+00
1.022161048605431777e+00
1.022202132280415565e+00
1.022243063116242467e+00
1.022283834453194373e+00
1.022324439792763551e+00
1.022364872801681646e+00
1.022405127315715978e+00
1.022445197343233136e+00
1.022485077068516768e+00
1.022524760854830905e+00
1.022564243247225946e+00
1.022603518975075065e+00
1.022642582954341073e+00
1.022681430289562154e+00
1.022720056275554956e+00
1.022758456398829674e+00
1.022796626338713377e+00
1.022834561968174683e+00
1.022872259354355773e+00
1.022909714758796884e+00
1.022946924637364585e+00
1.022983885639871193e+00
1.023020594609394873e+00
1.023057048581291095e+00
1.023093244781905220e+00
1.023129180626979107e+00
1.023164853719759737e+00
1.023200261848807635e+00
1.023235402985510856e+00
1.023270275281306985e+00
1.023304877064615370e+00
1.023339206837485360e+00
1.023373263271966760e+00
1.023407045206203403e+00
1.023440551640258045e+00
1.023473781731676580e+00
1.023506734790793127e+00
1.023539410275785988e+00
1.023571807787490684e+00
1.023603927063978070e+00
1.023635767974902855e+00
1.023667330515633633e+00
1.023698614801169526e+00
1.023729621059855877e+00
1.023760349626901878e+00
1.023790800937713685e+00
1.023820975521051224e+00
1.023850873992015131e+00
1.023880497044878046e+00
1.023909845445762690e+00
1.023938920025183830e+00
1.023967721670459019e+00
1.023996251317998318e+00
1.024024509945484995e+00
1.024052498563954527e+00
1.024080218209785009e+00
1.024107669936603404e+00
1.024134854807126294e+00
1.024161773884935123e+00
1.024188428226206149e+00
1.024214818871397537e+00
1.024240946836906030e+00
1.024266813106708529e+00
1.024292418623989676e+00
1.024317764282773879e+00
1.024342850919569559e+00
1.024367679305032919e+00
1.024392250135668592e+00
1.024416564025570464e+00
1.024440621498219794e+00
1.024464422978347944e+00
1.024487968783873271e+00
1.024511259117929285e+00
1.024534294060988726e+00
1.024557073563099330e+00
1.024579597436238831e+00
1.024601865346807195e+00
1.024623876808258727e+00
1.024645631173896732e+00
1.024667127629833585e+00
1.024688365188134664e+00
1.024709342680155011e+00
1.024730058750086048e+00
1.024750511848719237e+00
1.024770700227446429e+00
1.024790621932504919e+00
1.024810274799486276e+00
1.024829656448117188e+00
1.024848764277330959e+00
1.024867595460643876e+00
1.024886146941847542e+00
1.024904415431035609e+00
1.024922397400977792e+00
1.024940089083860695e+00
1.024957486468401680e+00
1.024974585297361962e+00
1.024991381065467611e+00
1.025007869017755979e+00
1.025024044148363567e+00
1.025039901199770842e+00
1.025055434662520248e+00
1.025070638775420928e+00
1.025085507526255935e+00
1.025100034653012138e+00
1.025114213645638150e+00
1.025128037748354037e+00
1.025141499962520797e+00
1.025154593050085161e+00
1.025167309537616145e+00
1.025179641720936230e+00
1.025191581670373164e+00
1.025203121236627712e+00
1.025214252057276898e+00
1.025224965563923396e+00
1.025235252989986634e+00
1.025245105379156474e+00
1.025254513594504813e+00
1.025263468328262206e+00
1.025271960112261072e+00
1.025279979329047908e+00
1.025287516223657658e+00
1.025294560916052422e+00
1.025301103414217430e+00
1.025307133627906042e+00
1.025312641383023138e+00
1.025317616436637991e+00
1.025322048492610882e+00
1.025325927217815014e+00
1.025329242258934848e+00
1.025331983259822000e+00
1.025334139879379824e+00
1.025335701809949152e+00
1.025336658796169864e+00
1.025337000654278574e+00
1.025336717291811528e+00
1.025335798727669001e+00
1.025334235112507653e+00
1.025332016749404218e+00
1.025329134114756791e+00
1.025325577879363070e+00
1.025321338929629844e+00
1.025316408388855516e+00
1.025310777638530402e+00
1.025304438339592616e+00
1.025297382453583594e+00
1.025289602263632194e+00
1.025281090395210981e+00
1.025271839836590537e+00
1.025261843958932495e+00
1.025251096535944040e+00
1.025239591763035030e+00
1.025227324275898688e+00
1.025214289168455473e+00
1.025200482010086844e+00
1.025185898862090550e+00
1.025170536293295465e+00
1.025154391394764497e+00
1.025137461793527827e+00
1.025119745665282966e+00
1.025101241746000813e+00
1.025081949342389276e+00
1.025061868341154314e+00
1.025040999217016191e+00
1.025019343039435871e+00
1.024996901478008482e+00
1.024973676806494316e+00
1.024949671905455606e+00
1.024924890263475330e+00
1.024899335976936499e+00
1.024873013748359707e+00
1.024845928883278301e+00
1.024818087285664703e+00
1.024789495451905452e+00
1.024760160463344949e+00
1.024730089977410330e+00
1.024699292217350566e+00
1.024667775960619753e+00
1.024635550525943017e+00
1.024602625759110541e+00
1.024569012017556346e+00
1.024534720153772227e+00
1.024499761497623451e+00
1.024464147837636618e+00
1.024427891401329394e+00
1.024391004834661167e+00
1.024353501180688575e+00
1.024315393857507139e+00
1.024276696635570971e+00
1.024237423614481335e+00
1.024197589199333347e+00
1.024157208076718950e+00
1.024116295190479864e+00
1.024074865717304661e+00
1.024032935042264558e+00
1.023990518734385180e+00
1.023947632522338891e+00
1.023904292270356065e+00
1.023860513954434337e+00
1.023816313638934883e+00
1.023771707453644098e+00
1.023726711571373071e+00
1.023681342186170795e+00
1.023635615492212825e+00
1.023589547663426025e+00
1.023543154833906454e+00
1.023496453079175250e+00
1.023449458398317358e+00
1.023402186697036642e+00
1.023354653771662015e+00
1.023306875294119678e+00
1.023258866797895461e+00
1.023210643664994146e+00
1.023162221113901760e+00
1.023113614188547293e+00
1.023064837748257405e+00
1.023015906458693003e+00
1.022966834783746393e+00
1.022917636978378120e+00
1.022868327082366635e+00
1.022818918914937703e+00
1.022769426070240906e+00
1.022719861913632400e+00
1.022670239578725493e+00
1.022620571965165315e+00
1.022570871737081832e+00
1.022521151322174582e+00
1.022471422911384487e+00
1.022421698459102579e+00
1.022371989683867666e+00
1.022322308069508301e+00
1.022272664866678671e+00
1.022223071094744862e+00
1.022173537543977551e+00
1.022124074778006486e+00
1.022074693136497237e+00
1.022025402738011568e+00
1.021976213483015261e+00
1.021927135056997615e+00
1.021878176933674887e+00
1.021829348378244795e+00
1.021780658450672119e+00
1.021732116008974511e+00
1.021683729712496769e+00
1.021635508025149353e+00
1.021587459218602056e+00
1.021539591375414169e+00
1.021491912392098911e+00
1.021444429982109714e+00
1.021397151678745452e+00
1.021350084837971961e+00
1.021303236641157408e+00
1.021256614097725723e+00
1.021210224047727433e+00
1.021164073164332997e+00
1.021118167956254652e+00
1.021072514770101414e+00
1.021027119792676574e+00
1.020981989053221017e+00
1.020937128425617679e+00
1.020892543630557592e+00
1.020848240237682392e+00
1.020804223667708177e+00
1.020760499194542037e+00
1.020717071947396581e+00
1.020673946912914243e+00
1.020631128937303567e+00
1.020588622728500372e+00
1.020546432858354891e+00
1.020504563764855099e+00
1.020463019754387579e+00
1.020421805004040783e+00
1.020380923563958930e+00
1.020340379359741423e+00
1.020300176194896435e+00
1.020260317753348467e+00
1.020220807601998736e+00
1.020181649193341311e+00
1.020142845868132309e+00
1.020104400858114158e+00
1.020066317288789604e+00
1.020028598182248558e+00
1.019991246460041356e+00
1.019954264946096867e+00
1.019917656369686565e+00
1.019881423368425466e+00
1.019845568491311694e+00
1.019810094201798023e+00
1.019775002880894510e+00
1.019740296830297321e+00
1.019705978275539326e+00
1.019672049369160227e+00
1.019638512193891788e+00
1.019605368765853282e+00
1.019572621037754256e+00
1.019540270902101309e+00
1.019508320194401296e+00
1.019476770696361001e+00
1.019445624139075024e+00
1.019414882206199913e+00
1.019384546537108527e+00
1.019354618730018203e+00
1.019325100345092494e+00
1.019295992907505166e+00
1.019267297910465331e+00
1.019239016818195065e+00
1.019211151068856402e+00
1.019183702077420151e+00
1.019156671238468537e+00
1.019130059928930354e+00
1.019103869510737725e+00
1.019078101333398489e+00
1.019052756736481102e+00
1.019027837052002283e+00
1.019003343606711631e+00
1.018979277724268551e+00
1.018955640727305045e+00
1.018932433939364834e+00
1.018909658686720565e+00
1.018887316300058021e+00
1.018865408116023774e+00
1.018843935478634943e+00
1.018822899740541965e+00
1.018802302264147253e+00
1.018782144422571978e+00
1.018762427600472309e+00
1.018743153194701323e+00
1.018724322614817712e+00
1.018705937283438612e+00
1.018687998636440994e+00
1.018670508123009633e+00
1.018653467205533847e+00
1.018636877359357928e+00
1.018620740072383679e+00
1.018605056844536172e+00
1.018589829187089624e+00
1.018575058621860929e+00
1.018560746680279738e+00
1.018546894902333522e+00
1.018533504835402059e+00
1.018520578032979129e+00
1.018508116053297385e+00
1.018496120457853982e+00
1.018484592809851819e+00
1.018473534672559078e+00
1.018462947607595703e+00
1.018452833173154826e+00
1.018443192922164009e+00
1.018434028400396540e+00
1.018425341144537866e+00
1.018417132680212722e+00
1.018409404519983852e+00
1.018402158161323179e+00
1.018395395084565003e+00
1.018389116750847201e+00
1.018383324600043327e+00
1.018378020048691601e+00
1.018373204487927230e+00
1.018368879281420725e+00
1.018365045763324650e+00
1.018361705236236148e+00
1.018358858969175662e+00
1.018356508195583654e+00
1.018354654111343294e+00
1.018353297872822028e+00
1.018352440594944008e+00
1.018352083349285397e+00
1.018352227162201640e+00
1.018352873012981608e+00
1.018354021832031053e+00
1.018355674499087815e+00
1.018357831841464112e+00
1.018360494632322144e+00
1.018363663588972789e+00
1.018367339371210045e+00
1.018371522579667232e+00
1.018376213754202730e+00
1.018381413372310806e+00
1.018387121847557975e+00
1.018393339528039565e+00
1.018400066694862272e+00
1.018407303560646238e+00
1.018415050268043132e+00
1.018423306888277313e+00
1.018432073419699657e+00
1.018441349786358474e+00
1.018451135836583088e+00
1.018461431341580736e+00
1.018472235994043684e+00
1.018483549406767663e+00
1.018495371111276970e+00
1.018507700556461115e+00
1.018520537107213020e+00
1.018533880043078099e+00
1.018547728556906229e+00
1.018562081753507487e+00
1.018576938648314334e+00
1.018592298166045573e+00
1.018608159139373859e+00
1.018624520307597869e+00
1.018641380315315814e+00
1.018658737711103823e+00
1.018676590946197447e+00
1.018694938373178260e+00
1.018713778244662915e+00
1.018733108712001734e+00
1.018752927823979970e+00
1.018773233525529065e+00
1.018794023656446779e+00
1.018815295950126210e+00
1.018837048032297687e+00
1.018859277419785547e+00
1.018881981519279112e+00
1.018905157626119884e+00
1.018928802923113608e+00
1.018952914479359873e+00
1.018977489249107915e+00
1.019002524070642401e+00
1.019028015665197184e+00
1.019053960635903255e+00
1.019080355466773113e+00
1.019107196521727765e+00
1.019134480043662805e+00
1.019162202153565122e+00
1.019190358849678457e+00
1.019218946006724913e+00
1.019247959375182422e+00
1.019277394580628382e+00
1.019307247123145466e+00
1.019337512376802035e+00
1.019368185589204501e+00
1.019399261881131835e+00
1.019430736246250246e+00
1.019462603550918889e+00
1.019494858534085946e+00
1.019527495807284634e+00
1.019560509854724240e+00
1.019593895033495734e+00
1.019627645573878638e+00
1.019661755579769125e+00
1.019696219029222473e+00
1.019731029775121423e+00
1.019766181545969541e+00
1.019801667946816481e+00
1.019837482460318911e+00
1.019873618447938890e+00
1.019910069151285681e+00
1.019946827693602120e+00
1.019983887081401974e+00
1.020021240206256730e+00
1.020058879846739597e+00
1.020096798670524496e+00
1.020134989236646916e+00
1.020173443997924423e+00
1.020212155303542811e+00
1.020251115401802799e+00
1.020290316443038137e+00
1.020329750482693587e+00
1.020369409484577217e+00
1.020409285324271664e+00
1.020449369792717498e+00
1.020489654599959550e+00
1.020530131379056904e+00
1.020570791690158075e+00
1.020611627024734513e+00
1.020652628809972429e+00
1.020693788413320702e+00
1.020735097147189130e+00
1.020776546273794771e+00
1.020818127010153731e+00
1.020859830533206392e+00
1.020901647985082761e+00
1.020943570478490159e+00
1.020985589102223923e+00
1.021027694926794460e+00
1.021069879010160442e+00
1.021112132403561912e+00
1.021154446157448437e+00
1.021196811327487186e+00
1.021239218980650731e+00
1.021281660201368791e+00
1.021324126097736595e+00
1.021366607807770777e+00
1.021409096505703662e+00
1.021451583408301556e+00
1.021494059781200558e+00
1.021536516945247719e+00
1.021578946282833522e+00
1.021621339244210613e+00
1.021663687353780769e+00
1.021705982216339903e+00
1.021748215523276659e+00
1.021790379058698628e+00
1.021832464705489052e+00
1.021874464451272058e+00
1.021916370394279516e+00
1.021958174749105996e+00
1.021999869852339371e+00
1.022041448168058420e+00
1.022082902293182549e+00
1.022124224962665640e+00
1.022165409054519358e+00
1.022206447594658840e+00
1.022247333761557408e+00
1.022288060890703232e+00
1.022328622478843929e+00
1.022369012188014459e+00
1.022409223849334525e+00
1.022449251466571063e+00
1.022489089219454916e+00
1.022528731466744611e+00
1.022568172749030779e+00
1.022607407791274348e+00
1.022646431505068954e+00
1.022685238990631129e+00
1.022723825538498721e+00
1.022762186630947756e+00
1.022800317943114212e+00
1.022838215343819801e+00
1.022875874896101767e+00
1.022913292857438039e+00
1.022950465679674181e+00
1.022987390008643471e+00
1.023024062683485447e+00
1.023060480735658029e+00
1.023096641387648553e+00
1.023132542051381044e+00
1.023168180326323284e+00
1.023203553997295234e+00
1.023238661031984353e+00
1.023273499578163381e+00
1.023308067960625678e+00
1.023342364677832572e+00
1.023376388398280712e+00
1.023410137956598298e+00
1.023443612349368204e+00
1.023476810730692632e+00
1.023509732407496431e+00
1.023542376834583711e+00
1.023574743609450666e+00
1.023606832466862571e+00
1.023638643273202309e+00
1.023670176020600175e+00
1.023701430820850966e+00
1.023732407899126562e+00
1.023763107587496002e+00
1.023793530318257705e+00
1.023823676617095391e+00
1.023853547096064354e+00
1.023883142446423200e+00
1.023912463431311481e+00
1.023941510878290995e+00
1.023970285671756519e+00
1.023998788745224875e+00
1.024027021073515842e+00
1.024054983664830942e+00
1.024082677552741849e+00
1.024110103788099302e+00
1.024137263430870304e+00
1.024164157541916476e+00
1.024190787174720452e+00
1.024217153367074751e+00
1.024243257132738449e+00
1.024269099453075871e+00
1.024294681268687279e+00
1.024320003471038465e+00
1.024345066894105205e+00
1.024369872306036378e+00
1.024394420400856598e+00
1.024418711790203051e+00
1.024442746995126496e+00
1.024466526437951996e+00
1.024490050434216926e+00
1.024513319184698013e+00
1.024536332767534530e+00
1.024559091130464950e+00
1.024581594083182168e+00
1.024603841289823292e+00
1.024625832261604419e+00
1.024647566349612626e+00
1.024669042737766933e+00
1.024690260435961786e+00
1.024711218273404389e+00
1.024731914892159423e+00
1.024752348740914032e+00
1.024772518068976623e+00
1.024792420920523917e+00
1.024812055129106891e+00
1.024831418312432740e+00
1.024850507867437033e+00
1.024869320965658304e+00
1.024887854548930832e+00
1.024906105325410710e+00
1.024924069765951629e+00
1.024941744100842822e+00
1.024959124316924042e+00
1.024976206155098657e+00
1.024992985108254206e+00
1.025009456419607945e+00
1.025025615081496699e+00
1.025041455834618365e+00
1.025056973167752350e+00
1.025072161317962527e+00
1.025087014271305552e+00
1.025101525764059440e+00
1.025115689284482379e+00
1.025129498075120882e+00
1.025142945135680161e+00
1.025156023226469149e+00
1.025168724872435044e+00
1.025181042367797613e+00
1.025192967781295650e+00
1.025204492962059621e+00
1.025215609546113793e+00
1.025226308963521626e+00
1.025236582446181544e+00
1.025246421036278166e+00
1.025255815595393027e+00
1.025264756814282974e+00
1.025273235223322477e+00
1.025281241203614524e+00
1.025288764998765867e+00
1.025295796727326625e+00
1.025302326395883590e+00
1.025308343912807452e+00
1.025313839102633962e+00
1.025318801721079698e+00
1.025323221470664237e+00
1.025327088016935173e+00
1.025330391005265795e+00
1.025333120078210536e+00
1.025335264893387555e+00
1.025336815141868030e+00
1.025337760567035073e+00
1.025338090983881401e+00
1.025337796298712023e+00
1.025336866529210411e+00
1.025335291824827522e+00
1.025333062487448599e+00
1.025330168992292013e+00
1.025326602008988397e+00
1.025322352422789240e+00
1.025317411355850528e+00
1.025311770188531035e+00
1.025305420580650662e+00
1.025298354492643060e+00
1.025290564206541744e+00
1.025282042346734146e+00
1.025272781900418373e+00
1.025262776237694240e+00
1.025252019131217995e+00
1.025240504775358996e+00
1.025228227804781511e+00
1.025215183312387923e+00
1.025201366866550501e+00
1.025186774527570233e+00
1.025171402863287895e+00
1.025155248963788956e+00
1.025138310455136814e+00
1.025120585512070637e+00
1.025102072869614300e+00
1.025082771833536910e+00
1.025062682289616056e+00
1.025041804711652960e+00
1.025020140168197980e+00
1.024997690327945854e+00
1.024974457463765143e+00
1.024950444455335452e+00
1.024925654790365126e+00
1.024900092564372756e+00
1.024873762479021844e+00
1.024846669838997748e+00
1.024818820547433340e+00
1.024790221099884491e+00
1.024760878576871370e+00
1.024730800635006656e+00
1.024699995496732852e+00
1.024668471938705139e+00
1.024636239278856831e+00
1.024603307362196070e+00
1.024569686545380831e+00
1.024535387680134635e+00
1.024500422095562913e+00
1.024464801579439310e+00
1.024428538358535867e+00
1.024391645078074120e+00
1.024354134780379066e+00
1.024316020882823253e+00
1.024277317155144029e+00
1.024238037696232784e+00
1.024198196910482084e+00
1.024157809483788206e+00
1.024116890359303866e+00
1.024075454713035294e+00
1.024033517929379133e+00
1.023991095576691102e+00
1.023948203382982758e+00
1.023904857211827224e+00
1.023861073038574210e+00
1.023816866926941849e+00
1.023772255006079934e+00
1.023727253448169616e+00
1.023681878446636606e+00
1.023636146195038066e+00
1.023590072866690015e+00
1.023543674595082997e+00
1.023496967455138851e+00
1.023449967445348552e+00
1.023402690470829990e+00
1.023355152327329876e+00
1.023307368686198870e+00
1.023259355080352595e+00
1.023211126891232503e+00
1.023162699336765513e+00
1.023114087460328614e+00
1.023065306120700679e+00
1.023016369983001717e+00
1.022967293510587350e+00
1.022918090957887438e+00
1.022868776364155075e+00
1.022819363548097105e+00
1.022769866103347525e+00
1.022720297394753342e+00
1.022670670555424044e+00
1.022620998484505828e+00
1.022571293845634166e+00
1.022521569066020319e+00
1.022471836336121598e+00
1.022422107609849418e+00
1.022372394605269630e+00
1.022322708805741165e+00
1.022273061461453914e+00
1.022223463591314996e+00
1.022173925985140563e+00
1.022124459206110059e+00
1.022075073593443850e+00
1.022025779265263168e+00
1.021976586121597030e+00
1.021927503847503971e+00
1.021878541916272143e+00
1.021829709592677826e+00
1.021781015936266357e+00
1.021732469804641941e+00
1.021684079856739924e+00
1.021635854556064871e+00
1.021587802173885784e+00
1.021539930792364714e+00
1.021492248307622086e+00
1.021444762432722975e+00
1.021397480700581228e+00
1.021350410466781877e+00
1.021303558912316944e+00
1.021256933046237547e+00
1.021210539708225173e+00
1.021164385571085909e+00
1.021118477143170278e+00
1.021072820770730694e+00
1.021027422640216287e+00
1.020982288780519109e+00
1.020937425065175264e+00
1.020892837214533833e+00
1.020848530797897391e+00
1.020804511235647194e+00
1.020760783801358595e+00
1.020717353623916246e+00
1.020674225689638170e+00
1.020631404844411394e+00
1.020588895795854212e+00
1.020546703115503107e+00
1.020504831241034527e+00
1.020463284478527521e+00
1.020422067004766564e+00
1.020381182869594783e+00
1.020340635998313594e+00
1.020300430194136965e+00
1.020260569140698070e+00
1.020221056404609694e+00
1.020181895438080355e+00
1.020143089581584839e+00
1.020104642066586020e+00
1.020066556018310866e+00
1.020028834458576839e+00
1.019991480308662934e+00
1.019954496392232013e+00
1.019917885438291094e+00
1.019881650084193403e+00
1.019845792878679047e+00
1.019810316284944562e+00
1.019775222683747540e+00
1.019740514376533458e+00
1.019706193588587828e+00
1.019672262472205659e+00
1.019638723109876022e+00
1.019605577517479045e+00
1.019572827647486690e+00
1.019540475392171741e+00
1.019508522586808574e+00
1.019476971012875044e+00
1.019445822401237933e+00
1.019415078435330191e+00
1.019384740754301077e+00
1.019354810956149215e+00
1.019325290600820111e+00
1.019296181213272368e+00
1.019267484286502601e+00
1.019239201284521279e+00
1.019211333645283268e+00
1.019183882783551542e+00
1.019156850093705158e+00
1.019130236952470847e+00
1.019104044721580227e+00
1.019078274750344182e+00
1.019052928378134215e+00
1.019028006936774311e+00
1.019003511752822000e+00
1.018979444149747060e+00
1.018955805449992980e+00
1.018932596976917626e+00
1.018909820056610238e+00
1.018887476019573857e+00
1.018865566202274975e+00
1.018844091948552188e+00
1.018823054610878964e+00
1.018802455551482966e+00
1.018782296143312394e+00
1.018762577770852218e+00
1.018743301830784986e+00
1.018724469732502191e+00
1.018706082898454213e+00
1.018688142764353710e+00
1.018670650779222475e+00
1.018653608405287958e+00
1.018637017117735244e+00
1.018620878404308039e+00
1.018605193764775096e+00
1.018589964710254758e+00
1.018575192762411374e+00
1.018560879452522272e+00
1.018547026320425486e+00
1.018533634913350472e+00
1.018520706784645125e+00
1.018508243492395327e+00
1.018496246597954347e+00
1.018484717664382089e+00
1.018473658254805514e+00
1.018463069930704235e+00
1.018452954250132603e+00
1.018443312765881625e+00
1.018434147023588920e+00
1.018425458559804930e+00
1.018417248900022276e+00
1.018409519556671139e+00
1.018402272027093769e+00
1.018395507791495902e+00
1.018389228310887074e+00
1.018383435025014716e+00
1.018378129350292927e+00
1.018373312677733011e+00
1.018368986370882689e+00
1.018365151763773957e+00
1.018361810158884051e+00
1.018358962825115066e+00
1.018356610995790223e+00
1.018354755866676786e+00
1.018353398594027404e+00
1.018352540292652098e+00
1.018352182034015785e+00
1.018352324844362222e+00
1.018352969702870592e+00
1.018354117539837400e+00
1.018355769234893016e+00
1.018357925615244186e+00
1.018360587453946309e+00
1.018363755468207676e+00
1.018367430317718370e+00
1.018371612603009790e+00
1.018376302863839733e+00
1.018381501577602766e+00
1.018387209157766371e+00
1.018393425952328846e+00
1.018400152242300738e+00
1.018407388240205602e+00
1.018415134088601848e+00
1.018423389858619910e+00
1.018432155548517848e+00
1.018441431082253601e+00
1.018451216308065677e+00
1.018461510997071606e+00
1.018472314841875948e+00
1.018483627455186280e+00
1.018495448368441192e+00
1.018507777030444039e+00
1.018520612806003145e+00
1.018533954974580880e+00
1.018547802728943630e+00
1.018562155173820205e+00
1.018577011324561798e+00
1.018592370105807055e+00
1.018608230350149579e+00
1.018624590796809892e+00
1.018641450090308265e+00
1.018658806779144221e+00
1.018676659314478261e+00
1.018695006048815799e+00
1.018713845234700432e+00
1.018733175023408322e+00
1.018752993463652778e+00
1.018773298500293079e+00
1.018794087973056151e+00
1.018815359615264260e+00
1.018837111052579569e+00
1.018859339801756914e+00
1.018882043269417226e+00
1.018905218750835839e+00
1.018928863428751441e+00
1.018952974372197451e+00
1.018977548535358935e+00
1.019002582756455499e+00
1.019028073756657715e+00
1.019054018139033069e+00
1.019080412387532775e+00
1.019107252866015223e+00
1.019134535817315612e+00
1.019162257362360435e+00
1.019190413499333925e+00
1.019219000102898676e+00
1.019248012923474889e+00
1.019277447586581564e+00
1.019307299592244531e+00
1.019337564314475753e+00
1.019368237000826349e+00
1.019399312772018895e+00
1.019430786621664975e+00
1.019462653416070452e+00
1.019494907894129998e+00
1.019527544667322427e+00
1.019560558219806179e+00
1.019593942908619599e+00
1.019627692963991361e+00
1.019661802489766345e+00
1.019696265463950091e+00
1.019731075739376047e+00
1.019766227044497597e+00
1.019801712984316655e+00
1.019837527041441705e+00
1.019873662577287066e+00
1.019910112833414706e+00
1.019946870933021499e+00
1.019983929882574580e+00
1.020021282573600363e+00
1.020058921784626760e+00
1.020096840183282616e+00
1.020135030328560122e+00
1.020173484673232656e+00
1.020212195566442936e+00
1.020251155256449049e+00
1.020290355893541889e+00
1.020329789533125808e+00
1.020369448138966240e+00
1.020409323586605188e+00
1.020449407666942587e+00
1.020489692089983302e+00
1.020530168488746892e+00
1.020570828423342569e+00
1.020611663385202927e+00
1.020652664801475762e+00
1.020693824039571984e+00
1.020735132411863866e+00
1.020776581180531384e+00
1.020818161562552895e+00
1.020859864734833700e+00
1.020901681839467168e+00
1.020943603989124870e+00
1.020985622272566840e+00
1.021027727760268844e+00
1.021069911510154693e+00
1.021112164573430903e+00
1.021154478000512178e+00
1.021196842847033714e+00
1.021239250179933666e+00
1.021281691083609555e+00
1.021324156666123972e+00
1.021366638065461796e+00
1.021409126455823380e+00
1.021451613053943497e+00
1.021494089125427607e+00
1.021536545991091671e+00
1.021578975033296199e+00
1.021621367702263417e+00
1.021663715522364679e+00
1.021706010098367923e+00
1.021748243121631594e+00
1.021790406376234195e+00
1.021832491745031213e+00
1.021874491215618130e+00
1.021916396886198619e+00
1.021958200971339714e+00
1.021999895807601977e+00
1.022041473859037541e+00
1.022082927722538503e+00
1.022124250133031875e+00
1.022165433968503567e+00
1.022206472254842069e+00
1.022247358170496057e+00
1.022288085050927275e+00
1.022328646392858698e+00
1.022369035858299968e+00
1.022409247278346367e+00
1.022449274656740403e+00
1.022489112173188275e+00
1.022528754186425193e+00
1.022568195237017807e+00
1.022607430049903066e+00
1.022646453536652622e+00
1.022685260797458584e+00
1.022723847122837260e+00
1.022762207995041361e+00
1.022800339089184885e+00
1.022838236274067780e+00
1.022875895612705088e+00
1.022913313362553200e+00
1.022950485975435919e+00
1.022987410097166094e+00
1.023024082566861503e+00
1.023060500415959861e+00
1.023096660866927632e+00
1.023132561331668411e+00
1.023168199409629997e+00
1.023203572885612811e+00
1.023238679727283440e+00
1.023273518082396638e+00
1.023308086275725337e+00
1.023342382805711104e+00
1.023376406340833267e+00
1.023410155715699821e+00
1.023443629926875875e+00
1.023476828128444982e+00
1.023509749627313337e+00
1.023542393878267287e+00
1.023574760478785262e+00
1.023606849163614996e+00
1.023638659799121164e+00
1.023670192377417187e+00
1.023701447010280319e+00
1.023732423922866008e+00
1.023763123447225976e+00
1.023793546015641986e+00
1.023823692153780662e+00
1.023853562473682199e+00
1.023883157666588106e+00
1.023912478495621947e+00
1.023941525788329754e+00
1.023970300429090319e+00
1.023998803351404918e+00
1.024027035530078233e+00
1.024054997973296466e+00
1.024082691714615523e+00
1.024110117804871489e+00
1.024137277304016713e+00
1.024164171272897939e+00
1.024190800764983589e+00
1.024217166818050639e+00
1.024243270445844844e+00
1.024269112629716094e+00
1.024294694310250442e+00
1.024320016378900355e+00
1.024345079669626957e+00
1.024369884950566689e+00
1.024394432915729514e+00
1.024418724176739737e+00
1.024442759254635238e+00
1.024466538571727536e+00
1.024490062443541127e+00
1.024513331070839417e+00
1.024536344531749910e+00
1.024559102773997754e+00
1.024581605607263857e+00
1.024603852695672224e+00
1.024625843550427629e+00
1.024647577522604047e+00
1.024669053796109397e+00
1.024690271380825912e+00
1.024711229105948584e+00
1.024731925613530770e+00
1.024752359352248288e+00
1.024772528571397778e+00
1.024792431315144636e+00
1.024812065417028961e+00
1.024831428494746621e+00
1.024850517945222084e+00
1.024869330939983225e+00
1.024887864420853223e+00
1.024906115095977732e+00
1.024924079436200230e+00
1.024941753671798406e+00
1.024959133789602461e+00
1.024976215530505552e+00
1.024992994387384782e+00
1.025009465603447634e+00
1.025025624171020056e+00
1.025041464830791504e+00
1.025056982071530509e+00
1.025072170130291616e+00
1.025087022993122154e+00
1.025101534396290370e+00
1.025115697828044903e+00
1.025129506530923162e+00
1.025142953504621479e+00
1.025156031509439458e+00
1.025168733070314975e+00
1.025181050481458911e+00
1.025192975811601626e+00
1.025204500909864702e+00
1.025215617412263303e+00
1.025226316748852895e+00
1.025236590151523464e+00
1.025246428662450526e+00
1.025255823143207845e+00
1.025264764284544050e+00
1.025273242616825176e+00
1.025281248521146216e+00
1.025288772241106150e+00
1.025295803895246660e+00
1.025302333490147655e+00
1.025308350934170942e+00
1.025313846051845612e+00
1.025318808598879805e+00
1.025323228277786214e+00
1.025327094754104884e+00
1.025330397673201333e+00
1.025333126677622886e+00
1.025335271424980821e+00
1.025336821606338988e+00
1.025337766965072950e+00
1.025338097316168984e+00
1.025337802565924994e+00
1.025336872732018012e+00
1.025335297963891446e+00
1.025333068563424543e+00
1.025330175005828348e+00
1.025326607960727276e+00
1.025322358313366156e+00
1.025317417185894753e+00
1.025311775958665406e+00
1.025305426291491573e+00
1.025298360144800469e+00
1.025290569800619611e+00
1.025282047883330661e+00
1.025272787380125283e+00
1.025262781661096856e+00
1.025252024498896519e+00
1.025240510087887191e+00
1.025228233062727590e+00
1.025215188516314102e+00
1.025201372017013668e+00
1.025186779625121059e+00
1.025171407908471721e+00
1.025155253957145796e+00
1.025138315397200683e+00
1.025120590403370446e+00
1.025102077710673409e+00
1.025082776624873571e+00
1.025062687031743192e+00
1.025041809405078386e+00
1.025020144813423961e+00
1.024997694925469549e+00
1.024974462014079268e+00
