1.000603315025466955e+00
1.000676801146899608e+00
1.000798365743083895e+00
1.000941129994480594e+00
1.001095815661399824e+00
1.001257796852677462e+00
1.001424260485098028e+00
1.001593299405211024e+00
1.001763536522148890e+00
1.001933938037860461e+00
1.002103709237318396e+00
1.002272231790623636e+00
1.002439023813072039e+00
1.002603713097488747e+00
1.002766018267952308e+00
1.002925734838337135e+00
1.003082724378924873e+00
1.003236905693198011e+00
1.003388247325638805e+00
1.003536760982095544e+00
1.003682495611156522e+00
1.003825532003022936e+00
1.003965977831501100e+00
1.004103963106835362e+00
1.004239636029830240e+00
1.004373159246432445e+00
1.004504706500993994e+00
1.004634459679479619e+00
1.004762606224168131e+00
1.004889336891657381e+00
1.005014843818176518e+00
1.005139318851638652e+00
1.005262952108838537e+00
1.005385930718480481e+00
1.005508437715441294e+00
1.005630651057769498e+00
1.005752742744315587e+00
1.005874878016697949e+00
1.005997214633953085e+00
1.006119902211485284e+00
1.006243081617905988e+00
1.006366884424326313e+00
1.006491432401079411e+00
1.006616837057097369e+00
1.006743199217647877e+00
1.006870608637060904e+00
1.006999143644567329e+00
1.007128870823426503e+00
1.007259844725983289e+00
1.007392107630028288e+00
1.007525689344547448e+00
1.007660607075450576e+00
1.007796865363900896e+00
1.007934456111233334e+00
1.008073358705003697e+00
1.008213540260308960e+00
1.008354955989117174e+00
1.008497549707926710e+00
1.008641254490655115e+00
1.008785993469383246e+00
1.008931680780535967e+00
1.009078222648539302e+00
1.009225518593125148e+00
1.009373462740621896e+00
1.009521945213995409e+00
1.009670853571463578e+00
1.009820074259432543e+00
1.009969494042590732e+00
1.010119001372413727e+00
1.010268487655216818e+00
1.010417848382275219e+00
1.010566984087373665e+00
1.010715801101322198e+00
1.010864212078254276e+00
1.011012136274704876e+00
1.011159499569200815e+00
1.011306234217155264e+00
1.011452278342919620e+00
1.011597575177715314e+00
1.011742072058635644e+00
1.011885719209894230e+00
1.012028468332915043e+00
1.012170271036746172e+00
1.012311077144674387e+00
1.012450832916909071e+00
1.012589479232847145e+00
1.012726949779847674e+00
1.012863169298594990e+00
1.012998051938035271e+00
1.013131499775386413e+00
1.013263401558692323e+00
1.013393631730484801e+00
1.013522049791048874e+00
1.013648500058034863e+00
1.013772811875365498e+00
1.013894800317996836e+00
1.014014267429742322e+00
1.014131004018734572e+00
1.014244792019050934e+00
1.014355407407663057e+00
1.014462623643584749e+00
1.014566215571643948e+00
1.014665963707768404e+00
1.014761658797512345e+00
1.014853106516484083e+00
1.014940132162233777e+00
1.015022585174002678e+00
1.015100343311193809e+00
1.015173316324924135e+00
1.015241448970324090e+00
1.015304723230362693e+00
1.015363159654077752e+00
1.015416817751438661e+00
1.015465795431137241e+00
1.015510227513265917e+00
1.015550283392712139e+00
1.015586163967775013e+00
1.015618097979079426e+00
1.015646337924187126e+00
1.015671155722144059e+00
1.015692838299581346e+00
1.015711683256913966e+00
1.015727994751572716e+00
1.015742079707685930e+00
1.015754244430993714e+00
1.015764791676831980e+00
1.015774018190151118e+00
1.015782212711537458e+00
1.015789654423195021e+00
1.015796611794260285e+00
1.015803341775476820e+00
1.015810089288579299e+00
1.015817086954864612e+00
1.015824555009420482e+00
1.015832701351442324e+00
1.015841721686240318e+00
1.015851799720319359e+00
1.015863107376872687e+00
1.015875805004939014e+00
1.015890041561138268e+00
1.015905954748295148e+00
1.015923671100323666e+00
1.015943306007502711e+00
1.015964963680703548e+00
1.015988737057229585e+00
1.016014707654691041e+00
1.016042945382733098e+00
1.016073508325433972e+00
1.016106442509762342e+00
1.016141781677583733e+00
1.016179547080287238e+00
1.016219747316120081e+00
1.016262378230710972e+00
1.016307422900974089e+00
1.016354851721561037e+00
1.016404622611240427e+00
1.016456681353971270e+00
1.016510962086043302e+00
1.016567387936488265e+00
1.016625871823098937e+00
1.016686317400979700e+00
1.016748620154733995e+00
1.016812668619403226e+00
1.016878345709373743e+00
1.016945530128925190e+00
1.017014097833200736e+00
1.017083923504421117e+00
1.017154882005359529e+00
1.017226849770654251e+00
1.017299706096557843e+00
1.017373334291248099e+00
1.017447622650810013e+00
1.017522465230293882e+00
1.017597762384667481e+00
1.017673421060756755e+00
1.017749354828100916e+00
1.017825483643775897e+00
1.017901733353355098e+00
1.017978034937080833e+00
1.018054323516802251e+00
1.018130537145211845e+00
1.018206615404324555e+00
1.018282497844989809e+00
1.018358122303581359e+00
1.018433423135949978e+00
1.018508329412321611e+00
1.018582763120169599e+00
1.018656637425195743e+00
1.018729855043406296e+00
1.018802306779731381e+00
1.018873870290556205e+00
1.018944409128602402e+00
1.019013772128454676e+00
1.019081793189279050e+00
1.019148291507412596e+00
1.019213072305086509e+00
1.019275928092162165e+00
1.019336640485066781e+00
1.019394982591034449e+00
1.019450721946336014e+00
1.019503623974865159e+00
1.019553455908949413e+00
1.019599991088714575e+00
1.019643013531138287e+00
1.019682322636893179e+00
1.019717737884020980e+00
1.019749103344377517e+00
1.019776291853376815e+00
1.019799208667179879e+00
1.019817794454955351e+00
1.019832027497132643e+00
1.019841924992867188e+00
1.019847543419483582e+00
1.019848977930901901e+00
1.019846360827886267e+00
1.019839859176922658e+00
1.019829671693282425e+00
1.019816025034431917e+00
1.019799169670194683e+00
1.019779375504877850e+00
1.019756927423794313e+00
1.019732120923404928e+00
1.019705257962523870e+00
1.019676643144351358e+00
1.019646580308288808e+00
1.019615369579417674e+00
1.019583304894513764e+00
1.019550671998375790e+00
1.019517746884166742e+00
1.019484794636810632e+00
1.019452068629120189e+00
1.019419810015619321e+00
1.019388247468145270e+00
1.019357597099304069e+00
1.019328062523821465e+00
1.019299835013017574e+00
1.019273093703411348e+00
1.019248005826477010e+00
1.019224726932472791e+00
1.019203401086984595e+00
1.019184161024240698e+00
1.019167128246358800e+00
1.019152413062480500e+00
1.019140114566211341e+00
1.019130320553923053e+00
1.019123107390273564e+00
1.019118539830720316e+00
1.019116670813837278e+00
1.019117541238837577e+00
1.019121179745825945e+00
1.019127602517906128e+00
1.019136813125294694e+00
1.019148802431998346e+00
1.019163548585313661e+00
1.019181017107408049e+00
1.019201161106419118e+00
1.019223921621911888e+00
1.019249228116119843e+00
1.019276999118208904e+00
1.019307143023934881e+00
1.019339559047617527e+00
1.019374138317536316e+00
1.019410765099836080e+00
1.019449318130121851e+00
1.019489672026369309e+00
1.019531698751874327e+00
1.019575269092998671e+00
1.019620254113677404e+00
1.019666526547197805e+00
1.019713962085805115e+00
1.019762440530228131e+00
1.019811846764201224e+00
1.019862071523396585e+00
1.019913011933590852e+00
1.019964571799193198e+00
1.020016661630116506e+00
1.020069198402104416e+00
1.020122105052771566e+00
1.020175309722511692e+00
1.020228744755935057e+00
1.020282345485470588e+00
1.020336048824176389e+00
1.020389791699658932e+00
1.020443509365345225e+00
1.020497133629287179e+00
1.020550591044277589e+00
1.020603801106383379e+00
1.020656674512111506e+00
1.020709111527257296e+00
1.020761000522945938e+00
1.020812216736283196e+00
1.020862621314088114e+00
1.020912060698036417e+00
1.020960366407765108e+00
1.021007355274614614e+00
1.021052830172255010e+00
1.021096581281021987e+00
1.021138387910084155e+00
1.021178020885462390e+00
1.021215245492453016e+00
1.021249824938689432e+00
1.021281524279539443e+00
1.021310114721974749e+00
1.021335378197857358e+00
1.021357112074526619e+00
1.021375133851537109e+00
1.021389285679295877e+00
1.021399438529968728e+00
1.021405495854694534e+00
1.021407396574650406e+00
1.021405117276893204e+00
1.021398673518243871e+00
1.021388120180090286e+00
1.021373550861295776e+00
1.021355096342262403e+00
1.021332922197220494e+00
1.021307225670570640e+00
1.021278231963715033e+00
1.021246190099056594e+00
1.021211368536588893e+00
1.021174050715714987e+00
1.021134530681631514e+00
1.021093108933814220e+00
1.021050088606368700e+00
1.021005772059182082e+00
1.020960457927663656e+00
1.020914438649836775e+00
1.020867998464423110e+00
1.020821411853457539e+00
1.020774942388326112e+00
1.020728841928749686e+00
1.020683350119535815e+00
1.020638694129060831e+00
1.020595088575450227e+00
1.020552735590415816e+00
1.020511824975905757e+00
1.020472534414538668e+00
1.020435029700802243e+00
1.020399464965933811e+00
1.020365982875118593e+00
1.020334714781082841e+00
1.020305780823261621e+00
1.020279289966530500e+00
1.020255339977959697e+00
1.020234017344192834e+00
1.020215397135851410e+00
1.020199542828796879e+00
1.020186506095107415e+00
1.020176326579225634e+00
1.020169031676848803e+00
1.020164636335738173e+00
1.020163142898632636e+00
1.020164541008865555e+00
1.020168807598981875e+00
1.020175906981623193e+00
1.020185791060152614e+00
1.020198399673860390e+00
1.020213661089181434e+00
1.020231492644161575e+00
1.020251801548529347e+00
1.020274485836281109e+00
1.020299435461854642e+00
1.020326533524956503e+00
1.020355657603182031e+00
1.020386681166013831e+00
1.020419475038892632e+00
1.020453908882064997e+00
1.020489852646139006e+00
1.020527177964820398e+00
1.020565759445350107e+00
1.020605475818704200e+00
1.020646210914618379e+00
1.020687854430826658e+00
1.020730302471330786e+00
1.020773457834831532e+00
1.020817230041301205e+00
1.020861535091827310e+00
1.020906294963997318e+00
1.020951436852003846e+00
1.020996892167157055e+00
1.021042595320466484e+00
1.021088482314369328e+00
1.021134489175533400e+00
1.021180550265017528e+00
1.021226596505994566e+00
1.021272553572849073e+00
1.021318340088792631e+00
1.021363865882235933e+00
1.021409030354993863e+00
1.021453721017869576e+00
1.021497812251050075e+00
1.021541164347808284e+00
1.021583622899862265e+00
1.021625018580949451e+00
1.021665167381303974e+00
1.021703871339282088e+00
1.021740919806951808e+00
1.021776091273759235e+00
1.021809155756256526e+00
1.021839877742415359e+00
1.021868019656706927e+00
1.021893345787592500e+00
1.021915626593492554e+00
1.021934643278107790e+00
1.021950192502901533e+00
1.021962091085507396e+00
1.021970180519747196e+00
1.021974331147557979e+00
1.021974445816808741e+00
1.021970462872522578e+00
1.021962358352396905e+00
1.021950147289899746e+00
1.021933884067841358e+00
1.021913661809642271e+00
1.021889610841423934e+00
1.021861896302055372e+00
1.021830715017077562e+00
1.021796291783024779e+00
1.021758875228907737e+00
1.021718733430363457e+00
1.021676149449170401e+00
1.021631416957522909e+00
1.021584836084628467e+00
1.021536709595418646e+00
1.021487339480303458e+00
1.021437024003756688e+00
1.021386055230472767e+00
1.021334717022709837e+00
1.021283283482331328e+00
1.021232017796415814e+00
1.021181171435919577e+00
1.021130983652204449e+00
1.021081681215366244e+00
1.021033478340317213e+00
1.020986576750572361e+00
1.020941165834885034e+00
1.020897422857701020e+00
1.020855513190401576e+00
1.020815590536257478e+00
1.020777797127728315e+00
1.020742263880178413e+00
1.020709110491194282e+00
1.020678445479493046e+00
1.020650366161877098e+00
1.020624958570843122e+00
1.020602297319242124e+00
1.020582445421826190e+00
1.020565454086537649e+00
1.020551362491000980e+00
1.020540197561783380e+00
1.020531973775606005e+00
1.020526693002691276e+00
1.020524344412840900e+00
1.020524904464544358e+00
1.020528336996384677e+00
1.020534593438207960e+00
1.020543613156900342e+00
1.020555323948194815e+00
1.020569642681743883e+00
1.020586476101806861e+00
1.020605721780453834e+00
1.020627269214356758e+00
1.020651001050215223e+00
1.020676794417957112e+00
1.020704522345286636e+00
1.020734055222255243e+00
1.020765262280565633e+00
1.020798013049514896e+00
1.020832178749055519e+00
1.020867633580475164e+00
1.020904255876762923e+00
1.020941929077712418e+00
1.020980542499154264e+00
1.021019991871138011e+00
1.021060179626192888e+00
1.021101014925658745e+00
1.021142413419217077e+00
1.021184296739907404e+00
1.021226591743818801e+00
1.021269229510148202e+00
1.021312144123307286e+00
1.021355271264161590e+00
1.021398546642346084e+00
1.021441904305946613e+00
1.021485274868771942e+00
1.021528583699032211e+00
1.021571749116576777e+00
1.021614680648947449e+00
1.021657277399325103e+00
1.021699426581924586e+00
1.021741002282277488e+00
1.021781864500908243e+00
1.021821858538747296e+00
1.021860814780853222e+00
1.021898548931125861e+00
1.021934862744251937e+00
1.021969545291703696e+00
1.022002374785886181e+00
1.022033120970410103e+00
1.022061548065005043e+00
1.022087418231228284e+00
1.022110495500599736e+00
1.022130550081204570e+00
1.022147362933609749e+00
1.022160730483879787e+00
1.022170469322428943e+00
1.022176420724370427e+00
1.022178454821634386e+00
1.022176474260825252e+00
1.022170417194316894e+00
1.022160259475475286e+00
1.022146015961293175e+00
1.022127740865335088e+00
1.022105527148250870e+00
1.022079504978991471e+00
1.022049839343898592e+00
1.022016726919626084e+00
1.021980392356441669e+00
1.021941084138711320e+00
1.021899070198104109e+00
1.021854633452241590e+00
1.021808067428205513e+00
1.021759672108490502e+00
1.021709750109189407e+00
1.021658603269354426e+00
1.021606529699312871e+00
1.021553821306668608e+00
1.021500761793596501e+00
1.021447625098928613e+00
1.021394674243879308e+00
1.021342160530890331e+00
1.021290323040384918e+00
1.021239388369353129e+00
1.021189570557717641e+00
1.021141071152406266e+00
1.021094079364282869e+00
1.021048772278881911e+00
1.021005315087929022e+00
1.020963861314549748e+00
1.020924553010809310e+00
1.020887520911644586e+00
1.020852884534380722e+00
1.020820752217812322e+00
1.020791221099315971e+00
1.020764377032592485e+00
1.020740294452447738e+00
1.020719036196442442e+00
1.020700653296274574e+00
1.020685184754350772e+00
1.020672657323125954e+00
1.020663085306383611e+00
1.020656470402654392e+00
1.020652801611365623e+00
1.020652055222023513e+00
1.020654194905700862e+00
1.020659171926292075e+00
1.020666925486383825e+00
1.020677383219166900e+00
1.020690461833617224e+00
1.020706067915300608e+00
1.020724098879701724e+00
1.020744444069139112e+00
1.020766985978322161e+00
1.020791601587675235e+00
1.020818163778008714e+00
1.020846542795201373e+00
1.020876607729604313e+00
1.020908227972070703e+00
1.020941274607077842e+00
1.020975621703456238e+00
1.021011147464769842e+00
1.021047735204416274e+00
1.021085274114824193e+00
1.021123659805577066e+00
1.021162794591585765e+00
1.021202587519308924e+00
1.021242954126149627e+00
1.021283815935318362e+00
1.021325099695352456e+00
1.021366736379990758e+00
1.021408659970086674e+00
1.021450806044647441e+00
1.021493110212950306e+00
1.021535506424027240e+00
1.021577925193744907e+00
1.021620291793305046e+00
1.021662524446319775e+00
1.021704532584714498e+00
1.021746215216554177e+00
1.021787459461335423e+00
1.021828139310197781e+00
1.021868114669556293e+00
1.021907230746501138e+00
1.021945317832541722e+00
1.021982191538371332e+00
1.022017653525899128e+00
1.022051492774366466e+00
1.022083487404638280e+00
1.022113407069650926e+00
1.022141015899517669e+00
1.022166075967447796e+00
1.022188351218098923e+00
1.022207611774400782e+00
1.022223638513682697e+00
1.022236227780887408e+00
1.022245196087592234e+00
1.022250384632495956e+00
1.022251663473632721e+00
1.022248935186276686e+00
1.022242137854033839e+00
1.022231247264006715e+00
1.022216278209316043e+00
1.022197284841886766e+00
1.022174360062753307e+00
1.022147633983032211e+00
1.022117271532743565e+00
1.022083469333441963e+00
1.022046451981229120e+00
1.022006467906949823e+00
1.021963784989127433e+00
1.021918686092362805e+00
1.021871464690632614e+00
1.021822420713054180e+00
1.021771856721933602e+00
1.021720074502020292e+00
1.021667372108754357e+00
1.021614041394234729e+00
1.021560366004507170e+00
1.021506619821669126e+00
1.021453065809634353e+00
1.021399955213030619e+00
1.021347527054014215e+00
1.021296007870924338e+00
1.021245611644715945e+00
1.021196539863100661e+00
1.021148981677538536e+00
1.021103114114032984e+00
1.021059102304700206e+00
1.021017099713023679e+00
1.020977248331429887e+00
1.020939678835250053e+00
1.020904510682262067e+00
1.020871852151790327e+00
1.020841800321831583e+00
1.020814440986810734e+00
1.020789848522369203e+00
1.020768085707024930e+00
1.020749203513562353e+00
1.020733240885614901e+00
1.020720224517016828e+00
1.020710168653097716e+00
1.020703074934122156e+00
1.020698932301461248e+00
1.020697716986803893e+00
1.020699392603677147e+00
1.020703910358740973e+00
1.020711209397700880e+00
1.020721217297268613e+00
1.020733850710395130e+00
1.020749016167132206e+00
1.020766611028019355e+00
1.020786524581059229e+00
1.020808639267335227e+00
1.020832832014396008e+00
1.020858975650982714e+00
1.020886940371766860e+00
1.020916595216802003e+00
1.020947809527595673e+00
1.020980454340266963e+00
1.021014403676300475e+00
1.021049535692943211e+00
1.021085733658311456e+00
1.021122886720583489e+00
1.021160890446108471e+00
1.021199647107556174e+00
1.021239065710100036e+00
1.021279061750774542e+00
1.021319556713285781e+00
1.021360477307473369e+00
1.021401754469125400e+00
1.021443322141823540e+00
1.021485115867915905e+00
1.021527071220565297e+00
1.021569122113164418e+00
1.021611199026354999e+00
1.021653227196463121e+00
1.021695124812521005e+00
1.021736801272121520e+00
1.021778155549199596e+00
1.021819074729296117e+00
1.021859432769742337e+00
1.021899089543282013e+00
1.021937890223469925e+00
1.021975665068423744e+00
1.022012229655613336e+00
1.022047385613925385e+00
1.022080921889822136e+00
1.022112616571692056e+00
1.022142239280357412e+00
1.022169554114252810e+00
1.022194323115421577e+00
1.022216310197946676e+00
1.022235285454855092e+00
1.022251029734321248e+00
1.022263339352949885e+00
1.022272030794859621e+00
1.022276945232215795e+00
1.022277952697478121e+00
1.022274955741317548e+00
1.022267892423703639e+00
1.022256738509044194e+00
1.022241508768660267e+00
1.022222257333508910e+00
1.022199077084405605e+00
1.022172098112900773e+00
1.022141485329995492e+00
1.022107435338660109e+00
1.022070172716726733e+00
1.022029945876974821e+00
1.021987022679952339e+00
1.021941685972277192e+00
1.021894229209838523e+00
1.021844952303490484e+00
1.021794157797030422e+00
1.021742147456404348e+00
1.021689219317919672e+00
1.021635665214186917e+00
1.021581768771398169e+00
1.021527803851430827e+00
1.021474033397618220e+00
1.021420708633662633e+00
1.021368068560469133e+00
1.021316339694825270e+00
1.021265735995857238e+00
1.021216458929203430e+00
1.021168697624030841e+00
1.021122629083861977e+00
1.021078418418170264e+00
1.021036219067663176e+00
1.020996173001884166e+00
1.020958410873199940e+00
1.020923052116364804e+00
1.020890204987644490e+00
1.020859966541962205e+00
1.020832422550675744e+00
1.020807647366384519e+00
1.020785703744608419e+00
1.020766642635196231e+00
1.020750502958925221e+00
1.020737311386870516e+00
1.020727082141718478e+00
1.020719816841222816e+00
1.020715504404395180e+00
1.020714121040734668e+00
1.020715630341766600e+00
1.020719983492357930e+00
1.020727119616651191e+00
1.020736966270043844e+00
1.020749440084444792e+00
1.020764447569157074e+00
1.020781886064284993e+00
1.020801644837734390e+00
1.020823606310847786e+00
1.020847647391809776e+00
1.020873640890394896e+00
1.020901456982717725e+00
1.020930964690703213e+00
1.020962033338166597e+00
1.020994533943981430e+00
1.021028340512836641e+00
1.021063331185636525e+00
1.021099389214603192e+00
1.021136403732463283e+00
1.021174270290545305e+00
1.021212891146916935e+00
1.021252175292548969e+00
1.021292038210651620e+00
1.021332401371461751e+00
1.021373191471679043e+00
1.021414339434253193e+00
1.021455779190198809e+00
1.021497446269541420e+00
1.021539276233332849e+00
1.021581202983041337e+00
1.021623156987537140e+00
1.021665063471508539e+00
1.021706840612452538e+00
1.021748397796510721e+00
1.021789633986233792e+00
1.021830436255825258e+00
1.021870678551318301e+00
1.021910220734187913e+00
1.021948907966746756e+00
1.021986570495897695e+00
1.022023023887927096e+00
1.022058069760580334e+00
1.022091497049233411e+00
1.022123083831259827e+00
1.022152599716560584e+00
1.022179808792765154e+00
1.022204473091251842e+00
1.022226356515608447e+00
1.022245229148557977e+00
1.022260871828192030e+00
1.022273080861274330e+00
1.022281672722343382e+00
1.022286488574261742e+00
1.022287398440471673e+00
1.022284304862917548e+00
1.022277145893127237e+00
1.022265897287343295e+00
1.022250573808980434e+00
1.022231229581324730e+00
1.022207957477726303e+00
1.022180887582444964e+00
1.022150184799326400e+00
1.022116045724283495e+00
1.022078694928152176e+00
1.022038380816735925e+00
1.021995371243595407e+00
1.021949949048316597e+00
1.021902407679687208e+00
1.021853047041365814e+00
1.021802169669846494e+00
1.021750077323652750e+00
1.021697068031542921e+00
1.021643433618453667e+00
1.021589457702779091e+00
1.021535414138483144e+00
1.021481565860878904e+00
1.021428164085554702e+00
1.021375447805220382e+00
1.021323643528402103e+00
1.021272965205913819e+00
1.021223614295043713e+00
1.021175779916587922e+00
1.021129639065687655e+00
1.021085356843440373e+00
1.021043086682193124e+00
1.021002970543153365e+00
1.020965139070387995e+00
1.020929711690393482e+00
1.020896796651227234e+00
1.020866490999658094e+00
1.020838880498948775e+00
1.020814039493664893e+00
1.020792030731358935e+00
1.020772905153976229e+00
1.020756701674461864e+00
1.020743446956125622e+00
1.020733155213960019e+00
1.020725828058095086e+00
1.020721454399990957e+00
1.020720010441669157e+00
1.020721459767253148e+00
1.020725753554284188e+00
1.020732830919659495e+00
1.020742619411615149e+00
1.020755035654984155e+00
1.020769986152086251e+00
1.020787368236137693e+00
1.020807071168256197e+00
1.020828977363103185e+00
1.020852963722292950e+00
1.020878903049145414e+00
1.020906665513442668e+00
1.020936120130901292e+00
1.020967136219257831e+00
1.020999584791439485e+00
1.021033339846321830e+00
1.021068279519129707e+00
1.021104287056541660e+00
1.021141251585871323e+00
1.021179068653165878e+00
1.021217640511335567e+00
1.021256876146314330e+00
1.021296691036390980e+00
1.021337006646986456e+00
1.021377749670083546e+00
1.021418851024005869e+00
1.021460244635222558e+00
1.021501866029285832e+00
1.021543650762835931e+00
1.021585532732982582e+00
1.021627442404282160e+00
1.021669304997143701e+00
1.021711038684813388e+00
1.021752552849202189e+00
1.021793746448645068e+00
1.021834506553139121e+00
1.021874707104518887e+00
1.021914207960062493e+00
1.021952854277889955e+00
1.021990476300715933e+00
1.022026889590643695e+00
1.022061895761246175e+00
1.022095283743741589e+00
1.022126831611368747e+00
1.022156308969922156e+00
1.022183479902964098e+00
1.022208106437854314e+00
1.022229952474219106e+00
1.022248788090889704e+00
1.022264394122142539e+00
1.022276566871013870e+00
1.022285122808410218e+00
1.022289903093662300e+00
1.022290777746787338e+00
1.022287649306411916e+00
1.022280455820854916e+00
1.022269173043255597e+00
1.022253815734026627e+00
1.022234438013545965e+00
1.022211132752343099e+00
1.022184030031930924e+00
1.022153294753473718e+00
1.022119123510255800e+00
1.022081740870524058e+00
1.022041395237523798e+00
1.021998354462274605e+00
1.021952901381831591e+00
1.021905329442451826e+00
1.021855938545258136e+00
1.021805031224197524e+00
1.021752909235233764e+00
1.021699870604548588e+00
1.021646207154486063e+00
1.021592202500833046e+00
1.021538130494930030e+00
1.021484254069457087e+00
1.021430824437357998e+00
1.021378080588692949e+00
1.021326249029333333e+00
1.021275543707437672e+00
1.021226166077640052e+00
1.021178305258086061e+00
1.021132138241272580e+00
1.021087830125658957e+00
1.021045534340963012e+00
1.021005392845772741e+00
1.020967536281544241e+00
1.020932084072173618e+00
1.020899144463127239e+00
1.020868814498593569e+00
1.020841179939262044e+00
1.020816315127134777e+00
1.020794282807206299e+00
1.020775133918874200e+00
1.020758907372537827e+00
1.020745629828969658e+00
1.020735315500628904e+00
1.020727965995116726e+00
1.020723570221370613e+00
1.020722104378892769e+00
1.020723532049293780e+00
1.020727804407608019e+00
1.020734860568234037e+00
1.020744628076917238e+00
1.020757023556011722e+00
1.020771953505369201e+00
1.020789315255755003e+00
1.020808998065851458e+00
1.020830884347904144e+00
1.020854851001135266e+00
1.020880770826495532e+00
1.020908513991426236e+00
1.020937949509332476e+00
1.020968946695670176e+00
1.021001376561119223e+00
1.021035113102343406e+00
1.021070034452390862e+00
1.021106023855799627e+00
1.021142970437780351e+00
1.021180769742312533e+00
1.021219324020275376e+00
1.021258542255606638e+00
1.021298339924630927e+00
1.021338638490838058e+00
1.021379364644308785e+00
1.021420449301491118e+00
1.021461826387005001e+00
1.021503431424574337e+00
1.021545199969032591e+00
1.021587065915698922e+00
1.021628959727355568e+00
1.021670806622648753e+00
1.021712524773073838e+00
1.021754023558801183e+00
1.021795201936431585e+00
1.021835946974235743e+00
1.021876132612328236e+00
1.021915618706274120e+00
1.021954250412487220e+00
1.021991857971983109e+00
1.022028256945176405e+00
1.022063248943962055e+00
1.022096622897894269e+00
1.022128156878563399e+00
1.022157620490137475e+00
1.022184777814573398e+00
