1.000603444564682754e+00
1.000677088715378193e+00
1.000797934669797939e+00
1.000937637644283562e+00
1.001085738066788355e+00
1.001237418478714059e+00
1.001390817578970971e+00
1.001545947369162359e+00
1.001703894610177059e+00
1.001866117177243609e+00
1.002033887971567339e+00
1.002207939207127474e+00
1.002388317581830224e+00
1.002574434467763842e+00
1.002765270127855102e+00
1.002959651580797029e+00
1.003156489511572103e+00
1.003354867809204576e+00
1.003553944528729591e+00
1.003752717870264100e+00
1.003949787255475901e+00
1.004143263653107798e+00
1.004330943309600599e+00
1.004510756991010556e+00
1.004681366719855085e+00
1.004842669536778477e+00
1.004995970284972229e+00
1.005143732491663666e+00
1.005289020611562334e+00
1.005434863983887039e+00
1.005583741511165474e+00
1.005737276789740564e+00
1.005896148625831543e+00
1.006060189728393395e+00
1.006228629186600276e+00
1.006400401756908591e+00
1.006574414236360404e+00
1.006749665286287954e+00
1.006925177376898795e+00
1.007099792508111102e+00
1.007271959775475345e+00
1.007439667911157244e+00
1.007600636653934290e+00
1.007752778393675719e+00
1.007894800442649563e+00
1.008026705595947980e+00
1.008149952588320630e+00
1.008267187875160342e+00
1.008381666645483232e+00
1.008496598305029135e+00
1.008614618440593524e+00
1.008737477365805990e+00
1.008865948692892589e+00
1.008999928722621231e+00
1.009138680747980743e+00
1.009281146623621339e+00
1.009426215929536408e+00
1.009572849539313033e+00
1.009720016713626656e+00
1.009866497488101533e+00
1.010010678027553066e+00
1.010150491218103186e+00
1.010283615227243637e+00
1.010407940309465236e+00
1.010522173227867970e+00
1.010626336464468089e+00
1.010721924159549534e+00
1.010811627446112304e+00
1.010898748819124338e+00
1.010986542248828224e+00
1.011077681691090469e+00
1.011173947911985671e+00
1.011276136497636369e+00
1.011384157303302889e+00
1.011497279099350388e+00
1.011614441600499958e+00
1.011734525164764920e+00
1.011856475052062887e+00
1.011979239552216026e+00
1.012101573960091372e+00
1.012221838157308706e+00
1.012337939939697229e+00
1.012447536465453046e+00
1.012548503592788807e+00
1.012639541926639408e+00
1.012720676318914048e+00
1.012793410658269666e+00
1.012860450950869406e+00
1.012925116990549101e+00
1.012990679989771436e+00
1.013059829208066365e+00
1.013134357560911081e+00
1.013215068979561151e+00
1.013301877653000282e+00
1.013394052797497835e+00
1.013490531012841256e+00
1.013590186375588731e+00
1.013691955075393780e+00
1.013794773930833726e+00
1.013897384890136033e+00
1.013998133424088621e+00
1.014094913022619115e+00
1.014185368103697860e+00
1.014267364877451616e+00
1.014339598627693739e+00
1.014402093772255542e+00
1.014456358308872153e+00
1.014505105725435730e+00
1.014551665041385276e+00
1.014599316810014695e+00
1.014650758443890410e+00
1.014707788964460899e+00
1.014771215927999792e+00
1.014840954593227318e+00
1.014916272889389903e+00
1.014996104125419407e+00
1.015079317452831642e+00
1.015164842786145272e+00
1.015251609507810127e+00
1.015338351154300822e+00
1.015423404131129637e+00
1.015504652781566541e+00
1.015579733137739193e+00
1.015646504781575477e+00
1.015703659026350181e+00
1.015751219467291966e+00
1.015790696284943451e+00
1.015824807390280693e+00
1.015856887332371450e+00
1.015890222147244781e+00
1.015927513771653690e+00
1.015970564224863537e+00
1.016020182299948171e+00
1.016076282775158379e+00
1.016138131628379515e+00
1.016204659091652474e+00
1.016274730437523921e+00
1.016347271108002381e+00
1.016421205497767044e+00
1.016495261662273553e+00
1.016567770124400694e+00
1.016636609220415988e+00
1.016699409361057738e+00
1.016754025570235864e+00
1.016799146325588321e+00
1.016834794496992211e+00
1.016862481573318711e+00
1.016884928256469145e+00
1.016905472534477717e+00
1.016927403687781339e+00
1.016953426061839139e+00
1.016985342889174859e+00
1.017023962887851685e+00
1.017069199594639928e+00
1.017120316846788164e+00
1.017176242159144373e+00
1.017235837785642971e+00
1.017298025997273037e+00
1.017361727874920074e+00
1.017425667951034729e+00
1.017488172984413186e+00
1.017547117416268021e+00
1.017600127937352106e+00
1.017645056490503741e+00
1.017680589591286378e+00
1.017706749560984836e+00
1.017725048702239565e+00
1.017738209482148992e+00
1.017749571983711521e+00
1.017762427298205097e+00
1.017779480856316088e+00
1.017802536038983074e+00
1.017832400775361412e+00
1.017868987036833150e+00
1.017911556580226140e+00
1.017959034611073399e+00
1.018010281071058953e+00
1.018064216017285695e+00
1.018119758381678785e+00
1.018175630498826756e+00
1.018230156782100604e+00
1.018281209191714165e+00
1.018326411977934942e+00
1.018363615002078060e+00
1.018391503409948662e+00
1.018410099091446863e+00
1.018420914826176915e+00
1.018426674164799817e+00
1.018430718422555614e+00
1.018436339628386422e+00
1.018446243554124830e+00
1.018462233205367662e+00
1.018485115461088997e+00
1.018514800728920200e+00
1.018550548919798349e+00
1.018591283351592658e+00
1.018635862216902277e+00
1.018683204029777967e+00
1.018732226331305224e+00
1.018781650087641211e+00
1.018829798241200457e+00
1.018874541141388868e+00
1.018913501387885834e+00
1.018944527377710685e+00
1.018966303247751171e+00
1.018978850518202917e+00
1.018983682229788634e+00
1.018983522608400527e+00
1.018981713721621052e+00
1.018981548102918300e+00
1.018985731565392960e+00
1.018996066616552509e+00
1.019013359144271824e+00
1.019037518208521842e+00
1.019067802204860040e+00
1.019103132961290958e+00
1.019142367348057299e+00
1.019184422771357346e+00
1.019228215823039907e+00
1.019272466556318868e+00
1.019315496915007113e+00
1.019355176112577421e+00
1.019389125538205487e+00
1.019415192475498388e+00
1.019432060260866635e+00
1.019439750083564133e+00
1.019439775131819825e+00
1.019434860101961826e+00
1.019428347601613272e+00
1.019423530525650268e+00
1.019423114703003064e+00
1.019428902249691848e+00
1.019441698286527309e+00
1.019461410833004233e+00
1.019487297115760693e+00
1.019518277816089835e+00
1.019553208791267096e+00
1.019591006604380734e+00
1.019630587127017263e+00
1.019670669713377276e+00
1.019709575527335765e+00
1.019745172876296069e+00
1.019775082166363145e+00
1.019797149761652033e+00
1.019810058323162849e+00
1.019813828745161466e+00
1.019809974320205370e+00
1.019801220133392583e+00
1.019790909267838996e+00
1.019782334981035099e+00
1.019778203211230139e+00
1.019780315869849296e+00
1.019789477571542591e+00
1.019805595597722103e+00
1.019827926312005140e+00
1.019855389523287359e+00
1.019886840295160191e+00
1.019921194506352657e+00
1.019957367419260796e+00
1.019994077777168329e+00
1.020029646054636085e+00
1.020061939761217173e+00
1.020088578443343330e+00
1.020107407664980315e+00
1.020117109500625618e+00
1.020117704589872165e+00
1.020110706324191208e+00
1.020098840151798747e+00
1.020085449622416762e+00
1.020073828396449223e+00
1.020066682627650767e+00
1.020065814193653608e+00
1.020072027422674887e+00
1.020085229101673763e+00
1.020104674969683822e+00
1.020129284169495332e+00
1.020157911127341777e+00
1.020189471140686699e+00
1.020222878924673005e+00
1.020256852654845670e+00
1.020289712164530682e+00
1.020319324233692981e+00
1.020343307637930685e+00
1.020359507235763630e+00
1.020366604593267557e+00
1.020364620139034395e+00
1.020355067370594115e+00
1.020340672085800815e+00
1.020324778293039802e+00
1.020310680077621823e+00
1.020301083874783021e+00
1.020297791639883433e+00
1.020301607562866586e+00
1.020312438104735264e+00
1.020329538548474746e+00
1.020351827519593524e+00
1.020378158922478073e+00
1.020407447552710511e+00
1.020438607630428596e+00
1.020470356805670331e+00
1.020501014320835953e+00
1.020528446295921210e+00
1.020550270823537442e+00
1.020564332149043629e+00
1.020569311406168023e+00
1.020565228855163875e+00
1.020553598104387394e+00
1.020537145279024172e+00
1.020519214817261933e+00
1.020503101214810471e+00
1.020491511202535229e+00
1.020486246861749047e+00
1.020488112323755470e+00
1.020497013825569343e+00
1.020512206305111302e+00
1.020532607976431638e+00
1.020557072312186619e+00
1.020584513677443184e+00
1.020613845855496082e+00
1.020643786027282562e+00
1.020672652910809219e+00
1.020698312048952117e+00
1.020718380946773252e+00
1.020730703330642530e+00
1.020733959975796967e+00
1.020728171011898722e+00
1.020714850155023390e+00
1.020696723822322127e+00
1.020677136831791731e+00
1.020659384044085849e+00
1.020646172459579670e+00
1.020639304286844240e+00
1.020639583628730751e+00
1.020646916553042960e+00
1.020660557723425121e+00
1.020679425019012765e+00
1.020702371554684795e+00
1.020728311333090055e+00
1.020756157765705829e+00
1.020784627633193775e+00
1.020812039208571331e+00
1.020836257549637249e+00
1.020854899672785088e+00
1.020865808877583714e+00
1.020867665649182632e+00
1.020860490017621025e+00
1.020845795796335498e+00
1.020826309650491037e+00
1.020805376716138024e+00
1.020786292156937725e+00
1.020771763195086557e+00
1.020763592141989751e+00
1.020762583074267038e+00
1.020768641917642494e+00
1.020781023107786734e+00
1.020798644246721176e+00
1.020820358154126861e+00
1.020845078534349026e+00
1.020871718493735703e+00
1.020898994485739397e+00
1.020925224421221467e+00
1.020948272964976145e+00
1.020965756739354191e+00
1.020975518701810136e+00
1.020976239107415307e+00
1.020967937910679524e+00
1.020952129007890008e+00
1.020931539266364263e+00
1.020909514077106284e+00
1.020889348842196176e+00
1.020873750952687065e+00
1.020864522790017270e+00
1.020862468395635769e+00
1.020867493567385154e+00
1.020878852546072135e+00
1.020895462702616552e+00
1.020916176614922399e+00
1.020939907746894804e+00
1.020965568962219683e+00
1.020991876456307956e+00
1.021017147855267426e+00
1.021039247514845538e+00
1.021055791747347730e+00
1.021064623241272340e+00
1.021064422071702005e+00
1.021055208135704051e+00
1.021038495396915158e+00
1.021017010882413700e+00
1.020994100181210174e+00
1.020973058875850992e+00
1.020956594478490409e+00
1.020946509410295855e+00
1.020943607667805342e+00
1.020947794931205355e+00
1.020958325273156664e+00
1.020974115871750687e+00
1.020994019108413253e+00
1.021016948256397772e+00
1.021041815990889390e+00
1.021067338309116890e+00
1.021091832618771900e+00
1.021113163037532523e+00
1.021128945637608476e+00
1.021137022898472413e+00
1.021136074755282230e+00
1.021126121060949909e+00
1.021108675832176349e+00
1.021086466219930378e+00
1.021062837964230141e+00
1.021041086781211193e+00
1.021023920266474150e+00
1.021013140858147539e+00
1.021009552502176287e+00
1.021013060771655434e+00
1.021022919594797518e+00
1.021038045989513199e+00
1.021057292178604969e+00
1.021079571285663512e+00
1.021103795841443951e+00
1.021128681693240114e+00
1.021152546083406776e+00
1.021173252947993992e+00
1.021188418174411083e+00
1.021195884080106531e+00
1.021194330491294711e+00
1.021183777226408740e+00
1.021165738343285279e+00
1.021142941088386547e+00
1.021118731316498218e+00
1.021096404842317673e+00
1.021078669318174370e+00
1.021067327184920659e+00
1.021063182337428099e+00
1.021066140253841681e+00
1.021075454739817534e+00
1.021090042681126242e+00
1.021108756173033427e+00
1.021130508221993027e+00
1.021154211248407329e+00
1.021178580986389361e+00
1.021201934553177093e+00
1.021222135745982751e+00
1.021236800309399673e+00
1.021243770434543841e+00
1.021241725862094052e+00
1.021230686383096220e+00
1.021212166087243967e+00
1.021188892295098238e+00
1.021164210949643936e+00
1.021141417939526397e+00
1.021123220956537292e+00
1.021111422437247063e+00
1.021106826229280617e+00
1.021109337729150024e+00
1.021118210640130641e+00
1.021132361739781391e+00
1.021150643020956483e+00
1.021171967398077474e+00
1.021195247206564627e+00
1.021219198094190705e+00
1.021242137082367663e+00
1.021261927860835028e+00
1.021276186062429758e+00
1.021282753778526287e+00
1.021280310681776271e+00
1.021268876541146398e+00
1.021249965471318966e+00
1.021226304851333699e+00
1.021201240693496270e+00
1.021178068943803474e+00
1.021159497323234078e+00
1.021147328262117071e+00
1.021142365567283328e+00
1.021144514567089434e+00
1.021153028880563030e+00
1.021166825197203476e+00
1.021184755427514634e+00
1.021205732412945100e+00
1.021228668422407893e+00
1.021252279036450883e+00
1.021274881201525986e+00
1.021294338522537704e+00
1.021308266543326404e+00
1.021314507275281169e+00
1.021311740336182883e+00
1.021299985477018613e+00
1.021280756832510850e+00
1.021256781828880911e+00
1.021231406534419683e+00
1.021207926941401167e+00
1.021189050794216957e+00
1.021176580517851207e+00
1.021171319885758821e+00
1.021173174170765474e+00
1.021181396923428686e+00
1.021194904761893563e+00
1.021212549530221114e+00
1.021233244011312546e+00
1.021255900420982243e+00
1.021279234286133653e+00
1.021301562493139636e+00
1.021320748578498971e+00
1.021334408013915063e+00
1.021340382745676845e+00
1.021337352346769922e+00
1.021325336553477570e+00
1.021305849516993991e+00
1.021281618702410743e+00
1.021255990224345656e+00
1.021232260113701606e+00
1.021213136134980548e+00
1.021200420709848844e+00
1.021194917585510620e+00
1.021196531990332002e+00
1.021204517419683322e+00
1.021217790434001849e+00
1.021235202823508104e+00
1.021255667323587302e+00
1.021278096106867483e+00
1.021301204656486661e+00
1.021323309809644808e+00
1.021342275046713821e+00
1.021355715780109419e+00
1.021361473902566264e+00
1.021358228950218994e+00
1.021346000647338048e+00
1.021326303158931914e+00
1.021301863982594815e+00
1.021276029271885433e+00
1.021252095090602108e+00
1.021232769221126935e+00
1.021219854083843304e+00
1.021214153405793468e+00
1.021215572380069325e+00
1.021223364457715110e+00
1.021236446152480992e+00
1.021253669210772763e+00
1.021273946329074978e+00
1.021296189644437469e+00
1.021319114603769673e+00
1.021341038003495960e+00
1.021359823277464773e+00
1.021373085789005764e+00
1.021378667386578343e+00
1.021375247575930789e+00
1.021362846071574015e+00
1.021342977050240464e+00
1.021318368036878699e+00
1.021292365217948639e+00
1.021268264685383453e+00
1.021248774237477619e+00
1.021235696294798601e+00
1.021229834568983197e+00
1.021231094225134584e+00
1.021238728678647067e+00
1.021251654405412657e+00
1.021268723116066646e+00
1.021288847475105621e+00
1.021310939590113653e+00
1.021333714877864507e+00
1.021355490100849250e+00
1.021374128654280344e+00
1.021387245860830628e+00
1.021392683532394319e+00
1.021389121149730794e+00
1.021376578419495029e+00
1.021356569528392377e+00
1.021331822024356573e+00
1.021305682121525837e+00
1.021281445935687593e+00
1.021261821278987680e+00
1.021248610572908389e+00
1.021242617517125417e+00
1.021243747254341638e+00
1.021251253171118201e+00
1.021264051712543974e+00
1.021280994559999655e+00
1.021300994351681979e+00
1.021322963170829157e+00
1.021345616409247814e+00
1.021367270801334826e+00
1.021385789710389291e+00
1.021398788425599724e+00
1.021404108728839688e+00
1.021400430080459998e+00
1.021387772180857301e+00
1.021367649225178420e+00
1.021342788780513988e+00
1.021316537084022258e+00
1.021292190271362976e+00
1.021272456166319786e+00
1.021259137191361965e+00
1.021253037036556455e+00
1.021254060826399357e+00
1.021261461923938629e+00
1.021274156749102158e+00
1.021290996959346220e+00
1.021310895171335220e+00
1.021332763448355996e+00
1.021355317161757981e+00
1.021376873022942222e+00
1.021395294369131346e+00
1.021408196462207041e+00
1.021413421059625293e+00
1.021409647605222570e+00
1.021396895794464132e+00
1.021376679829563816e+00
1.021351727293380973e+00
1.021325384441921891e+00
1.021300947427028483e+00
1.021281124081855118e+00
1.021267716829483252e+00
1.021261529351914721e+00
1.021262466758579013e+00
1.021269782393174008e+00
1.021282392655005200e+00
1.021299149181993382e+00
1.021318964573295407e+00
1.021340750876047920e+00
1.021363223445090007e+00
1.021384698973286209e+00
1.021403040776841742e+00
1.021415864095637005e+00
1.021421010667482143e+00
1.021417159922980877e+00
1.021404331553748213e+00
1.021384039767827545e+00
1.021359012160874435e+00
1.021332595004056154e+00
1.021308084462074550e+00
1.021288188375292894e+00
1.021274709166815509e+00
1.021268450511608528e+00
1.021269317506427798e+00
1.021276563478925592e+00
1.021289104811464066e+00
1.021305793126056516e+00
1.021325541007742199e+00
1.021347260490760300e+00
1.021369666916845942e+00
1.021391076964162092e+00
1.021409353932213548e+00
1.021422113043365165e+00
1.021427196019780936e+00
1.021423282281555878e+00
1.021410391517309613e+00
1.021390037939819084e+00
1.021364949154973889e+00
1.021338471445938811e+00
1.021313900987400158e+00
1.021293945625020294e+00
1.021280407781326671e+00
1.021274091125004446e+00
1.021274900742040526e+00
1.021282089946715654e+00
1.021294575107463132e+00
1.021311207833384138e+00
1.021330900698222743e+00
1.021352565726048489e+00
1.021374918248350916e+00
1.021396274931800630e+00
1.021414499062790693e+00
1.021427205849876341e+00
1.021432237002856791e+00
1.021428271933526144e+00
1.021415330328170334e+00
1.021394926403349501e+00
1.021369787773041882e+00
1.021343260729779434e+00
1.021318641455863929e+00
1.021298637800695630e+00
1.021285052185757714e+00
1.021278688274104729e+00
1.021279451142547590e+00
1.021286594094218847e+00
1.021299033486110730e+00
1.021315620916876554e+00
1.021335268951276465e+00
1.021356889605432139e+00
1.021379198202907679e+00
1.021400511401473477e+00
1.021418692477303436e+00
1.021431356628121900e+00
1.021436345553988101e+00
1.021432338660145600e+00
1.021419355631040915e+00
1.021398910686221795e+00
1.021373731446010069e+00
1.021347164210200997e+00
1.021322505166851524e+00
1.021302462167927638e+00
1.021288837633600233e+00
1.021282435221937401e+00
1.021283160001972501e+00
1.021290265267573050e+00
1.021302667366359440e+00
1.021319217888548847e+00
1.021338829391773118e+00
1.021360413885960661e+00
1.021382686688562025e+00
1.021403964450467550e+00
1.021422110439888398e+00
1.021434739846043493e+00
1.021439694361301331e+00
1.021435653385709408e+00
1.021422636602241418e+00
1.021402158232785684e+00
1.021376945902632061e+00
1.021350345917215297e+00
1.021325654468959954e+00
1.021305579411593278e+00
1.021291923163915261e+00
1.021285489379679223e+00
1.021286183121401514e+00
1.021293257675301991e+00
1.021305629381351832e+00
1.021322149822962322e+00
1.021341731552098508e+00
1.021363286573838014e+00
1.021385530200882297e+00
1.021406779078760430e+00
1.021424896469426358e+00
1.021437497555365059e+00
1.021442424022819040e+00
1.021438355267673792e+00
1.021425310971697531e+00
1.021404805358608670e+00
1.021379566057611710e+00
1.021352939378568525e+00
1.021328221517282975e+00
1.021308120328749958e+00
1.021294438230508472e+00
1.021287978872691848e+00
1.021288647312440734e+00
1.021295696829718214e+00
1.021308043758277329e+00
1.021324539676037535e+00
1.021344097130427286e+00
1.021365628122675506e+00
1.021387847961727546e+00
1.021409073288857883e+00
1.021427167361024235e+00
1.021439745355301909e+00
1.021444648952986700e+00
1.021440557546582806e+00
1.021427490816851247e+00
1.021406962988950173e+00
1.021381701695208477e+00
1.021355053249030309e+00
1.021330313848920923e+00
1.021310191350877528e+00
1.021296488171405503e+00
1.021290007957699197e+00
1.021290655762541633e+00
1.021297684860831279e+00
1.021310011581287869e+00
1.021326487497386637e+00
1.021346025152885861e+00
1.021367536545901622e+00
1.021389736982332597e+00
1.021410943099990476e+00
1.021429018151754686e+00
1.021441577310275628e+00
1.021446462252790344e+00
1.021442352369012596e+00
1.021429267338849645e+00
1.021408721388604945e+00
1.021383442153144472e+00
1.021356775948773388e+00
1.021332018976242928e+00
1.021311879092435371e+00
1.021298158713099369e+00
1.021291661483124891e+00
1.021292292451829287e+00
1.021299304890047166e+00
1.021311615122438177e+00
1.021328074718868661e+00
1.021347596220092857e+00
1.021369091621650682e+00
1.021391276226899070e+00
1.021412466670755137e+00
1.021430526202695477e+00
1.021443069991681663e+00
1.021447939711569664e+00
1.021443814749739998e+00
1.021430714785366511e+00
1.021410154045680585e+00
1.021384860167644515e+00
1.021358179469994854e+00
1.021333408155413069e+00
1.021313254081629651e+00
1.021299519663912303e+00
1.021293008545405501e+00
1.021293625772712987e+00
1.021300624613438179e+00
1.021312921388971340e+00
1.021329367666236720e+00
1.021348875983499216e+00
1.021370358334122708e+00
1.021392530019293865e+00
1.021413707671453786e+00
1.021431754537184489e+00
1.021444285782328931e+00
1.021449143077890920e+00
1.021445005809281215e+00
1.021431893655041501e+00
1.021411320843167658e+00
1.021386015012379467e+00
1.021359322483486265e+00
1.021334539460867052e+00
1.021314373803088316e+00
1.021300627925179061e+00
1.021294105469001012e+00
1.021294711479062256e+00
1.021301699220411141e+00
1.021313985011808478e+00
1.021330420417768892e+00
1.021349917974474275e+00
1.021371389673426000e+00
1.021393550813924023e+00
1.021414718026262713e+00
1.021432754554532529e+00
1.021445275561914112e+00
1.021450122716988762e+00
1.021445975403494799e+00
1.021432853299432786e+00
1.021412270633433650e+00
1.021386955045706868e+00
1.021360252858843465e+00
1.021335460278728346e+00
1.021315285164749120e+00
1.021301529931880170e+00
1.021294998221067063e+00
1.021295595075213170e+00
1.021302573757352228e+00
1.021314850584128298e+00
1.021331277118076475e+00
1.021350765893626056e+00
1.021372228900670365e+00
1.021394381436860677e+00
1.021415540130616861e+00
1.021433568223876653e+00
1.021446080877540741e+00
1.021450919758128739e+00
1.021446764247959660e+00
1.021433634024570658e+00
1.021413043317127123e+00
1.021387719767103075e+00
1.021361009698623645e+00
1.021336209318906008e+00
1.021316026488122475e+00
1.021302263621319373e+00
1.021295724358801671e+00
1.021296313742247275e+00
1.021303285033099861e+00
1.021315554546297522e+00
1.021331973842745544e+00
1.021351455455393076e+00
1.021372911372747883e+00
1.021395056891020170e+00
1.021416208636998668e+00
1.021434229850764153e+00
1.021446735691268870e+00
1.021451567823282058e+00
1.021447405627922134e+00
1.021434268782333010e+00
1.021413671516129718e+00
1.021388341471857863e+00
1.021361624974956861e+00
1.021336818233808508e+00
1.021316629109312535e+00
1.021302860016662262e+00
1.021296314595715238e+00
1.021296897887211230e+00
1.021303863151337366e+00
1.021316126701652394e+00
1.021332540097716901e+00
1.021352015871235031e+00
1.021373466009523057e+00
1.021395605807543516e+00
1.021416751890674490e+00
1.021434767497406693e+00
1.021447267785036805e+00
1.021452094416857026e+00
1.021447926772975467e+00
1.021434784530206530e+00
1.021414181918540720e+00
1.021388846581426701e+00
1.021362124845417885e+00
1.021337312919900153e+00
1.021317118666426271e+00
1.021303344500365862e+00
1.021296794061265167e+00
1.021297372389139202e+00
1.021304332743173893e+00
1.021316591435810661e+00
1.021333000025502979e+00
1.021352471042909826e+00
1.021373916474332955e+00
1.021396051613665090e+00
1.021417193085079056e+00
1.021435204125716201e+00
1.021447699891478322e+00
1.021452522044420164e+00
1.021448349963807178e+00
1.021435203326176877e+00
1.021414596361834404e+00
1.021389256714980043e+00
1.021362530713103123e+00
1.021337714566440180e+00
1.021317516137110637e+00
1.021303737840663750e+00
1.021297183316421719e+00
1.021297757603832013e+00
1.021304713961279642e+00
1.021316968700298311e+00
1.021333373378429998e+00
1.021352840525462824e+00
1.021374282126843003e+00
1.021396413475556653e+00
1.021417551194759854e+00
1.021435558520460418e+00
1.021448050607397295e+00
1.021452869116596940e+00
1.021448693426625143e+00
1.021435543213792041e+00
1.021414932708660350e+00
1.021389589556052968e+00
1.021362860084233493e+00
1.021338040504148115e+00
1.021317838678396095e+00
1.021304057022689005e+00
1.021297499176182733e+00
1.021298070177873774e+00
1.021305023285501434e+00
1.021317274809860676e+00
1.021333676307744742e+00
1.021353140308220775e+00
1.021374578796021115e+00
1.021396707063374709e+00
1.021417841732588538e+00
1.021435846038729167e+00
1.021448335135574315e+00
1.021453150683302891e+00
1.021448972059906035e+00
1.021435818941506035e+00
1.021415205558875883e+00
1.021389859557347624e+00
1.021363127265820125e+00
1.021338304895822002e+00
1.021318100310348420e+00
1.021304315925249284e+00
1.021297755379550143e+00
1.021298323711884670e+00
1.021305274179467704e+00
1.021317523092491797e+00
1.021333922007139128e+00
1.021353383451881758e+00
1.021374819410863388e+00
1.021396945175686577e+00
1.021418077367958199e+00
1.021436079221972104e+00
1.021448565890717086e+00
1.021453379033678388e+00
1.021449198028378413e+00
1.021436042550784906e+00
1.021415426831841611e+00
1.021390078517293132e+00
1.021363343936553703e+00
1.021338519301624448e+00
1.021318312475821166e+00
1.021304525875105895e+00
1.021297963138396492e+00
1.021298529304030867e+00
1.021305477628797309e+00
1.021317724422397655e+00
1.021334121240513371e+00
1.021353580611131795e+00
1.021375014517914570e+00
1.021397138251951553e+00
1.021418268434277188e+00
1.021436268298555827e+00
1.021448752997134335e+00
1.021453564188934626e+00
1.021449381251097854e+00
1.021436223859465198e+00
1.021415606245117624e+00
1.021390256054132584e+00
1.021363519616338866e+00
1.021338693144116849e+00
1.021318484501038348e+00
1.021304696103151999e+00
1.021298131589284841e+00
1.021298695997531869e+00
1.021305642584332096e+00
1.021317887658988344e+00
1.021334282776773961e+00
1.021353740465282378e+00
1.021375172707782664e+00
1.021397294794949229e+00
1.021418423347353999e+00
1.021436421598149735e+00
1.021448904699164828e+00
1.021453714308866001e+00
1.021449529804085099e+00
1.021436370860560938e+00
1.021415751709483954e+00
1.021390399997198273e+00
1.021363662053863752e+00
1.021338834092163861e+00
1.021318623975872697e+00
1.021304834121103511e+00
1.021298268166604961e+00
1.021298831150271536e+00
1.021305776328257142e+00
1.021318020009537975e+00
1.021334413749058090e+00
1.021353870074090064e+00
1.021375300967587219e+00
1.021397421719888676e+00
1.021418548951192884e+00
1.021436545894241821e+00
1.021449027700445766e+00
1.021453836027903961e+00
1.021449650253200003e+00
1.021436490051989221e+00
1.021415869655549091e+00
1.021390516710436014e+00
1.021363777547074969e+00
1.021338948378389233e+00
1.021318737068311444e+00
1.021304946033002370e+00
1.021298378911143168e+00
1.021298940740462013e+00
1.021305884776879669e+00
1.021318127329106540e+00
1.021334519951819342e+00
1.021353975172032413e+00
1.021375404972444390e+00
1.021397524643125942e+00
1.021418650803975314e+00
1.021436646687404970e+00
1.021449127444489680e+00
1.021453934733033808e+00
1.021449747929419338e+00
1.021436586709236094e+00
1.021415965303828832e+00
1.021390611359924261e+00
1.021363871208158081e+00
1.021339041061643638e+00
1.021318828784438137e+00
1.021305036792735432e+00
1.021298468725159170e+00
1.021299029619299636e+00
1.021305972730886191e+00
1.021318214368414523e+00
1.021334606086343966e+00
1.021354060411481468e+00
1.021375489326321162e+00
1.021397608120718115e+00
1.021418733414331648e+00
1.021436728439309771e+00
1.021449208346457915e+00
1.021454014793343523e+00
1.021449827156188261e+00
1.021436665110526221e+00
1.021416042887757891e+00
1.021390688134744762e+00
1.021363947182290621e+00
1.021339116243659362e+00
1.021318903183004556e+00
1.021305110416545148e+00
1.021298541582854380e+00
1.021299101719408631e+00
1.021306044081781828e+00
1.021318284978293800e+00
1.021334675963228911e+00
1.021354129563227575e+00
1.021375557760619390e+00
1.021397675845088004e+00
1.021418800436100449e+00
1.021436794765594236e+00
1.021449273984158523e+00
1.021454079749171351e+00
1.021449891436724045e+00
1.021436728722307397e+00
1.021416105837364974e+00
1.021390750428866623e+00
1.021364008827750025e+00
1.021339177247397867e+00
1.021318963552040326e+00
1.021305170157913444e+00
1.021298600703547388e+00
1.021299160226325498e+00
1.021306101981693359e+00
1.021318342277829805e+00
1.021334732668877088e+00
1.021354185681340843e+00
1.021375613297420326e+00
1.021397730806661075e+00
1.021418854828377132e+00
1.021436848594337476e+00
1.021449327254958073e+00
1.021454132467463971e+00
1.021449943607843469e+00
1.021436780351550278e+00
1.021416156930064378e+00
1.021390800990441550e+00
1.021364058863725832e+00
1.021339226763395613e+00
1.021319012553740357e+00
1.021305218651008762e+00
1.021298648693694133e+00
1.021299207719103208e+00
1.021306148982578321e+00
1.021318388792181509e+00
1.021334778701942003e+00
1.021354231238256638e+00
1.021375658383220086e+00
1.021397775426267307e+00
1.021418898986590884e+00
1.021436892295823684e+00
1.021449370504243337e+00
1.021454175268952547e+00
1.021449985965855234e+00
1.021436822270377576e+00
1.021416198414026866e+00
1.021390842043928160e+00
1.021364099491210986e+00
1.021339266969430337e+00
1.021319052342922085e+00
1.021305258027943808e+00
1.021298687662958615e+00
1.021299246285209961e+00
1.021306187149955358e+00
1.021318426565163806e+00
1.021334816084771280e+00
1.021354268235088458e+00
1.021375694998124972e+00
1.021397811663228516e+00
1.021418934849493532e+00
1.021436927788444748e+00
1.021449405630247664e+00
1.021454210031906840e+00
1.021450020369259803e+00
1.021436856317708530e+00
1.021416232108782962e+00
1.021390875389664554e+00
1.021364132491551668e+00
1.021339299628059250e+00
1.021319084663560917e+00
1.021305290014320466e+00
1.021298719318775916e+00
1.021299277614118539e+00
1.021306218155537016e+00
1.021318457250924627e+00
1.021334846454142742e+00
1.021354298291431206e+00
1.021375724744732816e+00
1.021397841103325099e+00
1.021418963986223449e+00
1.021436956624865111e+00
1.021449434169327208e+00
1.021454238276534365e+00
1.021450048322269932e+00
1.021436883981917676e+00
1.021416259487025302e+00
1.021390902484819785e+00
1.021364159306554553e+00
1.021339326165893624e+00
1.021319110927240148e+00
1.021305316006862363e+00
1.021298745043177414e+00
1.021299303073334386e+00
1.021306243352465115e+00
1.021318482188402044e+00
1.021334871134945699e+00
1.021354322718279528e+00
1.021375748920292370e+00
1.021397865030204244e+00
1.021418987666968814e+00
1.021436980061952937e+00
1.021449457365161351e+00
1.021454261233455396e+00
1.021450071042573793e+00
1.021436906467886985e+00
1.021416281740956222e+00
1.021390924509045339e+00
1.021364181103452173e+00
1.021339347737880487e+00
1.021319132276757191e+00
1.021305337136353852e+00
1.021298765955069410e+00
1.021299323770019418e+00
1.021306263836289308e+00
1.021318502461661559e+00
1.021334891199888073e+00
1.021354342577106333e+00
1.021375768575162102e+00
1.021397884483229657e+00
1.021419006920211814e+00
1.021436999117419475e+00
1.021449476224799424e+00
1.021454279899161488e+00
1.021450089516208859e+00
1.021436924751299546e+00
1.021416299836008346e+00
1.021390942417627290e+00
1.021364198827491521e+00
1.021339365279335665e+00
1.021319149637606394e+00
1.021305354318576608e+00
1.021298782960632368e+00
1.021299340600859473e+00
1.021306280494307384e+00
1.021318518948717280e+00
1.021334907517801094e+00
1.021354358727660117e+00
1.021375784560104805e+00
1.021397900304273021e+00
1.021419022579026725e+00
1.021437014615631300e+00
1.021449491563987122e+00
1.021454295080862051e+00
1.021450104541931303e+00
1.021436939622542894e+00
1.021416314554281168e+00
1.021390956984463028e+00
1.021364213244452479e+00
1.021339379548010129e+00
1.021319163759597304e+00
1.021305368295490013e+00
1.021298796794060992e+00
1.021299354292373840e+00
1.021306294045447371e+00
1.021318532360989684e+00
1.021334920792680734e+00
1.021354371866592281e+00
1.021375797564505694e+00
1.021397913175530192e+00
1.021419035318494650e+00
1.021437027224628480e+00
1.021449504043792977e+00
1.021454307432723141e+00
1.021450116767071314e+00
1.021436951722177966e+00
1.021416326529634988e+00
1.021390968836779045e+00
1.021364224974998347e+00
1.021339391158073484e+00
1.021319175250479105e+00
1.021305379668491664e+00
1.021298808050475238e+00
1.021299365433473660e+00
1.021306305072481324e+00
1.021318543275179236e+00
1.021334931595221818e+00
1.021354382558656404e+00
1.021375808147241493e+00
1.021397923650062545e+00
1.021419045685922455e+00
1.021437037486020660e+00
1.021449514200187814e+00
1.021454317485132046e+00
1.021450126716486828e+00
1.021436961569586632e+00
1.021416336276030012e+00
1.021390978483169620e+00
1.021364234522412540e+00
1.021339400607557124e+00
1.021319184603087571e+00
1.021305388925281443e+00
1.021298817212494381e+00
1.021299374501755786e+00
1.021306314048038733e+00
1.021318552159003357e+00
1.021334940388281876e+00
1.021354391261902750e+00
1.021375816761606270e+00
1.021397932176458578e+00
1.021419054125241033e+00
1.021437045839129087e+00
1.021449522467929416e+00
1.021454325668327279e+00
1.021450134815941491e+00
1.021436969586101196e+00
1.021416344210411165e+00
1.021390986336236484e+00
1.021364242295000446e+00
1.021339408300514506e+00
1.021319192217271521e+00
1.021305396461549719e+00
1.021298824671698302e+00
1.021299381884733126e+00
1.021306321355612390e+00
1.021318559391976466e+00
1.021334947547442251e+00
1.021354398348021331e+00
1.021375823775439340e+00
1.021397939118747100e+00
1.021419060996708872e+00
1.021437052640480125e+00
1.021449529199848660e+00
1.021454332331480863e+00
1.021450141410984003e+00
1.021436976113682782e+00
1.021416350671186635e+00
1.021390992730871528e+00
1.021364248624173188e+00
1.021339414564914838e+00
1.021319198417595331e+00
1.021305402598493561e+00
1.021298830745953401e+00
1.021299387896980715e+00
1.021306327306519268e+00
1.021318565282196333e+00
1.021334953377613486e+00
1.021354404118770542e+00
1.021375829487380482e+00
1.021397944772481914e+00
1.021419066592824887e+00
1.021437058179549995e+00
1.021449534682427718e+00
1.021454337758111119e+00
1.021450146782196811e+00
1.021436981430006830e+00
1.021416355933153941e+00
1.021390997939022771e+00
1.021364253779059927e+00
1.021339419667097514e+00
1.021319203467639714e+00
1.021305407596965864e+00
1.021298835693414953e+00
1.021299392793984850e+00
1.021306332153607999e+00
1.021318570079899901e+00
1.021334958126451031e+00
1.021354408819250770e+00
1.021375834140002326e+00
1.021397949377733871e+00
1.021419071151185021e+00
1.021437062691483044e+00
1.021449539148385766e+00
1.021454342178534258e+00
1.021450151157516917e+00
1.021436985760653782e+00
1.021416360219560504e+00
1.021391002181628593e+00
1.021364257978313539e+00
1.021339423823453885e+00
1.021319207581559141e+00
1.021305411668908647e+00
1.021298839723837837e+00
1.021299396783336810e+00
1.021306336102330015e+00
1.021318573988422962e+00
1.021334961995196799e+00
1.021354412648632248e+00
1.021375837930425190e+00
1.021397953129595804e+00
1.021419074864873711e+00
1.021437066367376634e+00
1.021449542786851961e+00
1.021454345779930328e+00
1.021450154722195247e+00
1.021436989288963204e+00
1.021416363711852959e+00
1.021391005638262239e+00
1.021364261399652529e+00
1.021339427209869477e+00
1.021319210933425037e+00
1.021305414986599214e+00
1.021298843007723889e+00
1.021299400033784499e+00
1.021306339319697054e+00
1.021318577173059738e+00
1.021334965147445928e+00
1.021354415768829682e+00
1.021375841018900665e+00
1.021397956186672396e+00
1.021419077890866944e+00
1.021437069362594485e+00
1.021449545751592858e+00
1.021454348714485594e+00
1.021450157626850874e+00
1.021436992164003410e+00
1.021416366557564626e+00
1.021391008454935800e+00
1.021364264187585302e+00
1.021339429969362556e+00
1.021319213664783287e+00
1.021305417690126838e+00
1.021298845683722867e+00
1.021299402682551927e+00
1.021306341941524476e+00
1.021318579768231594e+00
1.021334967716240882e+00
1.021354418311521073e+00
1.021375843535756500e+00
1.021397958677955131e+00
1.021419080356834153e+00
1.021437071803495522e+00
1.021449548167671306e+00
1.021454351105978819e+00
1.021450159993991136e+00
1.021436994507022522e+00
1.021416368876695513e+00
1.021391010750415607e+00
1.021364266459655390e+00
1.021339432218268950e+00
1.021319215890773124e+00
1.021305419893448141e+00
1.021298847864621440e+00
1.021299404841269132e+00
1.021306344078297013e+00
1.021318581883291721e+00
1.021334969809814863e+00
1.021354420383831396e+00
1.021375845587020548e+00
1.021397960708387176e+00
1.021419082366642916e+00
1.021437073792884842e+00
1.021449550136839246e+00
1.021454353055117892e+00
1.021450161923290967e+00
1.021436996416672072e+00
1.021416370766884629e+00
1.021391012621337246e+00
1.021364268311506063e+00
1.021339434051248496e+00
1.021319217705083382e+00
1.021305421689290727e+00
1.021298849642196194e+00
1.021299406600773008e+00
1.021306345819922523e+00
1.021318583607226715e+00
1.021334971516244305e+00
1.021354422072935808e+00
1.021375847258977565e+00
1.021397962363370659e+00
1.021419084004822952e+00
1.021437075414427298e+00
1.021449551741905104e+00
1.021454354643864582e+00
1.021450163495872809e+00
1.021436997973242500e+00
1.021416372307598186e+00
1.021391014146351361e+00
1.021364269820981052e+00
1.021339435545347119e+00
1.021319219183969951e+00
1.021305423153129333e+00
1.021298851091149373e+00
1.021299408035000855e+00
1.021306347239582024e+00
1.021318585012471081e+00
1.021334972907223637e+00
1.021354423449796656e+00
1.021375848621864701e+00
1.021397963712425305e+00
1.021419085340184107e+00
1.021437076736229965e+00
1.021449553050280290e+00
1.021454355938940406e+00
1.021450164777775171e+00
1.021436999242096633e+00
1.021416373563529989e+00
1.021391015389488732e+00
1.021364271051454775e+00
1.021339436763289976e+00
1.021319220389515170e+00
1.021305424346410806e+00
1.021298852272299884e+00
1.021299409204150299e+00
1.021306348396858077e+00
1.021318586157998531e+00
1.021334974041124610e+00
1.021354424572190833e+00
1.021375849732869323e+00
1.021397964812156278e+00
1.021419086428753786e+00
1.021437077813748040e+00
1.021449554116854230e+00
1.021454356994674573e+00
1.021450165822771927e+00
1.021437000276458118e+00
1.021416374587358344e+00
1.021391016402888985e+00
1.021364272054532840e+00
1.021339437756154211e+00
1.021319221372274821e+00
1.021305425319174010e+00
1.021298853235174775e+00
1.021299410157242793e+00
1.021306349340272313e+00
1.021318587091835983e+00
1.021334974965484532e+00
1.021354425487170925e+00
1.021375850638565286e+00
1.021397965708661815e+00
1.021419087316160823e+00
1.021437078692146283e+00
1.021449554986330943e+00
1.021454357855314576e+00
1.021450166674658711e+00
1.021437001119674726e+00
1.021416375421988931e+00
1.021391017229018150e+00
1.021364272872247625e+00
1.021339438565542324e+00
1.021319222173425079e+00
1.021305426112175230e+00
1.021298854020114888e+00
1.021299410934208396e+00
1.021306350109347338e+00
1.021318587853103699e+00
1.021334975719025540e+00
1.021354426233064938e+00
1.021375851376889798e+00
1.021397966439493654e+00
1.021419088039574596e+00
1.021437079408215265e+00
1.021449555695125966e+00
1.021454358556904918e+00
1.021450167369112760e+00
1.021437001807059763e+00
1.021416376102373569e+00
1.021391017902471887e+00
1.021364273538840850e+00
1.021339439225346535e+00
1.021319222826512885e+00
1.021305426758619017e+00
1.021298854659985711e+00
1.021299411567577087e+00
1.021306350736283175e+00
1.021318588473673294e+00
1.021334976333295064e+00
1.021354426841099006e+00
1.021375851978752358e+00
1.021397967035246657e+00
1.021419088629279326e+00
1.021437079991931007e+00
1.021449556272910675e+00
1.021454359128815215e+00
1.021450167935203712e+00
1.021437002367387104e+00
1.021416376656992586e+00
1.021391018451438981e+00
1.021364274082213974e+00
1.021339439763184087e+00
1.021319223358873707e+00
1.021305427285561951e+00
1.021298855181569376e+00
1.021299412083858549e+00
1.021306351247318389e+00
1.021318588979517772e+00
1.021334976834002539e+00
1.021354427336721660e+00
1.021375852469342149e+00
1.021397967520854433e+00
1.021419089109955047e+00
1.021437080467723080e+00
1.021449556743865950e+00
1.021454359594980099e+00
1.021450168396623503e+00
1.021437002824106433e+00
1.021416377109057194e+00
1.021391018898894831e+00
1.021364274525107696e+00
1.021339440201563864e+00
1.021319223792787056e+00
1.021305427715057501e+00
1.021298855606694200e+00
1.021299412504659498e+00
1.021306351663841205e+00
1.021318589391807308e+00
1.021334977242102759e+00
1.021354427740675641e+00
1.021375852869191858e+00
1.021397967916641392e+00
1.021419089501719668e+00
1.021437080855505108e+00
1.021449557127703800e+00
1.021454359974911075e+00
1.021450168772684908e+00
1.021437003196334681e+00
1.021416377477489146e+00
1.021391019263568234e+00
1.021364274886060963e+00
1.021339440558835410e+00
1.021319224146416405e+00
1.021305428065083731e+00
1.021298855953156171e+00
1.021299412847595400e+00
1.021306352003288342e+00
1.021318589727802095e+00
1.021334977574680725e+00
1.021354428069872089e+00
1.021375853195041650e+00
1.021397968239178056e+00
1.021419089820975845e+00
1.021437081171513217e+00
1.021449557440495592e+00
1.021454360284516971e+00
1.021450169079134662e+00
1.021437003499658713e+00
1.021416377777717432e+00
1.021391019560731195e+00
1.021364275180189685e+00
1.021339440849962088e+00
1.021319224434572570e+00
1.021305428350301359e+00
1.021298856235467012e+00
1.021299413127030320e+00
1.021306352279878427e+00
1.021318590001576876e+00
1.021334977845669068e+00
1.021354428338103082e+00
1.021375853460543048e+00
1.021397968501977171e+00
1.021419090081100434e+00
1.021437081428989035e+00
1.021449557695348398e+00
1.021454360536771855e+00
1.021450169328816049e+00
1.021437003746790584e+00
1.021416378022324656e+00
1.021391019802838862e+00
1.021364275419823109e+00
1.021339441087147026e+00
1.021319224669335224e+00
1.021305428582667707e+00
1.021298856465462812e+00
1.021299413354681107e+00
1.021306352505208848e+00
1.021318590224611356e+00
1.021334978066431809e+00
1.021354428556617178e+00
1.021375853676831147e+00
1.021397968716062366e+00
1.021419090293004261e+00
1.021437081638733257e+00
1.021449557902953664e+00
1.021454360742258594e+00
1.021450169532204244e+00
1.021437003948100442e+00
1.021416378221575716e+00
1.021391020000051331e+00
1.021364275615018080e+00
1.021339441280345373e+00
1.021319224860558483e+00
1.021305428771936752e+00
1.021298856652799181e+00
1.021299413540105450e+00
1.021306352688741370e+00
1.021318590406271820e+00
1.021334978246239977e+00
1.021354428734591480e+00
1.021375853852990900e+00
1.021397968890426000e+00
1.021419090465589541e+00
1.021437081809557723e+00
1.021449558072034192e+00
1.021454360909611836e+00
1.021450169697846411e+00
1.021437004112047742e+00
1.021416378383844581e+00
1.021391020160658414e+00
1.021364275773980257e+00
1.021339441437679740e+00
1.021319225016282362e+00
1.021305428926067904e+00
1.021298856805354038e+00
1.021299413691101332e+00
1.021306352838194931e+00
1.021318590554199712e+00
1.021334978392657078e+00
1.021354428879514442e+00
1.021375853996434380e+00
1.021397969032405095e+00
1.021419090606118907e+00
1.021437081948651793e+00
1.021449558209706954e+00
1.021454361045876391e+00
1.021450169832716082e+00
1.021437004245536073e+00
1.021416378515964674e+00
1.021391020291424034e+00
1.021364275903404728e+00
1.021339441565777495e+00
1.021319225143067388e+00
1.021305429051554192e+00
1.021298856929556020e+00
1.021299413814032553e+00
1.021306352959868935e+00
1.021318590674629601e+00
1.021334978511856395e+00
1.021354428997495623e+00
1.021375854113209858e+00
1.021397969147987084e+00
1.021419090720519396e+00
1.021437082061882551e+00
1.021449558321779083e+00
1.021454361156801216e+00
1.021450169942504482e+00
1.021437004354198264e+00
1.021416378623511978e+00
1.021391020397867111e+00
1.021364276008755123e+00
1.021339441670046533e+00
1.021319225246266615e+00
1.021305429153694933e+00
1.021298857030650042e+00
1.021299413914091181e+00
1.021306353058903493e+00
1.021318590772650303e+00
1.021334978608874344e+00
1.021354429093520810e+00
1.021375854208252720e+00
1.021397969242057613e+00
1.021419090813627140e+00
1.021437082154037279e+00
1.021449558412989900e+00
1.021454361247077003e+00
1.021450170031854121e+00
1.021437004442630858e+00
1.021416378711035966e+00
1.021391020484491374e+00
1.021364276094489210e+00
1.021339441754899546e+00
1.021319225330248104e+00
1.021305429236814444e+00
1.021298857112916680e+00
1.021299413995514271e+00
1.021306353139491696e+00
1.021318590852413166e+00
1.021334978687820083e+00
1.021354429171657863e+00
1.021375854285589746e+00
1.021397969318602605e+00
1.021419090889388315e+00
1.021437082229021742e+00
1.021449558487205422e+00
1.021454361320531135e+00
1.021450170104554189e+00
1.021437004514583524e+00
1.021416378782248557e+00
1.021391020554971663e+00
1.021364276164244078e+00
1.021339441823936989e+00
1.021319225398575448e+00
1.021305429304439683e+00
1.021298857179847364e+00
1.021299414061757949e+00
1.021306353205055473e+00
1.021318590917304592e+00
1.021334978752046041e+00
1.021354429235225680e+00
1.021375854348506085e+00
1.021397969380873683e+00
1.021419090951020792e+00
1.021437082290022280e+00
1.021449558547580239e+00
1.021454361380285558e+00
1.021450170163694438e+00
1.021437004573115370e+00
1.021416378840177996e+00
1.021391020612304468e+00
1.021364276220986689e+00
1.021339441880094956e+00
1.021319225454155877e+00
1.021305429359448125e+00
1.021298857234290258e+00
1.021299414115641513e+00
1.021306353258386146e+00
1.021318590970087481e+00
1.021334978804287363e+00
1.021354429286930987e+00
1.021375854399680705e+00
1.021397969431523611e+00
1.021419091001150914e+00
1.021437082339637925e+00
1.021449558596685847e+00
1.021454361428886681e+00
1.021450170211795738e+00
1.021437004620721511e+00
1.021416378887293641e+00
1.021391020658934501e+00
1.021364276267135995e+00
1.021339441925769087e+00
1.021319225499359051e+00
1.021305429404186338e+00
1.021298857278567951e+00
1.021299414159464236e+00
1.021306353301758341e+00
1.021318591013014254e+00
1.021334978846773600e+00
1.021354429328980684e+00
1.021375854441298525e+00
1.021397969472714218e+00
1.021419091041918747e+00
1.021437082379986760e+00
1.021449558636620347e+00
1.021454361468410621e+00
1.021450170250912670e+00
1.021437004659435210e+00
1.021416378925608548e+00
1.021391020696854168e+00
1.021364276304664642e+00
1.021339441962910710e+00
1.021319225536117870e+00
1.021305429440566570e+00
1.021298857314573816e+00
1.021299414195099509e+00
1.021306353337027240e+00
1.021318591047920776e+00
1.021334978881321298e+00
1.021354429363173555e+00
1.021375854475140788e+00
1.021397969506208314e+00
1.021419091075068675e+00
1.021437082412796293e+00
1.021449558669092372e+00
1.021454361500548469e+00
1.021450170282719450e+00
1.021437004690914474e+00
1.021416378956762960e+00
1.021391020727687504e+00
1.021364276335179788e+00
1.021339441993110775e+00
1.021319225566006850e+00
1.021305429470147352e+00
1.021298857343850175e+00
1.021299414224074553e+00
1.021306353365704300e+00
1.021318591076302962e+00
1.021334978909411717e+00
1.021354429390975316e+00
1.021375854502656555e+00
1.021397969533441863e+00
1.021419091102022225e+00
1.021437082439472732e+00
1.021449558695494364e+00
1.021454361526679122e+00
1.021450170308580763e+00
1.021437004716509112e+00
1.021416378982093587e+00
1.021391020752756562e+00
1.021364276359990386e+00
1.021339442017665355e+00
1.021319225590308299e+00
1.021305429494198114e+00
1.021298857367653579e+00
1.021299414247632598e+00
1.021306353389020316e+00
1.021318591099378947e+00
1.021334978932250781e+00
1.021354429413579457e+00
1.021375854525028437e+00
1.021397969555583707e+00
1.021419091123936917e+00
1.021437082461162049e+00
1.021449558716960526e+00
1.021454361547923906e+00
1.021450170329607054e+00
1.021437004737318688e+00
1.021416379002688668e+00
1.021391020773139147e+00
1.021364276380162472e+00
1.021339442037629386e+00
1.021319225610066272e+00
1.021305429513752472e+00
1.021298857387006320e+00
1.021299414266786387e+00
1.021306353407976708e+00
1.021318591118140828e+00
1.021334978950819483e+00
1.021354429431957866e+00
1.021375854543217887e+00
1.021397969573586195e+00
1.021419091141754443e+00
1.021437082478796388e+00
1.021449558734413898e+00
1.021454361565197422e+00
1.021450170346702269e+00
1.021437004754238043e+00
1.021416379019433274e+00
1.021391020789710780e+00
1.021364276396563353e+00
1.021339442053861291e+00
1.021319225626130756e+00
1.021305429529651532e+00
1.021298857402741511e+00
1.021299414282359486e+00
1.021306353423389934e+00
1.021318591133395515e+00
1.021334978965917406e+00
1.021354429446900358e+00
1.021375854558006946e+00
1.021397969588223376e+00
1.021419091156241299e+00
1.021437082493134252e+00
1.021449558748604325e+00
1.021454361579241965e+00
1.021450170360602705e+00
1.021437004767994816e+00
1.021416379033048161e+00
1.021391020803185334e+00
1.021364276409898908e+00
1.021339442067059178e+00
1.021319225639192529e+00
1.021305429542578969e+00
1.021298857415535721e+00
1.021299414295022245e+00
1.021306353435922354e+00
1.021318591145799148e+00
1.021334978978193586e+00
1.021354429459050639e+00
1.021375854570032438e+00
1.021397969600125410e+00
1.021419091168020987e+00
1.021437082504793148e+00
1.021449558760143539e+00
1.021454361590662385e+00
1.021450170371905219e+00
1.021437004779181201e+00
1.021416379044119305e+00
1.021391020814142570e+00
1.021364276420742678e+00
1.021339442077791482e+00
1.021319225649814255e+00
1.021305429553091226e+00
1.021298857425940287e+00
1.021299414305319564e+00
1.021306353446113757e+00
1.021318591155885969e+00
1.021334978988176934e+00
1.021354429468931624e+00
1.021375854579811948e+00
1.021397969609804557e+00
1.021419091177600658e+00
1.021437082514274453e+00
1.021449558769527144e+00
1.021454361599949845e+00
1.021450170381097200e+00
1.021437004788278369e+00
1.021416379053122991e+00
1.021391020823053220e+00
1.021364276429561846e+00
1.021339442086519611e+00
1.021319225658452678e+00
1.021305429561640832e+00
1.021298857434401519e+00
1.021299414313694420e+00
1.021306353454402460e+00
1.021318591164089629e+00
1.021334978996296217e+00
1.021354429476967418e+00
1.021375854587765586e+00
1.021397969617676704e+00
1.021419091185392203e+00
1.021437082521985840e+00
1.021449558777159705e+00
1.021454361607503802e+00
1.021450170388573664e+00
1.021437004795678005e+00
1.021416379060446245e+00
1.021391020830301199e+00
1.021364276436735219e+00
1.021339442093619043e+00
1.021319225665479058e+00
1.021305429568594825e+00
1.021298857441284236e+00
1.021299414320506305e+00
1.021306353461144845e+00
1.021318591170762513e+00
1.021334979002900933e+00
1.021354429483504411e+00
1.021375854594235522e+00
1.021397969624080249e+00
1.021419091191730022e+00
1.021437082528259044e+00
1.021449558783368294e+00
1.021454361613648665e+00
1.021450170394655466e+00
1.021437004801697190e+00
1.021416379066403701e+00
1.021391020836197372e+00
1.021364276442570773e+00
1.021339442099394423e+00
1.021319225671195152e+00
1.021305429574252299e+00
1.021298857446883535e+00
1.021299414326048094e+00
1.021306353466629790e+00
1.021318591176191504e+00
1.021334979008273969e+00
1.021354429488822602e+00
1.021375854599499533e+00
1.021397969629290303e+00
