1.000603444564682754e+00
1.000677366191092155e+00
1.000799540403683796e+00
1.000942813698447287e+00
1.001097761194801539e+00
1.001259681792626921e+00
1.001425692070276874e+00
1.001593804729651982e+00
1.001762564547018730e+00
1.001930878418573645e+00
1.002097924196254208e+00
1.002263095287151629e+00
1.002425962728037634e+00
1.002586246262756386e+00
1.002743790374537536e+00
1.002898543396189002e+00
1.003050538916586465e+00
1.003199879229882407e+00
1.003346720785693869e+00
1.003491261635283571e+00
1.003633730818488834e+00
1.003774379556287677e+00
1.003913474040671883e+00
1.004051289566332494e+00
1.004188105733661018e+00
1.004324202466559068e+00
1.004459856623065361e+00
1.004595339021968403e+00
1.004730911755589817e+00
1.004866825701736133e+00
1.005003318183153027e+00
1.005140610749944319e+00
1.005278907080157991e+00
1.005418391007792955e+00
1.005559224697705423e+00
1.005701546994853590e+00
1.005845471982094175e+00
1.005991087786802796e+00
1.006138455681795829e+00
1.006287609529774585e+00
1.006438555621866460e+00
1.006591272958750061e+00
1.006745714016334503e+00
1.006901806026327062e+00
1.007059452785034281e+00
1.007218536981699941e+00
1.007378923011585714e+00
1.007540460210368582e+00
1.007702986417407631e+00
1.007866331748379585e+00
1.008030322435269355e+00
1.008194784575977998e+00
1.008359547628748132e+00
1.008524447489268283e+00
1.008689329000946877e+00
1.008854047770712636e+00
1.009018471192326460e+00
1.009182478614406575e+00
1.009345960628805772e+00
1.009508817494187305e+00
1.009670956747583004e+00
1.009832290091852158e+00
1.009992729678383938e+00
1.010152183931882108e+00
1.010310553087789165e+00
1.010467724633312692e+00
1.010623568860443022e+00
1.010777934753799290e+00
1.010930646447016024e+00
1.011081500487290397e+00
1.011230264146514291e+00
1.011376675006256054e+00
1.011520442019498311e+00
1.011661248211323194e+00
1.011798755121172677e+00
1.011932609009809303e+00
1.012062448755736810e+00
1.012187915252463100e+00
1.012308661996632608e+00
1.012424366437883583e+00
1.012534741556968543e+00
1.012639547063077350e+00
1.012738599567716280e+00
1.012831781111213525e+00
1.012919045494123038e+00
1.013000421997595879e+00
1.013076016254410572e+00
1.013146008238665408e+00
1.013210647554539046e+00
1.013270246398354724e+00
1.013325170720596136e+00
1.013375830208489203e+00
1.013422667736955773e+00
1.013466148897815611e+00
1.013506752124907484e+00
1.013544959803949874e+00
1.013581250611053086e+00
1.013616093182715616e+00
1.013649941098632379e+00
1.013683229066567160e+00
1.013716370139441603e+00
1.013749753766716388e+00
1.013783744479587190e+00
1.013818681025241641e+00
1.013854875792276733e+00
1.013892614401391779e+00
1.013932155368409305e+00
1.013973729777991828e+00
1.014017540934881723e+00
1.014063763984748512e+00
1.014112545518766950e+00
1.014164003194965691e+00
1.014218225425054687e+00
1.014275271187582650e+00
1.014335170036323008e+00
1.014397922376166550e+00
1.014463500076820957e+00
1.014531847486829008e+00
1.014602882896599390e+00
1.014676500479448906e+00
1.014752572714809009e+00
1.014830953268921920e+00
1.014911480277304046e+00
1.014993979942195867e+00
1.015078270329540455e+00
1.015164165226318360e+00
1.015251477902516131e+00
1.015340024614423742e+00
1.015429627688374081e+00
1.015520118036564723e+00
1.015611336978534007e+00
1.015703137271540379e+00
1.015795383288414566e+00
1.015887950319906308e+00
1.015980723017718690e+00
1.016073593032220446e+00
1.016166455933747104e+00
1.016259207537523412e+00
1.016351739779388197e+00
1.016443936312848573e+00
1.016535668018017979e+00
1.016626788630074607e+00
1.016717130709035244e+00
1.016806502183260852e+00
1.016894683704856028e+00
1.016981427053796239e+00
1.017066454816375254e+00
1.017149461539159860e+00
1.017230116518866634e+00
1.017308068328974802e+00
1.017382951104322641e+00
1.017454392506516481e+00
1.017522023179552537e+00
1.017585487383695142e+00
1.017644454376544161e+00
1.017698630006075078e+00
1.017747767905150980e+00
1.017791679643889946e+00
1.017830243215603225e+00
1.017863409309007094e+00
1.017891204952044326e+00
1.017913734291156613e+00
1.017931176476955857e+00
1.017943780840290469e+00
1.017951859736934583e+00
1.017955779591650955e+00
1.017955950766155304e+00
1.017952816902220059e+00
1.017946844352523694e+00
1.017938512218821590e+00
1.017928303387281908e+00
1.017916696805128751e+00
1.017904161100971816e+00
1.017891149529210892e+00
1.017878096126537235e+00
1.017865412909324974e+00
1.017853487912679267e+00
1.017842683869465858e+00
1.017833337343566624e+00
1.017825758158645844e+00
1.017820228995916176e+00
1.017817005067464642e+00
1.017816313803140194e+00
1.017818354517520785e+00
1.017823298048785130e+00
1.017831286383366951e+00
1.017842432299200128e+00
1.017856819076024211e+00
1.017874500333365129e+00
1.017895500064848857e+00
1.017919812940877744e+00
1.017947404949721912e+00
1.017978214439277940e+00
1.018012153607914083e+00
1.018049110473109309e+00
1.018088951321724611e+00
1.018131523616884859e+00
1.018176659305395138e+00
1.018224178438514649e+00
1.018273892990258167e+00
1.018325610733671560e+00
1.018379139019018442e+00
1.018434288290296807e+00
1.018490875178991839e+00
1.018548725026603874e+00
1.018607673709534645e+00
1.018667568669711088e+00
1.018728269089770544e+00
1.018789645190189441e+00
1.018851576665001923e+00
1.018913950310634142e+00
1.018976656937330194e+00
1.019039587683811199e+00
1.019102629882936206e+00
1.019165662649464288e+00
1.019228552381008734e+00
1.019291148380290446e+00
1.019353278820899433e+00
1.019414747289316692e+00
1.019475330141615288e+00
1.019534774911832198e+00
1.019592799997660837e+00
1.019649095824583185e+00
1.019703327648658897e+00
1.019755140098418833e+00
1.019804163476585979e+00
1.019850021743742730e+00
1.019892341992466589e+00
1.019930765098943315e+00
1.019964957119845916e+00
1.019994620898072357e+00
1.020019507265689906e+00
1.020039425199437799e+00
1.020054250303734422e+00
1.020063931073430297e+00
1.020068492521615244e+00
1.020068036936735201e+00
1.020062741740827672e+00
1.020052854634146078e+00
1.020038686405958295e+00
1.020020601944009897e+00
1.019999010068925571e+00
1.019974352846395149e+00
1.019947094991101144e+00
1.019917713882944499e+00
1.019886690585982691e+00
1.019854502114394545e+00
1.019821615047641128e+00
1.019788480474713488e+00
1.019755530154771828e+00
1.019723173722143938e+00
1.019691796735563427e+00
1.019661759369134835e+00
1.019633395558489530e+00
1.019607012442757643e+00
1.019582889975286122e+00
1.019561280609261322e+00
1.019542408995918414e+00
1.019526471661686529e+00
1.019513636655994260e+00
1.019504043183624198e+00
1.019497801254486191e+00
1.019494991399408690e+00
1.019495664512726663e+00
1.019499841890508129e+00
1.019507515536654862e+00
1.019518648807112182e+00
1.019533177454613915e+00
1.019551011122517892e+00
1.019572035316540726e+00
1.019596113858276532e+00
1.019623091795472725e+00
1.019652798712936903e+00
1.019685052356797517e+00
1.019719662456142650e+00
1.019756434602322459e+00
1.019795174029670237e+00
1.019835689133879786e+00
1.019877794566778295e+00
1.019921313758910264e+00
1.019966080743405223e+00
1.020011941184482129e+00
1.020058752549407810e+00
1.020106383401361505e+00
1.020154711829955207e+00
1.020203623074094068e+00
1.020253006426841136e+00
1.020302751543132214e+00
1.020352744298356207e+00
1.020402862369126362e+00
1.020452970727582453e+00
1.020502917257564590e+00
1.020552528715092278e+00
1.020601607266115485e+00
1.020649927840136639e+00
1.020697236536858510e+00
1.020743250311626493e+00
1.020787658140856147e+00
1.020830123827675573e+00
1.020870290548172576e+00
1.020907787158832125e+00
1.020942236187059260e+00
1.020973263312994206e+00
1.021000508029238141e+00
1.021023635045817057e+00
1.021042345903477200e+00
1.021056390183156637e+00
1.021065575666516789e+00
1.021069776822092656e+00
1.021068941069038782e+00
1.021063092403669437e+00
1.021052332153114417e+00
1.021036836828141947e+00
1.021016853260812152e+00
1.020992691407257125e+00
1.020964715348660956e+00
1.020933333117283404e+00
1.020898986000912112e+00
1.020862137940110159e+00
1.020823265539109848e+00
1.020782849080901888e+00
1.020741364790822781e+00
1.020699278450678760e+00
1.020657040343071476e+00
1.020615081412954872e+00
1.020573810474087573e+00
1.020533612259983069e+00
1.020494846116588361e+00
1.020457845149963516e+00
1.020422915669431330e+00
1.020390336799055664e+00
1.020360360163552693e+00
1.020333209586351320e+00
1.020309080766174326e+00
1.020288140923960807e+00
1.020270528434101376e+00
1.020256352472961758e+00
1.020245692733414256e+00
1.020238599266248825e+00
1.020235092517415953e+00
1.020235163633420594e+00
1.020238775105164031e+00
1.020245861812725252e+00
1.020256332519644538e+00
1.020270071845539750e+00
1.020286942720903145e+00
1.020306789299020078e+00
1.020329440268810561e+00
1.020354712481234216e+00
1.020382414773189694e+00
1.020412351849085075e+00
1.020444328063728312e+00
1.020478150942674134e+00
1.020513634278675363e+00
1.020550600655574680e+00
1.020588883273062075e+00
1.020628326975609568e+00
1.020668788424401896e+00
1.020710135389723217e+00
1.020752245180596152e+00
1.020795002266411844e+00
1.020838295180284572e+00
1.020882012825075069e+00
1.020926040330174978e+00
1.020970254630497953e+00
1.021014519959096534e+00
1.021058683461867123e+00
1.021102571156862648e+00
1.021145984471276691e+00
1.021188697594781480e+00
1.021230455886451116e+00
1.021270975561093586e+00
1.021309944856214624e+00
1.021347026839859229e+00
1.021381863959691438e+00
1.021414084353839957e+00
1.021443309845301073e+00
1.021469165427962622e+00
1.021491289930684054e+00
1.021509347426545977e+00
1.021523038850125298e+00
1.021532113210398496e+00
1.021536377753935021e+00
1.021535706452741721e+00
1.021530046268600556e+00
1.021519420779029241e+00
1.021503930929194892e+00
1.021483752881927609e+00
1.021459133151655596e+00
1.021430381402788523e+00
1.021397861445870303e+00
1.021361981058618307e+00
1.021323181285480164e+00
1.021281925830291870e+00
1.021238691063048210e+00
1.021193957031434785e+00
1.021148199721472416e+00
1.021101884669299409e+00
1.021055461903713768e+00
1.021009362106429785e+00
1.020963993817632254e+00
1.020919741486336907e+00
1.020876964162722222e+00
1.020835994645625355e+00
1.020797138925636061e+00
1.020760675796594796e+00
1.020726856541596117e+00
1.020695904631180095e+00
1.020668015400102435e+00
1.020643355694492493e+00
1.020622063503387356e+00
1.020604247607625137e+00
1.020589987294835410e+00
1.020579332201400291e+00
1.020572302350369664e+00
1.020568888457632717e+00
1.020569052576675517e+00
1.020572729144396229e+00
1.020579826476546881e+00
1.020590228741615757e+00
1.020603798416980457e+00
1.020620379202248573e+00
1.020639799333550535e+00
1.020661875211392733e+00
1.020686415225952270e+00
1.020713223639957867e+00
1.020742104372748926e+00
1.020772864521626300e+00
1.020805317459094308e+00
1.020839285357320492e+00
1.020874601013209038e+00
1.020911108877409657e+00
1.020948665226079077e+00
1.020987137452877169e+00
1.021026402498023122e+00
1.021066344469182541e+00
1.021106851543963634e+00
1.021147812275011946e+00
1.021189111445844677e+00
1.021230625648913426e+00
1.021272218777373064e+00
1.021313737639053532e+00
1.021355007915204505e+00
1.021395830697115592e+00
1.021435979839326880e+00
1.021475200366691372e+00
1.021513208161131114e+00
1.021549691129324922e+00
1.021584312011562634e+00
1.021616712932119864e+00
1.021646521711633504e+00
1.021673359863227049e+00
1.021696852080370643e+00
1.021716636902822328e+00
1.021732378127664820e+00
1.021743776428177597e+00
1.021750580568040245e+00
1.021752597565426246e+00
1.021749701181258407e+00
1.021741838183425788e+00
1.021729031972054891e+00
1.021711383330195844e+00
1.021689068272120693e+00
1.021662333175146209e+00
1.021631487575629160e+00
1.021596895162583341e+00
1.021558963596171044e+00
1.021518133804824036e+00
1.021474869375681882e+00
1.021429646559432358e+00
1.021382945280254750e+00
1.021335241395224358e+00
1.021287000305205028e+00
1.021238671896816053e+00
1.021190686702389883e+00
1.021143453105454846e+00
1.021097355391207273e+00
1.021052752439088884e+00
1.021009976870626001e+00
1.020969334492931146e+00
1.020931103910646787e+00
1.020895536212415244e+00
1.020862854669543962e+00
1.020833254413244351e+00
1.020806902082255885e+00
1.020783935454833591e+00
1.020764463098096986e+00
1.020748564083464371e+00
1.020736287829071109e+00
1.020727654138144480e+00
1.020722653505655053e+00
1.020721247763576089e+00
1.020723371127221224e+00
1.020728931691242680e+00
1.020737813404089867e+00
1.020749878524761511e+00
1.020764970536758964e+00
1.020782917462988548e+00
1.020803535494209768e+00
1.020826632814895163e+00
1.020852013486619025e+00
1.020879481232560781e+00
1.020908842959205476e+00
1.020939911853836479e+00
1.020972509909130466e+00
1.021006469748247270e+00
1.021041635653729518e+00
1.021077863739042524e+00
1.021115021240234455e+00
1.021152984944569297e+00
1.021191638810905689e+00
1.021230870871635776e+00
1.021270569537184425e+00
1.021310619451237578e+00
1.021350897068216579e+00
1.021391266144491494e+00
1.021431573351858635e+00
1.021471644235871779e+00
1.021511279752149060e+00
1.021550253619389004e+00
1.021588310726367244e+00
1.021625166818772579e+00
1.021660509667117855e+00
1.021694001875968594e+00
1.021725285434826436e+00
1.021753988031140814e+00
1.021779731047165463e+00
1.021802139048616942e+00
1.021820850451438112e+00
1.021835528933628723e+00
1.021845875054840702e+00
1.021851637471175245e+00
1.021852623099691382e+00
1.021848705606873686e+00
1.021839831672811449e+00
1.021826024616197648e+00
1.021807385144498870e+00
1.021784089201532186e+00
1.021756383098400223e+00
1.021724576308489230e+00
1.021689032460037172e+00
1.021650159153587589e+00
1.021608397258139567e+00
1.021564210300721642e+00
1.021518074470510573e+00
1.021470469628205979e+00
1.021421871565026063e+00
1.021372745613341904e+00
1.021323541588514683e+00
1.021274689948835412e+00
1.021226599001074709e+00
1.021179652951085259e+00
1.021134210596546410e+00
1.021090604475000774e+00
1.021049140307555003e+00
1.021010096611030704e+00
1.020973724384626191e+00
1.020940246808765828e+00
1.020909858922509406e+00
1.020882727271331669e+00
1.020858989539257244e+00
1.020838754198343246e+00
1.020822100224250129e+00
1.020809076938790305e+00
1.020799704048443779e+00
1.020793971951158952e+00
1.020791842381773451e+00
1.020793249458533003e+00
1.020798101179290374e+00
1.020806281396180015e+00
1.020817652272607789e+00
1.020832057197449849e+00
1.020849324100212785e+00
1.020869269079734520e+00
1.020891700230292853e+00
1.020916421525218443e+00
1.020943236601600468e+00
1.020971952282146766e+00
1.021002381672795778e+00
1.021034346687377026e+00
1.021067679872711409e+00
1.021102225437469313e+00
1.021137839423607252e+00
1.021174388997883042e+00
1.021211750880289593e+00
1.021249808964205474e+00
1.021288451218071769e+00
1.021327565989618602e+00
1.021367037860808402e+00
1.021406743225034219e+00
1.021446545778071258e+00
1.021486292131319917e+00
1.021525807769942507e+00
1.021564893589015810e+00
1.021603323246454753e+00
1.021640841569976255e+00
1.021677164243967706e+00
1.021711978977505320e+00
1.021744948313758172e+00
1.021775714181115013e+00
1.021803904206500802e+00
1.021829139712586265e+00
1.021851045206831898e+00
1.021869259048654666e+00
1.021883444861648726e+00
1.021893303153540433e+00
1.021898582531285626e+00
1.021899089865801580e+00
1.021894698780551503e+00
1.021885355915741256e+00
1.021871084553208409e+00
1.021851985366379889e+00
1.021828234267530000e+00
1.021800077538324247e+00
1.021767824624365328e+00
1.021731839127286046e+00
1.021692528621731100e+00
1.021650333951055423e+00
1.021605718616500624e+00
1.021559158780970922e+00
1.021511134278136002e+00
1.021462120871224233e+00
1.021412583863518186e+00
1.021362973040108590e+00
1.021313718827802086e+00
1.021265229500671001e+00
1.021217889230685572e+00
1.021172056780505377e+00
1.021128064651571909e+00
1.021086218527874401e+00
1.021046796888162689e+00
1.021010050692675364e+00
1.020976203082049505e+00
1.020945449054792009e+00
1.020917955115116627e+00
1.020893858905137286e+00
1.020873268854411986e+00
1.020856263895571603e+00
1.020842893306940002e+00
1.020833176751117843e+00
1.020827104581865097e+00
1.020824638489613134e+00
1.020825712548081299e+00
1.020830234710584872e+00
1.020838088784829623e+00
1.020849136890027875e+00
1.020863222371228174e+00
1.020880173114610878e+00
1.020899805176323394e+00
1.020921926608712393e+00
1.020946341344057817e+00
1.020972852979376899e+00
1.021001268298370457e+00
1.021031400369094344e+00
1.021063071068653905e+00
1.021096112908316034e+00
1.021130370062345305e+00
1.021165698539400202e+00
1.021201965473977014e+00
1.021239047554754809e+00
1.021276828644639423e+00
1.021315196682323290e+00
1.021354039986379636e+00
1.021393243110083615e+00
1.021432682418478954e+00
1.021472221579213802e+00
1.021511707175679184e+00
1.021550964665056238e+00
1.021589794914405269e+00
1.021627971553550118e+00
1.021665239382030466e+00
1.021701314055992293e+00
1.021735883256260635e+00
1.021768609497827329e+00
1.021799134681096843e+00
1.021827086405346030e+00
1.021852085966099333e+00
1.021873757844353525e+00
1.021891740373927604e+00
1.021905697153865145e+00
1.021915328668548728e+00
1.021920383502931351e+00
1.021920668507362295e+00
1.021916057286217372e+00
1.021906496462086977e+00
1.021892009300603865e+00
1.021872696460282004e+00
1.021848733839613166e+00
1.021820367707408028e+00
1.021787907497116343e+00
1.021751716798681153e+00
1.021712203175282108e+00
1.021669807458812862e+00
1.021624993138856130e+00
1.021578236366290859e+00
1.021530016962260978e+00
1.021480810676868911e+00
1.021431082799601597e+00
1.021381283101050697e+00
1.021331841992804357e+00
1.021283167733004760e+00
1.021235644476999660e+00
1.021189630970166906e+00
1.021145459696044977e+00
1.021103436320137448e+00
1.021063839302175591e+00
1.021026919582886716e+00
1.020992900282952309e+00
1.020961976380522662e+00
1.020934314359098982e+00
1.020910051839772459e+00
1.020889297230811898e+00
1.020872129443339382e+00
1.020858597733995676e+00
1.020848721743575327e+00
1.020842491803959362e+00
1.020839869583681558e+00
1.020840789134603188e+00
1.020845158388279605e+00
1.020852861130819633e+00
1.020863759460064912e+00
1.020877696699985515e+00
1.020894500716041264e+00
1.020913987544077584e+00
1.020935965216619223e+00
1.020960237646653779e+00
1.020986608412482344e+00
1.021014884279697998e+00
1.021044878298881020e+00
1.021076412330303995e+00
1.021109318869040550e+00
1.021143442073787710e+00
1.021178637938230382e+00
1.021214773582448831e+00
1.021251725681213252e+00
1.021289378083970467e+00
1.021327618716339369e+00
1.021366335884141829e+00
1.021405414128152778e+00
1.021444729801105122e+00
1.021484146558460759e+00
1.021523510971495519e+00
1.021562648485298652e+00
1.021601359954827482e+00
1.021639418997764892e+00
1.021676570401462980e+00
1.021712529809837733e+00
1.021746984891459098e+00
1.021779598149074486e+00
1.021810011470901447e+00
1.021837852444148709e+00
1.021862742352459996e+00
1.021884305665218928e+00
1.021902180704973961e+00
1.021916031059918906e+00
1.021925557204075297e+00
1.021930507712578873e+00
1.021930689426542305e+00
1.021925975941702314e+00
1.021916313872597737e+00
1.021901726477366434e+00
1.021882314407526415e+00
1.021858253554996931e+00
1.021829790182346320e+00
1.021797233717009146e+00
1.021760947743035164e+00
1.021721339817727170e+00
1.021678850767023139e+00
1.021633944074387568e+00
1.021587095884350704e+00
1.021538786011427558e+00
1.021489490198774996e+00
1.021439673728602004e+00
1.021389786363885444e+00
1.021340258508268706e+00
1.021291498411635024e+00
1.021243890220781658e+00
1.021197792672269289e+00
1.021153538240578751e+00
1.021111432581946810e+00
1.021071754146651855e+00
1.021034753865810440e+00
1.021000654850358735e+00
1.020969652068590694e+00
1.020941911994060369e+00
1.020917572237839632e+00
1.020896741198126900e+00
1.020879497775937228e+00
1.020865891217788146e+00
1.020855941154351409e+00
1.020849637907404350e+00
1.020846943135414575e+00
1.020847790880237138e+00
1.020852089063503110e+00
1.020859721461501390e+00
1.020870550162382706e+00
1.020884418480582312e+00
1.020901154272205069e+00
1.020920573563947720e+00
1.020942484379413928e+00
1.020966690622921558e+00
1.020992995864369757e+00
1.021021206861230546e+00
1.021051136656255132e+00
1.021082607102179685e+00
1.021115450686834514e+00
1.021149511561954881e+00
1.021184645714536599e+00
1.021220720258220194e+00
1.021257611861564385e+00
1.021295204368005693e+00
1.021333385697323903e+00
1.021372044149641223e+00
1.021411064260141499e+00
1.021450322376042941e+00
1.021489682147340705e+00
1.021528990139863868e+00
1.021568071793253818e+00
1.021606727956998251e+00
1.021644732243279119e+00
1.021681829433906952e+00
1.021717735167217533e+00
1.021752137106168190e+00
1.021784697747877058e+00
1.021815058974935297e+00
1.021842848368954559e+00
1.021867687208044995e+00
1.021889199956150351e+00
1.021907024930513774e+00
1.021920825714190961e+00
1.021930302776265398e+00
1.021935204687162368e+00
1.021935338283528782e+00
1.021930577156891840e+00
1.021920867917837761e+00
1.021906233820794263e+00
1.021886775513793255e+00
1.021862668885459513e+00
1.021834160195222774e+00
1.021801558867493354e+00
1.021765228483366261e+00
1.021725576597218410e+00
1.021683044032052345e+00
1.021638094268351837e+00
1.021591203447597795e+00
1.021542851381163519e+00
1.021493513808964249e+00
1.021443656009858536e+00
1.021393727743363122e+00
1.021344159409557362e+00
1.021295359254663415e+00
1.021247711421728432e+00
1.021201574643484600e+00
1.021157281390515426e+00
1.021115137315101062e+00
1.021075420863512662e+00
1.021038382962816016e+00
1.021004246719859232e+00
1.020973207098815116e+00
1.020945430569089929e+00
1.020921054737581768e+00
1.020900187998292630e+00
1.020882909248023385e+00
1.020869267729060059e+00
1.020859283067828027e+00
1.020852945581851356e+00
1.020850216925338394e+00
1.020851031135885822e+00
1.020855296130875223e+00
1.020862895682362437e+00
1.020873691874290223e+00
1.020887528016922285e+00
1.020904231962236786e+00
1.020923619732861720e+00
1.020945499348400176e+00
1.020969674709245378e+00
1.020995949381459322e+00
1.021024130118770135e+00
1.021054029960283271e+00
1.021085470755192848e+00
1.021118284987887259e+00
1.021152316806763327e+00
1.021187422195573458e+00
1.021223468264805145e+00
1.021260331679946898e+00
1.021297896281436079e+00
1.021336049986114158e+00
1.021374681091213432e+00
1.021413674129064697e+00
1.021452905444055759e+00
1.021492238683365805e+00
1.021531520410009275e+00
1.021570576060807367e+00
1.021609206482416043e+00
1.021647185284167536e+00
1.021684257245007110e+00
1.021720138000388189e+00
1.021754515210376191e+00
1.021787051369194455e+00
1.021817388356547784e+00
1.021845153751185009e+00
1.021869968828390984e+00
1.021891458049341450e+00
1.021909259728585484e+00
1.021923037446577531e+00
1.021932491669907739e+00
1.021937370966631509e+00
1.021937482171158651e+00
1.021932698872918710e+00
1.021922967680539918e+00
1.021908311846629225e+00
1.021888832017525672e+00
1.021864704080277297e+00
1.021836174292834798e+00
1.021803552078210497e+00
1.021767201016162474e+00
1.021727528659770901e+00
1.021684975830763342e+00
1.021640006008357027e+00
1.021593095332755663e+00
1.021544723614037808e+00
1.021495366590797094e+00
1.021445489540536933e+00
1.021395542221385844e+00
1.021345955031997210e+00
1.021297136217131474e+00
1.021249469918339869e+00
1.021203314866824918e+00
1.021159003531609599e+00
1.021116841563384003e+00
1.021077107406801243e+00
1.021040051987282204e+00
1.021005898410004331e+00
1.020974841637444896e+00
1.020947048137288871e+00
1.020922655514689081e+00
1.020901772161877386e+00
1.020884476973860977e+00
1.020870819191107559e+00
1.020860818438203754e+00
1.020854465030812008e+00
1.020851720621261061e+00
1.020852519245252221e+00
1.020856768818257931e+00
1.020864353110415790e+00
1.020875134203746981e+00
1.020888955406593190e+00
1.020905644569016557e+00
1.020925017711740601e+00
1.020946882852479476e+00
1.020971043889760566e+00
1.020997304387805116e+00
1.021025471098531368e+00
1.021055357059267976e+00
1.021086784117466895e+00
1.021119584755812326e+00
1.021153603121032205e+00
1.021188695195245355e+00
1.021224728087340772e+00
1.021261578461236663e+00
1.021299130155827850e+00
1.021337271086435905e+00
1.021375889548791216e+00
1.021414870073735770e+00
1.021454089004178334e+00
1.021493409985823053e+00
1.021532679580211989e+00
1.021571723222690853e+00
1.021610341758438345e+00
1.021648308795303439e+00
1.021685369110746144e+00
1.021721238338732185e+00
1.021755604137840390e+00
1.021788129000813949e+00
1.021818454805889731e+00
1.021846209130366834e+00
1.021871013248108140e+00
1.021892491618903609e+00
1.021910282555960503e+00
1.021924049638444298e+00
1.021933493331718790e+00
1.021938362202678530e+00
1.021938463084646198e+00
1.021933669566040148e+00
1.021923928254550917e+00
1.021909262401923923e+00
1.021889772653704842e+00
1.021865634896211184e+00
1.021837095386719074e+00
1.021804463547610453e+00
1.021768102958049429e+00
1.021728421170548406e+00
1.021685859006282282e+00
1.021640879943922275e+00
1.021593960123126754e+00
1.021545579353423161e+00
1.021496213372839357e+00
1.021446327458301884e+00
1.021396371367341738e+00
1.021346775497997239e+00
1.021297948094393560e+00
1.021250273297427125e+00
1.021204109837625218e+00
1.021159790183317373e+00
1.021117619984481362e+00
1.021077877685039548e+00
1.021040814209665193e+00
1.021006652662770353e+00
1.020975588006051593e+00
1.020947786706396077e+00
1.020923386368143948e+00
1.020902495382698616e+00
1.020885192644224171e+00
1.020871527392332778e+00
1.020861519250740646e+00
1.020855158534228480e+00
1.020852406894233066e+00
1.020853198365553771e+00
1.020857440862754428e+00
1.020865018155058479e+00
1.020875792323569842e+00
1.020889606675712935e+00
1.020906289060634631e+00
1.020925655498147622e+00
1.020947514005063450e+00
1.020971668479015104e+00
1.020997922483342091e+00
1.021026082769095344e+00
1.021055962372750425e+00
1.021087383140923066e+00
1.021120177555478126e+00
1.021154189762339737e+00
1.021189275742841129e+00
1.021225302605099250e+00
1.021262147012275578e+00
1.021299692802521086e+00
1.021337827890422378e+00
1.021376440570985533e+00
1.021415415374334668e+00
1.021454628642664009e+00
1.021493944020968270e+00
1.021533208070080079e+00
1.021572246224637048e+00
1.021610859329108223e+00
1.021648820990634476e+00
1.021685875985965497e+00
1.021721739948358465e+00
1.021756100535686107e+00
1.021788620239989731e+00
1.021818940938811648e+00
1.021846690208767061e+00
1.021871489323050275e+00
1.021892962740799327e+00
1.021910748774593092e+00
1.021924511002994862e+00
1.021933949890794446e+00
1.021938814004347496e+00
1.021938910176470650e+00
1.021934111995111971e+00
1.021924366067529455e+00
1.021909695645067950e+00
1.021890201372907203e+00
1.021866059137026994e+00
1.021837515194391921e+00
1.021804878967093266e+00
1.021768514034020026e+00
1.021728827947420815e+00
1.021686261528214512e+00
1.021641278254817431e+00
1.021594354266632809e+00
1.021545969372928075e+00
1.021496599311465303e+00
1.021446709358895477e+00
1.021396749272466042e+00
1.021347149449920888e+00
1.021298318135080319e+00
1.021250639468525678e+00
1.021204472180458955e+00
1.021160148738874174e+00
1.021117974793404493e+00
1.021078228787618336e+00
1.021041161645826589e+00
1.021006996472071382e+00
1.020975928227670249e+00
1.020948123379125327e+00
1.020923719530384188e+00
1.020902825072451670e+00
1.020885518899086630e+00
1.020871850249490009e+00
1.020861838746962347e+00
1.020855474705863797e+00
1.020852719777206818e+00
1.020853507995362452e+00
1.020857747274465765e+00
1.020865321383308100e+00
1.020876092402562829e+00
1.020889903639223828e+00
1.020906582942009866e+00
1.020925946330308420e+00
1.020947801820510925e+00
1.020971953309835811e+00
1.020998204361214023e+00
1.021026361725295040e+00
1.021056238438162067e+00
1.021087656346046035e+00
1.021120447930434771e+00
1.021154457336885812e+00
1.021189540546372232e+00
1.021225564666659480e+00
1.021262406360564867e+00
1.021299949465900525e+00
1.021338081896921102e+00
1.021376691948304494e+00
1.021415664149849079e+00
1.021454874843428895e+00
1.021494187673716691e+00
1.021533449201226906e+00
1.021572484860278518e+00
1.021611095495021715e+00
1.021649054712278515e+00
1.021686107288480194e+00
1.021721968856565299e+00
1.021756327074089921e+00
1.021788844432779619e+00
1.021819162809865178e+00
1.021846909781654933e+00
1.021871706621041653e+00
1.021893177786870943e+00
1.021910961591439015e+00
1.021924721613037601e+00
1.021934158316198937e+00
1.021939020267033982e+00
1.021939114298132001e+00
1.021934313997227894e+00
1.021924565971382926e+00
1.021909893471760533e+00
1.021890397143372375e+00
1.021866252872045244e+00
1.021837706914598742e+00
1.021805068692990037e+00
1.021768701785980227e+00
1.021729013745694470e+00
1.021686445392930853e+00
1.021641460205985119e+00
1.021594534324139047e+00
1.021546147556535944e+00
1.021496775640811094e+00
1.021446883853483811e+00
1.021396921951665204e+00
1.021347320332958608e+00
1.021298487241038444e+00
1.021250806816334400e+00
1.021204637788894143e+00
1.021160312626550937e+00
1.021118136978773627e+00
1.021078389288962995e+00
1.021041320481257841e+00
1.021007153659524214e+00
1.020976083784902011e+00
1.020948277323711073e+00
1.020923871879714895e+00
1.020902975843730687e+00
1.020885668109328570e+00
1.020871997915516971e+00
1.020861984885403695e+00
1.020855619333153053e+00
1.020852862909580772e+00
1.020853649648861161e+00
1.020857887464930336e+00
1.020865460126382018e+00
1.020876229713691297e+00
1.020890039533655091e+00
1.020906717434796995e+00
1.020926079436310197e+00
1.020947933554395171e+00
1.020972083686082499e+00
1.020998333394117719e+00
1.021026489428969564e+00
1.021056364826543383e+00
1.021087781432897357e+00
1.021120571729350335e+00
1.021154579861295764e+00
1.021189661809545290e+00
1.021225684681708046e+00
1.021262525140447686e+00
1.021300067023426239e+00
1.021338198244751139e+00
1.021376807098954398e+00
1.021415778115692063e+00
1.021454987636694955e+00
1.021494299306495268e+00
1.021533559685466219e+00
1.021572594207786011e+00
1.021611203717464722e+00
1.021649161821183815e+00
1.021686213295233792e+00
1.021722073772412642e+00
1.021756430910136348e+00
1.021788947199991027e+00
1.021819264519069126e+00
1.021847010443542869e+00
1.021871806246171577e+00
1.021893276385671179e+00
1.021911059174211323e+00
1.021924818189963169e+00
1.021934253897343936e+00
1.021939114862356224e+00
1.021939207917486492e+00
1.021934406650375049e+00
1.021924657667994119e+00
1.021909984221426093e+00
1.021890486955608024e+00
1.021866341756295649e+00
1.021837794880243955e+00
1.021805155749349270e+00
1.021768787942313850e+00
1.021729099011206454e+00
1.021686529776769659e+00
1.021641543717243694e+00
1.021594616971854386e+00
1.021546229349687085e+00
1.021496856588318680e+00
1.021446963964207200e+00
1.021397001234400692e+00
1.021347398796436545e+00
1.021298564893921679e+00
1.021250883667216058e+00
1.021204713846294521e+00
1.021160387898917055e+00
1.021118211474476567e+00
1.021078463016294791e+00
1.021041393448431922e+00
1.021007225874673185e+00
1.020976155256075657e+00
1.020948348058875688e+00
1.020923941886751507e+00
1.020903045130434617e+00
1.020885736683407874e+00
1.020872065784592220e+00
1.020862052057005975e+00
1.020855685814724634e+00
1.020852928708473772e+00
1.020853714772337550e+00
1.020857951920161266e+00
1.020865523920449158e+00
1.020876292853585943e+00
1.020890102026278390e+00
1.020906779286961719e+00
1.020926140654741854e+00
1.020947994145731785e+00
1.020972143656877051e+00
1.020998392750840367e+00
1.021026548178008087e+00
1.021056422974206512e+00
1.021087838985414997e+00
1.021120628692878007e+00
1.021154636241913938e+00
1.021189717613263603e+00
1.021225739914465969e+00
1.021262579808116078e+00
1.021300121131809568e+00
1.021338251799588370e+00
1.021376860105919659e+00
1.021415830580395756e+00
1.021455039564685086e+00
1.021494350703257004e+00
1.021533610556422111e+00
1.021572644558297105e+00
1.021611253552829002e+00
1.021649211146637537e+00
1.021686262115950150e+00
1.021722122093503327e+00
1.021756478736649765e+00
1.021788994536914075e+00
1.021819311371327199e+00
1.021847056816000521e+00
1.021871852143633852e+00
1.021893321812884725e+00
1.021911104135867276e+00
1.021924862690698266e+00
1.021934297941743175e+00
1.021939158454956420e+00
1.021939251062778053e+00
1.021934449352806418e+00
1.021924699931973990e+00
1.021910026051326970e+00
1.021890528355767991e+00
1.021866382731021705e+00
1.021837835433814012e+00
1.021805195886013484e+00
1.021768827666296398e+00
1.021729138326705977e+00
1.021686568687959040e+00
1.021641582228271616e+00
1.021594655086843106e+00
1.021546267072733549e+00
1.021496893923492522e+00
1.021447000915549852e+00
1.021397037805924946e+00
1.021347434992125880e+00
1.021298600717727822e+00
1.021250919123058987e+00
1.021204748938061124e+00
1.021160422630460030e+00
1.021118245849613526e+00
1.021078497038808486e+00
1.021041427122068024e+00
1.021007259203140283e+00
1.020976188243044369e+00
1.020948380707978442e+00
1.020923974201581874e+00
1.020903077114546420e+00
1.020885768340314748e+00
1.020872097117767829e+00
1.020862083069883131e+00
1.020855716510695510e+00
1.020852959090889023e+00
1.020853744844506306e+00
1.020857981685351801e+00
1.020865553381888002e+00
1.020876322014458548e+00
1.020890130889729130e+00
1.020906807856095000e+00
1.020926168932621447e+00
1.020948022135382605e+00
1.020972171361284930e+00
1.020998420172952947e+00
1.021026575320736818e+00
1.021056449840425984e+00
1.021087865577965381e+00
1.021120655014564171e+00
1.021154662295508109e+00
1.021189743401505812e+00
1.021225765440064714e+00
1.021262605073749219e+00
1.021300146140124543e+00
1.021338276553203972e+00
1.021376884607425373e+00
1.021415854832352865e+00
1.021455063569626454e+00
1.021494374463687738e+00
1.021533634074819341e+00
1.021572667837110204e+00
1.021611276594479367e+00
1.021649233953518809e+00
1.021686284690427993e+00
1.021722144437914981e+00
1.021756500853305383e+00
1.021789016428095165e+00
1.021819333039287958e+00
1.021847078262968056e+00
1.021871873371807959e+00
1.021893342824439666e+00
1.021911124932951331e+00
1.021924883275435514e+00
1.021934318316235268e+00
1.021939178621282363e+00
1.021939271022996643e+00
1.021934469108956911e+00
1.021924719486078104e+00
1.021910045405389988e+00
1.021890547511779657e+00
1.021866401690958215e+00
1.021837854199638462e+00
1.021805214459676092e+00
1.021768846049735835e+00
1.021729156521849369e+00
1.021686586696721966e+00
1.021641600052558552e+00
1.021594672728546760e+00
1.021546284533735083e+00
1.021496911205659996e+00
1.021447018020739561e+00
1.021397054735979637e+00
1.021347451748874091e+00
1.021298617302984546e+00
1.021250935538624116e+00
1.021204765185719232e+00
1.021160438711980367e+00
1.021118261766749358e+00
1.021078512793295978e+00
1.021041442715626690e+00
1.021007274637473206e+00
1.020976203519836423e+00
1.020948395828896516e+00
1.020923989168275314e+00
1.020903091928646367e+00
1.020885783003433467e+00
1.020872111631499601e+00
1.020862097435802696e+00
1.020855730730358513e+00
1.020852973165832900e+00
1.020853758776248732e+00
1.020857995475391355e+00
1.020865567031704835e+00
1.020876335525513046e+00
1.020890144263463917e+00
1.020906821093932493e+00
1.020926182035966967e+00
1.020948035105622820e+00
1.020972184199788968e+00
1.020998432881072615e+00
1.021026587899806604e+00
1.021056462291764388e+00
1.021087877902874475e+00
1.021120667214330702e+00
1.021154674371403948e+00
1.021189755354787509e+00
1.021225777271975055e+00
1.021262616785517441e+00
1.021300157732965896e+00
1.021338288028319941e+00
1.021376895966005449e+00
1.021415866075573442e+00
1.021455074698651044e+00
1.021494385479667200e+00
1.021533644978892319e+00
1.021572678630402686e+00
1.021611287278104685e+00
1.021649244528577860e+00
1.021686295158009017e+00
1.021722154799094007e+00
1.021756511109144672e+00
1.021789026579645876e+00
1.021819343087587928e+00
1.021847088209042465e+00
1.021871883216670884e+00
1.021893352569092528e+00
1.021911134578384672e+00
1.021924892822628550e+00
1.021934327766156780e+00
1.021939187974891361e+00
1.021939280281242368e+00
1.021934478272780833e+00
1.021924728556412809e+00
1.021910054383160738e+00
1.021890556397905492e+00
1.021866410486351073e+00
1.021837862905204730e+00
1.021805223076316160e+00
1.021768854578345209e+00
1.021729164963318448e+00
1.021686595051935376e+00
1.021641608322395811e+00
1.021594680913882058e+00
1.021546292635437503e+00
1.021496919224592403e+00
1.021447025957759491e+00
1.021397062591937965e+00
1.021347459524615475e+00
1.021298624999346982e+00
1.021250943156438717e+00
1.021204772725810450e+00
1.021160446175164882e+00
1.021118269153836078e+00
1.021078520105086707e+00
1.021041449952915237e+00
1.021007281801044719e+00
1.020976210610468504e+00
1.020948402847358327e+00
1.020923996115327803e+00
1.020903098805041598e+00
1.020885789809914845e+00
1.020872118368801429e+00
1.020862104104651280e+00
1.020855737331471502e+00
1.020852979699917951e+00
1.020853765244005507e+00
1.020858001877510635e+00
1.020865573368867851e+00
1.020876341798392595e+00
1.020890150472724134e+00
1.020906827240229298e+00
1.020926188119946953e+00
1.020948041127924810e+00
1.020972190161043347e+00
1.020998438781901996e+00
1.021026593740825827e+00
1.021056468073580081e+00
1.021087883626086823e+00
1.021120672879532565e+00
1.021154679979181079e+00
1.021189760905719224e+00
1.021225782766633561e+00
1.021262622224469396e+00
1.021300163116771742e+00
1.021338293357533900e+00
1.021376901241176194e+00
1.021415871297243427e+00
1.021455079867357174e+00
1.021494390595940827e+00
1.021533650043259245e+00
1.021572683643382273e+00
1.021611292240212077e+00
1.021649249440321094e+00
1.021686300019891469e+00
1.021722159611612391e+00
1.021756515872791260e+00
1.021789031294905836e+00
1.021819347754941987e+00
1.021847092828965353e+00
1.021871887789631561e+00
1.021893357095555066e+00
1.021911139058807372e+00
1.021924897257465270e+00
1.021934332155856273e+00
1.021939192319897716e+00
1.021939284581996343e+00
1.021934482529718080e+00
1.021924732769966315e+00
1.021910058553759271e+00
1.021890560525975378e+00
1.021866414572315307e+00
1.021837866949483420e+00
1.021805227079327860e+00
1.021768858540504699e+00
1.021729168885038064e+00
1.021686598933626344e+00
1.021641612164465585e+00
1.021594684716736534e+00
1.021546296399479248e+00
1.021496922950221986e+00
1.021447029645373927e+00
1.021397066241931828e+00
1.021347463137380451e+00
1.021298628575271428e+00
1.021250946695907658e+00
1.021204776229205580e+00
1.021160449642864343e+00
1.021118272586214903e+00
1.021078523502516155e+00
1.021041453315762570e+00
1.021007285129673425e+00
1.020976213905238517e+00
1.020948406108625806e+00
1.020923999343444244e+00
1.020903102000355167e+00
1.020885792972769490e+00
1.020872121499537322e+00
1.020862107203603930e+00
1.020855740398972422e+00
1.020852982736294656e+00
1.020853768249581739e+00
1.020858004852605250e+00
1.020865576313795930e+00
1.020876344713465667e+00
1.020890153358248842e+00
1.020906830096508955e+00
1.020926190947280432e+00
1.020948043926607429e+00
1.020972192931366873e+00
1.020998441524153977e+00
1.021026596455290480e+00
1.021056470760538293e+00
1.021087886285815927e+00
1.021120675512307008e+00
1.021154682585271534e+00
1.021189763485393920e+00
1.021225785320157620e+00
1.021262624752104387e+00
1.021300165618777456e+00
1.021338295834167464e+00
1.021376903692690963e+00
1.021415873723890755e+00
1.021455082269385972e+00
1.021494392973597121e+00
1.021533652396786618e+00
1.021572685973022310e+00
1.021611294546202364e+00
1.021649251722898333e+00
1.021686302279288361e+00
1.021722161848060084e+00
1.021756518086517351e+00
1.021789033486136367e+00
1.021819349923899445e+00
1.021847094975870451e+00
1.021871889914701903e+00
1.021893359199006257e+00
1.021911141140852131e+00
1.021924899318314761e+00
1.021934334195718774e+00
1.021939194338979728e+00
1.021939286580502371e+00
1.021934484507850849e+00
1.021924734727926998e+00
1.021910060491747041e+00
1.021890562444188300e+00
1.021866416470950112e+00
1.021837868828735507e+00
1.021805228939391075e+00
1.021768860381572219e+00
1.021729170707301959e+00
1.021686600737276907e+00
1.021641613949692440e+00
1.021594686483728198e+00
1.021546298148422460e+00
1.021496924681302598e+00
1.021447031358776680e+00
1.021397067937839909e+00
1.021347464815975492e+00
1.021298630236733285e+00
1.021250948340415743e+00
1.021204777856936641e+00
1.021160451253994239e+00
1.021118274180917274e+00
1.021078525080962862e+00
1.021041454878124588e+00
1.021007286676119730e+00
1.020976215435935641e+00
1.020948407623738952e+00
1.020924000843137058e+00
1.020903103484788632e+00
1.020885794442103700e+00
1.020872122953929706e+00
1.020862108643210808e+00
1.020855741823947227e+00
1.020852984146789932e+00
1.020853769645747366e+00
1.020858006234589777e+00
1.020865577681745684e+00
1.020876346067525420e+00
1.020890154698561147e+00
1.020906831423214367e+00
1.020926192260518395e+00
1.020948045226514722e+00
1.020972194218079165e+00
1.020998442797805383e+00
1.021026597716013118e+00
1.021056472008462945e+00
1.021087887521071380e+00
1.021120676735020716e+00
1.021154683795569840e+00
1.021189764683401169e+00
1.021225786505997268e+00
1.021262625925898782e+00
1.021300166780646945e+00
1.021338296984231064e+00
1.021376904831067467e+00
1.021415874850696959e+00
1.021455083384737783e+00
1.021494394077608892e+00
1.021533653489572036e+00
1.021572687054693063e+00
1.021611295616869697e+00
1.021649252782671713e+00
1.021686303328277035e+00
1.021722162886370855e+00
1.021756519114256578e+00
1.021789034503409077e+00
1.021819350930809112e+00
1.021847095972519437e+00
1.021871890901191904e+00
1.021893360175437193e+00
1.021911142107323478e+00
1.021924900274924219e+00
1.021934335142563377e+00
1.021939195276155843e+00
1.021939287508104588e+00
1.021934485425973760e+00
1.021924735636663861e+00
1.021910061391190894e+00
1.021890563334430624e+00
1.021866417352082834e+00
1.021837869700849222e+00
1.021805229802575932e+00
1.021768861235917925e+00
1.021729171552897775e+00
1.021686601574211206e+00
1.021641614778053375e+00
1.021594687303603033e+00
1.021546298959898458e+00
1.021496925484465690e+00
1.021447032153712797e+00
1.021397068724634316e+00
1.021347465594712123e+00
1.021298631007496516e+00
1.021250949103288175e+00
1.021204778612000652e+00
1.021160452001331542e+00
1.021118274920608693e+00
1.021078525813089000e+00
1.021041455602764048e+00
1.021007287393351115e+00
1.020976216145836890e+00
1.020948408326387113e+00
1.020924001538607850e+00
1.020903104173157327e+00
1.020885795123444906e+00
1.020872123628316919e+00
1.020862109310716637e+00
1.020855742484643613e+00
1.020852984800747709e+00
1.020853770293036922e+00
1.020858006875279944e+00
1.020865578315905298e+00
1.020876346695221315e+00
1.020890155319860604e+00
1.020906832038182888e+00
1.020926192869221261e+00
1.020948045829016104e+00
1.020972194814442346e+00
1.020998443388092980e+00
1.021026598300286636e+00
1.021056472586783670e+00
1.021087888093499707e+00
1.021120677301616153e+00
1.021154684356391673e+00
1.021189765238507352e+00
1.021225787055445755e+00
1.021262626469746415e+00
1.021300167318950347e+00
1.021338297517045746e+00
1.021376905358448717e+00
1.021415875372699844e+00
1.021455083901415817e+00
1.021494394589016252e+00
1.021533653995760682e+00
1.021572687555716064e+00
1.021611296112778788e+00
1.021649253273517965e+00
1.021686303814110852e+00
1.021722163367242420e+00
1.021756519590215628e+00
1.021789034974504018e+00
1.021819351397088571e+00
1.021847096434031377e+00
1.021871891357983397e+00
1.021893360627554648e+00
1.021911142554813079e+00
1.021924900717831708e+00
1.021934335580933606e+00
1.021939195710033443e+00
1.021939287937534191e+00
1.021934485850998886e+00
1.021924736057327809e+00
1.021910061807536962e+00
1.021890563746501668e+00
1.021866417759920598e+00
1.021837870104496560e+00
1.021805230202074588e+00
1.021768861631309422e+00
1.021729171944223413e+00
1.021686601961512286e+00
1.021641615161370753e+00
1.021594687682977565e+00
1.021546299335370112e+00
1.021496925856074878e+00
1.021447032521499265e+00
1.021397069088637366e+00
1.021347465954971279e+00
1.021298631364050635e+00
1.021250949456175672e+00
1.021204778961260384e+00
1.021160452347001035e+00
1.021118275262725916e+00
1.021078526151690813e+00
1.021041455937887754e+00
1.021007287725033130e+00
1.020976216474113629e+00
1.020948408651294326e+00
1.020924001860180841e+00
1.020903104491431623e+00
1.020885795438454924e+00
1.020872123940097076e+00
1.020862109619300906e+00
1.020855742790065523e+00
1.020852985103040567e+00
1.020853770592233367e+00
1.020858007171412396e+00
1.020865578609005730e+00
1.020876346985321259e+00
1.020890155606991367e+00
1.020906832322375335e+00
1.020926193150505590e+00
1.020948046107422513e+00
1.020972195090000589e+00
1.020998443660832145e+00
1.021026598570235810e+00
1.021056472853971497e+00
1.021087888357954387e+00
1.021120677563365664e+00
1.021154684615463548e+00
1.021189765494929125e+00
1.021225787309243849e+00
1.021262626720947919e+00
1.021300167567581241e+00
1.021338297763132674e+00
1.021376905602016993e+00
1.021415875613775226e+00
1.021455084140023839e+00
1.021494394825181118e+00
1.021533654229507926e+00
1.021572687787069444e+00
1.021611296341763175e+00
1.021649253500156673e+00
1.021686304038427640e+00
1.021722163589260823e+00
1.021756519809958075e+00
1.021789035191993822e+00
1.021819351612348159e+00
1.021847096647082509e+00
1.021871891568848278e+00
1.021893360836255038e+00
1.021911142761370295e+00
1.021924900922266843e+00
1.021934335783267978e+00
1.021939195910287257e+00
1.021939288135728097e+00
1.021934486047153312e+00
1.021924736251462962e+00
1.021910061999672825e+00
1.021890563936657781e+00
1.021866417948117167e+00
1.021837870290752681e+00
1.021805230386410024e+00
1.021768861813743268e+00
1.021729172124774987e+00
1.021686602140200240e+00
1.021641615338214404e+00
1.021594687857995565e+00
1.021546299508581335e+00
1.021496926027498198e+00
1.021447032691152668e+00
1.021397069256539503e+00
1.021347466121140357e+00
1.021298631528504863e+00
1.021250949618932813e+00
1.021204779122338202e+00
1.021160452506417293e+00
1.021118275420497934e+00
1.021078526307835910e+00
1.021041456092423250e+00
1.021007287877976122e+00
1.020976216625480770e+00
1.020948408801102492e+00
1.020924002008446463e+00
1.020903104638171133e+00
1.020885795583684308e+00
1.020872124083832322e+00
1.020862109761557779e+00
1.020855742930860233e+00
1.020852985242387767e+00
1.020853770730148824e+00
1.020858007307911208e+00
1.020865578744102775e+00
1.020876347119031191e+00
1.020890155739328620e+00
1.020906832453354340e+00
1.020926193280140559e+00
1.020948046235727436e+00
1.020972195216989231e+00
1.020998443786518273e+00
1.021026598694632970e+00
1.021056472977092788e+00
1.021087888479812911e+00
1.021120677683974742e+00
1.021154684734835616e+00
1.021189765613077061e+00
1.021225787426180531e+00
1.021262626836685339e+00
1.021300167682131832e+00
1.021338297876508872e+00
1.021376905714230787e+00
1.021415875724837941e+00
1.021455084249947243e+00
1.021494394933977201e+00
1.021533654337188235e+00
1.021572687893645082e+00
1.021611296447245021e+00
1.021649253604556273e+00
1.021686304141755652e+00
1.021722163691528129e+00
1.021756519911175776e+00
1.021789035292171910e+00
1.021819351711497292e+00
1.021847096745213124e+00
1.021871891665970367e+00
1.021893360932378370e+00
1.021911142856505306e+00
1.021924901016422860e+00
1.021934335876454991e+00
1.021939196002514816e+00
1.021939288227005527e+00
1.021934486137490161e+00
1.021924736340868556e+00
1.021910062088156046e+00
1.021890564024228398e+00
1.021866418034784063e+00
1.021837870376524737e+00
1.021805230471296122e+00
1.021768861897752512e+00
1.021729172207916037e+00
1.021686602222482421e+00
1.021641615419646376e+00
1.021594687938585544e+00
1.021546299588338425e+00
1.021496926106431058e+00
1.021447032769269736e+00
1.021397069333849217e+00
1.021347466197650933e+00
1.021298631604224738e+00
1.021250949693870647e+00
1.021204779196501988e+00
1.021160452579815026e+00
1.021118275493138050e+00
1.021078526379726403e+00
1.021041456163571670e+00
1.021007287948390685e+00
1.020976216695169247e+00
1.020948408870072655e+00
1.020924002076705639e+00
1.020903104705727316e+00
1.020885795650544825e+00
1.020872124150004501e+00
1.020862109827049169e+00
1.020855742995677717e+00
1.020852985306538896e+00
1.020853770793640258e+00
1.020858007370750276e+00
1.020865578806295915e+00
1.020876347180585508e+00
1.020890155800250776e+00
1.020906832513650997e+00
1.020926193339818377e+00
1.020948046294792855e+00
1.020972195275448469e+00
1.020998443844377768e+00
1.021026598751898717e+00
1.021056473033771450e+00
1.021087888535910260e+00
1.021120677739496774e+00
1.021154684789788547e+00
1.021189765667466665e+00
1.021225787480012359e+00
1.021262626889965164e+00
1.021300167734865649e+00
1.021338297928701566e+00
1.021376905765888354e+00
1.021415875775965931e+00
1.021455084300551430e+00
1.021494394984062470e+00
1.021533654386759693e+00
1.021572687942708502e+00
1.021611296495805288e+00
1.021649253652618494e+00
1.021686304189324712e+00
1.021722163738609357e+00
1.021756519957773834e+00
1.021789035338291907e+00
1.021819351757143668e+00
1.021847096790390763e+00
1.021871891710683933e+00
1.021893360976632747e+00
1.021911142900304714e+00
1.021924901059771962e+00
1.021934335919358228e+00
1.021939196044976850e+00
1.021939288269030577e+00
1.021934486179082446e+00
1.021924736382032517e+00
1.021910062128895902e+00
1.021890564064548368e+00
1.021866418074688143e+00
1.021837870416017591e+00
1.021805230510381524e+00
1.021768861936434458e+00
1.021729172246198969e+00
1.021686602260370336e+00
1.021641615457142827e+00
1.021594687975695193e+00
1.021546299625065046e+00
1.021496926142777983e+00
1.021447032805241850e+00
1.021397069369449850e+00
1.021347466232884305e+00
1.021298631639094623e+00
1.021250949728380597e+00
1.021204779230656001e+00
1.021160452613617098e+00
1.021118275526591734e+00
1.021078526412835252e+00
1.021041456196339681e+00
1.021007287980820966e+00
1.020976216727266017e+00
1.020948408901838800e+00
1.020924002108145379e+00
1.020903104736843536e+00
1.020885795681341301e+00
1.020872124180484786e+00
1.020862109857216149e+00
1.020855743025534945e+00
1.020852985336089702e+00
1.020853770822887752e+00
1.020858007399697565e+00
1.020865578834946552e+00
1.020876347208942603e+00
1.020890155828316992e+00
1.020906832541429887e+00
1.020926193367312607e+00
1.020948046322005531e+00
