1.000603444564682754e+00
1.000677458785537599e+00
1.000800063250874894e+00
1.000944488456276371e+00
1.001101752859277161e+00
1.001267558026037729e+00
1.001439381478260726e+00
1.001615555141504910e+00
1.001794894308992712e+00
1.001976518553927775e+00
1.002159752784192559e+00
1.002344067063750011e+00
1.002529037479195972e+00
1.002714319482864269e+00
1.002899629137136595e+00
1.003084729608413550e+00
1.003269421268692341e+00
1.003453534334646235e+00
1.003636923320667673e+00
1.003819462804246054e+00
1.004001044150086841e+00
1.004181572940983980e+00
1.004360966934459531e+00
1.004539154414394897e+00
1.004716072842601893e+00
1.004891667740822836e+00
1.005065891751977247e+00
1.005238703842653125e+00
1.005410068618386443e+00
1.005579955730180552e+00
1.005748339355790888e+00
1.005915197743018963e+00
1.006080512805038740e+00
1.006244269759846599e+00
1.006406456807509731e+00
1.006567064840097725e+00
1.006726087180100926e+00
1.006883519343886757e+00
1.007039358827309883e+00
1.007193604911053253e+00
1.007346258483635237e+00
1.007497321880328256e+00
1.007646798736452798e+00
1.007794693853726109e+00
1.007941013078486714e+00
1.008085763190762485e+00
1.008228951803253226e+00
1.008370587269393548e+00
1.008510678599740640e+00
1.008649235385998377e+00
1.008786267732051378e+00
1.008921786191431469e+00
1.009055801710678768e+00
1.009188325578117329e+00
1.009319369377580378e+00
1.009448944946672588e+00
1.009577064339174157e+00
1.009703739791228960e+00
1.009828983690981730e+00
1.009952808551350945e+00
1.010075226985656105e+00
1.010196251685826940e+00
1.010315895402956521e+00
1.010434170929968456e+00
1.010551091086189457e+00
1.010666668703639859e+00
1.010780916614864022e+00
1.010893847642138077e+00
1.011005474587919117e+00
1.011115810226385747e+00
1.011224867295965169e+00
1.011332658492727576e+00
1.011439196464551493e+00
1.011544493805968781e+00
1.011648563053615835e+00
1.011751416682207694e+00
1.011853067100982662e+00
1.011953526650552382e+00
1.012052807600110960e+00
1.012150922144956056e+00
1.012247882404285093e+00
1.012343700419231274e+00
1.012438388151107871e+00
1.012531957479837263e+00
1.012624420202541842e+00
1.012715788032275022e+00
1.012806072596878604e+00
1.012895285437954040e+00
1.012983438009928072e+00
1.013070541679212067e+00
1.013156607723442182e+00
1.013241647330790141e+00
1.013325671599347944e+00
1.013408691536570760e+00
1.013490718058784212e+00
1.013571761990744280e+00
1.013651834065253388e+00
1.013730944922828225e+00
1.013809105111415754e+00
1.013886325086158724e+00
1.013962615209208717e+00
1.014037985749582482e+00
1.014112446883065344e+00
1.014186008692157248e+00
1.014258681166060549e+00
1.014330474200709986e+00
1.014401397598842403e+00
1.014471461070106661e+00
1.014540674231208861e+00
1.014609046606098408e+00
1.014676587626184068e+00
1.014743306630588870e+00
1.014809212866434329e+00
1.014874315489156631e+00
1.014938623562853248e+00
1.015002146060655530e+00
1.015064891865128605e+00
1.015126869768695705e+00
1.015188088474086481e+00
1.015248556594804175e+00
1.015308282655616345e+00
1.015367275093059796e+00
1.015425542255965041e+00
1.015483092405994103e+00
1.015539933718194288e+00
1.015596074281559513e+00
1.015651522099608517e+00
1.015706285090967054e+00
1.015760371089962977e+00
1.015813787847222649e+00
1.015866543030281344e+00
1.015918644224189205e+00
1.015970098932129195e+00
1.016020914576032830e+00
1.016071098497200786e+00
1.016120657956924411e+00
1.016169600137106332e+00
1.016217932140885294e+00
1.016265660993254771e+00
1.016312793641687362e+00
1.016359336956752957e+00
1.016405297732736690e+00
1.016450682688257334e+00
1.016495498466880143e+00
1.016539751637729472e+00
1.016583448696099401e+00
1.016626596064060584e+00
1.016669200091064429e+00
1.016711267054546397e+00
1.016752803160525076e+00
1.016793814544199925e+00
1.016834307270545246e+00
1.016874287334902371e+00
1.016913760663570976e+00
1.016952733114394825e+00
1.016991210477349306e+00
1.017029198475124518e+00
1.017066702763706143e+00
1.017103728932957196e+00
1.017140282507195348e+00
1.017176368945771348e+00
1.017211993643644119e+00
1.017247161931955413e+00
1.017281879078604012e+00
1.017316150288817944e+00
1.017349980705727130e+00
1.017383375410934043e+00
1.017416339425084804e+00
1.017448877708438282e+00
1.017480995161436308e+00
1.017512696625274327e+00
1.017543986882467166e+00
1.017574870657420583e+00
1.017605352616997472e+00
1.017635437371086304e+00
1.017665129473170449e+00
1.017694433420893940e+00
1.017723353656629248e+00
1.017751894568044380e+00
1.017780060488670424e+00
1.017807855698467101e+00
1.017835284424388753e+00
1.017862350840951002e+00
1.017889059070795632e+00
1.017915413185255247e+00
1.017941417204917487e+00
1.017967075100188801e+00
1.017992390791857549e+00
1.018017368151655555e+00
1.018042011002819436e+00
1.018066323120651262e+00
1.018090308233077668e+00
1.018113970021206960e+00
1.018137312119888005e+00
1.018160338118262676e+00
1.018183051560323182e+00
1.018205455945461413e+00
1.018227554729022266e+00
1.018249351322850993e+00
1.018270849095841202e+00
1.018292051374479978e+00
1.018312961443390341e+00
1.018333582545872806e+00
1.018353917884443849e+00
1.018373970621371249e+00
1.018393743879209890e+00
1.018413240741329107e+00
1.018432464252444714e+00
1.018451417419141247e+00
1.018470103210396882e+00
1.018488524558100572e+00
1.018506684357568748e+00
1.018524585468059129e+00
1.018542230713277208e+00
1.018559622881885396e+00
1.018576764728003070e+00
1.018593658971704397e+00
1.018610308299513934e+00
1.018626715364897128e+00
1.018642882788745929e+00
1.018658813159860621e+00
1.018674509035428777e+00
1.018689972941497990e+00
1.018705207373445720e+00
1.018720214796441148e+00
1.018734997645908802e+00
1.018749558327979754e+00
1.018763899219943925e+00
1.018778022670693950e+00
1.018791931001166162e+00
1.018805626504774464e+00
1.018819111447840431e+00
1.018832388070017192e+00
1.018845458584710428e+00
1.018858325179488489e+00
1.018870990016493616e+00
1.018883455232842739e+00
1.018895722941024262e+00
1.018907795229290647e+00
1.018919674162042099e+00
1.018931361780207823e+00
1.018942860101617942e+00
1.018954171121373875e+00
1.018965296812208710e+00
1.018976239124843364e+00
1.018986999988338082e+00
1.018997581310435052e+00
1.019007984977898351e+00
1.019018212856844352e+00
1.019028266793069903e+00
1.019038148612370742e+00
1.019047860120857685e+00
1.019057403105262827e+00
1.019066779333243522e+00
1.019075990553678146e+00
1.019085038496956308e+00
1.019093924875263069e+00
1.019102651382858493e+00
1.019111219696349657e+00
1.019119631474957766e+00
1.019127888360779943e+00
1.019135991979043698e+00
1.019143943938357166e+00
1.019151745830954470e+00
1.019159399232932417e+00
1.019166905704485426e+00
1.019174266790132233e+00
1.019181484018939710e+00
1.019188558904738251e+00
1.019195492946335158e+00
1.019202287627721137e+00
1.019208944418272589e+00
1.019215464772947666e+00
1.019221850132479235e+00
1.019228101923561391e+00
1.019234221559032871e+00
1.019240210438054905e+00
1.019246069946283750e+00
1.019251801456042106e+00
1.019257406326480986e+00
1.019262885903742699e+00
1.019268241521116281e+00
1.019273474499190479e+00
1.019278586146001864e+00
1.019283577757179593e+00
1.019288450616087527e+00
1.019293205993960116e+00
1.019297845150036741e+00
1.019302369331693381e+00
1.019306779774568739e+00
1.019311077702687474e+00
1.019315264328582993e+00
1.019319340853413358e+00
1.019323308467077638e+00
1.019327168348326262e+00
1.019330921664872713e+00
1.019334569573497884e+00
1.019338113220154662e+00
1.019341553740070516e+00
1.019344892257846080e+00
1.019348129887551746e+00
1.019351267732822919e+00
1.019354306886952610e+00
1.019357248432980700e+00
1.019360093443785198e+00
1.019362842982166395e+00
1.019365498100932577e+00
1.019368059842984398e+00
1.019370529241393930e+00
1.019372907319487265e+00
1.019375195090920894e+00
1.019377393559759870e+00
1.019379503720552638e+00
1.019381526558406303e+00
1.019383463049058136e+00
1.019385314158948841e+00
1.019387080845293170e+00
1.019388764056148311e+00
1.019390364730483167e+00
1.019391883798247189e+00
1.019393322180434547e+00
1.019394680789152741e+00
1.019395960527685441e+00
1.019397162290558212e+00
1.019398286963601574e+00
1.019399335424012953e+00
1.019400308540420408e+00
1.019401207172943247e+00
1.019402032173253758e+00
1.019402784384637384e+00
1.019403464642052004e+00
1.019404073772188779e+00
1.019404612593530546e+00
1.019405081916410660e+00
1.019405482543071617e+00
1.019405815267723003e+00
1.019406080876598564e+00
1.019406280148014599e+00
1.019406413852427029e+00
1.019406482752487353e+00
1.019406487603100153e+00
1.019406429151480165e+00
1.019406308137206896e+00
1.019406125292282805e+00
1.019405881341187481e+00
1.019405577000935148e+00
1.019405212981128628e+00
1.019404789984017956e+00
1.019404308704551898e+00
1.019403769830437234e+00
1.019403174042192051e+00
1.019402522013201917e+00
1.019401814409774953e+00
1.019401051891197341e+00
1.019400235109788388e+00
1.019399364710956490e+00
1.019398441333253524e+00
1.019397465608429920e+00
1.019396438161491281e+00
1.019395359610751894e+00
1.019394230567891579e+00
1.019393051638008973e+00
1.019391823419679488e+00
1.019390546505007489e+00
1.019389221479684249e+00
1.019387848923040574e+00
1.019386429408104977e+00
1.019384963501656305e+00
1.019383451764280357e+00
1.019381894750424955e+00
1.019380293008455229e+00
1.019378647080708244e+00
1.019376957503548953e+00
1.019375224807425484e+00
1.019373449516922880e+00
1.019371632150820384e+00
1.019369773222144948e+00
1.019367873238226974e+00
1.019365932700754929e+00
1.019363952105830862e+00
1.019361931944025024e+00
1.019359872700430270e+00
1.019357774854718013e+00
1.019355638881191073e+00
1.019353465248840518e+00
1.019351254421398068e+00
1.019349006857391160e+00
1.019346723010198019e+00
1.019344403328101389e+00
1.019342048254340938e+00
1.019339658227169876e+00
1.019337233679906252e+00
1.019334775040987351e+00
1.019332282734023432e+00
1.019329757177850571e+00
1.019327198786583066e+00
1.019324607969667174e+00
1.019321985131932173e+00
1.019319330673645219e+00
1.019316644990560405e+00
1.019313928473972730e+00
1.019311181510768272e+00
1.019308404483476593e+00
1.019305597770321370e+00
1.019302761745271457e+00
1.019299896778090186e+00
1.019297003234386656e+00
1.019294081475665470e+00
1.019291131859375810e+00
1.019288154738960950e+00
1.019285150463907108e+00
1.019282119379791851e+00
1.019279061828332278e+00
1.019275978147432760e+00
1.019272868671232457e+00
1.019269733730152616e+00
1.019266573650942753e+00
1.019263388756727284e+00
1.019260179367051045e+00
1.019256945797925473e+00
1.019253688361872578e+00
1.019250407367971123e+00
1.019247103121899478e+00
1.019243775925979367e+00
1.019240426079221162e+00
1.019237053877363852e+00
1.019233659612920562e+00
1.019230243575218298e+00
1.019226806050440359e+00
1.019223347321668083e+00
1.019219867668920365e+00
1.019216367369194964e+00
1.019212846696507135e+00
1.019209305921930042e+00
1.019205745313632949e+00
1.019202165136919636e+00
1.019198565654266142e+00
1.019194947125358741e+00
1.019191309807129908e+00
1.019187653953795625e+00
1.019183979816891350e+00
1.019180287645306215e+00
1.019176577685319884e+00
1.019172850180635637e+00
1.019169105372415007e+00
1.019165343499311538e+00
1.019161564797503416e+00
1.019157769500726562e+00
1.019153957840305713e+00
1.019150130045187952e+00
1.019146286341971575e+00
1.019142426954938951e+00
1.019138552106085172e+00
1.019134662015149129e+00
1.019130756899641055e+00
1.019126836974873829e+00
1.019122902453989177e+00
1.019118953547986095e+00
1.019114990465749271e+00
1.019111013414075284e+00
1.019107022597698808e+00
1.019103018219319479e+00
1.019099000479627870e+00
1.019094969577329035e+00
1.019090925709169593e+00
1.019086869069959711e+00
1.019082799852598864e+00
1.019078718248098925e+00
1.019074624445606592e+00
1.019070518632426481e+00
1.019066400994043775e+00
1.019062271714145096e+00
1.019058130974640708e+00
1.019053978955685613e+00
1.019049815835699757e+00
1.019045641791388235e+00
1.019041456997762163e+00
1.019037261628156443e+00
1.019033055854250636e+00
1.019028839846086720e+00
1.019024613772087529e+00
1.019020377799074728e+00
1.019016132092287252e+00
1.019011876815397732e+00
1.019007612130529816e+00
1.019003338198274822e+00
1.018999055177707724e+00
1.018994763226404032e+00
1.018990462500453553e+00
1.018986153154478824e+00
1.018981835341646658e+00
1.018977509213685018e+00
1.018973174920896785e+00
1.018968832612174635e+00
1.018964482435013252e+00
1.018960124535524425e+00
1.018955759058449484e+00
1.018951386147172400e+00
1.018947005943732886e+00
1.018942618588838389e+00
1.018938224221876521e+00
1.018933822980927939e+00
1.018929415002775229e+00
1.018925000422918004e+00
1.018920579375581781e+00
1.018916151993730201e+00
1.018911718409074352e+00
1.018907278752084977e+00
1.018902833152002252e+00
1.018898381736845771e+00
1.018893924633425208e+00
1.018889461967348975e+00
1.018884993863034438e+00
1.018880520443718130e+00
1.018876041831463741e+00
1.018871558147172340e+00
1.018867069510590140e+00
1.018862576040318046e+00
1.018858077853821431e+00
1.018853575067435457e+00
1.018849067796377073e+00
1.018844556154750780e+00
1.018840040255557522e+00
1.018835520210703338e+00
1.018830996131006028e+00
1.018826468126204476e+00
1.018821936304964426e+00
1.018817400774887805e+00
1.018812861642518719e+00
1.018808319013353003e+00
1.018803772991843104e+00
1.018799223681406296e+00
1.018794671184433120e+00
1.018790115602292934e+00
1.018785557035340794e+00
1.018780995582926119e+00
1.018776431343398681e+00
1.018771864414114603e+00
1.018767294891445019e+00
1.018762722870782289e+00
1.018758148446545997e+00
1.018753571712190720e+00
1.018748992760212690e+00
1.018744411682155349e+00
1.018739828568618666e+00
1.018735243509262922e+00
1.018730656592817363e+00
1.018726067907085975e+00
1.018721477538954812e+00
1.018716885574398656e+00
1.018712292098487460e+00
1.018707697195392115e+00
1.018703100948394003e+00
1.018698503439888547e+00
1.018693904751393653e+00
1.018689304963557252e+00
1.018684704156161747e+00
1.018680102408132893e+00
1.018675499797546014e+00
1.018670896401632442e+00
1.018666292296787068e+00
1.018661687558574780e+00
1.018657082261738012e+00
1.018652476480202962e+00
1.018647870287086921e+00
1.018643263754705597e+00
1.018638656954579780e+00
1.018634049957442667e+00
1.018629442833247412e+00
1.018624835651173122e+00
1.018620228479633516e+00
1.018615621386282477e+00
1.018611014438022710e+00
1.018606407701012850e+00
1.018601801240674121e+00
1.018597195121697663e+00
1.018592589408052751e+00
1.018587984162993454e+00
1.018583379449066184e+00
1.018578775328117469e+00
1.018574171861300615e+00
1.018569569109084139e+00
1.018564967131258214e+00
1.018560365986943328e+00
1.018555765734596941e+00
1.018551166432020816e+00
1.018546568136369679e+00
1.018541970904157434e+00
1.018537374791265826e+00
1.018532779852950432e+00
1.018528186143850434e+00
1.018523593717993947e+00
1.018519002628807124e+00
1.018514412929120372e+00
1.018509824671177233e+00
1.018505237906640160e+00
1.018500652686599839e+00
1.018496069061581188e+00
1.018491487081551350e+00
1.018486906795927238e+00
1.018482328253582647e+00
1.018477751502855355e+00
1.018473176591554674e+00
1.018468603566969222e+00
1.018464032475873360e+00
1.018459463364534079e+00
1.018454896278719435e+00
1.018450331263704767e+00
1.018445768364279136e+00
1.018441207624753986e+00
1.018436649088968027e+00
1.018432092800295896e+00
1.018427538801654375e+00
1.018422987135507718e+00
1.018418437843876756e+00
1.018413890968343560e+00
1.018409346550059213e+00
1.018404804629749361e+00
1.018400265247721093e+00
1.018395728443869608e+00
1.018391194257682653e+00
1.018386662728249403e+00
1.018382133894264685e+00
1.018377607794035189e+00
1.018373084465485690e+00
1.018368563946165040e+00
1.018364046273251056e+00
1.018359531483557401e+00
1.018355019613538026e+00
1.018350510699293165e+00
1.018346004776574887e+00
1.018341501880791755e+00
1.018337002047014828e+00
1.018332505309981428e+00
1.018328011704102032e+00
1.018323521263464038e+00
1.018319034021835545e+00
1.018314550012672903e+00
1.018310069269122486e+00
1.018305591824026912e+00
1.018301117709928816e+00
1.018296646959075069e+00
1.018292179603422110e+00
1.018287715674638161e+00
1.018283255204109006e+00
1.018278798222941761e+00
1.018274344761967543e+00
1.018269894851746127e+00
1.018265448522570171e+00
1.018261005804467434e+00
1.018256566727205659e+00
1.018252131320295018e+00
1.018247699612991219e+00
1.018243271634300173e+00
1.018238847412980430e+00
1.018234426977545182e+00
1.018230010356266924e+00
1.018225597577179009e+00
1.018221188668079424e+00
1.018216783656533231e+00
1.018212382569875452e+00
1.018207985435212626e+00
1.018203592279426584e+00
1.018199203129176666e+00
1.018194818010901059e+00
1.018190436950821010e+00
1.018186059974940383e+00
1.018181687109050992e+00
1.018177318378732155e+00
1.018172953809354020e+00
1.018168593426079127e+00
1.018164237253863735e+00
1.018159885317461599e+00
1.018155537641423525e+00
1.018151194250100700e+00
1.018146855167645359e+00
1.018142520418013230e+00
1.018138190024964418e+00
1.018133864012065626e+00
1.018129542402691490e+00
1.018125225220025243e+00
1.018120912487061380e+00
1.018116604226606103e+00
1.018112300461279540e+00
1.018108001213515745e+00
1.018103706505565587e+00
1.018099416359496523e+00
1.018095130797194159e+00
1.018090849840364243e+00
1.018086573510533555e+00
1.018082301829049685e+00
1.018078034817083921e+00
1.018073772495631024e+00
1.018069514885511229e+00
1.018065262007370464e+00
1.018061013881682131e+00
1.018056770528747101e+00
1.018052531968695718e+00
1.018048298221487569e+00
1.018044069306913935e+00
1.018039845244597563e+00
1.018035626053993781e+00
1.018031411754391602e+00
1.018027202364914618e+00
1.018022997904521443e+00
1.018018798392007485e+00
1.018014603846004729e+00
1.018010414284983067e+00
1.018006229727251855e+00
1.018002050190959018e+00
1.017997875694094390e+00
1.017993706254487929e+00
1.017989541889811722e+00
1.017985382617581980e+00
1.017981228455157705e+00
1.017977079419742914e+00
1.017972935528387080e+00
1.017968796797986242e+00
1.017964663245283452e+00
1.017960534886869439e+00
1.017956411739184830e+00
1.017952293818518594e+00
1.017948181141011377e+00
1.017944073722654608e+00
1.017939971579292280e+00
1.017935874726621837e+00
1.017931783180193506e+00
1.017927696955414296e+00
1.017923616067545556e+00
1.017919540531705191e+00
1.017915470362869890e+00
1.017911405575873562e+00
1.017907346185409789e+00
1.017903292206032928e+00
1.017899243652157670e+00
1.017895200538061040e+00
1.017891162877883504e+00
1.017887130685628749e+00
1.017883103975165682e+00
1.017879082760228870e+00
1.017875067054419658e+00
1.017871056871207047e+00
1.017867052223928592e+00
1.017863053125791062e+00
1.017859059589873105e+00
1.017855071629122810e+00
1.017851089256362584e+00
1.017847112484286942e+00
1.017843141325466050e+00
1.017839175792344619e+00
1.017835215897243684e+00
1.017831261652362151e+00
1.017827313069777473e+00
1.017823370161445640e+00
1.017819432939203850e+00
1.017815501414769841e+00
1.017811575599744334e+00
1.017807655505611475e+00
1.017803741143739504e+00
1.017799832525381865e+00
1.017795929661678755e+00
1.017792032563657134e+00
1.017788141242233602e+00
1.017784255708212626e+00
1.017780375972289875e+00
1.017776502045052878e+00
1.017772633936980142e+00
1.017768771658444926e+00
1.017764915219714350e+00
1.017761064630950951e+00
1.017757219902213128e+00
1.017753381043457583e+00
1.017749548064538878e+00
1.017745720975210766e+00
1.017741899785127746e+00
1.017738084503845286e+00
1.017734275140821154e+00
1.017730471705416306e+00
1.017726674206896220e+00
1.017722882654430894e+00
1.017719097057097510e+00
1.017715317423878663e+00
1.017711543763667015e+00
1.017707776085262195e+00
1.017704014397375012e+00
1.017700258708626571e+00
1.017696509027549379e+00
1.017692765362589125e+00
1.017689027722105344e+00
1.017685296114370530e+00
1.017681570547574132e+00
1.017677851029820779e+00
1.017674137569132276e+00
1.017670430173449159e+00
1.017666728850629809e+00
1.017663033608452672e+00
1.017659344454617143e+00
1.017655661396743128e+00
1.017651984442372814e+00
1.017648313598972454e+00
1.017644648873930802e+00
1.017640990274562229e+00
1.017637337808105835e+00
1.017633691481727221e+00
1.017630051302519156e+00
1.017626417277501805e+00
1.017622789413624274e+00
1.017619167717764839e+00
1.017615552196731610e+00
1.017611942857264085e+00
1.017608339706032483e+00
1.017604742749639746e+00
1.017601151994621755e+00
1.017597567447448448e+00
1.017593989114522923e+00
1.017590417002184999e+00
1.017586851116709212e+00
1.017583291464306150e+00
1.017579738051124671e+00
1.017576190883251019e+00
1.017572649966709264e+00
1.017569115307463523e+00
1.017565586911416187e+00
1.017562064784411469e+00
1.017558548932233631e+00
1.017555039360608982e+00
1.017551536075205654e+00
1.017548039081634492e+00
1.017544548385450387e+00
1.017541063992151606e+00
1.017537585907180464e+00
1.017534114135925538e+00
1.017530648683720340e+00
1.017527189555844425e+00
1.017523736757524500e+00
1.017520290293935092e+00
1.017516850170196996e+00
1.017513416391381265e+00
1.017509988962506551e+00
1.017506567888541325e+00
1.017503153174404096e+00
1.017499744824963415e+00
1.017496342845039425e+00
1.017492947239403422e+00
1.017489558012778295e+00
1.017486175169839857e+00
1.017482798715215964e+00
1.017479428653488949e+00
1.017476064989194295e+00
1.017472707726821746e+00
1.017469356870816188e+00
1.017466012425576771e+00
1.017462674395459565e+00
1.017459342784775789e+00
1.017456017597793361e+00
1.017452698838737346e+00
1.017449386511790177e+00
1.017446080621091875e+00
1.017442781170740496e+00
1.017439488164793460e+00
1.017436201607266444e+00
1.017432921502134713e+00
1.017429647853333785e+00
1.017426380664758767e+00
1.017423119940266130e+00
1.017419865683673041e+00
1.017416617898757814e+00
1.017413376589260787e+00
1.017410141758884334e+00
1.017406913411293745e+00
1.017403691550117006e+00
1.017400476178945024e+00
1.017397267301332953e+00
1.017394064920799313e+00
1.017390869040827983e+00
1.017387679664865985e+00
1.017384496796327253e+00
1.017381320438589754e+00
1.017378150594997699e+00
1.017374987268861553e+00
1.017371830463458249e+00
1.017368680182030971e+00
1.017365536427790484e+00
1.017362399203914913e+00
1.017359268513549964e+00
1.017356144359809811e+00
1.017353026745777100e+00
1.017349915674502503e+00
1.017346811149006047e+00
1.017343713172277786e+00
1.017340621747276685e+00
1.017337536876932180e+00
1.017334458564143507e+00
1.017331386811780591e+00
1.017328321622684939e+00
1.017325262999668301e+00
1.017322210945514449e+00
1.017319165462978958e+00
1.017316126554789202e+00
1.017313094223645020e+00
1.017310068472219164e+00
1.017307049303156630e+00
1.017304036719076432e+00
1.017301030722570498e+00
1.017298031316204554e+00
1.017295038502518567e+00
1.017292052284027193e+00
1.017289072663218441e+00
1.017286099642556341e+00
1.017283133224479164e+00
1.017280173411401423e+00
1.017277220205712318e+00
1.017274273609777735e+00
1.017271333625938912e+00
1.017268400256513772e+00
1.017265473503797146e+00
1.017262553370060107e+00
1.017259639857551523e+00
1.017256732968496724e+00
1.017253832705099725e+00
1.017250939069541449e+00
1.017248052063981056e+00
1.017245171690556393e+00
1.017242297951383101e+00
1.017239430848556392e+00
1.017236570384149719e+00
1.017233716560215884e+00
1.017230869378787483e+00
1.017228028841876242e+00
1.017225194951473455e+00
1.017222367709551545e+00
1.017219547118062284e+00
1.017216733178937904e+00
1.017213925894091098e+00
1.017211125265416349e+00
1.017208331294788382e+00
1.017205543984063265e+00
1.017202763335078863e+00
1.017199989349654388e+00
1.017197222029590620e+00
1.017194461376671022e+00
1.017191707392660627e+00
1.017188960079307147e+00
1.017186219438340755e+00
1.017183485471474302e+00
1.017180758180403988e+00
1.017178037566808468e+00
1.017175323632349748e+00
1.017172616378674066e+00
1.017169915807409897e+00
1.017167221920170839e+00
1.017164534718553393e+00
1.017161854204138738e+00
1.017159180378492067e+00
1.017156513243162586e+00
1.017153852799685287e+00
1.017151199049578292e+00
1.017148551994345951e+00
1.017145911635476629e+00
1.017143277974444260e+00
1.017140651012708119e+00
1.017138030751712829e+00
1.017135417192888802e+00
1.017132810337651572e+00
1.017130210187403350e+00
1.017127616743531915e+00
1.017125030007411057e+00
1.017122449980401022e+00
1.017119876663848510e+00
1.017117310059086455e+00
1.017114750167434689e+00
1.017112196990199946e+00
1.017109650528675413e+00
1.017107110784142066e+00
1.017104577757866668e+00
1.017102051451105105e+00
1.017099531865098605e+00
1.017097019001077740e+00
1.017094512860259758e+00
1.017092013443849252e+00
1.017089520753039711e+00
1.017087034789011746e+00
1.017084555552934422e+00
1.017082083045964813e+00
1.017079617269248226e+00
1.017077158223918643e+00
1.017074705911098054e+00
1.017072260331897349e+00
1.017069821487416537e+00
1.017067389378743192e+00
1.017064964006955119e+00
1.017062545373118576e+00
1.017060133478288497e+00
1.017057728323509380e+00
1.017055329909815509e+00
1.017052938238229842e+00
1.017050553309764682e+00
1.017048175125422560e+00
1.017045803686195349e+00
1.017043438993064708e+00
1.017041081047002082e+00
1.017038729848969147e+00
1.017036385399916698e+00
1.017034047700787092e+00
1.017031716752511583e+00
1.017029392556012546e+00
1.017027075112201917e+00
1.017024764421983196e+00
1.017022460486249891e+00
1.017020163305885294e+00
1.017017872881765372e+00
1.017015589214754989e+00
1.017013312305710571e+00
1.017011042155480105e+00
1.017008778764901811e+00
1.017006522134805468e+00
1.017004272266011977e+00
1.017002029159333354e+00
1.016999792815573400e+00
1.016997563235527258e+00
1.016995340419981186e+00
1.016993124369713231e+00
1.016990915085493663e+00
1.016988712568084097e+00
1.016986516818237707e+00
1.016984327836700341e+00
1.016982145624209188e+00
1.016979970181493664e+00
1.016977801509275414e+00
1.016975639608268756e+00
1.016973484479179568e+00
1.016971336122706404e+00
1.016969194539540489e+00
1.016967059730365275e+00
1.016964931695857333e+00
1.016962810436685238e+00
1.016960695953510463e+00
1.016958588246987594e+00
1.016956487317763891e+00
1.016954393166479953e+00
1.016952305793769273e+00
1.016950225200257796e+00
1.016948151386565469e+00
1.016946084353305357e+00
1.016944024101083643e+00
1.016941970630499625e+00
1.016939923942147050e+00
1.016937884036611894e+00
1.016935850914475026e+00
1.016933824576309764e+00
1.016931805022684099e+00
1.016929792254159803e+00
1.016927786271291323e+00
1.016925787074628662e+00
1.016923794664715164e+00
1.016921809042087954e+00
1.016919830207278164e+00
1.016917858160812260e+00
1.016915892903209606e+00
1.016913934434984679e+00
1.016911982756646182e+00
1.016910037868697270e+00
1.016908099771635321e+00
1.016906168465953053e+00
1.016904243952137188e+00
1.016902326230669118e+00
1.016900415302025351e+00
1.016898511166677288e+00
1.016896613825090334e+00
1.016894723277725898e+00
1.016892839525040504e+00
1.016890962567484014e+00
1.016889092405503625e+00
1.016887229039540541e+00
1.016885372470031079e+00
1.016883522697407116e+00
1.016881679722095866e+00
1.016879843544520101e+00
1.016878014165097710e+00
1.016876191584242362e+00
1.016874375802363062e+00
1.016872566819864820e+00
1.016870764637147317e+00
1.016868969254607347e+00
1.016867180672636373e+00
1.016865398891622307e+00
1.016863623911948622e+00
1.016861855733994346e+00
1.016860094358135180e+00
1.016858339784742826e+00
1.016856592014184102e+00
1.016854851046822716e+00
1.016853116883018604e+00
1.016851389523127480e+00
1.016849668967501286e+00
1.016847955216488408e+00
1.016846248270433684e+00
1.016844548129678394e+00
1.016842854794559603e+00
1.016841168265411266e+00
1.016839488542564007e+00
1.016837815626344455e+00
1.016836149517076127e+00
1.016834490215079212e+00
1.016832837720670568e+00
1.016831192034163500e+00
1.016829553155868204e+00
1.016827921086091102e+00
1.016826295825136839e+00
1.016824677373304953e+00
1.016823065730893649e+00
1.016821460898196250e+00
1.016819862875505187e+00
1.016818271663107565e+00
1.016816687261289154e+00
1.016815109670332173e+00
1.016813538890515511e+00
1.016811974922116057e+00
1.016810417765406704e+00
1.016808867420658791e+00
1.016807323888139880e+00
1.016805787168114872e+00
1.016804257260846445e+00
1.016802734166593947e+00
1.016801217885614506e+00
1.016799708418162140e+00
1.016798205764488428e+00
1.016796709924842723e+00
1.016795220899470831e+00
1.016793738688617221e+00
1.016792263292522591e+00
1.016790794711426305e+00
1.016789332945564617e+00
1.016787877995170675e+00
1.016786429860477181e+00
1.016784988541711954e+00
1.016783554039102144e+00
1.016782126352871796e+00
1.016780705483243175e+00
1.016779291430435883e+00
1.016777884194666637e+00
1.016776483776151041e+00
1.016775090175101592e+00
1.016773703391729011e+00
1.016772323426241575e+00
1.016770950278845342e+00
1.016769583949744149e+00
1.016768224439140500e+00
1.016766871747233125e+00
1.016765525874220311e+00
1.016764186820297233e+00
1.016762854585657516e+00
1.016761529170492562e+00
1.016760210574991330e+00
1.016758898799341448e+00
1.016757593843728102e+00
1.016756295708334701e+00
1.016755004393342876e+00
1.016753719898931818e+00
1.016752442225278941e+00
1.016751171372560103e+00
1.016749907340948722e+00
1.016748650130616660e+00
1.016747399741734448e+00
1.016746156174469506e+00
1.016744919428988592e+00
1.016743689505456016e+00
1.016742466404034539e+00
1.016741250124885365e+00
1.016740040668167255e+00
1.016738838034037862e+00
1.016737642222652616e+00
1.016736453234166060e+00
1.016735271068730295e+00
1.016734095726495424e+00
1.016732927207611104e+00
1.016731765512224106e+00
1.016730610640480537e+00
1.016729462592524058e+00
1.016728321368497223e+00
1.016727186968541030e+00
1.016726059392794479e+00
1.016724938641395237e+00
1.016723824714479640e+00
1.016722717612182247e+00
1.016721617334636285e+00
1.016720523881973204e+00
1.016719437254322678e+00
1.016718357451813715e+00
1.016717284474573546e+00
1.016716218322727849e+00
1.016715158996400525e+00
1.016714106495714809e+00
1.016713060820791936e+00
1.016712021971751811e+00
1.016710989948713229e+00
1.016709964751793205e+00
1.016708946381108092e+00
1.016707934836772020e+00
1.016706930118898455e+00
1.016705932227599085e+00
1.016704941162984710e+00
1.016703956925164576e+00
1.016702979514246818e+00
1.016702008930338019e+00
1.016701045173543649e+00
1.016700088243968292e+00
1.016699138141714531e+00
1.016698194866884730e+00
1.016697258419578809e+00
1.016696328799896909e+00
1.016695406007936953e+00
1.016694490043795751e+00
1.016693580907569672e+00
1.016692678599353084e+00
1.016691783119239911e+00
1.016690894467322970e+00
1.016690012643692853e+00
1.016689137648440600e+00
1.016688269481655027e+00
1.016687408143424509e+00
1.016686553633836088e+00
1.016685705952975916e+00
1.016684865100928592e+00
1.016684031077778716e+00
1.016683203883608666e+00
1.016682383518500821e+00
1.016681569982536004e+00
1.016680763275794153e+00
1.016679963398354314e+00
1.016679170350294648e+00
1.016678384131691981e+00
1.016677604742622698e+00
1.016676832183162293e+00
1.016676066453384486e+00
1.016675307553362995e+00
1.016674555483170206e+00
1.016673810242877840e+00
1.016673071832556730e+00
1.016672340252276596e+00
1.016671615502106496e+00
1.016670897582114597e+00
1.016670186492368178e+00
1.016669482232933852e+00
1.016668784803877346e+00
1.016668094205263495e+00
1.016667410437156249e+00
1.016666733499619113e+00
1.016666063392714481e+00
1.016665400116504081e+00
1.016664743671048976e+00
1.016664094056409340e+00
1.016663451272644902e+00
1.016662815319814062e+00
1.016662186197974771e+00
1.016661563907184762e+00
1.016660948447500434e+00
1.016660339818977743e+00
1.016659738021672199e+00
1.016659143055637760e+00
1.016658554920928603e+00
1.016657973617598021e+00
1.016657399145698637e+00
1.016656831505281966e+00
1.016656270696399522e+00
1.016655716719102154e+00
1.016655169573439377e+00
1.016654629259460929e+00
1.016654095777215661e+00
1.016653569126751533e+00
1.016653049308116286e+00
1.016652536321356770e+00
1.016652030166519616e+00
1.016651530843650786e+00
1.016651038352795355e+00
1.016650552693997955e+00
1.016650073867303217e+00
1.016649601872754438e+00
1.016649136710394696e+00
1.016648678380266846e+00
1.016648226882412853e+00
1.016647782216874241e+00
1.016647344383692086e+00
1.016646913382907247e+00
1.016646489214559246e+00
1.016646071878688051e+00
1.016645661375332743e+00
1.016645257704531513e+00
1.016644860866323219e+00
1.016644470860744942e+00
1.016644087687834208e+00
1.016643711347628098e+00
1.016643341840162140e+00
1.016642979165472749e+00
1.016642623323595451e+00
1.016642274314565109e+00
1.016641932138416582e+00
1.016641596795183844e+00
1.016641268284900868e+00
1.016640946607600515e+00
1.016640631763316538e+00
1.016640323752081354e+00
1.016640022573926494e+00
1.016639728228884598e+00
1.016639440716986975e+00
1.016639160038264045e+00
1.016638886192747560e+00
1.016638619180466829e+00
1.016638359001452718e+00
1.016638105655734314e+00
1.016637859143340705e+00
1.016637619464301423e+00
1.016637386618644889e+00
1.016637160606398860e+00
1.016636941427591756e+00
1.016636729082251112e+00
1.016636523570404016e+00
1.016636324892077337e+00
1.016636133047297941e+00
1.016635948036092252e+00
1.016635769858486027e+00
1.016635598514505023e+00
1.016635434004174776e+00
1.016635276327519932e+00
1.016635125484565805e+00
1.016634981475337041e+00
1.016634844299857399e+00
1.016634713958151082e+00
1.016634590450241848e+00
1.016634473776152792e+00
1.016634363935907448e+00
1.016634260929528244e+00
1.016634164757038050e+00
1.016634075418459293e+00
1.016633992913813733e+00
1.016633917243123575e+00
1.016633848406409912e+00
1.016633786403694284e+00
1.016633731234998006e+00
1.016633682900341729e+00
1.016633641399745880e+00
1.016633606733230888e+00
1.016633578900816737e+00
1.016633557902523410e+00
1.016633543738370449e+00
1.016633536408377392e+00
1.016633535912563335e+00
1.016633542250947375e+00
1.016633555423547719e+00
1.016633575430383241e+00
1.016633602271472370e+00
1.016633635946833092e+00
1.016633676456482949e+00
1.016633723800439704e+00
1.016633777978720898e+00
1.016633838991343630e+00
1.016633906838324553e+00
1.016633981519681207e+00
1.016634063035429580e+00
1.016634151385586549e+00
1.016634246570167655e+00
1.016634348589189329e+00
1.016634457442666895e+00
1.016634573130616559e+00
1.016634695653053200e+00
1.016634825009992138e+00
1.016634961201448473e+00
1.016635104227436859e+00
1.016635254087971951e+00
1.016635410783067961e+00
1.016635574312739099e+00
1.016635744677000019e+00
1.016635921875863824e+00
1.016636105909344279e+00
1.016636296777455151e+00
1.016636494480209318e+00
1.016636699017620105e+00
1.016636910389700166e+00
1.016637128596462603e+00
1.016637353637919849e+00
1.016637585514083675e+00
1.016637824224966957e+00
1.016638069770581465e+00
1.016638322150938745e+00
1.016638581366050342e+00
1.016638847415928026e+00
1.016639120300582455e+00
1.016639400020025619e+00
1.016639686574267287e+00
1.016639979963319007e+00
1.016640280187190548e+00
1.016640587245892791e+00
1.016640901139435504e+00
1.016641221867828904e+00
1.016641549431082758e+00
1.016641883829205950e+00
1.016642225062208915e+00
1.016642573130099869e+00
1.016642928032888360e+00
1.016643289770583047e+00
1.016643658343192813e+00
1.016644033750725651e+00
1.016644415993190220e+00
1.016644805070594293e+00
1.016645200982945640e+00
1.016645603730252256e+00
1.016646013312521690e+00
1.016646429729761048e+00
1.016646852981977212e+00
1.016647283069177288e+00
1.016647719991368159e+00
1.016648163748556044e+00
1.016648614340747381e+00
1.016649071767948387e+00
1.016649536030164835e+00
1.016650007127402056e+00
1.016650485059666265e+00
1.016650969826962125e+00
1.016651461429295411e+00
1.016651959866670341e+00
1.016652465139091799e+00
1.016652977246564449e+00
1.016653496189092287e+00
1.016654021966679533e+00
1.016654554579329517e+00
1.016655094027046680e+00
1.016655640309833686e+00
1.016656193427693866e+00
1.016656753380630329e+00
1.016657320168645739e+00
1.016657893791742318e+00
1.016658474249922950e+00
1.016659061543188747e+00
1.016659655671542151e+00
1.016660256634984716e+00
1.016660864433517109e+00
1.016661479067141327e+00
1.016662100535857594e+00
1.016662728839666574e+00
1.016663363978568935e+00
1.016664005952564676e+00
1.016664654761653130e+00
1.016665310405834521e+00
1.016665972885107960e+00
1.016666642199472337e+00
1.016667318348926763e+00
1.016668001333469906e+00
1.016668691153099768e+00
1.016669387807814129e+00
1.016670091297611433e+00
1.016670801622488796e+00
1.016671518782443329e+00
1.016672242777472146e+00
1.016672973607571695e+00
1.016673711272738645e+00
1.016674455772968777e+00
1.016675207108257872e+00
1.016675965278601712e+00
1.016676730283995411e+00
1.016677502124433641e+00
1.016678280799910850e+00
1.016679066310421931e+00
1.016679858655960444e+00
1.016680657836519952e+00
1.016681463852094014e+00
1.016682276702675747e+00
1.016683096388257379e+00
1.016683922908832027e+00
1.016684756264391254e+00
1.016685596454926621e+00
1.016686443480429913e+00
1.016687297340892027e+00
1.016688158036303857e+00
1.016689025566655413e+00
1.016689899931936480e+00
1.016690781132137289e+00
1.016691669167247181e+00
1.016692564037254387e+00
1.016693465742148028e+00
1.016694374281916335e+00
1.016695289656546652e+00
1.016696211866026767e+00
1.016697140910343578e+00
1.016698076789484206e+00
1.016699019503434442e+00
1.016699969052180297e+00
1.016700925435707115e+00
1.016701888654000463e+00
1.016702858707044355e+00
1.016703835594823691e+00
1.016704819317322039e+00
1.016705809874522748e+00
1.016706807266408941e+00
1.016707811492963298e+00
1.016708822554168057e+00
1.016709840450004787e+00
1.016710865180454615e+00
1.016711896745498445e+00
1.016712935145116958e+00
1.016713980379289728e+00
1.016715032447996325e+00
1.016716091351215656e+00
1.016717157088926626e+00
1.016718229661106809e+00
1.016719309067734223e+00
1.016720395308785552e+00
1.016721488384237704e+00
1.016722588294066698e+00
1.016723695038248110e+00
1.016724808616757070e+00
1.016725929029568043e+00
1.016727056276655494e+00
1.016728190357992556e+00
1.016729331273552361e+00
1.016730479023307820e+00
1.016731633607230290e+00
1.016732795025291347e+00
1.016733963277462127e+00
1.016735138363713098e+00
1.016736320284013839e+00
1.016737509038333265e+00
1.016738704626640288e+00
1.016739907048903158e+00
1.016741116305088788e+00
1.016742332395164983e+00
1.016743555319097325e+00
1.016744785076851620e+00
1.016746021668393229e+00
1.016747265093686625e+00
1.016748515352695392e+00
1.016749772445383115e+00
1.016751036371712491e+00
1.016752307131645328e+00
1.016753584725142989e+00
1.016754869152166396e+00
1.016756160412675580e+00
1.016757458506629686e+00
1.016758763433987856e+00
1.016760075194707902e+00
1.016761393788747636e+00
1.016762719216063315e+00
1.016764051476611419e+00
1.016765390570346650e+00
1.016766736497224599e+00
1.016768089257198415e+00
1.016769448850221913e+00
1.016770815276247131e+00
1.016772188535226107e+00
1.016773568627109769e+00
1.016774955551848603e+00
1.016776349309392202e+00
1.016777749899688832e+00
1.016779157322686977e+00
1.016780571578334236e+00
1.016781992666576651e+00
1.016783420587360043e+00
1.016784855340629345e+00
1.016786296926328825e+00
1.016787745344401639e+00
1.016789200594790721e+00
1.016790662677437229e+00
1.016792131592282100e+00
1.016793607339266048e+00
1.016795089918327566e+00
1.016796579329405370e+00
1.016798075572436844e+00
1.016799578647359148e+00
1.016801088554107224e+00
1.016802605292616679e+00
1.016804128862821344e+00
1.016805659264654160e+00
1.016807196498047849e+00
1.016808740562933355e+00
1.016810291459241178e+00
1.016811849186900929e+00
1.016813413745841332e+00
1.016814985135989557e+00
1.016816563357272774e+00
1.016818148409616818e+00
1.016819740292945973e+00
1.016821339007184299e+00
1.016822944552254970e+00
1.016824556928079382e+00
1.016826176134578485e+00
1.016827802171672568e+00
1.016829435039280138e+00
1.016831074737319263e+00
1.016832721265706230e+00
1.016834374624357551e+00
1.016836034813187517e+00
1.016837701832110419e+00
1.016839375681038327e+00
1.016841056359882867e+00
1.016842743868554555e+00
1.016844438206963019e+00
1.016846139375016556e+00
1.016847847372622571e+00
1.016849562199686696e+00
1.016851283856114563e+00
1.016853012341809581e+00
1.016854747656674274e+00
1.016856489800611163e+00
1.016858238773520107e+00
1.016859994575300075e+00
1.016861757205850036e+00
1.016863526665066075e+00
1.016865302952844718e+00
1.016867086069080273e+00
1.016868876013665712e+00
1.016870672786493568e+00
1.016872476387454594e+00
1.016874286816438433e+00
1.016876104073333842e+00
1.016877928158027578e+00
1.016879759070405953e+00
1.016881596810353283e+00
1.016883441377753217e+00
1.016885292772487848e+00
1.016887150994437716e+00
1.016889016043482474e+00
1.016890887919500219e+00
1.016892766622367938e+00
1.016894652151961065e+00
1.016896544508153477e+00
1.016898443690818166e+00
1.016900349699826789e+00
1.016902262535049228e+00
1.016904182196353812e+00
1.016906108683608423e+00
1.016908041996678502e+00
1.016909982135428381e+00
1.016911929099721501e+00
1.016913882889419085e+00
1.016915843504381689e+00
1.016917810944467426e+00
1.016919785209534188e+00
1.016921766299437202e+00
1.016923754214030806e+00
1.016925748953168007e+00
1.016927750516699591e+00
1.016929758904475678e+00
1.016931774116344389e+00
1.016933796152152292e+00
1.016935825011744621e+00
1.016937860694964613e+00
1.016939903201654616e+00
1.016941952531654980e+00
1.016944008684804501e+00
1.016946071660940198e+00
1.016948141459897537e+00
1.016950218081511093e+00
1.016952301525612778e+00
1.016954391792033174e+00
1.016956488880601306e+00
1.016958592791144866e+00
1.016960703523489329e+00
1.016962821077458834e+00
1.016964945452875302e+00
1.016967076649559543e+00
1.016969214667330146e+00
1.016971359506004813e+00
1.016973511165398580e+00
1.016975669645324709e+00
1.016977834945595571e+00
1.016980007066020875e+00
1.016982186006408995e+00
1.016984371766566531e+00
1.016986564346297861e+00
1.016988763745406033e+00
1.016990969963691427e+00
1.016993183000954204e+00
1.016995402856990971e+00
1.016997629531597003e+00
1.016999863024566020e+00
1.017002103335689966e+00
1.017004350464757678e+00
1.017006604411557547e+00
1.017008865175875520e+00
1.017011132757495107e+00
1.017013407156198479e+00
1.017015688371765147e+00
1.017017976403973734e+00
1.017020271252599750e+00
1.017022572917417378e+00
1.017024881398198577e+00
1.017027196694713087e+00
1.017029518806728650e+00
1.017031847734011674e+00
1.017034183476325460e+00
1.017036526033431754e+00
1.017038875405090081e+00
1.017041231591057970e+00
1.017043594591090505e+00
1.017045964404941216e+00
1.017048341032361414e+00
1.017050724473099299e+00
1.017053114726901963e+00
1.017055511793514055e+00
1.017057915672677559e+00
1.017060326364132905e+00
1.017062743867617858e+00
1.017065168182868184e+00
1.017067599309617210e+00
1.017070037247596037e+00
1.017072481996533773e+00
1.017074933556156857e+00
1.017077391926189289e+00
1.017079857106353735e+00
1.017082329096369087e+00
1.017084807895952903e+00
1.017087293504820078e+00
1.017089785922683287e+00
1.017092285149252540e+00
1.017094791184235403e+00
1.017097304027337668e+00
1.017099823678262460e+00
1.017102350136709354e+00
1.017104883402377036e+00
1.017107423474961081e+00
1.017109970354153958e+00
1.017112524039646804e+00
1.017115084531127867e+00
1.017117651828282066e+00
1.017120225930792543e+00
1.017122806838340221e+00
1.017125394550602469e+00
1.017127989067254434e+00
1.017130590387969491e+00
1.017133198512417014e+00
1.017135813440264824e+00
1.017138435171177413e+00
1.017141063704817272e+00
1.017143699040843785e+00
1.017146341178913449e+00
1.017148990118680985e+00
1.017151645859797338e+00
1.017154308401910789e+00
1.017156977744667845e+00
1.017159653887711457e+00
1.017162336830682134e+00
1.017165026573216835e+00
1.017167723114950961e+00
1.017170426455516363e+00
1.017173136594541560e+00
1.017175853531653518e+00
1.017178577266475203e+00
1.017181307798627143e+00
1.017184045127727199e+00
1.017186789253389900e+00
1.017189540175226892e+00
1.017192297892846931e+00
1.017195062405856332e+00
1.017197833713857413e+00
1.017200611816450273e+00
1.017203396713231456e+00
1.017206188403795508e+00
1.017208986887732536e+00
1.017211792164630868e+00
1.017214604234074615e+00
1.017217423095645668e+00
1.017220248748922362e+00
1.017223081193480372e+00
1.017225920428891373e+00
1.017228766454724820e+00
1.017231619270546394e+00
1.017234478875918890e+00
1.017237345270401994e+00
1.017240218453551392e+00
1.017243098424920777e+00
1.017245985184059620e+00
1.017248878730514505e+00
1.017251779063828465e+00
1.017254686183541645e+00
1.017257600089190639e+00
1.017260520780308486e+00
1.017263448256425562e+00
1.017266382517067802e+00
1.017269323561758476e+00
1.017272271390017302e+00
1.017275226001361332e+00
1.017278187395302291e+00
1.017281155571350126e+00
1.017284130529011010e+00
1.017287112267786897e+00
1.017290100787177298e+00
1.017293096086676840e+00
1.017296098165777707e+00
1.017299107023968530e+00
1.017302122660733721e+00
1.017305145075553918e+00
1.017308174267907317e+00
1.017311210237267449e+00
1.017314252983104517e+00
1.017317302504884946e+00
1.017320358802071834e+00
1.017323421874124056e+00
1.017326491720496939e+00
1.017329568340642254e+00
1.017332651734007776e+00
1.017335741900037727e+00
1.017338838838172332e+00
1.017341942547848266e+00
1.017345053028497537e+00
1.017348170279549491e+00
1.017351294300428810e+00
1.017354425090556624e+00
1.017357562649349845e+00
1.017360706976221829e+00
1.017363858070581717e+00
1.017367015931834651e+00
1.017370180559381776e+00
1.017373351952620908e+00
1.017376530110944532e+00
1.017379715033741805e+00
1.017382906720398328e+00
1.017386105170294819e+00
1.017389310382808443e+00
1.017392522357311702e+00
1.017395741093173323e+00
1.017398966589757370e+00
1.017402198846424799e+00
1.017405437862531237e+00
1.017408683637428757e+00
1.017411936170464770e+00
1.017415195460982691e+00
1.017418461508321492e+00
1.017421734311816373e+00
1.017425013870796979e+00
1.017428300184589851e+00
1.017431593252516864e+00
1.017434893073895008e+00
1.017438199648037500e+00
1.017441512974252449e+00
1.017444833051844189e+00
1.017448159880112390e+00
1.017451493458351841e+00
1.017454833785853108e+00
1.017458180861902761e+00
1.017461534685781821e+00
1.017464895256767088e+00
1.017468262574131366e+00
1.017471636637142129e+00
1.017475017445062413e+00
1.017478404997150587e+00
1.017481799292660805e+00
1.017485200330841666e+00
1.017488608110937776e+00
1.017492022632188409e+00
1.017495443893828400e+00
1.017498871895088364e+00
1.017502306635193143e+00
1.017505748113362696e+00
1.017509196328813426e+00
1.017512651280755298e+00
1.017516112968394282e+00
1.017519581390931460e+00
1.017523056547562810e+00
1.017526538437478756e+00
1.017530027059865727e+00
1.017533522413904379e+00
1.017537024498770926e+00
1.017540533313636253e+00
1.017544048857666139e+00
1.017547571130021034e+00
1.017551100129856945e+00
1.017554635856324108e+00
1.017558178308567651e+00
1.017561727485728262e+00
1.017565283386939967e+00
1.017568846011333239e+00
1.017572415358032334e+00
1.017575991426155735e+00
1.017579574214818150e+00
1.017583163723127404e+00
1.017586759950186881e+00
1.017590362895094414e+00
1.017593972556942283e+00
1.017597588934817665e+00
1.017601212027801960e+00
1.017604841834971019e+00
1.017608478355395363e+00
1.017612121588140628e+00
1.017615771532265345e+00
1.017619428186824493e+00
1.017623091550865944e+00
1.017626761623432019e+00
1.017630438403560378e+00
1.017634121890282461e+00
1.017637812082623494e+00
1.017641508979604037e+00
1.017645212580238212e+00
1.017648922883534590e+00
1.017652639888495969e+00
1.017656363594119151e+00
1.017660093999395388e+00
1.017663831103310157e+00
1.017667574904842720e+00
1.017671325402966120e+00
1.017675082596648517e+00
1.017678846484851185e+00
1.017682617066529627e+00
1.017686394340633793e+00
1.017690178306106752e+00
1.017693968961886686e+00
1.017697766306904228e+00
1.017701570340085127e+00
1.017705381060348468e+00
1.017709198466607123e+00
1.017713022557768188e+00
1.017716853332732097e+00
1.017720690790393290e+00
1.017724534929639546e+00
1.017728385749352871e+00
1.017732243248409052e+00
1.017736107425676551e+00
1.017739978280018498e+00
1.017743855810291143e+00
1.017747740015344515e+00
1.017751630894021986e+00
1.017755528445160484e+00
1.017759432667590946e+00
1.017763343560136757e+00
1.017767261121615530e+00
1.017771185350837992e+00
1.017775116246608658e+00
1.017779053807724488e+00
1.017782998032976671e+00
1.017786948921149515e+00
1.017790906471020218e+00
1.017794870681359765e+00
1.017798841550931588e+00
1.017802819078493348e+00
1.017806803262795157e+00
1.017810794102580019e+00
1.017814791596584723e+00
1.017818795743539173e+00
1.017822806542165726e+00
1.017826823991179852e+00
1.017830848089290363e+00
1.017834878835198964e+00
1.017838916227600476e+00
1.017842960265181729e+00
1.017847010946623776e+00
1.017851068270599235e+00
1.017855132235774507e+00
1.017859202840808441e+00
1.017863280084352118e+00
1.017867363965050620e+00
1.017871454481540372e+00
1.017875551632451359e+00
1.017879655416405571e+00
1.017883765832018561e+00
1.017887882877897443e+00
1.017892006552642670e+00
1.017896136854846478e+00
1.017900273783094223e+00
1.017904417335963263e+00
1.017908567512024298e+00
1.017912724309839589e+00
1.017916887727963182e+00
1.017921057764943127e+00
1.017925234419318814e+00
1.017929417689621641e+00
1.017933607574375898e+00
1.017937804072098107e+00
1.017942007181296127e+00
1.017946216900471157e+00
1.017950433228115736e+00
1.017954656162714633e+00
1.017958885702745064e+00
1.017963121846675589e+00
1.017967364592967439e+00
1.017971613940073849e+00
1.017975869886439622e+00
1.017980132430501117e+00
1.017984401570687369e+00
1.017988677305418754e+00
1.017992959633108097e+00
1.017997248552159339e+00
1.018001544060968211e+00
1.018005846157922445e+00
1.018010154841401782e+00
1.018014470109776415e+00
1.018018791961409653e+00
1.018023120394655479e+00
1.018027455407859438e+00
1.018031796999359084e+00
1.018036145167483308e+00
1.018040499910552121e+00
1.018044861226877540e+00
1.018049229114762255e+00
1.018053603572500965e+00
1.018057984598379262e+00
1.018062372190674525e+00
1.018066766347654806e+00
1.018071167067579497e+00
1.018075574348699774e+00
1.018079988189257490e+00
1.018084408587485612e+00
1.018088835541608228e+00
