1.000603315025466955e+00
1.000677233627518481e+00
1.000800555108976253e+00
1.000947270707364112e+00
1.001108652637826335e+00
1.001280249861160154e+00
1.001459310411499715e+00
1.001643978626840070e+00
1.001832832999237421e+00
1.002024485331389547e+00
1.002217259783607428e+00
1.002409057349521238e+00
1.002597496649329178e+00
1.002780334512818339e+00
1.002956039047906867e+00
1.003124279588162304e+00
1.003286099240763729e+00
1.003443678204885225e+00
1.003599795637588610e+00
1.003757213426642370e+00
1.003918175843877325e+00
1.004084113176369586e+00
1.004255555234509600e+00
1.004432229409707666e+00
1.004613300409318954e+00
1.004797675400649126e+00
1.004984264931886973e+00
1.005172095941336163e+00
1.005360235720185180e+00
1.005547579026951244e+00
1.005732627144541036e+00
1.005913412692162723e+00
1.006087684634931367e+00
1.006253365541028622e+00
1.006409152097410997e+00
1.006555017017689124e+00
1.006692373803540486e+00
1.006823814790607230e+00
1.006952538816603404e+00
1.007081702275697932e+00
1.007213894775653262e+00
1.007350829507491108e+00
1.007493252291813413e+00
1.007641040713918690e+00
1.007793447887587623e+00
1.007949413386769022e+00
1.008107831651710695e+00
1.008267674544316206e+00
1.008427927025544735e+00
1.008587387658899104e+00
1.008744461699965900e+00
1.008897099299722599e+00
1.009042991925880095e+00
1.009180037675560193e+00
1.009306945145856726e+00
1.009423733106381338e+00
1.009531887689417484e+00
1.009634089312768435e+00
1.009733628518657778e+00
1.009833747202171450e+00
1.009937107914208099e+00
1.010045481308310400e+00
1.010159654698686627e+00
1.010279531967696265e+00
1.010404378513306334e+00
1.010533133385666194e+00
1.010664678918941739e+00
1.010797964790282943e+00
1.010931945827664435e+00
1.011065385511466408e+00
1.011196652889672309e+00
1.011323665056912180e+00
1.011444087663544433e+00
1.011555803378872076e+00
1.011657517293627073e+00
1.011749256110588746e+00
1.011832522952794911e+00
1.011910020695429235e+00
1.011985064028213310e+00
1.012060917606640853e+00
1.012140263363566994e+00
1.012224886945408908e+00
1.012315585920392724e+00
1.012412269716573832e+00
1.012514204808815599e+00
1.012620327191795067e+00
1.012729512359552331e+00
1.012840699700004343e+00
1.012952830710355911e+00
1.013064653146157124e+00
1.013174518978454675e+00
1.013280328348344916e+00
1.013379731857681154e+00
1.013470600829004864e+00
1.013551634115285704e+00
1.013622857907611863e+00
1.013685780153425142e+00
1.013743112601470875e+00
1.013798181083465533e+00
1.013854261868145201e+00
1.013914047484533176e+00
1.013979332093174257e+00
1.014050919046250776e+00
1.014128720558177044e+00
1.014212002950498848e+00
1.014299699403932831e+00
1.014390680292734492e+00
1.014483877890184571e+00
1.014578224831859554e+00
1.014672458546345357e+00
1.014764919682958899e+00
1.014853496849116077e+00
1.014935830010090800e+00
1.015009782041147890e+00
1.015074046712482581e+00
1.015128649181702647e+00
1.015175100331578983e+00
1.015216117960284770e+00
1.015255035712105736e+00
1.015295137987343388e+00
1.015339124548456207e+00
1.015388795048187465e+00
1.015444956137764088e+00
1.015507521036145056e+00
1.015575754950552412e+00
1.015648588167774147e+00
1.015724886752535916e+00
1.015803577531040780e+00
1.015883586722708731e+00
1.015963644507457797e+00
1.016042083693698750e+00
1.016116784921202720e+00
1.016185380791114978e+00
1.016245728322304753e+00
1.016296517784604614e+00
1.016337773680937140e+00
1.016371008986700630e+00
1.016398945644160889e+00
1.016424922432542122e+00
1.016452228790377887e+00
1.016483568569120477e+00
1.016520744048921010e+00
1.016564562861745902e+00
1.016614937641103555e+00
1.016671131707571618e+00
1.016732072506939311e+00
1.016796622622404556e+00
1.016863704952023273e+00
1.016932241400795744e+00
1.017000957445473919e+00
1.017068180857663151e+00
1.017131787131364096e+00
1.017189404055009794e+00
1.017238884769643636e+00
1.017278917191194454e+00
1.017309525332762643e+00
1.017332223453764062e+00
1.017349736026379459e+00
1.017365404825527397e+00
1.017382521984887322e+00
1.017403793196294259e+00
1.017431021450234674e+00
1.017465013934407914e+00
1.017505681847365340e+00
1.017552286365126957e+00
1.017603752393011929e+00
1.017658939831146414e+00
1.017716768874791455e+00
1.017776158689426058e+00
1.017835831880560704e+00
1.017894113150022317e+00
1.017948874787849789e+00
1.017997741492892683e+00
1.018038563831143328e+00
1.018070028080786837e+00
1.018092157813904830e+00
1.018106467993391107e+00
1.018115684563055012e+00
1.018123150977894520e+00
1.018132160721901158e+00
1.018145420140877722e+00
1.018164732033148168e+00
1.018190902586669999e+00
1.018223841367573712e+00
1.018262807541304937e+00
1.018306723891158505e+00
1.018354448286681535e+00
1.018404899064214053e+00
1.018456993650219911e+00
1.018509452898718415e+00
1.018560599625850216e+00
1.018608304083163052e+00
1.018650188916536470e+00
1.018684102903426814e+00
1.018708731119552180e+00
1.018724096735481588e+00
1.018731715097283663e+00
1.018734313051318896e+00
1.018735235065699740e+00
1.018737775354719322e+00
1.018744640450621963e+00
1.018757632699865745e+00
1.018777557249517907e+00
1.018804322188712641e+00
1.018837184982812172e+00
1.018875066711542043e+00
1.018916823701057517e+00
1.018961372962042811e+00
1.019007630754667382e+00
1.019054316792964876e+00
1.019099752648282564e+00
1.019141807173634007e+00
1.019178101546113657e+00
1.019206483212722114e+00
1.019225636314578409e+00
1.019235583668209433e+00
1.019237840853113086e+00
1.019235135345304188e+00
1.019230812329456448e+00
1.019228166521094714e+00
1.019229904536409492e+00
1.019237828315057381e+00
1.019252742145005719e+00
1.019274552924612554e+00
1.019302516766682043e+00
1.019335553413400763e+00
1.019372518000737138e+00
1.019412326541861091e+00
1.019453894440512265e+00
1.019495940579506987e+00
1.019536785607095153e+00
1.019574297310608113e+00
1.019606095718627481e+00
1.019630027213870083e+00
1.019644775171143714e+00
1.019650362099157936e+00
1.019648303747247908e+00
1.019641328096479116e+00
1.019632780929567106e+00
1.019625957410779549e+00
1.019623564288812068e+00
1.019627403252171050e+00
1.019638277975057017e+00
1.019656094467522145e+00
1.019680107810107650e+00
1.019709236708456590e+00
1.019742335364476338e+00
1.019778318997890842e+00
1.019816102319670570e+00
1.019854403528085429e+00
1.019891542501190074e+00
1.019925386130819511e+00
1.019953553476260044e+00
1.019973890018126328e+00
1.019985078477610330e+00
1.019987141097683292e+00
1.019981593773820361e+00
1.019971164935141950e+00
1.019959200918907793e+00
1.019948997349785724e+00
1.019943261198561046e+00
1.019943794071012100e+00
1.019951399258203661e+00
1.019965982146874062e+00
1.019986797051864791e+00
1.020012761879741436e+00
1.020042730085989113e+00
1.020075616229953797e+00
1.020110334420465392e+00
1.020145602242774618e+00
1.020179738881545894e+00
1.020210610429909348e+00
1.020235835092629273e+00
1.020253257562411253e+00
1.020261559994038558e+00
1.020260764405289011e+00
1.020252386831425717e+00
1.020239156118043500e+00
1.020224419133997307e+00
1.020211471981029572e+00
1.020203021925669695e+00
1.020200870622809841e+00
1.020205821158473913e+00
1.020217778499704631e+00
1.020235996399693423e+00
1.020259392146341870e+00
1.020286818588908684e+00
1.020317189722579565e+00
1.020349419116487910e+00
1.020382223791377330e+00
1.020413922294176601e+00
1.020442379995256221e+00
1.020465214340028570e+00
1.020480269331978551e+00
1.020486226638324112e+00
1.020483108091726931e+00
1.020472429865079800e+00
1.020456921190892707e+00
1.020439929438584636e+00
1.020424751179729972e+00
1.020414094009021611e+00
1.020409759706616848e+00
1.020412551267365631e+00
1.020422373376823177e+00
1.020438479371279517e+00
1.020459786053115270e+00
1.020485145773697866e+00
1.020513472043943048e+00
1.020543677951974981e+00
1.020574480006372298e+00
1.020604196178092282e+00
1.020630691195111517e+00
1.020651581839739475e+00
1.020664711523381118e+00
1.020668761502149247e+00
1.020663753461438228e+00
1.020651203706130605e+00
1.020633841817507825e+00
1.020615015616302745e+00
1.020598022105889235e+00
1.020585569198281917e+00
1.020579458822395535e+00
1.020580493938795685e+00
1.020588579034390708e+00
1.020602967125366689e+00
1.020622574625899226e+00
1.020646253476724663e+00
1.020672916777903616e+00
1.020701477200400831e+00
1.020730650804863249e+00
1.020758755061260015e+00
1.020783654145732244e+00
1.020802964278755054e+00
1.020814528376855934e+00
1.020817027358392970e+00
1.020810482794712648e+00
1.020796411110952207e+00
1.020777542189604814e+00
1.020757224238033833e+00
1.020738754630068579e+00
1.020724841553024120e+00
1.020717287070923796e+00
1.020716894127053909e+00
1.020723567053777314e+00
1.020736558610364941e+00
1.020754784895035572e+00
1.020777097510660036e+00
1.020802409215884943e+00
1.020829632332636461e+00
1.020857482546472905e+00
1.020884276909961308e+00
1.020907879143127861e+00
1.020925905006072831e+00
1.020936197013564195e+00
1.020937435813371597e+00
1.020929642889977895e+00
1.020914334772076604e+00
1.020894241591025153e+00
1.020872711869527993e+00
1.020853043280254280e+00
1.020837944229041616e+00
1.020829216882524815e+00
1.020827664162116122e+00
1.020833190267414592e+00
1.020845047743328404e+00
1.020862152427755465e+00
1.020883355647459023e+00
1.020907569883913180e+00
1.020933707177329897e+00
1.020960482912040890e+00
1.020986213806744036e+00
1.021008763217847282e+00
1.021025746539668155e+00
1.021035005969163079e+00
1.021035221941758886e+00
1.021026415876101101e+00
1.021010104385526862e+00
1.020989017799021736e+00
1.020966504885859383e+00
1.020945863547653820e+00
1.020929802351250082e+00
1.020920123529375889e+00
1.020917629969659846e+00
1.020922225750820367e+00
1.020933163234786445e+00
1.020949358043885757e+00
1.020969661281204477e+00
1.020992985207928694e+00
1.021018241643866453e+00
1.021044145739863573e+00
1.021069013956503291e+00
1.021090709368762006e+00
1.021106847087355218e+00
1.021115269062699671e+00
1.021114655565870999e+00
1.021105027965277134e+00
1.021087902940476244e+00
1.021066010972562443e+00
1.021042701017501830e+00
1.021021271145549747e+00
1.021004430035155064e+00
1.020993979953741526e+00
1.020990723744627182e+00
1.020994565375167085e+00
1.021004757050246514e+00
1.021020214213917310e+00
1.021039787789571163e+00
1.021062389866116416e+00
1.021086932094819932e+00
1.021112129450152839e+00
1.021136298197899306e+00
1.021157301199521861e+00
1.021172753349217199e+00
1.021180496408243377e+00
1.021179210521157676e+00
1.021168917017425404e+00
1.021151132626746838e+00
1.021128587944942989e+00
1.021104632066641482e+00
1.021082563183428160e+00
1.021065090047796442e+00
1.021054014939467791e+00
1.021050140652084881e+00
1.021053371052218051e+00
1.021062958210961602e+00
1.021077817425749990e+00
1.021096799476534311e+00
1.021118816318687283e+00
1.021142779476135853e+00
1.021167403791861661e+00
1.021191005386291151e+00
1.021211446960199165e+00
1.021226343243240686e+00
1.021233535851723273e+00
1.021231704832502807e+00
1.021220871484240345e+00
1.021202552573893474e+00
1.021179478783224459e+00
1.021154999309458411e+00
1.021132412431168923e+00
1.021114426949171872e+00
1.021102845142253468e+00
1.021098469754606386e+00
1.021101204564341280e+00
1.021110301530208542e+00
1.021124675829958139e+00
1.021143178129417795e+00
1.021164720280543836e+00
1.021188213711013093e+00
1.021212373165634180e+00
1.021235514656024801e+00
1.021255500761419022e+00
1.021269946085608282e+00
1.021276692132927710e+00
1.021274418873992174e+00
1.021263147582620157e+00
1.021244395053388487e+00
1.021220892032920657e+00
1.021195987795320059e+00
1.021172980682734988e+00
1.021154579528332773e+00
1.021142586604054880e+00
1.021137804609114852e+00
1.021140137246522750e+00
1.021148836382248959e+00
1.021162817097053033e+00
1.021180929965961326e+00
1.021202086760289562e+00
1.021225198834055270e+00
1.021248980857593081e+00
1.021271748759664089e+00
1.021291365026021580e+00
1.021305444162644127e+00
1.021311827586051990e+00
1.021309195206471898e+00
1.021297568277402146e+00
1.021278463614205378e+00
1.021254612013445140e+00
1.021229362808368180e+00
1.021206014389427263e+00
1.021187275613098855e+00
1.021174948743414745e+00
1.021169836441433665e+00
1.021171842348309600e+00
1.021180218254553296e+00
1.021193879162767715e+00
1.021211675575500744e+00
1.021232519200401256e+00
1.021255321333905952e+00
1.021278796588342752e+00
1.021301260827674584e+00
1.021320576464004759e+00
1.021334357925693270e+00
1.021340446559127368e+00
1.021337522225949757e+00
1.021325606162915012e+00
1.021306215201494894e+00
1.021282080177768226e+00
1.021256550472002145e+00
1.021232924513126417e+00
1.021213911176176214e+00
1.021201312718762688e+00
1.021195931771262222e+00
1.021197671925101691e+00
1.021205784910132808e+00
1.021219185666165430e+00
1.021236724637582416e+00
1.021257313481011231e+00
1.021279863446770353e+00
1.021303089100654704e+00
1.021325306254472043e+00
1.021344377260844816e+00
1.021357916485258865e+00
1.021363765217141450e+00
1.021360603278537393e+00
1.021348451892402309e+00
1.021328827903142056e+00
1.021304462178969974e+00
1.021278704138680604e+00
1.021254852243135280e+00
1.021235615383415896e+00
1.021222795813064410e+00
1.021217196138703098e+00
1.021218719912416084e+00
1.021226618815616050e+00
1.021239807737665872e+00
1.021257137075969990e+00
1.021277518445697696e+00
1.021299863059443869e+00
1.021322885444742479e+00
1.021344901370437430e+00
1.021363773140167686e+00
1.021377115067698238e+00
1.021382768395637353e+00
1.021379412913498985e+00
1.021367069832925578e+00
1.021347256009048188e+00
1.021322702336761479e+00
1.021296758267084659e+00
1.021272722288035339e+00
1.021253303305118765e+00
1.021240303569980634e+00
1.021234525671225413e+00
1.021235873130008631e+00
1.021243597589097885e+00
1.021256613897218779e+00
1.021273772413596514e+00
1.021293984719374714e+00
1.021316161995874383e+00
1.021339018738710358e+00
1.021360870680867894e+00
1.021379580085225225e+00
1.021392761222664092e+00
1.021398255297101265e+00
1.021394742071268347e+00
1.021382242747619795e+00
1.021362274190375174e+00
1.021337567316825456e+00
1.021311471605168775e+00
1.021287285566657488e+00
1.021267718119738932e+00
1.021254571515666898e+00
1.021248648329377673e+00
1.021249852057614760e+00
1.021257434312172752e+00
1.021270309908887786e+00
1.021287329175807113e+00
1.021307403666013691e+00
1.021329444534793129e+00
1.021352166251046079e+00
1.021373884517771558e+00
1.021392461563896958e+00
1.021405511624746243e+00
1.021410875872298840e+00
1.021407234047305490e+00
1.021394607344844996e+00
1.021374512636910037e+00
1.021349680859611198e+00
1.021323461514004105e+00
1.021299153131044468e+00
1.021279464640477475e+00
1.021266198293903305e+00
1.021260156655649620e+00
1.021261243202931990e+00
1.021268709522500817e+00
1.021281470403418101e+00
1.021298376148197296e+00
1.021318338286792304e+00
1.021340267952900671e+00
1.021362879593216366e+00
1.021384488885842989e+00
1.021402958031624841e+00
1.021415901236594870e+00
1.021421159646534571e+00
1.021417412984282347e+00
1.021404682439073452e+00
1.021384484889529265e+00
1.021359551287470913e+00
1.021333231152964149e+00
1.021308823033364011e+00
1.021289035867881889e+00
1.021275671908561167e+00
1.021269533711148370e+00
1.021270524736930696e+00
1.021277896552180042e+00
1.021290563924038608e+00
1.021307377134092809e+00
1.021327247693325280e+00
1.021349086717716403e+00
1.021371608635743389e+00
1.021393129105125919e+00
1.021411510303763093e+00
1.021424366413814289e+00
1.021429538559780248e+00
1.021425706450038273e+00
1.021412891269246614e+00
1.021392609901623061e+00
1.021367593311944599e+00
1.021341191035840978e+00
1.021316701633991686e+00
1.021296834053174729e+00
1.021283390545557168e+00
1.021277173659609794e+00
1.021278086843355304e+00
1.021285381646135582e+00
1.021297972817063027e+00
1.021314710620596866e+00
1.021334506552275201e+00
1.021356271713735664e+00
1.021378720518768990e+00
1.021400168608683323e+00
1.021418478142907427e+00
1.021431263284386937e+00
1.021436365140522273e+00
1.021432463408128211e+00
1.021419579268307398e+00
1.021399229609929904e+00
1.021374145408308287e+00
1.021347676211590727e+00
1.021323120591017375e+00
1.021303187499118748e+00
1.021289679187690869e+00
1.021283398198795656e+00
1.021284247969224568e+00
1.021291480034205890e+00
1.021304009127981471e+00
1.021320685501029057e+00
1.021340420636422053e+00
1.021362125624355688e+00
1.021384514866986892e+00
1.021405903992635089e+00
1.021424155146076984e+00
1.021436882474980212e+00
1.021441927073137190e+00
1.021437968628189585e+00
1.021425028318485806e+00
1.021404623036699988e+00
1.021379483766590157e+00
1.021352960066217896e+00
1.021328350515002370e+00
1.021308364069646979e+00
1.021294802981090655e+00
1.021288469785645248e+00
1.021289267910505671e+00
1.021296448879084995e+00
1.021308927413354439e+00
1.021325553752414184e+00
1.021345239369357616e+00
1.021366895345366066e+00
1.021389236073519280e+00
1.021410577172002565e+00
1.021428780774103373e+00
1.021441461015447416e+00
1.021446458979071936e+00
1.021442454345370843e+00
1.021429468290548925e+00
1.021409017710340983e+00
1.021383833595203239e+00
1.021357265510955514e+00
1.021332612043253540e+00
1.021312582151708170e+00
1.021298978086050635e+00
1.021292602377440462e+00
1.021293358444870458e+00
1.021300497801869822e+00
1.021312935160298307e+00
1.021329520750027253e+00
1.021349166036203071e+00
1.021370782092962948e+00
1.021393083306370464e+00
1.021414385286768756e+00
1.021432550158489549e+00
1.021445192047703232e+00
1.021450152028958058e+00
1.021446109776916522e+00
1.021433086466094764e+00
1.021412598994660081e+00
1.021387378358351361e+00
1.021360774129033366e+00
1.021336084897096264e+00
1.021316019624132210e+00
1.021302380558505973e+00
1.021295970226832717e+00
1.021296692041151477e+00
1.021303797506760480e+00
1.021316201327217232e+00
1.021332753724923492e+00
1.021352366158706060e+00
1.021373949697205630e+00
1.021396218721066562e+00
1.021417488834560183e+00
1.021435622155022038e+00
1.021448232801175804e+00
1.021453161840839785e+00
1.021449088944111905e+00
1.021436035284154942e+00
1.021415517761056879e+00
1.021390267374727490e+00
1.021363633701766860e+00
1.021338915336194697e+00
1.021318821240975838e+00
1.021305153663130794e+00
1.021298715125374290e+00
1.021299409033926020e+00
1.021306486887287868e+00
1.021318863382229214e+00
1.021335388735110872e+00
1.021354974399720561e+00
1.021376531440378210e+00
1.021398774233501339e+00
1.021420018378607963e+00
1.021438125987510492e+00
1.021450711173005121e+00
1.021455614997520023e+00
1.021451517127475839e+00
1.021438438734924903e+00
1.021417896721475316e+00
1.021392622090358859e+00
1.021365964421938166e+00
1.021341222313088659e+00
1.021321104727796580e+00
1.021307413911901385e+00
1.021300952384872396e+00
1.021301623548146242e+00
1.021308678894666144e+00
1.021321033115678123e+00
1.021337536422654679e+00
1.021357100265333884e+00
1.021378635704588866e+00
1.021400857113472505e+00
1.021422080087705853e+00
1.021440166734659538e+00
1.021452731162334260e+00
1.021457614428778138e+00
1.021453496197404665e+00
1.021440397639339137e+00
1.021419835657400910e+00
1.021394541257507393e+00
1.021367864023077887e+00
1.021343102553317506e+00
1.021322965813062922e+00
1.021309256047221226e+00
1.021302775772653382e+00
1.021303428386932888e+00
1.021310465378507892e+00
1.021322801434148442e+00
1.021339286761361098e+00
1.021358832806595451e+00
1.021380350627917544e+00
1.021402554595630896e+00
1.021423760302340167e+00
1.021441829851764460e+00
1.021454377347952747e+00
1.021459243845334264e+00
1.021455109004826722e+00
1.021441993996770048e+00
1.021421415724963477e+00
1.021396105197533988e+00
1.021369412000442622e+00
1.021344634734871359e+00
1.021324482366444908e+00
1.021310757139414216e+00
1.021304261568613647e+00
1.021304899048554482e+00
1.021311921064081751e+00
1.021324242298351059e+00
1.021340712955642438e+00
1.021360244479699864e+00
1.021381747926254357e+00
1.021403937663300177e+00
1.021425129280818966e+00
1.021443184879459842e+00
1.021455718559958203e+00
1.021460571373709270e+00
1.021456422979535983e+00
1.021443294547105252e+00
1.021422702981022557e+00
1.021397379291264063e+00
1.021370673065949308e+00
1.021345882907986446e+00
1.021325717783777787e+00
1.021311979937177483e+00
1.021305471881497340e+00
1.021306097008856106e+00
1.021313106801234216e+00
1.021325415938874936e+00
1.021341874623420631e+00
1.021361394296367076e+00
1.021382886011465541e+00
1.021405064134727425e+00
1.021426244253880178e+00
1.021444288466949679e+00
1.021456810871856247e+00
1.021461652517425822e+00
1.021457493060706323e+00
1.021444353670788674e+00
1.021423751252951373e+00
1.021398416818738442e+00
1.021371699958125046e+00
1.021346899275554110e+00
1.021326723738202880e+00
1.021312975589745209e+00
1.021306457342380458e+00
1.021307072386381520e+00
1.021314072201461753e+00
1.021326371465517857e+00
1.021342820378028815e+00
1.021362330378605465e+00
1.021383812519300882e+00
1.021405981164400956e+00
1.021427151899674035e+00
1.021445186820882034e+00
1.021457700023536308e+00
1.021462532554275882e+00
1.021458364068640101e+00
1.021445215735229173e+00
1.021424604459888474e+00
1.021399261255498514e+00
1.021372535713640284e+00
1.021347726440124504e+00
1.021327542402886923e+00
1.021313785845582300e+00
1.021307259279615298e+00
1.021307866093843941e+00
1.021314857766189910e+00
1.021327148972657861e+00
1.021343589910946870e+00
1.021363092019080598e+00
1.021384566347647294e+00
1.021406727259426050e+00
1.021427890338475031e+00
1.021445917678600379e+00
1.021458423373249769e+00
1.021463248467199048e+00
1.021459072614708363e+00
1.021445916983959812e+00
1.021425298481279720e+00
1.021399948120688572e+00
1.021373215495154696e+00
1.021348399211696734e+00
1.021328208238974300e+00
1.021314444820724976e+00
1.021307911467795648e+00
1.021308511567958544e+00
1.021315496597719363e+00
1.021327781231553100e+00
1.021344215665691557e+00
1.021363711336820135e+00
1.021385179294265422e+00
1.021407333899494896e+00
1.021428490735081906e+00
1.021446511893148612e+00
1.021459011465378763e+00
1.021463830494969693e+00
1.021459648635099082e+00
1.021446487053597307e+00
1.021425862657197481e+00
1.021400506460888646e+00
1.021373768058826847e+00
1.021348946059087215e+00
1.021328749430992389e+00
1.021314980418421392e+00
1.021308441531829203e+00
1.021309036158150718e+00
1.021316015772766317e+00
1.021328295048912871e+00
1.021344724181611152e+00
1.021364214606420795e+00
1.021385677371588807e+00
1.021407826837449573e+00
1.021428978585298353e+00
1.021446994705817790e+00
1.021459489289197498e+00
1.021464303377302762e+00
1.021460116622402658e+00
1.021446950192033132e+00
1.021426320993269909e+00
1.021400960041917827e+00
1.021374216933141010e+00
1.021349390275921198e+00
1.021329189040172114e+00
1.021315415469933985e+00
1.021308872075382901e+00
1.021309462242802724e+00
1.021316437446672998e+00
1.021328712359224955e+00
1.021345137174481943e+00
1.021364623327059906e+00
1.021386081864290141e+00
1.021408227145539360e+00
1.021429374751015029e+00
1.021447386770182320e+00
1.021459877291973406e+00
1.021464687357140466e+00
1.021460496617195624e+00
1.021447326239428577e+00
1.021426693131201935e+00
1.021401328309001766e+00
1.021374581368836632e+00
1.021349750920455879e+00
1.021329545934282157e+00
1.021315768654514233e+00
1.021309221591124139e+00
1.021309808129880814e+00
1.021316779744541048e+00
1.021329051106515395e+00
1.021345472409005861e+00
1.021364955085844128e+00
1.021386410183591220e+00
1.021408552060798502e+00
1.021429696296757950e+00
1.021447704979915105e+00
1.021460192198156092e+00
1.021464998991308049e+00
1.021460805010256490e+00
1.021447631422089719e+00
1.021426995134405491e+00
1.021401627164254755e+00
1.021374877108344847e+00
1.021350043577064159e+00
1.021329835541263442e+00
1.021316055245284238e+00
1.021309505198941370e+00
1.021310088787593440e+00
1.021317057484409707e+00
1.021329325960133261e+00
1.021345744407290868e+00
1.021365224259064952e+00
1.021386676561375939e+00
1.021408815672096626e+00
1.021429957169756264e+00
1.021447963141956405e+00
1.021460447675718974e+00
1.021465251810110608e+00
1.021461055195501011e+00
1.021447878998811953e+00
1.021427240127835478e+00
1.021401869600084389e+00
1.021375117012840228e+00
1.021350280977014746e+00
1.021330070463813300e+00
1.021316287717695337e+00
1.021309735248351780e+00
1.021310316440807942e+00
1.021317282767755463e+00
1.021329548899391870e+00
1.021345965027690816e+00
1.021365442585301375e+00
1.021386892617615949e+00
1.021409029481946895e+00
1.021430168756196855e+00
1.021448172527274600e+00
1.021460654881493291e+00
1.021465456857296950e+00
1.021461258104634728e+00
1.021448079790292507e+00
1.021427438822219536e+00
1.021402066218304094e+00
1.021375311576295131e+00
1.021350473507530054e+00
1.021330260983499549e+00
1.021316476248759875e+00
1.021309921812898480e+00
1.021310501060668230e+00
1.021317465464371077e+00
1.021329729693758459e+00
1.021346143940352391e+00
1.021365619636365629e+00
1.021387067826758699e+00
1.021409202868386323e+00
1.021430340338640441e+00
1.021448342323863612e+00
1.021460822909793897e+00
1.021465623134368172e+00
1.021461422647193640e+00
1.021448242614944935e+00
1.021427599945698095e+00
1.021402225657646046e+00
1.021375469348914322e+00
1.021350629631183171e+00
