1.000603315025466955e+00
1.000676718868482418e+00
1.000797907225704275e+00
1.000939676307101678e+00
1.001092370263128029e+00
1.001251028697874856e+00
1.001412580220859772e+00
1.001574964497973230e+00
1.001736779041995540e+00
1.001897103599457051e+00
1.002055394366716090e+00
1.002211408229739975e+00
1.002365140860348891e+00
1.002516772443772020e+00
1.002666619349582344e+00
1.002815091872987008e+00
1.002962658489338743e+00
1.003109816658172671e+00
1.003257069621738884e+00
1.003404908193145317e+00
1.003553796354792915e+00
1.003704159578374000e+00
1.003856375045232063e+00
1.004010763286029562e+00
1.004167581089073114e+00
1.004327015798367473e+00
1.004489181313061863e+00
1.004654116200818681e+00
1.004821784344992253e+00
1.004992078457843219e+00
1.005164826612949369e+00
1.005339801692926027e+00
1.005516733340218849e+00
1.005695321679046739e+00
1.005875251794561276e+00
1.006056207760701371e+00
1.006237884941458161e+00
1.006419999372563989e+00
1.006602293258781700e+00
1.006784535968491046e+00
1.006966520327399417e+00
1.007148054455987651e+00
1.007328949815260666e+00
1.007509006490973080e+00
1.007687997042209238e+00
1.007865650462395291e+00
1.008041637948760449e+00
1.008215562242369856e+00
1.008386952263478076e+00
1.008555264589657607e+00
1.008719892962720577e+00
1.008880186428057879e+00
1.009035475898184320e+00
1.009185107932474956e+00
1.009328483443757918e+00
1.009465098050423393e+00
1.009594580102196160e+00
1.009716722225203922e+00
1.009831502695486716e+00
1.009939094069110421e+00
1.010039858119586187e+00
1.010134327961016876e+00
1.010223179892287160e+00
1.010307198635284287e+00
1.010387240042990076e+00
1.010464195002425125e+00
1.010538957326347465e+00
1.010612397212808489e+00
1.010685340668852294e+00
1.010758554384552532e+00
1.010832735021067075e+00
1.010908501732525666e+00
1.010986390884296426e+00
1.011066852236774949e+00
1.011150246222612736e+00
1.011236842275915482e+00
1.011326818426881546e+00
1.011420262531200764e+00
1.011517175551205794e+00
1.011617477244586949e+00
1.011721014453444756e+00
1.011827571938396009e+00
1.011936885398612596e+00
1.012048656000572588e+00
1.012162565455885010e+00
1.012278290492061750e+00
1.012395515490215114e+00
1.012513942141695544e+00
1.012633295198393846e+00
1.012753323731284461e+00
1.012873797724134661e+00
1.012994500263454833e+00
1.013115215996824858e+00
1.013235716888822413e+00
1.013355746592156326e+00
1.013475004968168003e+00
1.013593134435194720e+00
1.013709709887701038e+00
1.013824233891570170e+00
1.013936138684516930e+00
1.014044796150390004e+00
1.014149536355050785e+00
1.014249674420891534e+00
1.014344544518699376e+00
1.014433538676373203e+00
1.014516147115465117e+00
1.014591996141309238e+00
1.014660879437168095e+00
1.014722779084972437e+00
1.014777873763148319e+00
1.014826533202162651e+00
1.014869299810681635e+00
1.014906860042318115e+00
1.014940009205899107e+00
1.014969613816111726e+00
1.014996575219048847e+00
1.015021797284404670e+00
1.015046159731668673e+00
1.015070497468978594e+00
1.015095585411704526e+00
1.015122127727617229e+00
1.015150750316540007e+00
1.015181995480973987e+00
1.015216318056227252e+00
1.015254082631396937e+00
1.015295561825440451e+00
1.015340935838082270e+00
1.015390293650377807e+00
1.015443636295794150e+00
1.015500882559451146e+00
1.015561877298015503e+00
1.015626402322792110e+00
1.015694189483219212e+00
1.015764935268834712e+00
1.015838315964938010e+00
1.015914002200838606e+00
1.015991671660421813e+00
1.016071018804032722e+00
1.016151760674949278e+00
1.016233638205239487e+00
1.016316412849745277e+00
1.016399858812343737e+00
1.016483751540546931e+00
1.016567853521917808e+00
1.016651898704016510e+00
1.016735577075612573e+00
1.016818521090380401e+00
1.016900295677664490e+00
1.016980393546166539e+00
1.017058237308579471e+00
1.017133189593435239e+00
1.017204571727554852e+00
1.017271690759927960e+00
1.017333873597559002e+00
1.017390505942982193e+00
1.017441072733693996e+00
1.017485196098726785e+00
1.017522666673963627e+00
1.017553464593163870e+00
1.017577767604187500e+00
1.017595945395311174e+00
1.017608541053867555e+00
1.017616242240435787e+00
1.017619845796734701e+00
1.017620219899026734e+00
1.017618267504144969e+00
1.017614893888773686e+00
1.017610979853958764e+00
1.017607360974273512e+00
1.017604812356538879e+00
1.017604037851034704e+00
1.017605662518530796e+00
1.017610227305199899e+00
1.017618185190129587e+00
1.017629898433744629e+00
1.017645636889102034e+00
1.017665577594119242e+00
1.017689806018324372e+00
1.017718319383978720e+00
1.017751032418238832e+00
1.017787785727765293e+00
1.017828356736991902e+00
1.017872472825598340e+00
1.017919825981351778e+00
1.017970088001438844e+00
1.018022925079151042e+00
1.018078010543910672e+00
1.018135034602466238e+00
1.018193710154122522e+00
1.018253774095286612e+00
1.018314983943433782e+00
1.018377110046769563e+00
1.018439924058323731e+00
1.018503184710922493e+00
1.018566622217773165e+00
1.018629922839229929e+00
1.018692715299467810e+00
1.018754560799639108e+00
1.018814948334754611e+00
1.018873296842919718e+00
1.018928965352860594e+00
1.018981271711654424e+00
1.019029519660757277e+00
1.019073033026789865e+00
1.019111194711571189e+00
1.019143487175672158e+00
1.019169530424711034e+00
1.019189113334843411e+00
1.019202214631119485e+00
1.019209010967512263e+00
1.019209871195851491e+00
1.019205337751089679e+00
1.019196097743350737e+00
1.019182947483014523e+00
1.019166754558189503e+00
1.019148421217539013e+00
1.019128851862510565e+00
1.019108926221818923e+00
1.019089478586330255e+00
1.019071282566528236e+00
1.019055040312180083e+00
1.019041374994268612e+00
1.019030825498529857e+00
1.019023842593335338e+00
1.019020786199019479e+00
1.019021923720049738e+00
1.019027429658037054e+00
1.019037386879400486e+00
1.019051789957869492e+00
1.019070550948784959e+00
1.019093507786677177e+00
1.019120435247113488e+00
1.019151058107773178e+00
1.019185065823969172e+00
1.019222127750536000e+00
1.019261907745611095e+00
1.019304076923011948e+00
1.019348323400017131e+00
1.019394358112790666e+00
1.019441916114652180e+00
1.019490753187765275e+00
1.019540638035515867e+00
1.019591340735737539e+00
1.019642618492941022e+00
1.019694200016148189e+00
1.019745770064790946e+00
1.019796955848198072e+00
1.019847317026871814e+00
1.019896341024117303e+00
1.019943445177579955e+00
1.019987986896998322e+00
1.020029282409766536e+00
1.020066633861248295e+00
1.020099363534271220e+00
1.020126852869429168e+00
1.020148582977012941e+00
1.020164172646149225e+00
1.020173409684305810e+00
1.020176271898497244e+00
1.020172935166086425e+00
1.020163767683223366e+00
1.020149311320766472e+00
1.020130252681783922e+00
1.020107387591026260e+00
1.020081583139614390e+00
1.020053741040871653e+00
1.020024765102985231e+00
1.019995534391608949e+00
1.019966882459697466e+00
1.019939582105177323e+00
1.019914334594283378e+00
1.019891762148963377e+00
1.019872402646434750e+00
1.019856705792849816e+00
1.019845030397861452e+00
1.019837642711554526e+00
1.019834716042062439e+00
1.019836332028148052e+00
1.019842483987407400e+00
1.019853082697436575e+00
1.019867964801660198e+00
1.019886903780770515e+00
1.019909623124436671e+00
1.019935811017950167e+00
1.019965135574958826e+00
1.019997259450936333e+00
1.020031852603227485e+00
1.020068602043713080e+00
1.020107217655823906e+00
1.020147433490886879e+00
1.020189004374489006e+00
1.020231698090581451e+00
1.020275283824176871e+00
1.020319517901729034e+00
1.020364128156830308e+00
1.020408798464796263e+00
1.020453155132756251e+00
1.020496756894478718e+00
1.020539090219384715e+00
1.020579571465975333e+00
1.020617557046337165e+00
1.020652362183256612e+00
1.020683288026315250e+00
1.020709655890272405e+00
1.020730846295703653e+00
1.020746339500667288e+00
1.020755753526754184e+00
1.020758875510628272e+00
1.020755682690837940e+00
1.020746350477063302e+00
1.020731246690083971e+00
1.020710912903518564e+00
1.020686035483349574e+00
1.020657410057890901e+00
1.020625903543601165e+00
1.020592417484352588e+00
1.020557855510814571e+00
1.020523096493313631e+00
1.020488973765087515e+00
1.020456259875830440e+00
1.020425655812507326e+00
1.020397783485114784e+00
1.020373180424942294e+00
1.020352295957038358e+00
1.020335488473642194e+00
1.020323023770208115e+00
1.020315074662604848e+00
1.020311722260063725e+00
1.020312959314812806e+00
1.020318696005921177e+00
1.020328768349122228e+00
1.020342949173479230e+00
1.020360961299317637e+00
1.020382492231693972e+00
1.020407209400067350e+00
1.020434774778261833e+00
1.020464857650022150e+00
1.020497144365745790e+00
1.020531344161804244e+00
1.020567190457288831e+00
1.020604437458927372e+00
1.020642852342128926e+00
1.020682203689410539e+00
1.020722247225800405e+00
1.020762710179450528e+00
1.020803275811640098e+00
1.020843569803415285e+00
1.020883150248665050e+00
1.020921502963593852e+00
1.020958043643186652e+00
1.020992128031510848e+00
1.021023070687339329e+00
1.021050172111091170e+00
1.021072752995711097e+00
1.021090193280448144e+00
1.021101972695059423e+00
1.021107708796452851e+00
1.021107188327623261e+00
1.021100388207716536e+00
1.021087483599928847e+00
1.021068842145648858e+00
1.021045005296598029e+00
1.021016659342140809e+00
1.020984599865795817e+00
1.020949693757694288e+00
1.020912842541685794e+00
1.020874949824440714e+00
1.020836894440169562e+00
1.020799509667796201e+00
1.020763567980150555e+00
1.020729770261753711e+00
1.020698738292488583e+00
1.020671009444420463e+00
1.020647032853312375e+00
1.020627166691543186e+00
1.020611676504085574e+00
1.020600734826215827e+00
1.020594422457618666e+00
1.020592731813905418e+00
1.020595572713106414e+00
1.020602780788878228e+00
1.020614128471190263e+00
1.020629338168731248e+00
1.020648096967067042e+00
1.020670071872908036e+00
1.020694924438269258e+00
1.020722323529521081e+00
1.020751955086677043e+00
1.020783527944168156e+00
1.020816775127901810e+00
1.020851450459404397e+00
1.020887320735175852e+00
1.020924154162764719e+00
1.020961706093468591e+00
1.020999703380240264e+00
1.021037828905344336e+00
1.021075707965352519e+00
1.021112898263604851e+00
1.021148885220358071e+00
1.021183084131408236e+00
1.021214850342119229e+00
1.021243498018261198e+00
1.021268327279431842e+00
1.021288658457244480e+00
1.021303871156641341e+00
1.021313444807119941e+00
1.021316996705097679e+00
1.021314313376544103e+00
1.021305371568181464e+00
1.021290346313707964e+00
1.021269605163568350e+00
1.021243689510470620e+00
1.021213285608546073e+00
1.021179189021043099e+00
1.021142266624135875e+00
1.021103419926238098e+00
1.021063552510619088e+00
1.021023543175131998e+00
1.020984225145848967e+00
1.020946370823983873e+00
1.020910681002415998e+00
1.020877777348849769e+00
1.020848197102661503e+00
1.020822389246831996e+00
1.020800711781591374e+00
1.020783430061403596e+00
1.020770716413969659e+00
1.020762651415929589e+00
1.020759227246308853e+00
1.020760353475260729e+00
1.020765865479832168e+00
1.020775535427441483e+00
1.020789085461213164e+00
1.020806202401060236e+00
1.020826552990703684e+00
1.020849798524244179e+00
1.020875607617119041e+00
1.020903665966668816e+00
1.020933682173483792e+00
1.020965389038311244e+00
1.020998540165384938e+00
1.021032902140403653e+00
1.021068242964831008e+00
1.021104317786621696e+00
1.021140853256147452e+00
1.021177532052102377e+00
1.021213979265164440e+00
1.021249752389738807e+00
1.021284336634153966e+00
1.021317147080204712e+00
1.021347538859019410e+00
1.021374825924611152e+00
1.021398308190749393e+00
1.021417305793085095e+00
1.021431198154536757e+00
1.021439464540301545e+00
1.021441722103267891e+00
1.021437757248545353e+00
1.021427546625105931e+00
1.021411265190865780e+00
1.021389280439794378e+00
1.021362133723528132e+00
1.021330511265811314e+00
1.021295208605146110e+00
1.021257092593742755e+00
1.021217064712542477e+00
1.021176028510378586e+00
1.021134862741178928e+00
1.021094400575982331e+00
1.021055414349012480e+00
1.021018604773965777e+00
1.020984593427361364e+00
1.020953917445881931e+00
1.020927025698981527e+00
1.020904276063336225e+00
1.020885933760740549e+00
1.020872170978118554e+00
1.020863068144357788e+00
1.020858617285008929e+00
1.020858727812429478e+00
1.020863234943075515e+00
1.020871910682612071e+00
1.020884477012924840e+00
1.020900620594854313e+00
1.020920008016747760e+00
1.020942300422345905e+00
1.020967166282745975e+00
1.020994291157591771e+00
1.021023383516613370e+00
1.021054176036299665e+00
1.021086422202576394e+00
1.021119888487798555e+00
1.021154342783814784e+00
1.021189540131316464e+00
1.021225207074385910e+00
1.021261026185131149e+00
1.021296622446328684e+00
1.021331553242496470e+00
1.021365303669873104e+00
1.021397288696263228e+00
1.021426863337755009e+00
1.021453341433654849e+00
1.021476022785195781e+00
1.021494227419813328e+00
1.021507334658804833e+00
1.021514823674483097e+00
1.021516311537348898e+00
1.021511584581759280e+00
1.021500619397907261e+00
1.021483590896364202e+00
1.021460866533805412e+00
1.021432987632551415e+00
1.021400640392476245e+00
1.021364620330958983e+00
1.021325794279235533e+00
1.021285063695149820e+00
1.021243332100508550e+00
1.021201478217006464e+00
1.021160335177448752e+00
1.021120675271462330e+00
1.021083199161731070e+00
1.021048528367518138e+00
1.021017199962312549e+00
1.020989662746819571e+00
1.020966274523848139e+00
1.020947300436673810e+00
1.020932912589569197e+00
1.020923191325205481e+00
1.020918128580003081e+00
1.020917633675003433e+00
1.020921541733974758e+00
1.020929624669405289e+00
1.020941604370442235e+00
1.020957167406542521e+00
1.020975980276891182e+00
1.020997704039033671e+00
1.021022007081414440e+00
1.021048574884924953e+00
1.021077115844555294e+00
1.021107362565920607e+00
1.021139068467560529e+00
1.021171999957342091e+00
1.021205924864786230e+00
1.021240598169592895e+00
1.021275746355352343e+00
1.021311051933405878e+00
1.021346139824850674e+00
1.021380567351184654e+00
1.021413819544116031e+00
1.021445311305553050e+00
1.021474397584787308e+00
1.021500392154219172e+00
1.021522594749132873e+00
1.021540325333240018e+00
1.021552963167685402e+00
1.021559987369494493e+00
1.021561014959827984e+00
1.021555832230381267e+00
1.021544415735640587e+00
1.021526940357194935e+00
1.021503773528740222e+00
1.021475456554493011e+00
1.021442675619697038e+00
1.021406226229060188e+00
1.021366975201633664e+00
1.021325823982263126e+00
1.021283676077896052e+00
1.021241410192739618e+00
1.021199859438991941e+00
1.021159796082284466e+00
1.021121920757825041e+00
1.021086854953948020e+00
1.021055135709856287e+00
1.021027211788760214e+00
1.021003440952938490e+00
1.020984088302305359e+00
1.020969325895177748e+00
1.020959234025961226e+00
1.020953804580835067e+00
1.020952946829024821e+00
1.020956495841364831e+00
1.020964223476803046e+00
1.020975851570882664e+00
1.020991066639942213e+00
1.021009535131054413e+00
1.021030918051117009e+00
1.021054883739749952e+00
1.021081117631074564e+00
1.021109328075456624e+00
1.021139247635971081e+00
1.021170629690497877e+00
1.021203240607803320e+00
1.021236848179453149e+00
1.021271207347873800e+00
1.021306044559592729e+00
1.021341042288662626e+00
1.021375825418315841e+00
1.021409951231374791e+00
1.021442904719990441e+00
1.021474100745739078e+00
1.021502894217110491e+00
1.021528598865725890e+00
1.021550514386774688e+00
1.021567960705331179e+00
1.021580317046188124e+00
1.021587062493091613e+00
1.021587814037657527e+00
1.021582357946221320e+00
1.021570670752266707e+00
1.021552927320606319e+00
1.021529495071955562e+00
1.021500915300664447e+00
1.021467874184374125e+00
1.021431167221527714e+00
1.021391661225341529e+00
1.021350257634439984e+00
1.021307859948498820e+00
1.021265346862895385e+00
1.021223551479100600e+00
1.021183246049915727e+00
1.021145131195521749e+00
1.021109828387006591e+00
1.021077874644145123e+00
1.021049718708606280e+00
1.021025718319110265e+00
1.021006138550120568e+00
1.020991151432760979e+00
1.020980837232686067e+00
1.020975187805987616e+00
1.020974112390730770e+00
1.020977446025812974e+00
1.020984960537801189e+00
1.020996377729761040e+00
1.021011384085806828e+00
1.021029646021370585e+00
1.021050824512581334e+00
1.021074587869388983e+00
1.021100621497490923e+00
1.021128633720132850e+00
1.021158357074541279e+00
1.021189544913899239e+00
1.021221963583236247e+00
1.021255380851095129e+00
1.021289551637317716e+00
1.021324202366003853e+00
1.021359015488682465e+00
1.021393615865756388e+00
1.021427560756782871e+00
1.021460335130176755e+00
1.021491353823375414e+00
1.021519971720521447e+00
1.021545502528981242e+00
1.021567245920180111e+00
1.021584521796389922e+00
1.021596709361052735e+00
1.021603287678485739e+00
1.021603873723182954e+00
1.021598253746920593e+00
1.021586404271273452e+00
1.021568500151690095e+00
1.021544908801784501e+00
1.021516171510632898e+00
1.021482974451890291e+00
1.021446113120718646e+00
1.021406454327185021e+00
1.021364899506390422e+00
1.021322352153688273e+00
1.021279690959024711e+00
1.021237749017115171e+00
1.021197298572561696e+00
1.021159040235849691e+00
1.021123595466880030e+00
1.021091501272787028e+00
1.021063206381215061e+00
1.021039068515560366e+00
1.021019352733771424e+00
1.021004231049385425e+00
1.020993783709545299e+00
1.020988002551067364e+00
1.020986796792162643e+00
1.020990001451501872e+00
1.020997388335272316e+00
1.021008679226230509e+00
1.021023560588477874e+00
1.021041698817935828e+00
1.021062754871900236e+00
1.021086397042302973e+00
1.021112310717722682e+00
1.021140204205214008e+00
1.021169810026708813e+00
1.021200881520910153e+00
1.021233185019053025e+00
1.021266488276408424e+00
1.021300546199888970e+00
1.021335085200826498e+00
1.021369787717973487e+00
1.021404278598813331e+00
1.021438115089747134e+00
1.021470782145762701e+00
1.021501694590636777e+00
1.021530207294714998e+00
1.021555633951606978e+00
1.021577274219251041e+00
1.021594447986970078e+00
1.021606534446083181e+00
1.021613012649878804e+00
1.021613499563136962e+00
1.021607781429374251e+00
1.021595834763399768e+00
1.021577834415315689e+00
1.021554147794627720e+00
1.021525316187269050e+00
1.021492025764391354e+00
1.021455072018936150e+00
1.021415321758694983e+00
1.021373676416135412e+00
1.021331039483378333e+00
1.021288289646363090e+00
1.021246259994913252e+00
1.021205722767799751e+00
1.021167378568727191e+00
1.021131848849887280e+00
1.021099670609825649e+00
1.021071292566774646e+00
1.021047072433970637e+00
1.021027275258530320e+00
1.021012073042579571e+00
1.021001546021366835e+00
1.020995686019439574e+00
1.020994402242485499e+00
1.020997529696525019e+00
1.021004840175104178e+00
1.021016055448487059e+00
1.021030861968563297e+00
1.021048926119446643e+00
1.021069908847135999e+00
1.021093478432851587e+00
1.021119320255092777e+00
1.021147142611478209e+00
1.021176678015121686e+00
1.021207679796466650e+00
1.021239914278960548e+00
1.021273149210450093e+00
1.021307139490669869e+00
1.021341611523897352e+00
1.021376247741842214e+00
1.021410672984861767e+00
1.021444444492084269e+00
1.021477047211045264e+00
1.021507895957898038e+00
1.021536345595249085e+00
1.021561709808946450e+00
1.021583288249273913e+00
1.021600400798164276e+00
1.021612426639977311e+00
1.021618844821627903e+00
1.021619272302238812e+00
1.021613495320467635e+00
1.021601490387083810e+00
1.021583432348927456e+00
1.021559688612912797e+00
1.021530800462896460e+00
1.021497454068274635e+00
1.021460444920356370e+00
1.021420639825227905e+00
1.021378940213413244e+00
1.021336249574717137e+00
1.021293446592303145e+00
1.021251364352701918e+00
1.021210775090855005e+00
1.021172379406102948e+00
1.021136798745763130e+00
1.021104570103023024e+00
1.021076142190315394e+00
1.021051872714676900e+00
1.021032026716669927e+00
1.021016776191561171e+00
1.021006201367489208e+00
1.021000294061701119e+00
1.020998963472457222e+00
1.021002044598299019e+00
1.021009309225314965e+00
1.021020479116410584e+00
1.021035240716296810e+00
1.021053260402155605e+00
1.021074199113361392e+00
1.021097725124863853e+00
1.021123523809271294e+00
1.021151303458694315e+00
1.021180796581107497e+00
1.021211756502146573e+00
1.021243949540729279e+00
1.021277143440386004e+00
1.021311093096673561e+00
1.021345524909756053e+00
1.021380121307226219e+00
1.021414507125261384e+00
1.021448239598703900e+00
1.021480803670679283e+00
1.021511614152807557e+00
1.021540025903072468e+00
1.021565352602662902e+00
1.021586893897246995e+00
1.021603969664278688e+00
1.021615959083876257e+00
1.021622341199047712e+00
1.021622732965422387e+00
1.021616920618631630e+00
1.021604880666902249e+00
1.021586787954995135e+00
1.021563009888148965e+00
1.021534087748861896e+00
1.021500707705378819e+00
1.021463665247951180e+00
1.021423827181591637e+00
1.021382094935638918e+00
1.021339371998531309e+00
1.021296537051826991e+00
1.021254423180188109e+00
1.021213802616410371e+00
1.021175375957411813e+00
1.021139764647818415e+00
1.021107505677874006e+00
1.021079047756830338e+00
1.021054748588322347e+00
1.021034873209312854e+00
1.021019593611289578e+00
1.021008990018457574e+00
1.021003054244004282e+00
1.021001695482037563e+00
1.021004748726888067e+00
1.021011985760416518e+00
1.021023128341329578e+00
1.021037862910207705e+00
1.021055855840212967e+00
1.021076768066847107e+00
1.021100267861359434e+00
1.021126040592846840e+00
1.021153794550104577e+00
1.021183262237977951e+00
1.021214196979141287e+00
1.021246365089688801e+00
1.021279534310430392e+00
1.021313459534262336e+00
1.021347867158709066e+00
1.021382439608704562e+00
1.021416801717716982e+00
1.021450510717807791e+00
1.021483051549238130e+00
1.021513839020691261e+00
1.021542227987156437e+00
1.021567532126812505e+00
1.021589051082349542e+00
1.021606104728336017e+00
1.021618072242160391e+00
1.021624432664319126e+00
1.021624802948196908e+00
1.021618969327484416e+00
1.021606908308783979e+00
1.021588794735535988e+00
1.021564996011933513e+00
1.021536053419647594e+00
1.021502653126254989e+00
1.021465590621428499e+00
1.021425732709624778e+00
1.021383980819594139e+00
1.021341238439105847e+00
1.021298384248939373e+00
1.021256251332845810e+00
1.021215611922565270e+00
1.021177166613815634e+00
1.021141536849875742e+00
1.021109259619498832e+00
1.021080783630307520e+00
1.021056466584175704e+00
1.021036573516175938e+00
1.021021276415788881e+00
1.021010655505101505e+00
1.021004702595087466e+00
1.021003326877560013e+00
1.021006363344493906e+00
1.021013583775356004e+00
1.021024709926443785e+00
1.021039428235938740e+00
1.021057405074639934e+00
1.021078301375740960e+00
1.021101785408256468e+00
1.021127542539133515e+00
1.021155281055105002e+00
1.021184733459040039e+00
1.021215653071713136e+00
1.021247806207381537e+00
1.021280960605058796e+00
1.021314871155867943e+00
1.021349264255558609e+00
1.021383822327269986e+00
1.021418170202640141e+00
1.021451865111854485e+00
1.021484391993251251e+00
1.021515165653548829e+00
1.021543540945748285e+00
1.021568831546039391e+00
1.021590337095156453e+00
1.021607377465784561e+00
1.021619331833540922e+00
1.021625679237299744e+00
1.021626036629008194e+00
1.021620190241121273e+00
1.021608116579219683e+00
1.021589990485928023e+00
1.021566179364810090e+00
1.021537224497060858e+00
1.021503812049897597e+00
1.021466737512703782e+00
1.021426867689680051e+00
1.021385104009314482e+00
1.021342349959079243e+00
1.021299484219399645e+00
1.021257339873601566e+00
1.021216689152919521e+00
1.021178232652479201e+00
1.021142591814879985e+00
1.021110303628108174e+00
1.021081816798931063e+00
1.021057489028280862e+00
1.021037585350204946e+00
1.021022277753075969e+00
1.021011646457798072e+00
1.021005683274091247e+00
1.021004297392454685e+00
1.021007323803499123e+00
1.021014534285290321e+00
1.021025650592702672e+00
1.021040359162488143e+00
1.021058326364022051e+00
1.021079213129095553e+00
1.021102687725351288e+00
1.021128435518402711e+00
1.021156164793690202e+00
1.021185608052831428e+00
1.021216518615385649e+00
1.021248662794422168e+00
1.021281808327786145e+00
1.021315710105437535e+00
1.021350094521959129e+00
1.021384643999308839e+00
1.021418983367920141e+00
1.021452669856748763e+00
1.021485188402876609e+00
1.021515953811745536e+00
1.021544320935071415e+00
1.021569603447765706e+00
1.021591100989313716e+00
1.021608133431203269e+00
1.021620079947932247e+00
1.021626419577355893e+00
1.021626769270522761e+00
1.021620915259122686e+00
1.021608834048108427e+00
1.021590700479611868e+00
1.021566881956821771e+00
1.021537919760661328e+00
1.021504500058149301e+00
1.021467418338521282e+00
1.021427541405852235e+00
1.021385770688503669e+00
1.021343009673804314e+00
1.021300137041999845e+00
1.021257985876194985e+00
1.021217328407352909e+00
1.021178865230274457e+00
1.021143217787178870e+00
1.021110923065617015e+00
1.021082429771864142e+00
1.021058095606305338e+00
1.021038185602386683e+00
1.021022871747827132e+00
1.021012234262827612e+00
1.021006264956360043e+00
1.021004873018136028e+00
1.021007893437944958e+00
1.021015097993007714e+00
1.021026208437336713e+00
1.021040911206814394e+00
1.021058872669949658e+00
1.021079753757676345e+00
1.021103222736795768e+00
1.021128964972100484e+00
1.021156688748233510e+00
1.021186126566036467e+00
1.021217031744312553e+00
1.021249170595390776e+00
1.021282310856385322e+00
1.021316207416529176e+00
1.021350586669673932e+00
1.021385131037038096e+00
1.021419465348303079e+00
1.021453146831657666e+00
1.021485660423402164e+00
1.021516420928187507e+00
