1.000603444564682754e+00
1.000676460553118652e+00
1.000798911669982250e+00
1.000944774527539050e+00
1.001101988990343861e+00
1.001268704982273494e+00
1.001442211202423715e+00
1.001619170840055695e+00
1.001800632235746669e+00
1.001982924914933903e+00
1.002167397603840993e+00
1.002354967827252974e+00
1.002540068740110479e+00
1.002726821356494380e+00
1.002915279269359861e+00
1.003100938357823768e+00
1.003287858940734578e+00
1.003473833956360473e+00
1.003658511030068645e+00
1.003844515266862247e+00
1.004026733031179397e+00
1.004208964547603777e+00
1.004392382352991664e+00
1.004571043695933641e+00
1.004750161660811214e+00
1.004928939600696847e+00
1.005104353447262344e+00
1.005280481396963799e+00
1.005453514035666407e+00
1.005625291895087869e+00
1.005798100061859657e+00
1.005965761917135159e+00
1.006133404792083796e+00
1.006301515868384566e+00
1.006464820430718277e+00
1.006628563172413005e+00
1.006790607426646167e+00
1.006950002213695683e+00
1.007110256274339255e+00
1.007266114890582820e+00
1.007421319699176143e+00
1.007577497562803348e+00
1.007728227895671846e+00
1.007879217198748734e+00
1.008029926072262050e+00
1.008176598646563171e+00
1.008323971712598244e+00
1.008468423884379739e+00
1.008611235201460232e+00
1.008755162071745426e+00
1.008893947770000299e+00
1.009032682237104073e+00
1.009172163964803470e+00
1.009306590627403910e+00
1.009441599998126105e+00
1.009575377741954050e+00
1.009706236905547838e+00
1.009838136272410924e+00
1.009966048174197883e+00
1.010093263751018267e+00
1.010221735942853361e+00
1.010344858990277928e+00
1.010468405628092148e+00
1.010592165833267053e+00
1.010711738011201399e+00
1.010832223001986385e+00
1.010950375667797552e+00
1.011066781052868624e+00
1.011184539681746042e+00
1.011297537091739418e+00
1.011410581658259700e+00
1.011524772240307568e+00
1.011633931177957191e+00
1.011743879938631574e+00
1.011853192920514566e+00
1.011959450954464046e+00
1.012066956700102605e+00
1.012171038243794730e+00
1.012274410933689861e+00
1.012379323461893854e+00
1.012479129778528275e+00
1.012579515947151343e+00
1.012680608238196278e+00
1.012777435623613442e+00
1.012875370452387180e+00
1.012971595307100348e+00
1.013065960742097538e+00
1.013161883214467540e+00
1.013253493845261088e+00
1.013345209135862124e+00
1.013438420231695503e+00
1.013526678081143828e+00
1.013615895461975391e+00
1.013705041550291730e+00
1.013790991619529347e+00
1.013878359193898904e+00
1.013962881431305529e+00
1.014046632075405796e+00
1.014132150345563144e+00
1.014212847261616091e+00
1.014294228878633852e+00
1.014376748688773144e+00
1.014454938973682108e+00
1.014534392451615474e+00
1.014612731784186206e+00
1.014689059367935187e+00
1.014767100913398057e+00
1.014841300595213491e+00
1.014915602801578443e+00
1.014991685346083639e+00
1.015062919770484351e+00
1.015135237779939636e+00
1.015207993698172828e+00
1.015277395902731916e+00
1.015348346564504567e+00
1.015417021236732831e+00
1.015484805357899312e+00
1.015554529060855860e+00
1.015619742727644326e+00
1.015685690718218126e+00
1.015753141718654495e+00
1.015816207925223535e+00
1.015880654621132750e+00
1.015944543118494359e+00
1.016006229134375882e+00
1.016069743267104197e+00
1.016129894625388053e+00
1.016190086680499816e+00
1.016252280331965574e+00
1.016309756097734329e+00
1.016368394004683706e+00
1.016427918579145606e+00
1.016483920817503828e+00
1.016541567702294646e+00
1.016597489474014626e+00
1.016652349916415510e+00
1.016709272094746375e+00
1.016762018521188082e+00
1.016815494827718158e+00
1.016870773288152563e+00
1.016921626770749043e+00
1.016973942350353877e+00
1.017026210746566850e+00
1.017076055743749041e+00
1.017127806923961320e+00
1.017176678393839406e+00
1.017225473056414087e+00
1.017276433548690129e+00
1.017322834344826621e+00
1.017370432382322498e+00
1.017419305438987953e+00
1.017464486161322457e+00
1.017511378180369741e+00
1.017557072818780606e+00
1.017601491251290735e+00
1.017648051810398080e+00
1.017690792937512301e+00
1.017734208451080313e+00
1.017779664411831542e+00
1.017820677894769155e+00
1.017863202679975654e+00
1.017906144501241839e+00
1.017946422188978239e+00
1.017988655196629511e+00
1.018028492131394902e+00
1.018068084789622851e+00
1.018109958267318094e+00
1.018147461541523802e+00
1.018186156117598440e+00
1.018226455899906124e+00
1.018262902224755129e+00
1.018301101802802311e+00
1.018338605333983127e+00
1.018374582582040055e+00
1.018412748755765040e+00
1.018447472839163037e+00
1.018482768273644812e+00
1.018520287606009322e+00
1.018553376719926185e+00
1.018587996634900295e+00
1.018623450397560415e+00
1.018655990135774791e+00
1.018690511824840605e+00
1.018723118268663130e+00
1.018755269264981278e+00
1.018789774794485847e+00
1.018820133181597143e+00
1.018851637979645730e+00
1.018885023219273656e+00
1.018914412325218954e+00
1.018945575763665623e+00
1.018976515272225436e+00
1.019005652404859852e+00
1.019036999217515005e+00
1.019065300385299633e+00
1.019094025926915226e+00
1.019125110427380410e+00
1.019151812484134556e+00
1.019180036993743155e+00
1.019209464880528548e+00
1.019235730024586450e+00
1.019263986587229720e+00
1.019290802265514717e+00
1.019316914195112611e+00
1.019345420807507008e+00
1.019370037804987028e+00
1.019395719110267162e+00
1.019423505007055253e+00
1.019447179078333043e+00
1.019472630381673905e+00
1.019498298199651654e+00
1.019521870807363673e+00
1.019547654467389375e+00
1.019570805230847199e+00
1.019594193183858133e+00
1.019620033379355029e+00
1.019641578743660126e+00
1.019664611442298696e+00
1.019689170538990330e+00
1.019710329157904383e+00
1.019733475637070619e+00
1.019755645293747959e+00
1.019776832637556474e+00
1.019800428430648553e+00
1.019820426180374717e+00
1.019841370420578652e+00
1.019864596637297893e+00
1.019883629682970971e+00
1.019904426251405205e+00
1.019925846028987060e+00
1.019944870264231751e+00
1.019966093114098582e+00
1.019985108537622365e+00
1.020004137697132496e+00
1.020025677099479555e+00
1.020043051954996116e+00
1.020061852635972599e+00
1.020082457528172393e+00
1.020099444295507585e+00
1.020118405184757382e+00
1.020136839069393453e+00
1.020153988932964939e+00
1.020173541024162134e+00
1.020189818975898000e+00
1.020206891258055082e+00
1.020226380687163870e+00
1.020241635971596228e+00
1.020258624951559723e+00
1.020276608353769099e+00
1.020291897435020134e+00
1.020309363224586763e+00
1.020325055491403177e+00
1.020340505966441436e+00
1.020358495532997845e+00
1.020372494793551521e+00
1.020387831803412970e+00
1.020405207332626851e+00
1.020418775371809916e+00
1.020434295177880646e+00
1.020449719547351641e+00
1.020463542349132613e+00
1.020479746612412697e+00
1.020493030017523228e+00
1.020506922641951419e+00
1.020523329972740534e+00
1.020535507107388273e+00
1.020549371541452643e+00
1.020564564734342872e+00
1.020576775071606601e+00
1.020591133825157648e+00
1.020604156501529136e+00
1.020616654298160952e+00
1.020631696497836138e+00
1.020642966313838773e+00
1.020655458705257201e+00
1.020670182450287067e+00
1.020680944729352113e+00
1.020693628195912250e+00
1.020706625572628035e+00
1.020717695422232119e+00
1.020731115856811311e+00
1.020741994002775765e+00
1.020753264890818635e+00
1.020767114987568336e+00
1.020776786756324661e+00
1.020788081679828263e+00
1.020801001805146324e+00
1.020810668962434997e+00
1.020822451752381177e+00
1.020833334123407266e+00
1.020843385860818575e+00
1.020855968803836555e+00
1.020865039198969537e+00
1.020875189253967363e+00
1.020887724365322713e+00
1.020896185318321381e+00
1.020906528060285368e+00
1.020917568047331025e+00
1.020926353612694459e+00
1.020937452223113162e+00
1.020946407360703745e+00
1.020955509350196522e+00
1.020967226452906385e+00
1.020974866456172414e+00
1.020984046065297690e+00
1.020995108869694246e+00
1.021002674553544765e+00
1.021012319430507631e+00
1.021021492210867798e+00
1.021029511258989775e+00
1.021040034234712568e+00
1.021047343293087106e+00
1.021055560841831023e+00
1.021066280686387717e+00
1.021072859572607072e+00
1.021081270666698515e+00
1.021090732897075304e+00
1.021097620331333555e+00
1.021106779133434728e+00
1.021114207768268223e+00
1.021121510427418499e+00
1.021131439851845402e+00
1.021137442713615506e+00
1.021144880355308926e+00
1.021154420736613222e+00
1.021160252594467410e+00
1.021168123481508205e+00
1.021175937735987915e+00
1.021182263580811211e+00
1.021191055830931838e+00
1.021196967318695137e+00
1.021203587716242867e+00
1.021212794193316453e+00
1.021217842101132200e+00
1.021224660542874307e+00
1.021232851671756370e+00
1.021238161494678831e+00
1.021245698553107983e+00
1.021251927034450668e+00
1.021257732887277614e+00
1.021266157112532991e+00
1.021270853186945882e+00
1.021276856088388030e+00
1.021285143455692435e+00
1.021289549593966672e+00
1.021295950052636847e+00
1.021302691227368165e+00
1.021307603924580754e+00
1.021314938507615677e+00
1.021319754813285297e+00
1.021325052418853963e+00
1.021332989763962917e+00
1.021336802106305841e+00
1.021342308965157653e+00
1.021349475505039184e+00
1.021353475217801510e+00
1.021359656485843814e+00
1.021364952659652658e+00
1.021369509538790021e+00
1.021376660375593382e+00
1.021380326672542971e+00
1.021385147098083923e+00
1.021392397190150181e+00
1.021395637062002315e+00
1.021400820567418322e+00
1.021406719235998128e+00
1.021410450511603951e+00
1.021416554802841770e+00
1.021420526744851953e+00
1.021424725404447065e+00
1.021431590942155854e+00
1.021434416924032584e+00
1.021438844656425537e+00
1.021445183066067575e+00
1.021448096888307955e+00
1.021453145227998904e+00
1.021457727507873336e+00
1.021461238334489874e+00
1.021467306449668655e+00
1.021470175067352937e+00
1.021474019156348279e+00
1.021480403522131652e+00
1.021482696393095413e+00
1.021486874315092663e+00
1.021492114791562766e+00
1.021494856898869319e+00
1.021499920824407770e+00
1.021503255415681100e+00
1.021506536990296699e+00
1.021512489842698823e+00
1.021514539922459219e+00
1.021518079846447158e+00
1.021523744825838298e+00
1.021525761491602013e+00
1.021529863806295513e+00
1.021533908562228810e+00
1.021536539403080868e+00
1.021541682035331799e+00
1.021543946941627201e+00
1.021546982037175422e+00
1.021552635944525722e+00
1.021554167711529182e+00
1.021557515773201974e+00
1.021562243317453600e+00
1.021564156342117169e+00
1.021568339037801643e+00
1.021571205884993727e+00
1.021573717458257757e+00
1.021578885818898552e+00
1.021580337789937287e+00
1.021583146334845260e+00
1.021588257893770946e+00
1.021589537068879672e+00
1.021592850115457196e+00
1.021596497914871504e+00
1.021598384808326765e+00
1.021602732164321736e+00
1.021604554822483246e+00
1.021606915757807155e+00
1.021611944963926488e+00
1.021612873778328545e+00
1.021615537444803490e+00
1.021619864471995376e+00
1.021621082473956665e+00
1.021624517766997364e+00
1.021627054488590147e+00
1.021628914598528448e+00
1.021633401905298388e+00
1.021634405951923341e+00
1.021636610026289471e+00
1.021641259632340759e+00
1.021641937265119093e+00
1.021644592469494128e+00
1.021647953463783676e+00
1.021649208273192500e+00
1.021652868870281061e+00
1.021654382981991294e+00
1.021656177570354540e+00
1.021660664177808542e+00
1.021661125120235880e+00
1.021663224170961115e+00
1.021667235682429675e+00
1.021667871880455047e+00
1.021670672815443659e+00
1.021672989686790212e+00
1.021674293753730201e+00
1.021678183932583917e+00
1.021678866854315970e+00
1.021680568516026621e+00
1.021684824476323916e+00
1.021685017251704242e+00
1.021687124713236416e+00
1.021690283327150173e+00
1.021690998751517920e+00
1.021694063852273127e+00
1.021695379369278900e+00
1.021696693221322505e+00
1.021700700731004385e+00
1.021700809678091293e+00
1.021702442108338049e+00
1.021706200458428082e+00
1.021706351569904747e+00
1.021708614111841884e+00
1.021710798055306402e+00
1.021711623090663101e+00
1.021714984962964090e+00
1.021715453682616292e+00
1.021716734214000777e+00
1.021720646370374297e+00
1.021720455370363378e+00
1.021722107174625194e+00
1.021725126191009636e+00
1.021725380005203743e+00
1.021727927235809297e+00
1.021729133735747252e+00
1.021730034471280302e+00
1.021733612094599675e+00
1.021733468871039996e+00
1.021734714219175277e+00
1.021738263286790405e+00
1.021738013098524744e+00
1.021739819110077940e+00
1.021741937111281917e+00
1.021742345757420622e+00
1.021745236674830082e+00
1.021745581115047541e+00
1.021746504571443559e+00
1.021750108360128140e+00
1.021749622010267311e+00
1.021750894944882138e+00
1.021753819053184964e+00
1.021753677632840640e+00
1.021755773862410788e+00
1.021756943365967452e+00
1.021757484267259874e+00
1.021760670546095540e+00
1.021760361441996778e+00
1.021761283621619443e+00
1.021764652440585897e+00
1.021764074679210488e+00
1.021765494262009133e+00
1.021767596283529311e+00
1.021767640228298024e+00
1.021770108996158388e+00
1.021770404402771559e+00
1.021771020692659127e+00
1.021774340614001630e+00
1.021773636993317247e+00
1.021774594756529542e+00
1.021777453628575305e+00
1.021776974817089290e+00
1.021778678377890381e+00
1.021779867682956588e+00
1.021780090834045529e+00
1.021782916619391246e+00
1.021782516353925363e+00
1.021783166066095205e+00
1.021786371966996176e+00
1.021785532542478059e+00
1.021786625835718887e+00
1.021788747300607758e+00
1.021788470115034819e+00
1.021790559272281573e+00
1.021790868065352687e+00
1.021791215618724102e+00
1.021794268165493236e+00
1.021793416762227791e+00
1.021794111754687817e+00
1.021796922712136846e+00
1.021796158095137796e+00
1.021797520431387163e+00
1.021798773042931430e+00
1.021798712002291110e+00
1.021801202849364820e+00
1.021800776065706184e+00
1.021801192865313013e+00
1.021804244182801469e+00
1.021803202884979500e+00
1.021804021418780017e+00
1.021806185338178574e+00
1.021805624792581746e+00
1.021807372324093244e+00
1.021807745560134428e+00
1.021807853640948061e+00
1.021810649737425969e+00
1.021809712736581277e+00
1.021810187526023483e+00
1.021812957863391880e+00
1.021811954522476640e+00
1.021813021360939100e+00
1.021814369096327724e+00
1.021814051152207359e+00
1.021816229194906445e+00
1.021815831572630895e+00
1.021816045659113881e+00
1.021818944057786505e+00
1.021817755788712923e+00
1.021818343489681924e+00
1.021820562306958946e+00
1.021819752224593092e+00
1.021821192786303900e+00
1.021821671313912105e+00
1.021821562028738750e+00
1.021824109033345973e+00
1.021823142221537584e+00
1.021823430764577267e+00
1.021826159787041499e+00
1.021824961606421001e+00
1.021825773742675025e+00
1.021827238088725665e+00
1.021826686145241414e+00
1.021828571514163064e+00
1.021828250581856778e+00
1.021828284376450569e+00
1.021831026843806667e+00
1.021829742466642710e+00
1.021830136407775314e+00
1.021832413625014535e+00
1.021831385332232278e+00
1.021832551069296491e+00
1.021833166454839237e+00
1.021832856502698839e+00
1.021835159824067807e+00
1.021834213192082785e+00
1.021834341887302600e+00
1.021837022713915522e+00
1.021835671310852511e+00
1.021836265100836361e+00
1.021837858391216880e+00
1.021837092529159552e+00
1.021838704375248597e+00
1.021838500098629421e+00
1.021838369658893075e+00
1.021840950206549747e+00
1.021839617085680274e+00
1.021839848062872314e+00
1.021842179705155118e+00
1.021840963133561875e+00
1.021841884168216641e+00
1.021842659459286651e+00
1.021842161658548243e+00
1.021844226029791747e+00
1.021843344144917065e+00
1.021843332778174629e+00
1.021845953950140551e+00
1.021844489294070790e+00
1.021844896932649682e+00
1.021846623403706245e+00
1.021845662154279744e+00
1.021847019335883955e+00
1.021846964546907488e+00
1.021846680856241196e+00
1.021849091961996026e+00
1.021847754260592600e+00
1.021847847265485276e+00
1.021850223226044019e+00
1.021848847716697595e+00
1.021849552376648429e+00
1.021850502760494273e+00
1.021849827379190723e+00
1.021851657829188742e+00
1.021850880039497866e+00
1.021850742667812950e+00
1.021853289589961911e+00
1.021851750367566369e+00
1.021852000025909923e+00
1.021853856797230620e+00
1.021852718160945805e+00
1.021853839647074214e+00
1.021853960368888314e+00
1.021853530525816511e+00
1.021855764340923622e+00
1.021854463132960911e+00
1.021854437778171087e+00
1.021856843074750776e+00
1.021855337928408325e+00
1.021855852779790741e+00
1.021856986183135696e+00
1.021856142090585839e+00
1.021857744645658261e+00
1.021857105168385349e+00
1.021856850974405262e+00
1.021859307207369172e+00
1.021857730983007695e+00
1.021857846865839914e+00
1.021859824880018586e+00
1.021858527117682769e+00
1.021859432155549641e+00
1.021859747868007151e+00
1.021859176188503415e+00
1.021861225527654460e+00
1.021859998772501443e+00
1.021859869711727820e+00
1.021862285672652026e+00
1.021860680484271144e+00
1.021861030226318245e+00
1.021862347892780853e+00
1.021861343543798650e+00
1.021862725688910345e+00
1.021862253625735129e+00
1.021861887761614351e+00
1.021864236173392948e+00
1.021862659387001493e+00
1.021862661760042368e+00
1.021864746705007709e+00
1.021863308923616653e+00
1.021864017014604498e+00
1.021864540895953244e+00
1.021863829932773804e+00
1.021865689059275439e+00
1.021864571479027539e+00
1.021864348851843296e+00
1.021866754240011943e+00
1.021865079050601866e+00
1.021865286322452437e+00
1.021866783394550504e+00
1.021865627653026465e+00
1.021866798578934699e+00
1.021866517892847881e+00
1.021866042321061485e+00
1.021868266100010469e+00
1.021866723938248622e+00
1.021866629165905316e+00
1.021868802393215647e+00
1.021867244946614628e+00
1.021867775671629230e+00
1.021868514844249010e+00
1.021867666320414259e+00
1.021869331536041425e+00
1.021868354428955517e+00
1.021868044348651638e+00
1.021870416423400485e+00
1.021868701718109396e+00
1.021868786861770628e+00
1.021870452986290534e+00
1.021869155792464845e+00
1.021870126453917393e+00
1.021870055935541588e+00
1.021869470264924917e+00
1.021871553791795506e+00
1.021870079963012268e+00
1.021869900586755975e+00
1.021872140030640086e+00
1.021870484752935848e+00
1.021870857485642770e+00
1.021871813287187791e+00
1.021870828936435993e+00
1.021872298984288108e+00
1.021871490002054017e+00
1.021871095094880388e+00
1.021873410605403265e+00
1.021871687183375732e+00
1.021871668000720268e+00
1.021873487969015448e+00
1.021872060854009501e+00
1.021872843864012115e+00
1.021872997109715353e+00
1.021872299418034924e+00
1.021874228992414313e+00
1.021872855431817939e+00
1.021872600310844703e+00
1.021874881405603563e+00
1.021873151694262738e+00
1.021873385238557530e+00
1.021874553534438679e+00
1.021873435839472766e+00
1.021874712128622242e+00
1.021874095040644637e+00
1.021873615036322569e+00
1.021875851136171409e+00
1.021874149875190874e+00
1.021874041410925082e+00
1.021875995839354179e+00
1.021874452291096080e+00
1.021875061677027352e+00
1.021875447096812550e+00
1.021874634726398501e+00
1.021876399142480851e+00
1.021875155670641799e+00
1.021874830198350903e+00
1.021877126786060019e+00
1.021875347551194579e+00
1.021875459737224157e+00
1.021876831285751575e+00
1.021875584105063295e+00
1.021876670767553286e+00
1.021876265231821845e+00
1.021875697598259025e+00
1.021877832668159680e+00
1.021876184205258831e+00
1.021875998582002953e+00
1.021878064632169458e+00
1.021876420318293510e+00
1.021876871166884193e+00
1.021877492036603385e+00
1.021876562346907269e+00
1.021878153314704996e+00
1.021877067269982620e+00
1.021876673672547309e+00
1.021878958888784439e+00
1.021877156385099017e+00
1.021877163655947385e+00
1.021878724533371585e+00
1.021877353608950934e+00
1.021878257402389467e+00
1.021878078759695274e+00
1.021877419369476181e+00
1.021879433735114029e+00
1.021877868083026275e+00
1.021877614408918333e+00
1.021879766542554080e+00
1.021878039397802418e+00
1.021878347417291888e+00
1.021879201986955810e+00
1.021878153047132809e+00
1.021879565457646688e+00
1.021878661321115489e+00
1.021878199037932422e+00
1.021880446160465805e+00
1.021878647718539534e+00
1.021878564737068285e+00
1.021880296825975254e+00
1.021878810166808593e+00
1.021879540239048811e+00
1.021879599345079326e+00
1.021878843157453254e+00
1.021880719689698402e+00
1.021879265808066650e+00
1.021878950171630551e+00
1.021881160930859123e+00
1.021879371118563640e+00
1.021879552147319847e+00
1.021880633814844064e+00
1.021879465020281375e+00
1.021880697056459564e+00
1.021879996086241249e+00
1.021879462226332524e+00
1.021881645470185784e+00
1.021879879144018899e+00
1.021879718446206731e+00
1.021881599987050304e+00
1.021880008126493600e+00
1.021880575662243995e+00
1.021880878770264234e+00
1.021880020509960740e+00
1.021881745096976157e+00
1.021880430436405085e+00
1.021880055997751224e+00
1.021882296798059198e+00
1.021880466557217648e+00
1.021880536048422439e+00
1.021881833605776890e+00
1.021880546204567031e+00
1.021881599303751331e+00
1.021881119194158360e+00
1.021880509057666142e+00
1.021882604299622299e+00
1.021880898447558916e+00
1.021880670164899696e+00
1.021882676366812515e+00
1.021880992495269425e+00
1.021881410267608370e+00
1.021881958972792992e+00
1.021880993785972080e+00
1.021882555669456405e+00
1.021881405705665768e+00
1.021880972887486472e+00
1.021883214808059659e+00
1.021881368199108575e+00
1.021881340710536268e+00
1.021882838666710036e+00
1.021881436184993941e+00
1.021882314862677887e+00
1.021882069442149543e+00
1.021881377091985010e+00
1.021883362508226867e+00
1.021881745324390245e+00
1.021881456993518178e+00
1.021883560696938087e+00
1.021881800674451224e+00
1.021882082526749613e+00
1.021882873781593037e+00
1.021881797849458540e+00
1.021883189820709692e+00
1.021882227595085624e+00
1.021881734371415718e+00
1.021883948925587315e+00
1.021882111489174072e+00
1.021882000205523777e+00
1.021883679187859828e+00
1.021882167746402281e+00
1.021882879295209712e+00
1.021882878275614193e+00
1.021882097141150414e+00
1.021883953743247586e+00
1.021882452756408322e+00
1.021882109229203195e+00
1.021884281609397149e+00
1.021882463865533053e+00
1.021882624151005947e+00
1.021883650359440399e+00
1.021882461451364188e+00
1.021883679906697706e+00
1.021882925588422752e+00
1.021882367863915508e+00
1.021884527731387937e+00
1.021882726075220349e+00
1.021882542387863024e+00
1.021884379620120686e+00
1.021882768138087982e+00
1.021883322219705903e+00
1.021883571008134428e+00
1.021882694500730437e+00
1.021884406557420188e+00
1.021883048113766845e+00
1.021882651575876544e+00
1.021884862873313260e+00
1.021883008203988252e+00
1.021883061210800747e+00
1.021884310406565799e+00
1.021883008356812006e+00
1.021884053215963650e+00
1.021883523699647522e+00
1.021882895767345589e+00
1.021884975469593115e+00
1.021883236798856398e+00
1.021882989964364441e+00
1.021884959816398375e+00
1.021883260101835056e+00
1.021883668252961952e+00
1.021884167835652502e+00
1.021883189954765569e+00
1.021884745289871610e+00
1.021883554035439623e+00
1.021883104135680176e+00
1.021885324396548889e+00
1.021883455669188479e+00
1.021883415058670863e+00
1.021884871171051312e+00
1.021883458266134470e+00
1.021884332761469949e+00
1.021884041312834945e+00
1.021883336374308948e+00
1.021885312875182805e+00
1.021883664482102771e+00
1.021883361376641375e+00
1.021885435977039291e+00
1.021883662706785323e+00
1.021883937782819274e+00
1.021884684689244871e+00
1.021883600598036068e+00
1.021884990758269662e+00
1.021883989135882409e+00
1.021883483223481326e+00
1.021885683031712899e+00
1.021883824811387065e+00
1.021883703095478602e+00
1.021885346302709774e+00
1.021883827569839198e+00
1.021884537918321234e+00
1.021884493879111400e+00
1.021883704607601695e+00
1.021885557822609369e+00
1.021884026550573310e+00
1.021883671532389126e+00
1.021885821431945729e+00
1.021883992026574095e+00
1.021884147608592919e+00
1.021885133962000314e+00
1.021883940512571254e+00
1.021885160802814774e+00
1.021884368577303359e+00
1.021883802038736855e+00
1.021885953219728638e+00
1.021884131329762191e+00
1.021883939411342812e+00
1.021885746578866661e+00
1.021884129969568900e+00
1.021884684943336286e+00
1.021884893505221603e+00
1.021884012630231320e+00
1.021885725830178338e+00
1.021884337527444897e+00
1.021883932414473062e+00
1.021886127285259960e+00
1.021884261687000528e+00
1.021884311478463703e+00
1.021885525137165462e+00
1.021884221327788111e+00
1.021885270715602978e+00
1.021884704539906208e+00
1.021884071222326273e+00
1.021886147498324515e+00
1.021884388529408660e+00
1.021884135325850096e+00
1.021886080523254581e+00
1.021884376989900645e+00
1.021884787404802708e+00
1.021885249460658951e+00
1.021884270351419488e+00
1.021885830449045907e+00
1.021884609426500612e+00
1.021884153590729483e+00
1.021886362942941773e+00
1.021884483306461089e+00
1.021884440545931083e+00
1.021885865337385013e+00
1.021884452687094269e+00
1.021885333582524646e+00
1.021885006616043867e+00
1.021884299320242384e+00
1.021886276898001045e+00
1.021884607680088930e+00
1.021884299846298916e+00
1.021886354933356333e+00
1.021884578399754329e+00
1.021884856544070574e+00
1.021885568623597695e+00
1.021884485849001045e+00
1.021885883560763153e+00
1.021884852067447280e+00
1.021884342642360277e+00
1.021886536539252432e+00
1.021884666846634815e+00
1.021884543761649500e+00
1.021886159808757188e+00
1.021884642638235086e+00
1.021885360559291023e+00
1.021885282148669027e+00
1.021884493171368424e+00
1.021886351244247759e+00
1.021884798295563890e+00
1.021884440058173027e+00
1.021886575327116020e+00
1.021884742557398251e+00
1.021884901585087047e+00
1.021885855880173999e+00
1.021884665724092534e+00
1.021885895603239724e+00
1.021885073332513327e+00
1.021884505524857101e+00
1.021886655275044964e+00
