1.000603444564682754e+00
1.000676219479144979e+00
1.000798033425152056e+00
1.000943773364659783e+00
1.001101056225349950e+00
1.001267024862485089e+00
1.001441295013478339e+00
1.001618070395015270e+00
1.001797644674378374e+00
1.001982132808225234e+00
1.002166424106901044e+00
1.002350951819736213e+00
1.002538963551055762e+00
1.002725744350264847e+00
1.002911228709327807e+00
1.003099429292314104e+00
1.003286068135206044e+00
1.003470323811614939e+00
1.003656806482169817e+00
1.003841750009243583e+00
1.004023457243388817e+00
1.004207035859141284e+00
1.004389294636482965e+00
1.004567610553326551e+00
1.004747513077665522e+00
1.004926430025392836e+00
1.005100806979996930e+00
1.005276525243974817e+00
1.005451657649107933e+00
1.005621746875007716e+00
1.005792953371159371e+00
1.005964005296012376e+00
1.006129599308503986e+00
1.006296095725709883e+00
1.006462875362296838e+00
1.006623870041223778e+00
1.006785552573983722e+00
1.006947943417968894e+00
1.007104311233791183e+00
1.007261145743294506e+00
1.007419086222088866e+00
1.007570856383285474e+00
1.007722859892298040e+00
1.007876328588635628e+00
1.008023571820375164e+00
1.008170798392335810e+00
1.008319803196035425e+00
1.008462619811159033e+00
1.008605149649505872e+00
1.008749719783745835e+00
1.008888230214731063e+00
1.009026161240760278e+00
1.009166341447403470e+00
1.009300678696315678e+00
1.009434120104292454e+00
1.009569966471309144e+00
1.009700270106276498e+00
1.009829337537762495e+00
1.009960914576348845e+00
1.010087326008169528e+00
1.010212138075228250e+00
1.010339516738201215e+00
1.010462175575651544e+00
1.010582851516053093e+00
1.010706107910020801e+00
1.010825149232290610e+00
1.010941807510775003e+00
1.011061022101797047e+00
1.011176574510662673e+00
1.011289332196163127e+00
1.011404589347085770e+00
1.011516773676447212e+00
1.011625746431417783e+00
1.011737134141358574e+00
1.011846062712177918e+00
1.011951365231494204e+00
1.012058974975228676e+00
1.012164751292760734e+00
1.012266498030135242e+00
1.012370424617953013e+00
1.012473143417226495e+00
1.012571449440262228e+00
1.012671790837678998e+00
1.012771538393248072e+00
1.012866520216951116e+00
1.012963377279260779e+00
1.013060231906430575e+00
1.013152008171154694e+00
1.013245484261346974e+00
1.013339516948050800e+00
1.013428208832199751e+00
1.013518409303711509e+00
1.013609684424570334e+00
1.013695415714381376e+00
1.013782447253833263e+00
1.013871023330048970e+00
1.013953920106472673e+00
1.014037889946759030e+00
1.014123820426754197e+00
1.014204010369683662e+00
1.014285025400418316e+00
1.014368359445863232e+00
1.014445970794748852e+00
1.014524136613977667e+00
1.014604919883290490e+00
1.014680080126419526e+00
1.014755500092630491e+00
1.014833775518699799e+00
1.014906609907495261e+00
1.014979384261855522e+00
1.015055192822347907e+00
1.015125822819593848e+00
1.015196047952684033e+00
1.015269429430099901e+00
1.015337971201307976e+00
1.015405739134751073e+00
1.015476732860101539e+00
1.015543295906285559e+00
1.015608694047094973e+00
1.015677339616732011e+00
1.015742025627147882e+00
1.015805136831995803e+00
1.015871474782898076e+00
1.015934376761272739e+00
1.015995279721101596e+00
1.016059352146720496e+00
1.016120553837820850e+00
1.016179323762969267e+00
1.016241174850064599e+00
1.016300750468492442e+00
1.016357460024043036e+00
1.016417136490761930e+00
1.016475150733087141e+00
1.016529871146746089e+00
1.016587422563179466e+00
1.016643930869359558e+00
1.016696733113018336e+00
1.016752212087146834e+00
1.016807261108040539e+00
1.016858217041793022e+00
1.016911679255960266e+00
1.016965307480196756e+00
1.017014490845837393e+00
1.017065994931910078e+00
1.017118233426560936e+00
1.017165720587225541e+00
1.017215327833152383e+00
1.017266201057386965e+00
1.017312071400626294e+00
1.017359845288024589e+00
1.017409371946082386e+00
1.017453707897450599e+00
1.017499713479844914e+00
1.017547907388013151e+00
1.017590794018207401e+00
1.017635097162527202e+00
1.017681968113262059e+00
1.017723492359893900e+00
1.017766158888932182e+00
1.017811713502701387e+00
1.017851963063434173e+00
1.017893057852237160e+00
1.017937300413171320e+00
1.017976362395907497e+00
1.018015948488036226e+00
1.018058881762386347e+00
1.018096841197141611e+00
1.018134979014693187e+00
1.018176605051241079e+00
1.018213543375390273e+00
1.018250290097452826e+00
1.018290611006720692e+00
1.018326604630416021e+00
1.018362013806886734e+00
1.018401032512097792e+00
1.018436151555478952e+00
1.018470273006914173e+00
1.018507993955224178e+00
1.018542301226488700e+00
1.018575181257020734e+00
1.018611611075676882e+00
1.018645161332800475e+00
1.018676843254431530e+00
1.018711991333922429e+00
1.018744830846423088e+00
1.018775355782162606e+00
1.018809234767399596e+00
1.018841401171034722e+00
1.018870809074698514e+00
1.018903435245597011e+00
1.018934957664329177e+00
1.018963288469672435e+00
1.018994681993754758e+00
1.019025581390680557e+00
1.019052876184797007e+00
1.019083061226277565e+00
1.019113350938504636e+00
1.019139653046406302e+00
1.019168657718638293e+00
1.019198344129668365e+00
1.019223700000055466e+00
1.019251556151707483e+00
1.019280639457698978e+00
1.019305099254418590e+00
1.019331842085139161e+00
1.019360317117310455e+00
1.019383934945880643e+00
1.019409602455332520e+00
1.019437459528558909e+00
1.019460293260033179e+00
1.019484925545449006e+00
1.019512151311608550e+00
1.019534262003460867e+00
1.019557900434889364e+00
1.019584478727639798e+00
1.019605929678919276e+00
1.019628615996733156e+00
1.019654528661082526e+00
1.019675384172331167e+00
1.019697159566123057e+00
1.019722387270581176e+00
1.019742711203952990e+00
1.019763615443025184e+00
1.019788138473811445e+00
1.019807992722730816e+00
1.019828063413419805e+00
1.019851862449197677e+00
1.019871305428663888e+00
1.019890577470881521e+00
1.019913634333368346e+00
1.019932719592330672e+00
1.019951224896183950e+00
1.019973523267695414e+00
1.019992298306109157e+00
1.020010065809749733e+00
1.020031591904437818e+00
1.020050097252947818e+00
1.020067153256617010e+00
1.020087896428774954e+00
1.020106165022202305e+00
1.020122533823382582e+00
1.020142487094278350e+00
1.020160543944601095e+00
1.020176248728435819e+00
1.020195409212752979e+00
1.020213271365726371e+00
1.020228335276776477e+00
1.020246704490526346e+00
1.020264381234034179e+00
1.020278828533199178e+00
1.020296412566514821e+00
1.020313905848731162e+00
1.020327763045396630e+00
1.020344572585688336e+00
1.020361877596830835e+00
1.020375174443034272e+00
1.020391224636779004e+00
1.020408330508799422e+00
1.020421100750292354e+00
1.020436410895938506e+00
1.020453301478809749e+00
1.020465583277136323e+00
1.020480176348081969e+00
1.020496831028202767e+00
1.020508666996654323e+00
1.020522569002732416e+00
1.020538963537226618e+00
1.020550400368917643e+00
1.020563639577387827e+00
1.020579746926547404e+00
1.020590834630918042e+00
1.020603440682796181e+00
1.020619231830540041e+00
1.020630022630846456e+00
1.020642025603749392e+00
1.020657470361752139e+00
1.020668017336200606e+00
1.020679446818264946e+00
1.020694514612675130e+00
1.020704870182267188e+00
1.020715754430444377e+00
1.020730415070581376e+00
1.020740629445409331e+00
1.020750994703222059e+00
1.020765219129622592e+00
1.020775338821949818e+00
1.020785208865209182e+00
1.020798969870607920e+00
1.020809036369072498e+00
1.020818432332832426e+00
1.020831705245240029e+00
1.020841753922684836e+00
1.020850694439930706e+00
1.020863457752948733e+00
1.020873517054335933e+00
1.020882018708659356e+00
1.020894254641398602e+00
1.020904345571639116e+00
1.020912423635383703e+00
1.020924118603105946e+00
1.020934254510580397e+00
1.020941923909921112e+00
1.020953068886718551e+00
1.020963255518941182e+00
1.020970531941431503e+00
1.020981122697411925e+00
1.020991358491841972e+00
1.020998259533088870e+00
1.021008296730318232e+00
1.021018573295852327e+00
1.021025119532581904e+00
1.021034608666362420e+00
1.021044911408972355e+00
1.021051127287338822e+00
1.021060078462704857e+00
1.021070387311020289e+00
1.021076301752045667e+00
1.021084729290440585e+00
1.021095019482636701e+00
1.021100666130305257e+00
1.021108588009111529e+00
1.021118830910076936e+00
1.021124247979657396e+00
1.021131685118106036e+00
1.021141849044347794e+00
1.021147078765604288e+00
1.021154054184286064e+00
1.021164105222273299e+00
1.021169192910071022e+00
1.021175730806594739e+00
1.021185633617171185e+00
1.021190626436080162e+00
1.021196751234254574e+00
1.021206469840504560e+00
1.021211415356277907e+00
1.021217150797877116e+00
1.021226649355887695e+00
1.021231593982170116e+00
1.021236962336331100e+00
1.021246205887619496e+00
1.021251193339615781e+00
1.021256214803173634e+00
1.021265170004647116e+00
1.021270239863221629e+00
1.021274932214925268e+00
1.021283568038031220e+00
1.021288754509893426e+00
1.021293133062745273e+00
1.021301421449105629e+00
1.021306752384618877e+00
1.021310830255118152e+00
1.021318746712375658e+00
1.021324242915773395e+00
1.021328031599110453e+00
1.021335555718600574e+00
1.021341230559544400e+00
1.021344740768923121e+00
1.021351856646200318e+00
1.021357715959381629e+00
1.021360958659000895e+00
1.021367655198915259e+00
1.021373697441545714e+00
1.021376684979546479e+00
1.021382956069035508e+00
1.021389172695239100e+00
1.021391919927891800e+00
1.021397764461644098e+00
1.021404140467730759e+00
1.021406665761372290e+00
1.021412087508201783e+00
1.021418602102780682e+00
1.021420928106559600e+00
1.021425935408286190e+00
1.021432562765055341e+00
1.021434716865353254e+00
1.021439322166110664e+00
1.021446032223760847e+00
1.021448046618785188e+00
1.021452265831724660e+00
1.021459025113526708e+00
1.021460936481279225e+00
1.021464788211805974e+00
1.021471560645978993e+00
1.021473409416781886e+00
1.021476914076076881e+00
1.021483661805827392e+00
1.021485491087370079e+00
1.021488669945355365e+00
1.021495354123565180e+00
1.021497208357601272e+00
1.021500082598319148e+00
1.021506664165485523e+00
1.021508587617199648e+00
1.021511177469089482e+00
1.021517617913977105e+00
1.021519653105342984e+00
1.021521977121735425e+00
1.021528239222468715e+00
1.021530425419104215e+00
1.021532499978834885e+00
1.021538548518556855e+00
1.021540920366854621e+00
1.021542759450802196e+00
1.021548561897625884e+00
1.021551148287945132e+00
1.021552763565435784e+00
1.021558290702272442e+00
1.021561113908268092e+00
1.021562515139605720e+00
1.021567741626488557e+00
1.021570816743884169e+00
1.021572012474647018e+00
1.021576917324717337e+00
1.021580252008256195e+00
1.021581250500667837e+00
1.021585817451013289e+00
1.021589411928262692e+00
1.021590222248269786e+00
1.021594440007860261e+00
1.021598287334273047e+00
1.021598920492970519e+00
1.021602782851653846e+00
1.021606869363022918e+00
1.021607339400273817e+00
1.021610845185039862e+00
1.021615151100747854e+00
1.021615475998898681e+00
1.021618628866748590e+00
1.021623128999021413e+00
1.021623331326122930e+00
1.021626139387673993e+00
1.021630803917246810e+00
1.021630911121496732e+00
1.021633386396764154e+00
1.021638181682788193e+00
1.021638225991011728e+00
1.021640383709232047e+00
1.021645273109684560e+00
1.021645291019317892e+00
1.021647148788039861e+00
1.021652093475251322e+00
1.021652124867315381e+00
1.021653701751206178e+00
1.021658661514280642e+00
1.021658748449713272e+00
1.021660064014555003e+00
1.021664998045565431e+00
1.021665183334814930e+00
1.021666256724460098e+00
1.021671124387728113e+00
1.021671450040587459e+00
1.021672299161521469e+00
1.021677060744980992e+00
1.021677566412664717e+00
1.021678207300224628e+00
1.021682824745214102e+00
1.021683546259908759e+00
1.021683992691008180e+00
1.021688430292749805e+00
1.021689398393166748e+00
1.021689661792755111e+00
1.021693886859360578e+00
1.021695126167342149e+00
1.021695215831132320e+00
1.021699199285265980e+00
1.021700727571871914e+00
1.021700651198547360e+00
1.021704368103535376e+00
1.021706195856870947e+00
1.021705960352062181e+00
1.021709390343475743e+00
1.021711520627673453e+00
1.021711133112846337e+00
1.021714260717093925e+00
1.021716689294204894e+00
1.021716158229462490e+00
1.021718973052321511e+00
1.021721688727220911e+00
1.021721025040741360e+00
1.021723521810686375e+00
1.021726506953313907e+00
1.021725725063889145e+00
1.021727903517632763e+00
1.021731134716248990e+00
1.021730253340392913e+00
1.021732117941793083e+00
1.021735566744360613e+00
1.021734609395787752e+00
1.021736168885056140e+00
1.021739802592152691e+00
1.021738797707854030e+00
1.021740064486622135e+00
1.021743846967294367e+00
1.021742827628412176e+00
1.021743816997970233e+00
1.021747709508480373e+00
1.021746712761959275e+00
1.021747442046348597e+00
1.021751404039717315e+00
1.021750469863946797e+00
1.021750957465008325e+00
1.021754947385642431e+00
1.021754117375465398e+00
1.021754381821132984e+00
1.021758357882806667e+00
1.021757673752605511e+00
1.021757732809988717e+00
1.021761653756682486e+00
1.021761155772201057e+00
1.021761025700862024e+00
1.021764851548558228e+00
1.021764576997917562e+00
1.021764272014488384e+00
1.021767964768612869e+00
1.021767946571599195e+00
1.021767478583970323e+00
1.021771002922807092e+00
1.021771268457450699e+00
1.021770647105828322e+00
1.021773971016004978e+00
1.021774541216164067e+00
1.021773774231270693e+00
1.021776869578244540e+00
1.021777758329081909e+00
1.021776852187350482e+00
1.021779695202172489e+00
1.021780909035367557e+00
1.021779869860417689e+00
1.021782441523879204e+00
1.021783979593655189e+00
1.021782814225964620e+00
1.021785100532192292e+00
1.021786954838129535e+00
1.021785671973759468e+00
1.021787664056957645e+00
1.021789819870505323e+00
1.021788431157565569e+00
1.021790125267766580e+00
1.021792561715927583e+00
1.021791082695989727e+00
1.021792480012657212e+00
1.021795170773568184e+00
1.021793621565196153e+00
1.021794727842026074e+00
1.021797641911978083e+00
1.021796047554469178e+00
1.021796872595667871e+00
1.021799975094291435e+00
1.021798365499795747e+00
1.021798922478091676e+00
1.021802175466801632e+00
1.021800584965117276e+00
1.021800889604780771e+00
1.021804252902001053e+00
1.021802719400442871e+00
1.021802789063641637e+00
1.021806221047720564e+00
1.021804784864034810e+00
1.021804637594066367e+00
1.021808095990211385e+00
1.021806798445267894e+00
1.021806452033024781e+00
1.021809894683407105e+00
1.021808776559018250e+00
1.021808247706807338e+00
1.021811633323030710e+00
1.021810733296956597e+00
1.021810036954293954e+00
1.021813325849038279e+00
1.021812679013974545e+00
1.021811827951983886e+00
1.021814982742688338e+00
1.021814619300532190e+00
1.021813623975025731e+00
1.021816610248027501e+00
1.021816554447940728e+00
1.021815423177421467e+00
1.021818210097110491e+00
1.021818479459485784e+00
1.021817218915431980e+00
1.021819779760447133e+00
1.021820384602456278e+00
1.021819000578365166e+00
1.021821313185859115e+00
1.021822256440833465e+00
1.021820754836899381e+00
1.021822801936292047e+00
1.021824079240742034e+00
1.021822467176048521e+00
1.021824236594964352e+00
1.021825836604567384e+00
1.021824123551173358e+00
1.021825608278132735e+00
1.021827513167467671e+00
1.021825711993053165e+00
1.021826910083928341e+00
1.021829096183457963e+00
1.021827223992627598e+00
1.021828138311416279e+00
1.021830576838152593e+00
1.021828655517329931e+00
1.021829293307235487e+00
1.021831951151511264e+00
1.021830007547539942e+00
1.021830379836558667e+00
1.021833220375163220e+00
1.021831286070855382e+00
1.021831406927411923e+00
1.021834390841885876e+00
1.021832501529294834e+00
1.021832387197538772e+00
1.021835473284521401e+00
1.021833667774271426e+00
1.021833335734056325e+00
1.021836481701226873e+00
1.021834800639354501e+00
1.021834268650429145e+00
1.021837431895927573e+00
1.021835916284394408e+00
1.021835201485278954e+00
1.021838339860110079e+00
1.021837029490745286e+00
1.021836147627622982e+00
1.021839220179460161e+00
1.021838152092522822e+00
1.021837116950389701e+00
1.021840084644025648e+00
1.021839291712595355e+00
1.021838114809155318e+00
1.021840941214526621e+00
1.021840450936874145e+00
1.021839141519744310e+00
1.021841793454159486e+00
1.021841627011432108e+00
1.021840192372880374e+00
1.021842640480731923e+00
1.021842812090456132e+00
1.021841258183751933e+00
1.021843477435110170e+00
1.021843994005561473e+00
1.021842326316270810e+00
1.021844296405423513e+00
1.021845157474454702e+00
1.021843382072017636e+00
1.021845087697830223e+00
1.021846285623827510e+00
1.021844410296666839e+00
1.021845841308212322e+00
1.021847361670973564e+00
1.021845397034877756e+00
1.021846548427868706e+00
1.021848370593045230e+00
1.021846331059556690e+00
1.021847202811944300e+00
1.021849300613356881e+00
1.021847205113308066e+00
1.021847801852656890e+00
1.021850144351204914e+00
1.021848016728043040e+00
1.021848347229844300e+00
1.021850899514655797e+00
1.021848768531188334e+00
1.021848845056825272e+00
1.021851569062571352e+00
1.021849468000283867e+00
1.021849305495990290e+00
1.021852160818772282e+00
1.021850126686977500e+00
1.021849741880011653e+00
1.021852686581819603e+00
1.021850758990070718e+00
1.021850169433648370e+00
1.021853160831127427e+00
1.021851380608244986e+00
1.021850603740085406e+00
1.021853599176535621e+00
1.021852006839747418e+00
1.021851059127679484e+00
1.021854016727635317e+00
1.021852650913693372e+00
1.021851547163364016e+00
1.021854426567006424e+00
1.021853322533460506e+00
1.021852075426375572e+00
1.021854838497226581e+00
1.021854026787768044e+00
1.021852646702474443e+00
1.021855258197390093e+00
1.021854763543186495e+00
1.021853258689436661e+00
1.021855686875914770e+00
1.021855527378724204e+00
1.021853904246116773e+00
1.021856121449193466e+00
1.021856308065419938e+00
1.021854572157193664e+00
1.021856555217014240e+00
1.021857091537884177e+00
1.021855248330581833e+00
1.021856978951934281e+00
1.021857861255774491e+00
1.021855917299673733e+00
1.021857382275979109e+00
1.021858599815267166e+00
1.021856563871812673e+00
1.021857755167848270e+00
1.021859290646372154e+00
1.021857174749682295e+00
1.021858089429674266e+00
1.021859919623201662e+00
1.021857739954600941e+00
1.021858379945659534e+00
1.021860476421942998e+00
1.021858253899781577e+00
1.021858625585785774e+00
1.021860955485374589e+00
1.021858715996277756e+00
1.021858829645101663e+00
1.021861356492080208e+00
1.021859130722006626e+00
1.021858999759907016e+00
1.021861684280193749e+00
1.021859507140851386e+00
1.021859147301588111e+00
1.021861948234644712e+00
1.021859857918646641e+00
1.021859286310256909e+00
1.021862161206965602e+00
1.021860197939076009e+00
1.021859432085999719e+00
1.021862338090154809e+00
1.021860542668033833e+00
1.021859599597878976e+00
1.021862494210740380e+00
1.021860906443803341e+00
1.021859801893856945e+00
1.021862643720478303e+00
1.021861300878567302e+00
1.021860048695227174e+00
1.021862798168318154e+00
1.021861733543368178e+00
1.021860345337082698e+00
1.021862965409956470e+00
1.021862207075819207e+00
1.021860692175252217e+00
1.021863148971029256e+00
1.021862718802375669e+00
1.021861084525897967e+00
1.021863347926621035e+00
1.021863260911079374e+00
1.021861513143885292e+00
1.021863557301114112e+00
1.021863821152965368e+00
1.021861965187255805e+00
1.021863768935157513e+00
1.021864383996814452e+00
1.021862425563911048e+00
1.021863972716575031e+00
1.021864932117315661e+00
1.021862878517520778e+00
1.021864158033686909e+00
1.021865448064443571e+00
1.021863309285639732e+00
1.021864315286061142e+00
1.021865915944156100e+00
1.021863705655623233e+00
1.021864437280977533e+00
1.021866322938778771e+00
1.021864059253549062e+00
1.021864520354809791e+00
1.021866660510253766e+00
1.021864366427375437e+00
1.021864565086751275e+00
1.021866925160320294e+00
1.021864628626246274e+00
1.021864576515904899e+00
1.021867118666823782e+00
1.021864852229981802e+00
1.021864563828025263e+00
1.021867247770954723e+00
1.021865047841574947e+00
1.021864539539371508e+00
1.021867323350652779e+00
1.021865229114627294e+00
1.021864518265029442e+00
1.021867359173566969e+00
1.021865411240125976e+00
1.021864515209816471e+00
1.021867370371263073e+00
1.021865609255882434e+00
1.021864544554503151e+00
1.021867371808184100e+00
1.021865836362175983e+00
1.021864617923535778e+00
1.021867376529782323e+00
1.021866102425918132e+00
1.021864743110955542e+00
1.021867394462876000e+00
1.021866412833438265e+00
1.021864923210330511e+00
1.021867431509633661e+00
1.021866767812141585e+00
1.021865156246910544e+00
1.021867489129285378e+00
1.021867162289350706e+00
1.021865435352541596e+00
1.021867564445151144e+00
1.021867586299171293e+00
1.021865749463505502e+00
1.021867650855749821e+00
1.021868025891634169e+00
1.021866084465270497e+00
1.021867739074014292e+00
1.021868464448217662e+00
1.021866424661676431e+00
1.021867818473226830e+00
1.021868884268208433e+00
1.021866754413223610e+00
1.021867878586065315e+00
1.021869268264180564e+00
1.021867059772175734e+00
1.021867910586730321e+00
1.021869601593930810e+00
1.021867329942137026e+00
1.021867908586982843e+00
1.021869873061609812e+00
1.021867558406611920e+00
1.021867870595430050e+00
1.021870076142650463e+00
1.021867743603694478e+00
1.021867799024593459e+00
1.021870209524484929e+00
1.021867889070149582e+00
1.021867700679511826e+00
1.021870277105257019e+00
1.021868003033828298e+00
1.021867586220244650e+00
1.021870287451222659e+00
1.021868097493123129e+00
1.021867469152220931e+00
1.021870252773921628e+00
1.021868186879297369e+00
1.021867364455268934e+00
1.021870187542992969e+00
1.021868286444899132e+00
1.021867287006729352e+00
1.021870106892412311e+00
1.021868410552846829e+00
1.021867249979972581e+00
1.021870025001091697e+00
1.021868571051868013e+00
1.021867263403205328e+00
1.021869953630036409e+00
1.021868775913458371e+00
1.021867333044347514e+00
1.021869900977719681e+00
1.021869028275131042e+00
1.021867459748924567e+00
1.021869870976225947e+00
1.021869325988889576e+00
1.021867639305096054e+00
1.021869863098572306e+00
1.021869661718705746e+00
1.021867862850186714e+00
1.021869872689301850e+00
1.021870023572947872e+00
1.021868117773755413e+00
1.021869891772623884e+00
1.021870396203298892e+00
1.021868389019664480e+00
1.021869910241121282e+00
1.021870762255655540e+00
1.021868660648652449e+00
1.021869917287927976e+00
1.021871104024393517e+00
1.021868917496719043e+00
1.021869902919624762e+00
1.021871405141594247e+00
1.021869146754913027e+00
1.021869859378026213e+00
1.021871652128875541e+00
1.021869339303426383e+00
1.021869782307535335e+00
1.021871835652004901e+00
1.021869490656763135e+00
1.021869671530671875e+00
1.021871951347255614e+00
1.021869601415576367e+00
1.021869531336058179e+00
1.021872000131822000e+00
1.021869677171595381e+00
1.021869370237118879e+00
1.021871987965086381e+00
1.021869727870257982e+00
1.021869200220510976e+00
1.021871925087689315e+00
1.021869766695170156e+00
1.021869035563836015e+00
1.021871824824282626e+00
1.021869808592275941e+00
1.021868891354641429e+00
1.021871702085905609e+00
1.021869868592773400e+00
1.021868781879879506e+00
1.021871571742317242e+00
1.021869960116784215e+00
1.021868719071528320e+00
1.021871447048524839e+00
1.021870093441548777e+00
1.021868711187688294e+00
1.021871338301390209e+00
1.021870274498410058e+00
1.021868761880303955e+00
1.021871251873080366e+00
1.021870504125130363e+00
1.021868869754964715e+00
1.021871189722608264e+00
1.021870777849414269e+00
1.021869028471513730e+00
1.021871149431054615e+00
1.021871086222388314e+00
1.021869227373759959e+00
1.021871124747145254e+00
1.021871415663760274e+00
1.021869452579473592e+00
1.021871106574232524e+00
1.021871749729035939e+00
1.021869688413796329e+00
1.021871084282782727e+00
1.021872070667940946e+00
1.021869919034315455e+00
1.021871047198267046e+00
1.021872361115014893e+00
1.021870130076837802e+00
1.021870986095677836e+00
1.021872605740274054e+00
1.021870310148528249e+00
1.021870894530329199e+00
1.021872792690956766e+00
1.021870452009651986e+00
1.021870769850737881e+00
1.021872914675028499e+00
1.021870553315758157e+00
1.021870613772417391e+00
1.021872969572500178e+00
1.021870616836608736e+00
1.021870432438937382e+00
1.021872960509303985e+00
1.021870650122818969e+00
1.021870235954292827e+00
1.021872895386179092e+00
1.021870664650763594e+00
1.021870037432223155e+00
1.021872785915563853e+00
1.021870674534205214e+00
1.021869851666123319e+00
1.021872646275503893e+00
1.021870694940218982e+00
1.021869693569847470e+00
1.021872491533635241e+00
1.021870740380839138e+00
1.021869576568456672e+00
1.021872336020271721e+00
1.021870823065877509e+00
1.021869511124682273e+00
1.021872191833948396e+00
1.021870951494756596e+00
1.021869503570739024e+00
1.021872067645072768e+00
1.021871129437298631e+00
1.021869555378717376e+00
1.021871967926475389e+00
1.021871355409359472e+00
1.021869662951440549e+00
1.021871892688913430e+00
1.021871622694911608e+00
1.021869817956449600e+00
1.021871837741678224e+00
1.021871919908335702e+00
1.021870008165962851e+00
1.021871795440210340e+00
1.021872232035483830e+00
1.021870218711856682e+00
1.021871755830163986e+00
1.021872541844651483e+00
1.021870433621936414e+00
1.021871708055505090e+00
1.021872831522689484e+00
1.021870637475438492e+00
1.021871641870446545e+00
1.021873084369651519e+00
1.021870817003673881e+00
1.021871549083611885e+00
1.021873286379184842e+00
1.021870962466723043e+00
1.021871424768896031e+00
1.021873427542163482e+00
1.021871068658769977e+00
1.021871268101110397e+00
1.021873502737682404e+00
1.021871135431576816e+00
1.021871082714189249e+00
1.021873512117067229e+00
