1.000603444564682754e+00
1.000676150899893813e+00
1.000794546754505632e+00
1.000934857495895836e+00
1.001092239431626840e+00
1.001261525088497972e+00
1.001436497591641661e+00
1.001610904597126872e+00
1.001784905873283726e+00
1.001965242548373602e+00
1.002152760491294314e+00
1.002342434949510475e+00
1.002528159463045743e+00
1.002708204506011391e+00
1.002890064392018887e+00
1.003078523284911538e+00
1.003269722761655158e+00
1.003457240489789903e+00
1.003636900181928748e+00
1.003814284564162662e+00
1.003997322664679670e+00
1.004184558601502353e+00
1.004369637309842744e+00
1.004546616295757921e+00
1.004717740653498836e+00
1.004892422435237798e+00
1.005072652521304066e+00
1.005252763017554507e+00
1.005425892403475352e+00
1.005590675098184228e+00
1.005755870006214359e+00
1.005927203781031398e+00
1.006100620136368251e+00
1.006269011322986850e+00
1.006428034009759775e+00
1.006583854484659923e+00
1.006745166959688298e+00
1.006910641283633279e+00
1.007073459960586392e+00
1.007227354634989247e+00
1.007374753958830249e+00
1.007525611456420611e+00
1.007682216359236271e+00
1.007838666564504493e+00
1.007987774259433200e+00
1.008128132994887904e+00
1.008268809119035048e+00
1.008415872044791328e+00
1.008565224019759121e+00
1.008709500445422069e+00
1.008844217559022649e+00
1.008975649897136950e+00
1.009112784211678715e+00
1.009254388322526674e+00
1.009393482005732201e+00
1.009523636586427742e+00
1.009647253278714851e+00
1.009774473794399663e+00
1.009907762754477689e+00
1.010041152490825267e+00
1.010167316079256583e+00
1.010284751945157211e+00
1.010402596439861300e+00
1.010527109126974299e+00
1.010654216605725964e+00
1.010776452806440684e+00
1.010889223558243621e+00
1.010998774367315445e+00
1.011114243546270330e+00
1.011234496238964997e+00
1.011352495107631366e+00
1.011461714589749317e+00
1.011564466600241907e+00
1.011670971452854229e+00
1.011783834497474777e+00
1.011897081338794191e+00
1.012003311414511497e+00
1.012100915015756275e+00
1.012199024637000733e+00
1.012304044111558943e+00
1.012411948499859493e+00
1.012515222861497310e+00
1.012609175815833096e+00
1.012699981479305844e+00
1.012796885647472722e+00
1.012898852915303127e+00
1.012998824851866209e+00
1.013090202393629013e+00
1.013175189743825477e+00
1.013264049603760153e+00
1.013359517854428571e+00
1.013455634738512856e+00
1.013544950235850672e+00
1.013625744173564769e+00
1.013707118962774878e+00
1.013795606485335954e+00
1.013887240396112555e+00
1.013974477481195846e+00
1.014052536173552399e+00
1.014127503080478832e+00
1.014208713355308822e+00
1.014295232864280472e+00
1.014379997720456394e+00
1.014456346689535771e+00
1.014526369185948518e+00
1.014600353254909049e+00
1.014681160964257867e+00
1.014762857837028909e+00
1.014837956684303322e+00
1.014904626926022901e+00
1.014971927183168532e+00
1.015046508758314703e+00
1.015124469841439669e+00
1.015198250245974432e+00
1.015262983052270584e+00
1.015324658421509652e+00
1.015392689973142915e+00
1.015466246351624857e+00
1.015538267556082452e+00
1.015602037504195199e+00
1.015659527035750909e+00
1.015721038530081666e+00
1.015789557702024171e+00
1.015859182299903463e+00
1.015922395977491455e+00
1.015977258434898500e+00
1.016032775333375993e+00
1.016095711606970209e+00
1.016162234250603147e+00
1.016224773649265556e+00
1.016278381319247526e+00
1.016328945017025642e+00
1.016385949098133956e+00
1.016448666325017403e+00
1.016510047049741905e+00
1.016563325726026701e+00
1.016610352346650092e+00
1.016661435588066542e+00
1.016719683152683906e+00
1.016779230074347673e+00
1.016832536632872985e+00
1.016877553775028087e+00
1.016923227458333745e+00
1.016976431977687945e+00
1.017033406460657208e+00
1.017086577319983531e+00
1.017130917669228474e+00
1.017172208575759962e+00
1.017219999193382796e+00
1.017273667603431964e+00
1.017326179291161647e+00
1.017370723456648918e+00
1.017409027840289859e+00
1.017451401138151024e+00
1.017501071865597462e+00
1.017552216235871221e+00
1.017597275544685820e+00
1.017634093080230784e+00
1.017671549843487844e+00
1.017716626137579627e+00
1.017765635924549716e+00
1.017811005742291330e+00
1.017847633006883967e+00
1.017881188875412013e+00
1.017921282520782844e+00
1.017967398424880265e+00
1.018012520836339752e+00
1.018049797067744233e+00
1.018080831755617588e+00
1.018115928545770599e+00
1.018158435916052706e+00
1.018202574316872111e+00
1.018240769417455338e+00
1.018270757985571207e+00
1.018301351888258210e+00
1.018339634759802603e+00
1.018381997630124047e+00
1.018420870218285756e+00
1.018451076554403478e+00
1.018478175455323598e+00
1.018511832233512493e+00
1.018551638766817202e+00
1.018590600791606571e+00
1.018621826396710839e+00
1.018646796672089128e+00
1.018675806110115989e+00
1.018712322572957074e+00
1.018750613138727612e+00
1.018783090351399245e+00
1.018807385598818005e+00
1.018832238306787374e+00
1.018864833326851738e+00
1.018901640620008875e+00
1.018935095284142722e+00
1.018959949924222341e+00
1.018981649221617047e+00
1.019009911491548515e+00
1.019044436945019561e+00
1.019078254795763527e+00
1.019104435980427326e+00
1.019124337914566247e+00
1.019148242617864852e+00
1.019179736985825313e+00
1.019213136587191482e+00
1.019240842644782319e+00
1.019260382289986833e+00
1.019280419888052958e+00
1.019308239840602592e+00
1.019340392619161983e+00
1.019369320224298159e+00
1.019389705505542754e+00
1.019406877698569414e+00
1.019430605553726554e+00
1.019460698508741547e+00
1.019490210689844689e+00
1.019512177491439076e+00
1.019527832753726937e+00
1.019547443285823141e+00
1.019574714827273354e+00
1.019604012916957902e+00
1.019627728743635053e+00
1.019643286280651928e+00
1.019659272706631370e+00
1.019683070614613163e+00
1.019711312363798195e+00
1.019736447905977839e+00
1.019753091787485078e+00
1.019766456822372547e+00
1.019786360010017212e+00
1.019812720868398692e+00
1.019838619499155996e+00
1.019857057042842019e+00
1.019869144009831530e+00
1.019885129639093391e+00
1.019908838412706853e+00
1.019934687071567758e+00
1.019955057719212244e+00
1.019967272244633349e+00
1.019979838824829788e+00
1.020000237058494186e+00
1.020025182436836264e+00
1.020047133620373803e+00
1.020060638161211175e+00
1.020070791678767019e+00
1.020087457446718915e+00
1.020110665874110367e+00
1.020133523887584603e+00
1.020148999467873629e+00
1.020158080124051736e+00
1.020170995370981881e+00
1.020191688352796611e+00
1.020214628107616761e+00
1.020232188415980179e+00
1.020241590137611398e+00
1.020251260798135551e+00
1.020268775877304579e+00
1.020290935162144530e+00
1.020310206635598238e+00
1.020321072084689140e+00
1.020328509265679973e+00
1.020342425831695543e+00
1.020362963846121351e+00
1.020383257816620981e+00
1.020396243563033156e+00
1.020402785961844971e+00
1.020413092729684612e+00
1.020431225563038335e+00
1.020451706834439420e+00
1.020466902687718669e+00
1.020473933998417237e+00
1.020481146056486654e+00
1.020496209081589001e+00
1.020516008274291231e+00
1.020533021510658944e+00
1.020541666008275339e+00
1.020546801033780593e+00
1.020558376719276961e+00
1.020576647494375822e+00
1.020594776186912966e+00
1.020605667425343199e+00
1.020610063838839565e+00
1.020618149275365649e+00
1.020634103814479055e+00
1.020652504189244247e+00
1.020665709584531289e+00
1.020670741934936565e+00
1.020675862720425542e+00
1.020688835699932628e+00
1.020706632578479711e+00
1.020721741709125663e+00
1.020728516929934937e+00
1.020731698402735699e+00
1.020741276789742136e+00
1.020757619546214912e+00
1.020773918581132200e+00
1.020783048305954788e+00
1.020785629495586599e+00
1.020791820029034014e+00
1.020805918128058432e+00
1.020822555922580088e+00
1.020834086338100022e+00
1.020837433415650253e+00
1.020840773240620614e+00
1.020851961836855004e+00
1.020868058486354091e+00
1.020881562637129480e+00
1.020886765943884278e+00
1.020888288852001669e+00
1.020896160546199027e+00
1.020910862116358730e+00
1.020925615346309101e+00
1.020933265420166602e+00
1.020934311659998484e+00
1.020938883841987499e+00
1.020951398019149581e+00
1.020966542768859453e+00
1.020976665483226409e+00
1.020978593364561426e+00
1.020980415511232531e+00
1.020990078868658557e+00
1.021004731351946138e+00
1.021016884154423376e+00
1.021020767950808761e+00
1.021020882867619717e+00
1.021027294554905485e+00
1.021040598299959745e+00
1.021054046582611452e+00
1.021060456360290303e+00
1.021060205917072139e+00
1.021063394771397403e+00
1.021074556435546565e+00
1.021088436994293192e+00
1.021097379049155096e+00
1.021098114027029435e+00
1.021098642452216598e+00
1.021107000793417763e+00
1.021120426637679213e+00
1.021131443593900290e+00
1.021134222562520844e+00
1.021133142768836155e+00
1.021138304238787153e+00
1.021150416978962250e+00
1.021162765001915051e+00
1.021168138039413975e+00
1.021166793771619341e+00
1.021168799301113594e+00
1.021178805177907822e+00
1.021191616055671769e+00
1.021199570490597397e+00
1.021199305205353625e+00
1.021198730584021996e+00
1.021205971181284644e+00
1.021218355276149570e+00
1.021228419568356527e+00
1.021230276385299618e+00
1.021228183499491626e+00
1.021232273208692032e+00
1.021243370724951749e+00
1.021254792433720970e+00
1.021259301831097588e+00
1.021257036451285405e+00
1.021258028836155907e+00
1.021267046113012000e+00
1.021278952560422226e+00
1.021286083423593283e+00
1.021284981798629810e+00
1.021283466397088002e+00
1.021289748396984054e+00
1.021301247769456300e+00
1.021310514972877836e+00
1.021311604952091834e+00
1.021308653514084730e+00
1.021311823123718820e+00
1.021322054653389433e+00
1.021332697695799485e+00
1.021336490481184134e+00
1.021333450882451865e+00
1.021333574761215113e+00
1.021341745330922146e+00
1.021352887540767362e+00
1.021359334038644429e+00
1.021357535376620440e+00
1.021355217103891322e+00
1.021360675543529606e+00
1.021371423338879314e+00
1.021380025358975097e+00
1.021380480341283814e+00
1.021376801658019806e+00
1.021379179844893681e+00
1.021388671861614306e+00
1.021398661331187396e+00
1.021401862161764651e+00
1.021398173077424865e+00
1.021397551172328777e+00
1.021404995229613810e+00
1.021415491902256223e+00
1.021421371928314503e+00
1.021418994401793512e+00
1.021415990266510976e+00
1.021420739502356234e+00
1.021430848385338486e+00
1.021438896827393972e+00
1.021438828515836228e+00
1.021434533964084679e+00
1.021436229695486197e+00
1.021445089158401043e+00
1.021454530815847139e+00
1.021457245168992278e+00
1.021453012333183974e+00
1.021451748583068531e+00
1.021458567732582479e+00
1.021468519158828192e+00
1.021473932349512559e+00
1.021471076028972913e+00
1.021467485140381548e+00
1.021471621824571407e+00
1.021481186932002849e+00
1.021488776029401357e+00
1.021488278892318746e+00
1.021483462796157760e+00
1.021484568182777553e+00
1.021492885366239944e+00
1.021501868446500705e+00
1.021504185404086940e+00
1.021499498312385290e+00
1.021497680609255276e+00
1.021503960579039916e+00
1.021513451331672151e+00
1.021518481736957806e+00
1.021515231239794597e+00
1.021511137433825045e+00
1.021514743117225787e+00
1.021523844639177669e+00
1.021531053814581202e+00
1.021530207627221021e+00
1.021524949778312541e+00
1.021525542571892542e+00
1.021533393541063095e+00
1.021541993209095223e+00
1.021543987895140226e+00
1.021538922222732904e+00
1.021536624808202509e+00
1.021542437824008553e+00
1.021551539111937190e+00
1.021556257532025835e+00
1.021552684341590966e+00
1.021548158479578028e+00
1.021551301888626639e+00
1.021560007324529895e+00
1.021566903428482664e+00
1.021565775495398398e+00
1.021560143356798456e+00
1.021560289132754651e+00
1.021567737905082485e+00
1.021576017399259406e+00
1.021577753107919762e+00
1.021572372820785723e+00
1.021569658377265988e+00
1.021575065232595669e+00
1.021583836951986290e+00
1.021588302973091889e+00
1.021584467459219825e+00
1.021579569430025369e+00
1.021582308448184762e+00
1.021590674568625845e+00
1.021597313825476361e+00
1.021595960912279333e+00
1.021590011533523468e+00
1.021589765586316201e+00
1.021596866006895032e+00
1.021604878497609947e+00
1.021606408538065391e+00
1.021600767722823377e+00
1.021597689185014257e+00
1.021602741032798134e+00
1.021611233541070973e+00
1.021615497295487840e+00
1.021611450460870429e+00
1.021606230910511615e+00
1.021608614288784134e+00
1.021616688827681863e+00
1.021623118513154793e+00
1.021621588511270051e+00
1.021615370178013071e+00
1.021614779152764774e+00
1.021621576507465212e+00
1.021629366694791319e+00
1.021630735976371884e+00
1.021624880411754255e+00
1.021621482521479773e+00
1.021626222410833007e+00
1.021634478047166228e+00
1.021638581720986760e+00
1.021634366696384300e+00
1.021628868508121180e+00
1.021630937327905775e+00
1.021638760428677850e+00
1.021645020302659912e+00
1.021643353650348196e+00
1.021636907291710195e+00
1.021636010575454279e+00
1.021642542965559564e+00
1.021650148439820160e+00
1.021651394821073033e+00
1.021645363314559685e+00
1.021641683942603240e+00
1.021646148124636166e+00
1.021654202501168562e+00
1.021658181613805949e+00
1.021653834926134152e+00
1.021648094475081203e+00
1.021649883387676816e+00
1.021657488827949045e+00
1.021663612347102124e+00
1.021661843231309597e+00
1.021655203609468376e+00
1.021654034506708442e+00
1.021660334009962812e+00
1.021667786400237254e+00
1.021668941826962218e+00
1.021662767341601663e+00
1.021658838601626762e+00
1.021663057629544014e+00
1.021670940718649501e+00
1.021674825199603731e+00
1.021670377838335808e+00
1.021664426046061891e+00
1.021665964314352415e+00
1.021673380534853237e+00
1.021679395870790596e+00
1.021677553235591951e+00
1.021670749943397016e+00
1.021669336661765293e+00
1.021675430305668764e+00
1.021682756242157541e+00
1.021683847700386671e+00
1.021677558297787503e+00
1.021673407478306483e+00
1.021677407127749238e+00
1.021685144171376791e+00
1.021688959260288687e+00
1.021684437568254999e+00
1.021678300783412485e+00
1.021679613151715627e+00
1.021686864115317395e+00
1.021692795004330190e+00
1.021690903392002303e+00
1.021683961684625830e+00
1.021682328156554798e+00
1.021688238729735465e+00
1.021695460645789533e+00
1.021696510955568682e+00
1.021690130580919842e+00
1.021685780921055109e+00
1.021689582956291087e+00
1.021697195222894372e+00
1.021700962218435649e+00
1.021696388632581831e+00
1.021690089363038290e+00
1.021691196780408095e+00
1.021698302686463444e+00
1.021704169135922546e+00
1.021702249385789463e+00
1.021695190871484193e+00
1.021693357436775251e+00
1.021699104163132255e+00
1.021706240961558709e+00
1.021707269436131549e+00
1.021700818569810210e+00
1.021696289903241794e+00
1.021699912713360581e+00
1.021707418126433398e+00
1.021711155008000693e+00
1.021706548674048864e+00
1.021700106194318280e+00
1.021701026414858493e+00
1.021708004292188221e+00
1.021713823166881863e+00
1.021711892995165183e+00
1.021704736208252307e+00
1.021702720180438284e+00
1.021708319278699761e+00
1.021715386884835430e+00
1.021716409877678311e+00
1.021709906075811247e+00
1.021705215365070085e+00
1.021708674492080693e+00
1.021716088151984447e+00
1.021719810095806702e+00
1.021715187378357870e+00
1.021708618233702293e+00
1.021709366314997425e+00
1.021716230514389423e+00
1.021722016023526525e+00
1.021720090504855571e+00
1.021712851381475273e+00
1.021710667518250126e+00
1.021716132666954824e+00
1.021723144488345003e+00
1.021724175847798843e+00
1.021717634191418922e+00
1.021712795971945642e+00
1.021716104549924564e+00
1.021723439167944836e+00
1.021727158976413641e+00
1.021722533883212991e+00
1.021715852308957784e+00
1.021716441026896849e+00
1.021723203631149879e+00
1.021728967733909421e+00
1.021727059702284945e+00
1.021719751976539969e+00
1.021717412871661512e+00
1.021722755596714327e+00
1.021729722906352444e+00
1.021730774354697946e+00
1.021724207824220798e+00
1.021719234574714807e+00
1.021722403696270209e+00
1.021729669956952247e+00
1.021733398417100425e+00
1.021728782953277737e+00
1.021722001224977916e+00
1.021722441420375826e+00
1.021729112587059118e+00
1.021734865331701769e+00
1.021732985715813058e+00
1.021725621251075022e+00
1.021723137662284397e+00
1.021728367661398185e+00
1.021735299918665074e+00
1.021736381369660940e+00
1.021729801158577366e+00
1.021724703611345930e+00
1.021727742634883640e+00
1.021734949499943035e+00
1.021738695684228260e+00
1.021734100149557900e+00
1.021727228876904148e+00
1.021727529746597973e+00
1.021734117996013769e+00
1.021739867804887236e+00
1.021738025910005732e+00
1.021730614977468310e+00
1.021727996102335112e+00
1.021733121518063614e+00
1.021740026638912058e+00
1.021741146465224404e+00
1.021734562244316802e+00
1.021729349646771201e+00
1.021732266455528393e+00
1.021739421420129634e+00
1.021743192940194334e+00
1.021738626179935272e+00
1.021731674554824387e+00
1.021731843897498493e+00
1.021738356355926802e+00
1.021744110266318506e+00
1.021742314012608954e+00
1.021734865526809255e+00
1.021732119236065994e+00
1.021737146886844139e+00
1.021744031472497483e+00
1.021745196732179561e+00
1.021738616873315131e+00
1.021733297209535429e+00
1.021736098431149431e+00
1.021743207741184989e+00
1.021747010963106828e+00
1.021742480580837054e+00
1.021735456587898661e+00
1.021735501012805303e+00
1.021741943619061566e+00
1.021747707487807411e+00
1.021745963612870511e+00
1.021738485331885382e+00
1.021735618367845655e+00
1.021740553944494367e+00
1.021747423476008887e+00
1.021748640105277328e+00
1.021742071871926338e+00
1.021736652051335570e+00
1.021739343244880471e+00
1.021746412082069622e+00
1.021750252309823415e+00
1.021745764848893234e+00
1.021738675445008182e+00
1.021738600550002207e+00
1.021744978231636125e+00
1.021750756909715507e+00
1.021749071141495824e+00
1.021741569837862906e+00
1.021738587983873625e+00
1.021743436217432244e+00
1.021750295221894422e+00
1.021751568199884108e+00
1.021745017909962971e+00
1.021739503928627002e+00
1.021742089744543058e+00
1.021749122384696395e+00
1.021753004017087907e+00
1.021748565115873086e+00
1.021741416383781909e+00
1.021741226907706412e+00
1.021747543731789776e+00
1.021753341213780919e+00
1.021751718418636434e+00
1.021744200025717308e+00
1.021741108251300822e+00
1.021745873056777221e+00
1.021752725249649885e+00
1.021754058739593463e+00
1.021747531904997786e+00
1.021741928983854297e+00
1.021744413301026055e+00
1.021751413249662788e+00
1.021755339914855565e+00
1.021750954439859971e+00
1.021743751719849547e+00
1.021743451673201575e+00
1.021749710975591752e+00
1.021755530527809430e+00
1.021753974837501744e+00
1.021746444574987311e+00
1.021743247160318058e+00
1.021747931759960704e+00
1.021754780167132948e+00
1.021756177637450858e+00
1.021749679083718165e+00
1.021743991787122052e+00
1.021746377830444752e+00
1.021753347939070800e+00
1.021757322609955665e+00
1.021752994769956402e+00
1.021745742772772525e+00
1.021745335549764544e+00
1.021751540045923390e+00
1.021757384316274386e+00
1.021755899236855836e+00
1.021748361718342490e+00
1.021745062360962963e+00
1.021749669389922843e+00
1.021756516452301033e+00
1.021757980780392483e+00
1.021751514749230427e+00
1.021745747086520772e+00
1.021748037527645092e+00
1.021754980093344090e+00
1.021759005186366975e+00
1.021754738630173298e+00
1.021747441533694456e+00
1.021746930008222254e+00
1.021753081888080228e+00
1.021758953000093673e+00
1.021757541505114553e+00
1.021750000830140337e+00
1.021746602736268272e+00
1.021751134332997690e+00
1.021757981995953912e+00
1.021759515556976528e+00
1.021753085793905669e+00
1.021747241306220744e+00
1.021749438349680794e+00
1.021756355200212685e+00
1.021760432659825746e+00
1.021756230559784040e+00
1.021748892091560057e+00
1.021748278699167845e+00
1.021754379708112115e+00
1.021760279341204392e+00
1.021758943951264209e+00
1.021751403783795364e+00
1.021747909746213878e+00
1.021752367629575442e+00
1.021759217419212717e+00
1.021760822161779547e+00
1.021754431990801404e+00
1.021748513825028848e+00
1.021750619281634798e+00
1.021757511847910749e+00
1.021761643218494608e+00
1.021757508341563536e+00
1.021750131849026300e+00
1.021749418656666242e+00
1.021755470164439350e+00
1.021761399622184818e+00
1.021760142472579735e+00
1.021752606107693584e+00
1.021749018571938894e+00
1.021753404106737095e+00
1.021760257194677113e+00
1.021761934705158748e+00
1.021755587092117334e+00
1.021749598063637521e+00
1.021751613412781756e+00
1.021758482790357192e+00
1.021762669277244129e+00
1.021758604045250429e+00
1.021751192555196308e+00
1.021750381320369883e+00
1.021756384379465477e+00
1.021762344647444198e+00
1.021761167545473414e+00
1.021753637965772565e+00
1.021749959086161841e+00
1.021754273338628227e+00
1.021761130596839262e+00
1.021762882153784968e+00
1.021756579759917738e+00
1.021750522405628026e+00
1.021752448847984773e+00
1.021759295849037574e+00
1.021763538370097368e+00
1.021759544910631812e+00
1.021752101179416616e+00
1.021751193400130653e+00
1.021757148795105818e+00
1.021763140589749153e+00
1.021762045063087321e+00
1.021754524986253188e+00
1.021750756673136307e+00
1.021755000457750473e+00
1.021761862504792173e+00
1.021763689124833174e+00
1.021757434351875604e+00
1.021751310974842397e+00
1.021753149476798406e+00
1.021759974673933424e+00
1.021764273903047471e+00
1.021760354092311029e+00
1.021752880648068462e+00
1.021751877604908820e+00
1.021757785893911308e+00
1.021763809703631232e+00
1.021762797041044779e+00
1.021755288959798058e+00
1.021751432919301816e+00
1.021755606838197439e+00
1.021762474078128591e+00
1.021764376554605169e+00
1.021758171582678454e+00
1.021751984289645199e+00
1.021753735620677839e+00
1.021760539383755217e+00
1.021764895787381500e+00
1.021761051286185662e+00
1.021753550464256755e+00
1.021752453255754034e+00
1.021758314805426338e+00
1.021764370925184240e+00
1.021763442210752437e+00
1.021755948426372296e+00
1.021752006193770157e+00
1.021756110669857609e+00
1.021762983324925322e+00
1.021764962260353737e+00
1.021758809079747365e+00
1.021752559812598937e+00
1.021754224576690184e+00
1.021761007103763053e+00
1.021765420971663563e+00
1.021761653255647939e+00
1.021754127228285736e+00
1.021752936800624623e+00
1.021758751815427857e+00
1.021764840375781525e+00
1.021763996517646600e+00
1.021756519168070421e+00
1.021752492135795887e+00
1.021756527440601081e+00
1.021763405578705486e+00
1.021765461412072806e+00
1.021759361849905456e+00
1.021753052412060825e+00
1.021754631074111463e+00
1.021761392417423364e+00
1.021765863888503656e+00
1.021762174273519008e+00
1.021754625074799971e+00
1.021753342246795926e+00
1.021759110793668324e+00
1.021765231785201511e+00
1.021764473539751084e+00
1.021757014623151605e+00
1.021752904064336054e+00
1.021756870341433032e+00
1.021763753899232796e+00
1.021765886928975853e+00
1.021759842671593255e+00
1.021753474750175528e+00
1.021754967658252689e+00
1.021761707746123182e+00
1.021766236830201624e+00
1.021762626493669002e+00
1.021755056040422271e+00
1.021753681524566026e+00
1.021759403553699430e+00
1.021765556847611833e+00
1.021764884839870158e+00
1.021757446234477618e+00
1.021753253322777333e+00
1.021757150607556897e+00
1.021764039409955416e+00
1.021766249813367500e+00
1.021760262425198462e+00
1.021753837609705950e+00
1.021755245013836744e+00
1.021761963669133966e+00
1.021766550265337026e+00
1.021763020264277788e+00
1.021755430373715079e+00
1.021753964793955305e+00
1.021759640156357341e+00
1.021765825521875559e+00
1.021765240262751062e+00
1.021757823743569382e+00
1.021753549569915931e+00
1.021757377806325806e+00
1.021764271582960681e+00
1.021766559432631283e+00
1.021760630372122947e+00
1.021754150170198550e+00
1.021755472238305540e+00
1.021762169194094572e+00
1.021766813106458560e+00
1.021763364392766604e+00
1.021755756797383619e+00
1.021754200704209969e+00
1.021759829166604128e+00
1.021766046285755181e+00
1.021765548186694073e+00
1.021758155439643545e+00
1.021753801026445974e+00
1.021757560081220317e+00
1.021764458480467930e+00
1.021766823758270437e+00
1.021760954391398135e+00
1.021754420242200867e+00
1.021755657073664558e+00
1.021762331986512784e+00
1.021767032937267672e+00
1.021763666370698154e+00
1.021756042730910252e+00
1.021754396614196203e+00
1.021759977871710801e+00
1.021766226351912721e+00
1.021765815737387229e+00
1.021758448371312689e+00
1.021754014684547185e+00
1.021757704359347096e+00
1.021764606960261723e+00
1.021767049569299646e+00
1.021761241181063484e+00
1.021754654466639156e+00
1.021755806103888498e+00
1.021762458565217635e+00
1.021767216206141304e+00
1.021763932565395772e+00
1.021756294480287375e+00
1.021754558780266553e+00
1.021760092467281167e+00
1.021766371852101063e+00
1.021766048970302876e+00
1.021758708527200410e+00
1.021754196486726274e+00
1.021757816528539475e+00
1.021764722851062235e+00
1.021767242625907679e+00
1.021761496430143801e+00
1.021754858485124151e+00
1.021755924923572145e+00
1.021762554469379136e+00
1.021767368391528485e+00
1.021764168383747728e+00
1.021756517400238318e+00
1.021754692516908536e+00
1.021760178216350790e+00
1.021766487994730799e+00
1.021766253026747506e+00
1.021758940990490139e+00
1.021754351478882050e+00
1.021757901588950190e+00
1.021764811102664261e+00
1.021767407818157114e+00
1.021761724965930096e+00
1.021755037085820383e+00
1.021756018282405698e+00
1.021762624401596931e+00
1.021767494143674293e+00
1.021764378412579832e+00
1.021756716033253021e+00
1.021754802334454482e+00
1.021760239585786545e+00
1.021766579199968605e+00
1.021766432267677605e+00
1.021759150071472000e+00
1.021754483941584857e+00
1.021757963783088474e+00
1.021764875914736415e+00
1.021767549293560728e+00
1.021761930880348057e+00
1.021755194328613392e+00
1.021756090209154255e+00
1.021762672350706502e+00
1.021767597406259220e+00
