1.000603444564682754e+00
1.000677371342013844e+00
1.000799569845743475e+00
1.000942909229362687e+00
1.001097991250431196e+00
1.001260138748401918e+00
1.001426488291877304e+00
1.001595067583277654e+00
1.001764430147320750e+00
1.001933484232073068e+00
1.002101400897017935e+00
1.002267558409356329e+00
1.002431504700644016e+00
1.002592929363138374e+00
1.002751641019561823e+00
1.002907548027066831e+00
1.003060641558424670e+00
1.003210980647355921e+00
1.003358679034682455e+00
1.003503893738587838e+00
1.003646815272842829e+00
1.003787659399832499e+00
1.003926660261118320e+00
1.004064064694787817e+00
1.004200127533839915e+00
1.004335107684048101e+00
1.004469264799376260e+00
1.004602856402285305e+00
1.004736135329291846e+00
1.004869347414153014e+00
1.005002729349009361e+00
1.005136506686257647e+00
1.005270891960768687e+00
1.005406082924058087e+00
1.005542260890380124e+00
1.005679589200779489e+00
1.005818211816029484e+00
1.005958252054022450e+00
1.006099811491965479e+00
1.006242969058737557e+00
1.006387780347642424e+00
1.006534277183930515e+00
1.006682467484030230e+00
1.006832335443644366e+00
1.006983842088896353e+00
1.007136926218065831e+00
1.007291505750828708e+00
1.007447479487457054e+00
1.007604729262622900e+00
1.007763122458251948e+00
1.007922514818542448e+00
1.008082753489340400e+00
1.008243680185282765e+00
1.008405134373066669e+00
1.008566956349401078e+00
1.008728990088667343e+00
1.008891085738679472e+00
1.009053101653161644e+00
1.009214905866088641e+00
1.009376376934788322e+00
1.009537404104212666e+00
1.009697886772468856e+00
1.009857733265934421e+00
1.010016858959708941e+00
1.010175183804709276e+00
1.010332629345819466e+00
1.010489115335888588e+00
1.010644556068192479e+00
1.010798856565487958e+00
1.010951908777338426e+00
1.011103587949095495e+00
1.011253749335616847e+00
1.011402225439803626e+00
1.011548823959237620e+00
1.011693326621851963e+00
1.011835489081656103e+00
1.011975042025772265e+00
1.012111693612278707e+00
1.012245133313005141e+00
1.012375037175803794e+00
1.012501074447790028e+00
1.012622915417213942e+00
1.012740240241770451e+00
1.012852748442091722e+00
1.012960168659396309e+00
1.013062268215289219e+00
1.013158861978807224e+00
1.013249820048665484e+00
1.013335073802000608e+00
1.013414619944988271e+00
1.013488522320844520e+00
1.013556911376980896e+00
1.013619981351381094e+00
1.013677985392028802e+00
1.013731228955764285e+00
1.013780061930051879e+00
1.013824869973400489e+00
1.013866065574309250e+00
1.013904079287939464e+00
1.013939351533243105e+00
1.013972325233798211e+00
1.014003439477355828e+00
1.014033124265339092e+00
1.014061796334545296e+00
1.014089855965460529e+00
1.014117684647078077e+00
1.014145643445607092e+00
1.014174071920249443e+00
1.014203287438465217e+00
1.014233584760938944e+00
1.014265235788631481e+00
1.014298489387815305e+00
1.014333571231864628e+00
1.014370683619851388e+00
1.014410005251277669e+00
1.014451690953589891e+00
1.014495871374499147e+00
1.014542652664647493e+00
1.014592116187669202e+00
1.014644318303970394e+00
1.014699290281181110e+00
1.014757038387811505e+00
1.014817544226666257e+00
1.014880765360706372e+00
1.014946636276027325e+00
1.015015069714437335e+00
1.015085958392044407e+00
1.015159177100870336e+00
1.015234585168757864e+00
1.015312029229940238e+00
1.015391346236153680e+00
1.015472366617702349e+00
1.015554917487079933e+00
1.015638825766113973e+00
1.015723921112229533e+00
1.015810038521009373e+00
1.015897020490854175e+00
1.015984718650720264e+00
1.016072994772656113e+00
1.016161721115730110e+00
1.016250780075352633e+00
1.016340063140296124e+00
1.016429469187437817e+00
1.016518902170279182e+00
1.016608268280886129e+00
1.016697472685776704e+00
1.016786415954456402e+00
1.016874990315137506e+00
1.016963075885910950e+00
1.017050537041593650e+00
1.017137219086479583e+00
1.017222945410827695e+00
1.017307515313051303e+00
1.017390702668679925e+00
1.017472255619267907e+00
1.017551897437238617e+00
1.017629328694008795e+00
1.017704230816792066e+00
1.017776271063337123e+00
1.017845108873910664e+00
1.017910403478263115e+00
1.017971822546370753e+00
1.018029051581735844e+00
1.018081803673176911e+00
1.018129829154662547e+00
1.018172924682338554e+00
1.018210941231707523e+00
1.018243790551501160e+00
1.018271449685590024e+00
1.018293963286840409e+00
1.018311443588422405e+00
1.018324068055440623e+00
1.018332074896709294e+00
1.018335756756024058e+00
1.018335453009360458e+00
1.018331541158213671e+00
1.018324427824944145e+00
1.018314539825301068e+00
1.018302315723990326e+00
1.018288198183452842e+00
1.018272627308019596e+00
1.018256035079136979e+00
1.018238840883553875e+00
1.018221448062676115e+00
1.018204241360878282e+00
1.018187585122865668e+00
1.018171822081947342e+00
1.018157272587566720e+00
1.018144234136684201e+00
1.018132981095139833e+00
1.018123764518649832e+00
1.018116812006315541e+00
1.018112327541305540e+00
1.018110491293193309e+00
1.018111459374225980e+00
1.018115363557663855e+00
1.018122310980306811e+00
1.018132383863347812e+00
1.018145639295564564e+00
1.018162109130187343e+00
1.018181800051174646e+00
1.018204693865593313e+00
1.018230748075925840e+00
1.018259896779175611e+00
1.018292051928461950e+00
1.018327104977659436e+00
1.018364928910973077e+00
1.018405380638062852e+00
1.018448303712564895e+00
1.018493531309123012e+00
1.018540889372878455e+00
1.018590199837539068e+00
1.018641283795105101e+00
1.018693964493360138e+00
1.018748070037106546e+00
1.018803435676083113e+00
1.018859905576209091e+00
1.018917333990346341e+00
1.018975585768859160e+00
1.019034536177253703e+00
1.019094070016485443e+00
1.019154080069561541e+00
1.019214464924639074e+00
1.019275126249093777e+00
1.019335965610592920e+00
1.019396880960039997e+00
1.019457762907605813e+00
1.019518490937276534e+00
1.019578929717679383e+00
1.019638925677434083e+00
1.019698304021502633e+00
1.019756866370060688e+00
1.019814389201896487e+00
1.019870623278301469e+00
1.019925294208681832e+00
1.019978104293417065e+00
1.020028735740870385e+00
1.020076855302749719e+00
1.020122120305243740e+00
1.020164185974243409e+00
1.020202713865208555e+00
1.020237381117711895e+00
1.020267890169148428e+00
1.020293978490731224e+00
1.020315427861237634e+00
1.020332072678763247e+00
1.020343806834305367e+00
1.020350588735951192e+00
1.020352444176536810e+00
1.020349466873423205e+00
1.020341816664241286e+00
1.020329715501363976e+00
1.020313441533460708e+00
1.020293321678935161e+00
1.020269723171299159e+00
1.020243044584132397e+00
1.020213706823394517e+00
1.020182144513886779e+00
1.020148798115931621e+00
1.020114107001778292e+00
1.020078503612921406e+00
1.020042408721515415e+00
1.020006227739748361e+00
1.019970347964662682e+00
1.019935136612752480e+00
1.019900939486003022e+00
1.019868080114399111e+00
1.019836859234252602e+00
1.019807554482390799e+00
1.019780420209603911e+00
1.019755687340302863e+00
1.019733563227632089e+00
1.019714231473697552e+00
1.019697851702918268e+00
1.019684559292925119e+00
1.019674465081915393e+00
1.019667655083931646e+00
1.019664190253998903e+00
1.019664106353073585e+00
1.019667413967916936e+00
1.019674098742867629e+00
1.019684121878584815e+00
1.019697420946887423e+00
1.019713911060652789e+00
1.019733486423517466e+00
1.019756022266226303e+00
1.019781377155716706e+00
1.019809395640463467e+00
1.019839911172681468e+00
1.019872749226246933e+00
1.019907730510367649e+00
1.019944674164658283e+00
1.019983400812698893e+00
1.020023735349298466e+00
1.020065509341892440e+00
1.020108562938645713e+00
1.020152746194039839e+00
1.020197919745885695e+00
1.020243954804159081e+00
1.020290732440224390e+00
1.020338142193289332e+00
1.020386080037978038e+00
1.020434445781847721e+00
1.020483139983924925e+00
1.020532060504857341e+00
1.020581098816212284e+00
1.020630136211164496e+00
1.020679040071608146e+00
1.020727660357678479e+00
1.020775826494513927e+00
1.020823344837028968e+00
1.020869996895228171e+00
1.020915538498344377e+00
1.020959700063704290e+00
1.021002188113389941e+00
1.021042688146479804e+00
1.021080868925427154e+00
1.021116388171718903e+00
1.021148899589583658e+00
1.021178061050383112e+00
1.021203543679779280e+00
1.021225041502129116e+00
1.021242281220748671e+00
1.021255031658274026e+00
1.021263112357399194e+00
1.021266400855850964e+00
1.021264838204229086e+00
1.021258432390304005e+00
1.021247259462373158e+00
1.021231462296130044e+00
1.021211247109184761e+00
1.021186877977918961e+00
1.021158669736414559e+00
1.021126979723524286e+00
1.021092198883820412e+00
1.021054742719618158e+00
1.021015042539538342e+00
1.020973537364392225e+00
1.020930666747086768e+00
1.020886864654055870e+00
1.020842554454129969e+00
1.020798144976188926e+00
1.020754027534687580e+00
1.020710573783357056e+00
1.020668134240031222e+00
1.020627037325411379e+00
1.020587588770686782e+00
1.020550071268455650e+00
1.020514744264400031e+00
1.020481843810882250e+00
1.020451582426339598e+00
1.020424148925298313e+00
1.020399708202693212e+00
1.020378400973085853e+00
1.020360343480331000e+00
1.020345627206307615e+00
1.020334318618325575e+00
1.020326459003486619e+00
1.020322064444175503e+00
1.020321125991580757e+00
1.020323610093189171e+00
1.020329459325270305e+00
1.020338593472240207e+00
1.020350910981531856e+00
1.020366290805549081e+00
1.020384594622129493e+00
1.020405669402690396e+00
1.020429350274240310e+00
1.020455463599251766e+00
1.020483830177662199e+00
1.020514268459668195e+00
1.020546597647847609e+00
1.020580640563569785e+00
1.020616226156113360e+00
1.020653191543392291e+00
1.020691383490005988e+00
1.020730659250414618e+00
1.020770886730840932e+00
1.020811943951426493e+00
1.020853717818549722e+00
1.020896102244700732e+00
1.020938995678825068e+00
1.020982298133008337e+00
1.021025907811566213e+00
1.021069717466150051e+00
1.021113610615721923e+00
1.021157457783483213e+00
1.021201112914279507e+00
1.021244410145397463e+00
1.021287161110447039e+00
1.021329152958949882e+00
1.021370147271690509e+00
1.021409880041717066e+00
1.021448062870847995e+00
1.021484385499473735e+00
1.021518519741758890e+00
1.021550124838368045e+00
1.021578854165442696e+00
1.021604363154410944e+00
1.021626318187115690e+00
1.021644406141596129e+00
1.021658344184199763e+00
1.021667889343093716e+00
1.021672847365962644e+00
1.021673080368486586e+00
1.021668512824639219e+00
1.021659135535267104e+00
1.021645007332862454e+00
1.021626254427965952e+00
1.021603067461968051e+00
1.021575696485536255e+00
1.021544444214696146e+00
1.021509658013542765e+00
1.021471721104201480e+00
1.021431043507850189e+00
1.021388053178799549e+00
1.021343187715904932e+00
1.021296886934941250e+00
1.021249586476312032e+00
1.021201712517934013e+00
1.021153677573655383e+00
1.021105877289492536e+00
1.021058688105436874e+00
1.021012465628232224e+00
1.020967543556578150e+00
1.020924233009754767e+00
1.020882822128760470e+00
1.020843575841523521e+00
1.020806735707489477e+00
1.020772519779951093e+00
1.020741122445926408e+00
1.020712714222765882e+00
1.020687441508073556e+00
1.020665426294951939e+00
1.020646765878128637e+00
1.020631532588066381e+00
1.020619773599413360e+00
1.020611510866813898e+00
1.020606741244607818e+00
1.020605436846987457e+00
1.020607545701226249e+00
1.020612992738532343e+00
1.020621681154812777e+00
1.020633494157472843e+00
1.020648297094907120e+00
1.020665939943484979e+00
1.020686260103900178e+00
1.020709085436183994e+00
1.020734237442213255e+00
1.020761534487750977e+00
1.020790794944471003e+00
1.020821840127140501e+00
1.020854496902837472e+00
1.020888599857858514e+00
1.020923992923306489e+00
1.020960530381266551e+00
1.020998077198507437e+00
1.021036508662208853e+00
1.021075709320632408e+00
1.021115571259477051e+00
1.021155991770743121e+00
1.021196870494569975e+00
1.021238106135375023e+00
1.021279592871818354e+00
1.021321216595887815e+00
1.021362851130104943e+00
1.021404354583738350e+00
1.021445566018847062e+00
1.021486302604494911e+00
1.021526357441485011e+00
1.021565498238951486e+00
1.021603467016066746e+00
1.021639980984735629e+00
1.021674734740256163e+00
1.021707403844708928e+00
1.021737649831385264e+00
1.021765126588312977e+00
1.021789487997087686e+00
1.021810396614025063e+00
1.021827533090503781e+00
1.021840605946490843e+00
1.021849361244991705e+00
1.021853591675052186e+00
1.021853144545219472e+00
1.021847928223531987e+00
1.021837916635616628e+00
1.021823151545747876e+00
1.021803742487990663e+00
1.021779864372462043e+00
1.021751752949051406e+00
1.021719698450592517e+00
1.021684037844442727e+00
1.021645146184863906e+00
1.021603427573743339e+00
1.021559306205885642e+00
1.021513217905178461e+00
1.021465602461639754e+00
1.021416896970889887e+00
1.021367530270775870e+00
1.021317918475872499e+00
1.021268461536841032e+00
1.021219540701250095e+00
1.021171516724880934e+00
1.021124728674464244e+00
1.021079493169462005e+00
1.021036103926923344e+00
1.020994831495152466e+00
1.020955923085584693e+00
1.020919602435636397e+00
1.020886069657176654e+00
1.020855501045186742e+00
1.020828048839046653e+00
1.020803840944804586e+00
1.020782980640815740e+00
1.020765546301174886e+00
1.020751591181247697e+00
1.020741143316931332e+00
1.020734205593633703e+00
1.020730756041874798e+00
1.020730748413506639e+00
1.020734113085490335e+00
1.020740758326954545e+00
1.020750571950002961e+00
1.020763423346026322e+00
1.020779165887895523e+00
1.020797639655621758e+00
1.020818674420246097e+00
1.020842092799580936e+00
1.020867713481566907e+00
1.020895354398005939e+00
1.020924835724511759e+00
1.020955982582456123e+00
1.020988627325730924e+00
1.021022611308945338e+00
1.021057786053315652e+00
1.021094013750678986e+00
1.021131167073143553e+00
1.021169128284251437e+00
1.021207787675618928e+00
1.021247041379624410e+00
1.021286788633000153e+00
1.021326928587754201e+00
1.021367356784679270e+00
1.021407961421043620e+00
1.021448619558260162e+00
1.021489193427643771e+00
1.021529527002833504e+00
1.021569443015634127e+00
1.021608740597046872e+00
1.021647193725663261e+00
1.021684550659465174e+00
1.021720534512221112e+00
1.021754845109821508e+00
1.021787162223092960e+00
1.021817150220754478e+00
1.021844464119199714e+00
1.021868756926507693e+00
1.021889688090187320e+00
1.021906932767550291e+00
1.021920191552076140e+00
1.021929200217841505e+00
1.021933738996653407e+00
1.021933640887614736e+00
1.021928798522804049e+00
1.021919169178135967e+00
1.021904777622996807e+00
1.021885716638412989e+00
1.021862145188999538e+00
1.021834284392986847e+00
1.021802411580210235e+00
1.021766852844226081e+00
1.021727974569665909e+00
1.021686174443165118e+00
1.021641872435893772e+00
1.021595502184361903e+00
1.021547503105127763e+00
1.021498313472242181e+00
1.021448364577844936e+00
1.021398075998302346e+00
1.021347851909029991e+00
1.021298078334894166e+00
1.021249121190065168e+00
1.021201324948688205e+00
1.021155011791222034e+00
1.021110481085729216e+00
1.021068009084176165e+00
1.021027848737214194e+00
1.020990229554505691e+00
1.020955357459988555e+00
1.020923414611885072e+00
1.020894559175643312e+00
1.020868925054403409e+00
1.020846621596057657e+00
1.020827733308546037e+00
1.020812319625458819e+00
1.020800414772023323e+00
1.020792027786684431e+00
1.020787142755306798e+00
1.020785719313090256e+00
1.020787693463291790e+00
1.020792978751641433e+00
1.020801467821065511e+00
1.020813034353396098e+00
1.020827535383943996e+00
1.020844813952225039e+00
1.020864702029187665e+00
1.020887023639553970e+00
1.020911598079072835e+00
1.020938243112145427e+00
1.020966778026754396e+00
1.020997026421819776e+00
1.021028818607403021e+00
1.021061993510353094e+00
1.021096399996298310e+00
1.021131897542074229e+00
1.021168356219197104e+00
1.021205655977187154e+00
1.021243685243834465e+00
1.021282338886569052e+00
1.021321515604010077e+00
1.021361114839034911e+00
1.021401033324195851e+00
1.021441161387250496e+00
1.021481379159254521e+00
1.021521552840455538e+00
1.021561531190152472e+00
1.021601142415502927e+00
1.021640191640176498e+00
1.021678459135458406e+00
1.021715699492096618e+00
1.021751641898717811e+00
1.021785991669707849e+00
1.021818433130023074e+00
1.021848633915062976e+00
1.021876250680158194e+00
1.021900936137737581e+00
1.021922347254016206e+00
1.021940154346439478e+00
1.021954050735508268e+00
1.021963762528894204e+00
1.021969058061513280e+00
1.021969756491545755e+00
1.021965735066277414e+00
1.021956934626762292e+00
1.021943363015612061e+00
1.021925096181508064e+00
1.021902276926099029e+00
1.021875111398702352e+00
1.021843863594722013e+00
1.021808848238572542e+00
1.021770422517934707e+00
1.021728977175503594e+00
1.021684927455482672e+00
1.021638704350018134e+00
1.021590746505849134e+00
1.021541493047201321e+00
1.021491377461703376e+00
1.021440822594552600e+00
1.021390236711694488e+00
1.021340010530645159e+00
1.021290515078967509e+00
1.021242100223179294e+00
1.021195093710853818e+00
1.021149800580857914e+00
1.021106502816247819e+00
1.021065459137390441e+00
1.021026904856589201e+00
1.020991051738230571e+00
1.020958087829374250e+00
1.020928177244605717e+00
1.020901459905843911e+00
1.020878051252760654e+00
1.020858041952520168e+00
1.020841497648531604e+00
1.020828458796557037e+00
1.020818940642401973e+00
1.020812933398101752e+00
1.020810402672543304e+00
1.020811290207501276e+00
1.020815514960892401e+00
1.020822974565776864e+00
1.020833547176535294e+00
1.020847093693479035e+00
1.020863460334883843e+00
1.020882481502438877e+00
1.020903982863908599e+00
1.020927784557120077e+00
1.020953704403792406e+00
1.020981561011655714e+00
1.021011176639774476e+00
1.021042379705514369e+00
1.021075006822116382e+00
1.021108904272721052e+00
1.021143928848806892e+00
1.021179948006839755e+00
1.021216839324881720e+00
1.021254489269290300e+00
1.021292791309125647e+00
1.021331643441397707e+00
1.021370945213218917e+00
1.021410594347116341e+00
1.021450483093278461e+00
1.021490494447743425e+00
1.021530498388751207e+00
1.021570348294904118e+00
1.021609877718156589e+00
1.021648897691398883e+00
1.021687194753308159e+00
1.021724529870490672e+00
1.021760638426744805e+00
1.021795231429109663e+00
1.021827998048235653e+00
1.021858609564785247e+00
1.021886724733491736e+00
1.021911996502999687e+00
1.021934079945377993e+00
1.021952641159074915e+00
1.021967366819944267e+00
1.021977973975409126e+00
1.021984219616372869e+00
1.021985909529456560e+00
1.021982905936212660e+00
1.021975133470738761e+00
1.021962583132836722e+00
1.021945313975571867e+00
1.021923452433787904e+00
1.021897189359530778e+00
1.021866774984728110e+00
1.021832512164094542e+00
1.021794748347905735e+00
1.021753866785586995e+00
1.021710277463919514e+00
1.021664408241533817e+00
1.021616696563407256e+00
1.021567582038295452e+00
1.021517500052727900e+00
1.021466876490715769e+00
1.021416123538943843e+00
1.021365636489291795e+00
1.021315791406160134e+00
1.021266943503858604e+00
1.021219426075484105e+00
1.021173549824342608e+00
1.021129602467111930e+00
1.021087848500440209e+00
1.021048529046417741e+00
1.021011861715436231e+00
1.020978040446359536e+00
1.020947235303322209e+00
1.020919592225839612e+00
1.020895232744346348e+00
1.020874253686819610e+00
1.020856726913652590e+00
1.020842699127219255e+00
1.020832191809171174e+00
1.020825201342045574e+00
1.020821699371721625e+00
1.020821633463326439e+00
1.020824928095064754e+00
1.020831486022169665e+00
1.020841190026970935e+00
1.020853905051583688e+00
1.020869480687865538e+00
1.020887753976326140e+00
1.020908552443132500e+00
1.020931697283886219e+00
1.020957006586093785e+00
1.020984298470697382e+00
1.021013394027813215e+00
1.021044119923570470e+00
1.021076310563775014e+00
1.021109809715513572e+00
1.021144471508750762e+00
1.021180160765053024e+00
1.021216752628135938e+00
1.021254131499359508e+00
1.021292189309118914e+00
1.021330823181144876e+00
1.021369932570353134e+00
1.021409415975730095e+00
1.021449167347924458e+00
1.021489072326952074e+00
1.021529004459146073e+00
1.021568821554319717e+00
1.021608362354058830e+00
1.021647443689538193e+00
1.021685858311248252e+00
1.021723373571949534e+00
1.021759731136040461e+00
1.021794647871060890e+00
1.021827818048070213e+00
1.021858916935308725e+00
1.021887605813012190e+00
1.021913538366880925e+00
1.021936368335790934e+00
1.021955758200092657e+00
1.021971388606721654e+00
1.021982968144532489e+00
1.021990243017168121e+00
1.021993006120880398e+00
1.021991105029250946e+00
1.021984448421226599e+00
1.021973010564686035e+00
1.021956833581275426e+00
1.021936027360696553e+00
1.021910767150624233e+00
1.021881289005662996e+00
1.021847883418275593e+00
1.021810887561274361e+00
1.021770676634619068e+00
1.021727654824047260e+00
1.021682246347455525e+00
1.021634886994781111e+00
1.021586016470691138e+00
1.021536071740875240e+00
1.021485481475957524e+00
1.021434661593160875e+00
1.021384011822249693e+00
1.021333913172072005e+00
1.021284726146577171e+00
1.021236789551233759e+00
1.021190419737536548e+00
1.021145910149733771e+00
1.021103531059677660e+00
1.021063529399335090e+00
1.021026128623882201e+00
1.020991528560167838e+00
1.020959905215241381e+00
1.020931410537498252e+00
1.020906172138911217e+00
1.020884293000813514e+00
1.020865851197749752e+00
1.020850899683759083e+00
1.020839466192762224e+00
1.020831553309071937e+00
1.020827138764924147e+00
1.020826176018992726e+00
1.020828595162774022e+00
1.020834304190465947e+00
1.020843190652698684e+00
1.020855123695722178e+00
1.020869956466280870e+00
1.020887528839586000e+00
1.020907670404995971e+00
1.020930203622876675e+00
1.020954947048293260e+00
1.020981718504210711e+00
1.021010338080014179e+00
1.021040630831143048e+00
1.021072429062720888e+00
1.021105574093917223e+00
1.021139917419448873e+00
1.021175321208821707e+00
1.021211658111032428e+00
1.021248810360797954e+00
1.021286668210477977e+00
1.021325127738438976e+00
1.021364088108893231e+00
1.021403448379775813e+00
1.021443103974058797e+00
1.021482942946203565e+00
1.021522842189656277e+00
1.021562663743585286e+00
1.021602251367500935e+00
1.021641427560584292e+00
1.021679991207511407e+00
1.021717716032938705e+00
1.021754350040632531e+00
1.021789616098297104e+00
1.021823213803218611e+00
1.021854822724961309e+00
1.021884107068351089e+00
1.021910721732921523e+00
1.021934319665630309e+00
1.021954560315716964e+00
1.021971118909962950e+00
1.021983696181142154e+00
1.021992028111299078e+00
1.021995895204242499e+00
1.021995130786992778e+00
1.021989627864150929e+00
1.021979344114835264e+00
1.021964304726613371e+00
1.021944602897204790e+00
1.021920397990314644e+00
1.021891911490978799e+00
1.021859421051237504e+00
1.021823253033002921e+00
1.021783774029606295e+00
1.021741381874410992e+00
1.021696496624244777e+00
1.021649551943808465e+00
1.021600987226002566e+00
1.021551240676251471e+00
1.021500743480527440e+00
1.021449915078838533e+00
1.021399159486851005e+00
1.021348862552223347e+00
1.021299389999363427e+00
1.021251086103942551e+00
1.021204272842068939e+00
1.021159249373528866e+00
1.021116291739298632e+00
1.021075652676959766e+00
1.021037561481238365e+00
1.021002223859202473e+00
1.020969821750061124e+00
1.020940513097871261e+00
1.020914431581844362e+00
1.020891686323427416e+00
1.020872361601869782e+00
1.020856516620417320e+00
1.020844185373259272e+00
1.020835376668457917e+00
1.020830074363898277e+00
1.020828237871315824e+00
1.020829802977446299e+00
1.020834683021097922e+00
1.020842770450649972e+00
1.020853938768520042e+00
1.020868044848325606e+00
1.020884931587870970e+00
1.020904430838145860e+00
1.020926366526807794e+00
1.020950557875824227e+00
1.020976822598653744e+00
1.021004979953851421e+00
1.021034853530240927e+00
1.021066273644121836e+00
1.021099079241214458e+00
1.021133119214388651e+00
1.021168253071437437e+00
1.021204350913699876e+00
1.021241292714527793e+00
1.021278966914888509e+00
1.021317268380446119e+00
1.021356095789362595e+00
1.021395348542306847e+00
1.021434923305629017e+00
1.021474710315576573e+00
1.021514589586105970e+00
1.021554427175604962e+00
1.021594071678773918e+00
1.021633351118690802e+00
1.021672070420003520e+00
1.021710009645838912e+00
1.021746923176674926e+00
1.021782539996883177e+00
1.021816565231637997e+00
1.021848683041373329e+00
1.021878560931519075e+00
1.021905855471596292e+00
1.021930219341159463e+00
1.021951309533810193e+00
1.021968796459888695e+00
1.021982373600891059e+00
1.021991767293051634e+00
1.021996746163476022e+00
1.021997129718759334e+00
1.021992795600200399e+00
1.021983685075118053e+00
1.021969806429354755e+00
1.021951236055548051e+00
1.021928117183917628e+00
1.021900656362080051e+00
1.021869117940773508e+00
1.021833816947021800e+00
1.021795110812024454e+00
1.021753390460026889e+00
1.021709071255232359e+00
1.021662584251464612e+00
1.021614368104202919e+00
1.021564861900268184e+00
1.021514499051206837e+00
1.021463702294952869e+00
1.021412879766019799e+00
1.021362422032506601e+00
1.021312699959734394e+00
1.021264063243234599e+00
1.021216839453892966e+00
1.021171333450300311e+00
1.021127827032986657e+00
1.021086578738255479e+00
1.021047823693066459e+00
1.021011773475121398e+00
1.020978615943224366e+00
1.020948515021845360e+00
1.020921610440696403e+00
1.020898017445073025e+00
1.020877826505747210e+00
1.020861103068180231e+00
1.020847887389442654e+00
1.020838194517106112e+00
1.020832014467017101e+00
1.020829312655886056e+00
1.020830030639608754e+00
1.020834087199062212e+00
1.020841379801783688e+00
1.020851786450844179e+00
1.020865167912023530e+00
1.020881370288114987e+00
1.020900227886199829e+00
1.020921566301541628e+00
1.020945205622082463e+00
1.020970963641975260e+00
1.020998658962545491e+00
1.021028113855597219e+00
1.021059156767546883e+00
1.021091624353447358e+00
1.021125362946876836e+00
1.021160229393820007e+00
1.021196091204531697e+00
1.021232826005320060e+00
1.021270320300575518e+00
1.021308467582851431e+00
1.021347165854287864e+00
1.021386314645605697e+00
1.021425811639042225e+00
1.021465549019127117e+00
1.021505409690400379e+00
1.021545263514383350e+00
1.021584963729518236e+00
1.021624343727155937e+00
1.021663214363396799e+00
1.021701361989451051e+00
1.021738547380522055e+00
1.021774505732916172e+00
1.021808947878891649e+00
1.021841562836498740e+00
1.021872021765766636e+00
1.021899983342400731e+00
1.021925100486565929e+00
1.021947028300043137e+00
1.021965432974903054e+00
1.021980001347729150e+00
1.021990450693970320e+00
1.021996538296695345e+00
1.021998070292227112e+00
1.021994909299461574e+00
1.021986980384752997e+00
1.021974275000215204e+00
1.021956852655242276e+00
1.021934840228868158e+00
1.021908428990016882e+00
1.021877869546994777e+00
1.021843465079997015e+00
1.021805563306787956e+00
1.021764547682692648e+00
1.021720828338565035e+00
1.021674833217974587e+00
1.021626999796713120e+00
1.021577767666804748e+00
1.021527572157919117e+00
1.021476839064646036e+00
1.021425980458871230e+00
1.021375391498708929e+00
1.021325448101237487e+00
1.021276505324212103e+00
1.021228896298208788e+00
1.021182931560343565e+00
1.021138898658918714e+00
1.021097061920839266e+00
1.021057662297405688e+00
1.021020917227145386e+00
1.020987020475750962e+00
1.020956141932562788e+00
1.020928427360393131e+00
1.020903998110911814e+00
1.020882950831330627e+00
1.020865357199628454e+00
1.020851263734808612e+00
1.020840691735272809e+00
1.020833637401892924e+00
1.020830072202314476e+00
1.020829943529046657e+00
1.020833175695746053e+00
1.020839671303791052e+00
1.020849312995020908e+00
1.020861965587003928e+00
