1.000603444564682754e+00
1.000676951972630402e+00
1.000797162601368751e+00
1.000935367204711213e+00
1.001081383820215720e+00
1.001231765478105773e+00
1.001386648026687531e+00
1.001547674218785433e+00
1.001716359569947645e+00
1.001893150732231064e+00
1.002077258354528322e+00
1.002267095881982595e+00
1.002460942875151417e+00
1.002657342205438340e+00
1.002854937919901213e+00
1.003051931449931100e+00
1.003245716355358308e+00
1.003433225775324011e+00
1.003612057194188445e+00
1.003781776073884080e+00
1.003944470904621245e+00
1.004104080050941317e+00
1.004264911956975315e+00
1.004430241221482500e+00
1.004601580506602865e+00
1.004778731308478168e+00
1.004960398627932960e+00
1.005144953326210899e+00
1.005330858852671039e+00
1.005516524518525134e+00
1.005699828333598722e+00
1.005877892760960624e+00
1.006047604482046776e+00
1.006206844833756442e+00
1.006355739941176441e+00
1.006497013039263422e+00
1.006635093468908781e+00
1.006774538339530789e+00
1.006918663171686656e+00
1.007068910126920347e+00
1.007224993277520131e+00
1.007385566774013697e+00
1.007548974504755002e+00
1.007713611753750849e+00
1.007877724814776332e+00
1.008038958947642394e+00
1.008194250630928934e+00
1.008340494907231655e+00
1.008475847633196976e+00
1.008600891788189902e+00
1.008718786641513265e+00
1.008834197633523999e+00
1.008951674484132033e+00
1.009074358383554859e+00
1.009203466798883841e+00
1.009338536779001760e+00
1.009478137750646543e+00
1.009620592273752004e+00
1.009764257897823425e+00
1.009907265824708134e+00
1.010047091465952729e+00
1.010180557374802390e+00
1.010304631834779698e+00
1.010417776344285201e+00
1.010521005447443388e+00
1.010617834346692723e+00
1.010713058243054574e+00
1.010811121045421146e+00
1.010914918884838531e+00
1.011025405915893405e+00
1.011141931020836937e+00
1.011262984584949676e+00
1.011386878303541570e+00
1.011511941802211823e+00
1.011636204854706289e+00
1.011756999172034766e+00
1.011871074805213544e+00
1.011975519369921805e+00
1.012069127948623137e+00
1.012153336447082275e+00
1.012231969303884371e+00
1.012309891533161421e+00
1.012391392501777121e+00
1.012479096619912200e+00
1.012573689514137509e+00
1.012674341399368849e+00
1.012779476844478665e+00
1.012887403330060998e+00
1.012996421032603012e+00
1.013104457686446302e+00
1.013208714050527481e+00
1.013305898794230497e+00
1.013393258328227908e+00
1.013469946470944016e+00
1.013537812616508882e+00
1.013600952601679595e+00
1.013664255397289882e+00
1.013731822494622570e+00
1.013805993219500934e+00
1.013887189121969623e+00
1.013974416532492651e+00
1.014066048038937407e+00
1.014160390500229436e+00
1.014255708601878858e+00
1.014349823506317305e+00
1.014439815250567589e+00
1.014522380460915141e+00
1.014594961246311655e+00
1.014657091467188410e+00
1.014711023038215698e+00
1.014761085905841353e+00
1.014812151686759201e+00
1.014868106927924174e+00
1.014930998328258838e+00
1.015000992104802435e+00
1.015076947450752387e+00
1.015157198140568040e+00
1.015240051735049276e+00
1.015323729418934340e+00
1.015405940858509659e+00
1.015483656533258561e+00
1.015553590952412044e+00
1.015613417027700915e+00
1.015663065526842601e+00
1.015705175552708894e+00
1.015744272868295051e+00
1.015785173177792045e+00
1.015831525422224768e+00
1.015885080311088817e+00
1.015945760422631849e+00
1.016012295492226158e+00
1.016082992440805910e+00
1.016156158761209127e+00
1.016229963015162552e+00
1.016301999252863908e+00
1.016369141565456324e+00
1.016428153407169521e+00
1.016476971765418291e+00
1.016515936519314822e+00
1.016548054250895117e+00
1.016578007301648601e+00
1.016610519407819879e+00
1.016648983064885492e+00
1.016694853108360608e+00
1.016747822405146939e+00
1.016806509184826179e+00
1.016869203881918926e+00
1.016934211144692846e+00
1.016999637174850868e+00
1.017062957716424521e+00
1.017120966069173349e+00
1.017170506830255006e+00
1.017209812188517137e+00
1.017239638496856058e+00
1.017263335964394999e+00
1.017285703675076647e+00
1.017311339874434672e+00
1.017343365298268187e+00
1.017382942072345475e+00
1.017429549018217916e+00
1.017481710599585476e+00
1.017537709279893177e+00
1.017595842204080281e+00
1.017654143270281919e+00
1.017709969071898923e+00
1.017760050286794282e+00
1.017801345733188922e+00
1.017832411342205479e+00
1.017854422332939102e+00
1.017871044922606494e+00
1.017887154987897835e+00
1.017907194461293630e+00
1.017934000396426786e+00
1.017968448146159943e+00
1.018009819511215275e+00
1.018056562323820469e+00
1.018106957556879522e+00
1.018159288465609436e+00
1.018211506856337323e+00
1.018260851472029049e+00
1.018304011104411710e+00
1.018338092377037762e+00
1.018362000474633211e+00
1.018377326883993073e+00
1.018388022938586879e+00
1.018399001781652657e+00
1.018414521101984160e+00
1.018437125641405316e+00
1.018467412443596842e+00
1.018504484311913316e+00
1.018546728619649677e+00
1.018592429169628222e+00
1.018639847409871457e+00
1.018686843778418893e+00
1.018730542859465960e+00
1.018767614779009012e+00
1.018795347635780946e+00
1.018813017944070642e+00
1.018822625947177984e+00
1.018828374476886678e+00
1.018835175339940724e+00
1.018847077072308593e+00
1.018866326631725050e+00
1.018893253474583593e+00
1.018926800062371907e+00
1.018965308196348563e+00
1.019007066610592371e+00
1.019050305750858199e+00
1.019092786294403918e+00
1.019131524968992064e+00
1.019163198806193993e+00
1.019185310686564705e+00
1.019197526730733827e+00
1.019202243666703200e+00
1.019203880034050602e+00
1.019207309048728360e+00
1.019216348260844507e+00
1.019232944355966453e+00
1.019257171896590153e+00
1.019287831926961374e+00
1.019323233999236633e+00
1.019361671674100966e+00
1.019401334230290113e+00
1.019439875457335054e+00
1.019474213323456890e+00
1.019501059495830253e+00
1.019518164102309887e+00
1.019525597024737662e+00
1.019526134657362970e+00
1.019524373829699071e+00
1.019525113615912915e+00
1.019531921823650933e+00
1.019546445173542093e+00
1.019568517711303635e+00
1.019596817912834519e+00
1.019629634615292879e+00
1.019665263976790470e+00
1.019701843322757595e+00
1.019736914066518896e+00
1.019767307439686688e+00
1.019789799373033379e+00
1.019802418360841623e+00
1.019805647803887050e+00
1.019802622671823977e+00
1.019798079573574157e+00
1.019796709890276043e+00
1.019801815975305281e+00
1.019814747498518415e+00
1.019835113769893997e+00
1.019861489149676004e+00
1.019892151334828689e+00
1.019925394867850832e+00
1.019959294084940460e+00
1.019991274520036129e+00
1.020018095682412973e+00
1.020036628959190672e+00
1.020045210460660323e+00
1.020044742250500125e+00
1.020038692845509631e+00
1.020031899553545340e+00
1.020028914760218841e+00
1.020032762648591884e+00
1.020044501177512108e+00
1.020063531835476045e+00
1.020088342628368450e+00
1.020117207609786636e+00
1.020148413699321743e+00
1.020179961339499064e+00
1.020209158974576980e+00
1.020232712388340790e+00
1.020247620779216824e+00
1.020252554726978067e+00
1.020248835342644877e+00
1.020240236118713284e+00
1.020231655919149105e+00
1.020227479288762229e+00
1.020230442461318443e+00
1.020241319275373204e+00
1.020259321180772671e+00
1.020282866627780338e+00
1.020310231374936372e+00
1.020339687146443186e+00
1.020369150097046429e+00
1.020395812923583279e+00
1.020416348578414789e+00
1.020427917125252826e+00
1.020429547558514560e+00
1.020422975597227833e+00
1.020412248043922609e+00
1.020402286600679664e+00
1.020397281755176522e+00
1.020399674884059582e+00
1.020409965374832417e+00
1.020427193026965718e+00
1.020449722322783526e+00
1.020475833899937790e+00
1.020503775410229963e+00
1.020531369205143424e+00
1.020555696335821327e+00
1.020573420554232502e+00
1.020581896031044433e+00
1.020580530732724478e+00
1.020571465747905693e+00
1.020558986924715583e+00
1.020548000969820901e+00
1.020542480862549839e+00
1.020544569011516467e+00
1.020554501924375135e+00
1.020571166478266179e+00
1.020592887338198640e+00
1.020617951038125470e+00
1.020644571262173228e+00
1.020670468273826792e+00
1.020692618491888526e+00
1.020707702605223588e+00
1.020713301775761916e+00
1.020709219682090163e+00
1.020697988861443584e+00
1.020684097874446916e+00
1.020672401907281701e+00
1.020666635845326464e+00
1.020668641729737924e+00
1.020678406474668343e+00
1.020694682832437916e+00
1.020715768162414605e+00
1.020739953814050249e+00
1.020765408897569282e+00
1.020789744866559712e+00
1.020809843529221439e+00
1.020822430859422925e+00
1.020825346973306846e+00
1.020818803818934306e+00
1.020805706984838412e+00
1.020790709893045545e+00
1.020778581373387617e+00
1.020772800562215199e+00
1.020774910345815245e+00
1.020784662844831381e+00
1.020800695279275860e+00
1.020821288401078775e+00
1.020844735296856376e+00
1.020869149510169382e+00
1.020892028834421650e+00
1.020910173538307930e+00
1.020920385085476889e+00
1.020920793019188366e+00
1.020912025641617316e+00
1.020897339009111171e+00
1.020881512592358487e+00
1.020869196050005367e+00
1.020863598075254286e+00
1.020865966108633227e+00
1.020875833572490121e+00
1.020891740266280046e+00
1.020911959076302278e+00
1.020934779891954136e+00
1.020958249648340921e+00
1.020979749781950385e+00
1.020996015126876877e+00
1.021003954291186622e+00
1.021002014668242364e+00
1.020991244319669367e+00
1.020975223364868345e+00
1.020958818096676213e+00
1.020946528488466898e+00
1.020941281055496530e+00
1.020944033865693656e+00
1.020954118797954946e+00
1.020969995589678492e+00
1.020989935940015192e+00
1.021012219932078580e+00
1.021034817147728369e+00
1.021054992374474057e+00
1.021069434077316318e+00
1.021075190660051035e+00
1.021071053201034751e+00
1.021058488129475972e+00
1.021041369830315571e+00
1.021024612305034385e+00
1.021012537855424007e+00
1.021007782012856691e+00
1.021011021760132920e+00
1.021021405395754922e+00
1.021037328936659438e+00
1.021057067442997068e+00
1.021078883126967263e+00
1.021100658118792026e+00
1.021119542885372322e+00
1.021132201416742102e+00
1.021135855067773379e+00
1.021129661344541084e+00
1.021115498828188084e+00
1.021097503458601619e+00
1.021080598440532894e+00
1.021068903121527871e+00
1.021064756116227823e+00
1.021068563657214101e+00
1.021079308969007560e+00
1.021095339423939485e+00
1.021114935836898496e+00
1.021136333282652409e+00
1.021157317334858483e+00
1.021174929264288656e+00
1.021185833117250752e+00
1.021187456334892829e+00
1.021179342043455618e+00
1.021163770001558557e+00
1.021145102597857957e+00
1.021128234798215795e+00
1.021117060544751931e+00
1.021113618397873957e+00
1.021118056038498700e+00
1.021129210391892972e+00
1.021145393767817211e+00
1.021164892995995555e+00
1.021185905829452567e+00
1.021206113512539870e+00
1.021222456171335891e+00
1.021231624825824635e+00
1.021231285571830849e+00
1.021221382396966693e+00
1.021204580658312766e+00
1.021185432233243207e+00
1.021168767878691597e+00
1.021158236595600677e+00
1.021155576451047597e+00
1.021160690436135887e+00
1.021172287938508561e+00
1.021188658091896517e+00
1.021208091933653694e+00
1.021228739102504779e+00
1.021248170397153654e+00
1.021263235858903107e+00
1.021270682475779568e+00
1.021268446441014000e+00
1.021256883559849005e+00
1.021239024843194398e+00
1.021219573395658164e+00
1.021203261626029590e+00
1.021193477018530249e+00
1.021191659292192799e+00
1.021197482057021988e+00
1.021209545628136039e+00
1.021226125984157740e+00
1.021245514607001859e+00
1.021265801949745811e+00
1.021284444209032749e+00
1.021298215437987045e+00
1.021303949299095848e+00
1.021299881840258994e+00
1.021286787097955173e+00
1.021268037743458201e+00
1.021248449095939481e+00
1.021232623214167967e+00
1.021223672460758181e+00
1.021222742806647377e+00
1.021229295004539628e+00
1.021241838184872019e+00
1.021258643192352045e+00
1.021277996389493348e+00
1.021297918036959462e+00
1.021315747809673269e+00
1.021328200877345882e+00
1.021332229578803208e+00
1.021326397339763492e+00
1.021311898124180217e+00
1.021292418607137265e+00
1.021272847094609748e+00
1.021257625684950376e+00
1.021249580965718495e+00
1.021249572069685030e+00
1.021256864385116092e+00
1.021269892895371179e+00
1.021286929238316432e+00
1.021306247488129593e+00
1.021325787121909245e+00
1.021342771854262699e+00
1.021353877996653781e+00
1.021356209398894821e+00
1.021348681628629018e+00
1.021332905469309882e+00
1.021312850724308552e+00
1.021293439754852317e+00
1.021278927683069160e+00
1.021271847574757974e+00
1.021272780785003054e+00
1.021280815540881903e+00
1.021294328606024093e+00
1.021311596192568727e+00
1.021330871545839791e+00
1.021350003536161122e+00
1.021366103166617911e+00
1.021375830687370367e+00
1.021376474625003361e+00
1.021367324205541216e+00
1.021350399123343244e+00
1.021329918706099349e+00
1.021310801212373720e+00
1.021297090521527728e+00
1.021291021271023780e+00
1.021292908074971306e+00
1.021301680643721177e+00
1.021315672096514415e+00
1.021333164847517683e+00
1.021352381667723908e+00
1.021371072112654765e+00
1.021386240573298743e+00
1.021394556597269965e+00
1.021393526352914582e+00
1.021382830553421828e+00
1.021364885188898786e+00
1.021344123302998730e+00
1.021325422103633640e+00
1.021312592819868525e+00
1.021307569508677293e+00
1.021310412866650363e+00
1.021319912896209159e+00
1.021334372077252528e+00
1.021352078538352304e+00
1.021371214120724069e+00
1.021389421808106768e+00
1.021403608444972244e+00
1.021410480526383280e+00
1.021407794074394193e+00
1.021395635050467376e+00
1.021376798600720281e+00
1.021355894016314103e+00
1.021337722106194779e+00
1.021325842969552866e+00
1.021321890582404857e+00
1.021325686129146870e+00
1.021335898596231750e+00
1.021350811069135833e+00
1.021368714871139449e+00
1.021387739966271635e+00
1.021405417278875127e+00
1.021418568202343558e+00
1.021423965791287580e+00
1.021419646818965354e+00
1.021406111878737866e+00
1.021386513873258073e+00
1.021365599763913945e+00
1.021348060551795278e+00
1.021337189687117064e+00
1.021334324097718849e+00
1.021339061222752642e+00
1.021349967326403263e+00
1.021365315427727793e+00
1.021383395620532042e+00
1.021402274887573292e+00
1.021419368670372974e+00
1.021431428044925926e+00
1.021435323815363949e+00
1.021429402530645625e+00
1.021414584191075559e+00
1.021394354136923477e+00
1.021373557859250880e+00
1.021356745369963459e+00
1.021346930912195194e+00
1.021345159798214164e+00
1.021350822615350040e+00
1.021362400523821767e+00
1.021378163767645564e+00
1.021396395052399209e+00
1.021415087465372240e+00
1.021431539871612948e+00
1.021442451151909347e+00
1.021444822193351643e+00
1.021437335929016754e+00
1.021421331786713793e+00
1.021400598712213892e+00
1.021380041550588258e+00
1.021364040607384727e+00
1.021355321294227014e+00
1.021354644992029881e+00
1.021361213207122587e+00
1.021373438670770240e+00
1.021389594027437120e+00
1.021407946910518394e+00
1.021426406139234411e+00
1.021442155469148405e+00
1.021451862586738812e+00
1.021452691460761564e+00
1.021443685085944519e+00
1.021426597527146374e+00
1.021405489451364224e+00
1.021385286347333832e+00
1.021370172747841920e+00
1.021362578490807582e+00
1.021362990798473813e+00
1.021370440483049924e+00
1.021383287325134503e+00
1.021399809392953273e+00
1.021418250283754103e+00
1.021436425068269926e+00
1.021451406611206369e+00
1.021459855113416637e+00
1.021459130775152158e+00
1.021448656925544096e+00
1.021430592699559492e+00
1.021409236052351455e+00
1.021389495335362163e+00
1.021375336032361414e+00
1.021368888475181258e+00
1.021370377410136809e+00
1.021378681686972767e+00
1.021392122183509610e+00
1.021408983271210325e+00
1.021427474543834979e+00
1.021445309078668817e+00
1.021459455966140739e+00
1.021466594105955750e+00
1.021464312689924547e+00
1.021452431828592911e+00
1.021433501508273611e+00
1.021412020522926678e+00
1.021392843656050875e+00
1.021379696952048777e+00
1.021374410023164758e+00
1.021376958538616986e+00
1.021386088183929397e+00
1.021400093342929916e+00
1.021417263479594828e+00
1.021435763516616246e+00
1.021453197858114947e+00
1.021466441932034286e+00
1.021472221705370886e+00
1.021468387174581327e+00
1.021455167495889604e+00
1.021435484847660335e+00
1.021414000945243483e+00
1.021395482296810542e+00
1.021383398059275693e+00
1.021379278523008693e+00
1.021382865185374467e+00
1.021392789151111202e+00
1.021407328900945988e+00
1.021424775789059103e+00
1.021443239023469562e+00
1.021460209530927532e+00
1.021472482228223067e+00
1.021476860352908966e+00
1.021471485010129410e+00
1.021457002199824160e+00
1.021436683484521213e+00
1.021415314666199503e+00
1.021397541315714808e+00
1.021386561217883848e+00
1.021383609226860889e+00
1.021388208854646651e+00
1.021398894713499761e+00
1.021413938009651856e+00
1.021431626935895620e+00
1.021450003905444603e+00
1.021466443723871187e+00
1.021477676975818927e+00
1.021480615804988723e+00
1.021473720665493135e+00
1.021458057530629127e+00
1.021437220754959796e+00
1.021416081015782629e+00
1.021399132600302018e+00
1.021389290390766869e+00
1.021387500040387586e+00
1.021393084303564791e+00
1.021404498618785794e+00
1.021420013477995825e+00
1.021437907195468897e+00
1.021456144621705864e+00
1.021471984211542949e+00
1.021482111353571254e+00
1.021483579715074086e+00
1.021475194740952830e+00
1.021458440723917338e+00
1.021437204860787373e+00
1.021416403635904802e+00
1.021400352241169873e+00
1.021391674043925057e+00
1.021391033928058523e+00
1.021397571905904300e+00
1.021409680527789465e+00
1.021425633998479743e+00
1.021443692593134944e+00
1.021461733495671931e+00
1.021476901212327704e+00
1.021485857897793004e+00
1.021485831850608594e+00
1.021475996047887191e+00
1.021458246639279643e+00
1.021436730833583884e+00
1.021416372485554280e+00
1.021401282584611936e+00
1.021393787229946781e+00
1.021394280995700399e+00
1.021401739690341204e+00
1.021414507981321051e+00
1.021430866059205966e+00
1.021449046812479056e+00
1.021466830667278280e+00
1.021481253391017585e+00
1.021488978500542322e+00
1.021487441999110901e+00
1.021476203380325298e+00
1.021457559445857921e+00
1.021435882220623981e+00
1.021416065574424881e+00
1.021401994015192161e+00
1.021395693400664495e+00
1.021397300298960920e+00
1.021405645101457260e+00
1.021419038092059584e+00
1.021435765589957079e+00
1.021454022848777399e+00
1.021471485797591283e+00
1.021485089612173436e+00
1.021491526148585072e+00
1.021488471606359472e+00
1.021475887022857520e+00
1.021456454059658681e+00
1.021434732535713596e+00
1.021415550466320488e+00
1.021402546508527465e+00
1.021397445988290853e+00
1.021400141416115126e+00
1.021409336521844402e+00
1.021423319000325680e+00
1.021440379381345576e+00
1.021458664445943354e+00
1.021475739562428098e+00
1.021488450478869048e+00
1.021493546436616606e+00
1.021488975180994574e+00
1.021475110030953815e+00
1.021454997368702156e+00
1.021433346509320828e+00
1.021414885585238519e+00
1.021402990986371995e+00
1.021399089786284575e+00
1.021402845815824634e+00
1.021412854586110308e+00
1.021427391125240725e+00
1.021444746308703744e+00
1.021463007347858110e+00
1.021479624964290567e+00
1.021491369684268236e+00
1.021495078881422769e+00
1.021489001493483428e+00
1.021473929313367446e+00
1.021453249275505293e+00
1.021431781165851760e+00
1.021414121350763704e+00
1.021403370499977425e+00
1.021400662155192318e+00
1.021405448044688802e+00
1.021416233312068211e+00
1.021431288237335977e+00
1.021448898386926096e+00
1.021467080389490079e+00
1.021483168486443605e+00
1.021493875198180135e+00
1.021496158058742054e+00
1.021488594592810051e+00
1.021472396541672989e+00
1.021451263581542257e+00
1.021430086751117905e+00
1.021413301164833420e+00
1.021403721263259623e+00
1.021402194074374714e+00
1.021407976755278391e+00
1.021419501070450764e+00
1.021435038374788107e+00
1.021452861678531665e+00
1.021470906449213345e+00
1.021486391108982650e+00
1.021495990306922952e+00
1.021496814581184243e+00
1.021487794661119608e+00
1.021470558908676107e+00
1.021449088734793342e+00
1.021428307529623769e+00
1.021412462268715959e+00
1.021404073554138314e+00
1.021403711057432995e+00
1.021410455592460576e+00
1.021422681411751743e+00
1.021438664622707826e+00
1.021456657074390151e+00
1.021474503280850321e+00
1.021489309203836848e+00
1.021497734522122336e+00
1.021497075933214482e+00
1.021486638724394380e+00
1.021468459755082936e+00
1.021446768458921239e+00
1.021426482468826391e+00
1.021411636486709629e+00
1.021404452500132232e+00
1.021405233946951263e+00
1.021412903953785367e+00
1.021425793766894907e+00
1.021442185772968969e+00
1.021460300964488255e+00
1.021477884241797751e+00
1.021491935323497469e+00
1.021499124372119871e+00
1.021496967177648596e+00
1.021485161235775152e+00
1.021466139082054525e+00
1.021444342280668049e+00
1.021424645825693034e+00
1.021410850871385723e+00
1.021404878762593338e+00
1.021406779602541892e+00
1.021415337638246879e+00
1.021428854037027101e+00
1.021445616880570340e+00
1.021463805814516679e+00
1.021481058931921648e+00
1.021494278896573071e+00
1.021500174088212365e+00
1.021496511546963859e+00
1.021483394547030299e+00
1.021463633965855156e+00
1.021441845970490592e+00
1.021422827649436371e+00
1.021410128263797512e+00
1.021405369132575514e+00
1.021408361494866135e+00
1.021417769396557818e+00
1.021431875086603380e+00
1.021448969731298950e+00
1.021467180662673169e+00
1.021484033756412169e+00
1.021496346841812786e+00
1.021500896196732011e+00
1.021495730931851753e+00
1.021481369282729812e+00
1.021460978889506821e+00
1.021439311910031567e+00
1.021421054213013102e+00
1.021409487780855496e+00
1.021405937050071433e+00
1.021409990217136965e+00
1.021420209395042633e+00
1.021434867152897885e+00
1.021452253234285124e+00
1.021470431549793556e+00
1.021486812424415191e+00
1.021498144110896122e+00
1.021501302026915470e+00
1.021494646278608975e+00
1.021479114630734708e+00
1.021458206005072977e+00
1.021436769398684330e+00
1.021419348384750014e+00
1.021408945240857680e+00
1.021406593057142542e+00
1.021411673924486951e+00
1.021422665604251767e+00
1.021437838184047431e+00
1.021455473751883725e+00
1.021473561894603144e+00
1.021489396393846949e+00
1.021499674168958816e+00
1.021501402143474291e+00
1.021493277906188490e+00
1.021476658561613071e+00
1.021455345338872167e+00
1.021434244910144118e+00
1.021417729950229836e+00
1.021408513536925966e+00
1.021407345194219829e+00
1.021413418710473753e+00
1.021425144122386497e+00
1.021440794116659223e+00
1.021458635378095892e+00
1.021476572824535189e+00
1.021491785271393615e+00
1.021500939420513898e+00
1.021501206711788790e+00
1.021491645752873101e+00
1.021474027988517275e+00
1.021452424950537452e+00
1.021431762308494751e+00
1.021416215893318657e+00
1.021408202966858525e+00
1.021408199347624057e+00
1.021415228928860497e+00
1.021427649442587349e+00
1.021443739102918968e+00
1.021461740175497068e+00
1.021479463471206550e+00
1.021493977175252921e+00
1.021501941587143580e+00
1.021500725802684695e+00
1.021489769561711558e+00
1.021471248877904525e+00
1.021449471055436486e+00
1.021429343032034698e+00
1.021414820643989030e+00
1.021408021526629462e+00
1.021409159555124457e+00
1.021417107467749830e+00
1.021430184672125652e+00
1.021446675696020989e+00
1.021464788379388366e+00
1.021482231238241223e+00
1.021495969066788856e+00
1.021502682042127130e+00
1.021499969642866157e+00
1.021487669012997923e+00
1.021468346320326237e+00
1.021446508118592389e+00
1.021427006251771852e+00
1.021413556299377356e+00
1.021407975173569849e+00
1.021410228275192456e+00
1.021419055982099700e+00
1.021432751710561693e+00
1.021449605001670591e+00
1.021467778576659491e+00
1.021484872047830450e+00
1.021497757055920497e+00
1.021503162106051743e+00
1.021498948816272678e+00
1.021485363811263980e+00
1.021465344569342459e+00
1.021443558926937722e+00
1.021424769010326195e+00
1.021412432823401328e+00
1.021408068064098451e+00
1.021411406624553653e+00
1.021421075089754105e+00
1.021435351393035873e+00
1.021452526802381744e+00
1.021470707865715033e+00
1.021487380571155734e+00
1.021499336683851400e+00
1.021503383306489487e+00
1.021497674420966950e+00
1.021482873733498886e+00
1.021462267055524897e+00
1.021440644645535301e+00
1.021422646345909513e+00
1.021411458229232405e+00
1.021408302769858611e+00
1.021412694587691350e+00
1.021423164535301131e+00
1.021437983604053690e+00
1.021455439660384323e+00
1.021473572002744579e+00
1.021489750446655353e+00
1.021500703185656445e+00
1.021503347604037604e+00
1.021496158185608127e+00
1.021480218644617910e+00
1.021459136381489108e+00
1.021437784862330611e+00
1.021420651405133828e+00
1.021410638748019073e+00
1.021408680475201169e+00
1.021414091201185315e+00
1.021425323325428680e+00
1.021440647366448351e+00
1.021458341004121362e+00
1.021476365538679154e+00
1.021491974489106669e+00
1.021501851734313515e+00
1.021503057586385932e+00
1.021494412549174946e+00
1.021477418485590816e+00
1.021455974302973857e+00
1.021434997625100261e+00
1.021418795547596403e+00
1.021409978986469902e+00
1.021409201158198332e+00
1.021415594715128883e+00
1.021427549838910487e+00
1.021443340909626851e+00
1.021461227202617117e+00
1.021479081950349421e+00
1.021494044891590569e+00
1.021502777667006256e+00
1.021502516631656476e+00
1.021492450707312205e+00
1.021474493239107550e+00
1.021452801700170276e+00
1.021432299473477023e+00
1.021417088444563248e+00
1.021409482075270825e+00
1.021409863756749914e+00
1.021417202733386098e+00
1.021429841913967795e+00
1.021446061720733489e+00
1.021464093631383463e+00
1.021481713768625177e+00
1.021495953421649894e+00
1.021503476693921941e+00
1.021501729041979889e+00
1.021490286628512045e+00
1.021471462877176606e+00
1.021449638542803351e+00
1.021429705468324567e+00
1.021415538173527260e+00
1.021409149809748840e+00
1.021410666320855531e+00
1.021418912334104867e+00
1.021432196915466717e+00
1.021448806581999769e+00
1.021466934733024523e+00
1.021484252705699092e+00
1.021497691612300418e+00
1.021503945089326848e+00
1.021500700148157303e+00
