1.000603444564682754e+00
1.000676016207365349e+00
1.000795878334627576e+00
1.000940086988180600e+00
1.001099796897327199e+00
1.001265958424175206e+00
1.001435636380823890e+00
1.001612720423520786e+00
1.001795950649129185e+00
1.001978114537755316e+00
1.002159075706764657e+00
1.002344971264802487e+00
1.002534501836481518e+00
1.002720228048646023e+00
1.002903247815761123e+00
1.003090519412635384e+00
1.003280163060312091e+00
1.003464556629539262e+00
1.003645750358841848e+00
1.003831032652896749e+00
1.004017823625226846e+00
1.004198460676358540e+00
1.004375846109854420e+00
1.004557345121721346e+00
1.004739652190176802e+00
1.004915195092654034e+00
1.005087672585069480e+00
1.005264361738269274e+00
1.005441237732839888e+00
1.005610931909251882e+00
1.005777893239792498e+00
1.005949185650335975e+00
1.006120087488385106e+00
1.006283532434775196e+00
1.006444672619047243e+00
1.006610256479958831e+00
1.006774898821762632e+00
1.006931922469834984e+00
1.007087132237366900e+00
1.007246874571285256e+00
1.007405142114541796e+00
1.007555723083909172e+00
1.007705020879951174e+00
1.007858906029239776e+00
1.008010796631436445e+00
1.008155012926925664e+00
1.008298499668863979e+00
1.008446588191415083e+00
1.008592174538679220e+00
1.008730168733990018e+00
1.008867997105836078e+00
1.009010397845286233e+00
1.009149801290536885e+00
1.009281756756561510e+00
1.009414110345341120e+00
1.009550961467855945e+00
1.009684334231398362e+00
1.009810459013184669e+00
1.009937538267340784e+00
1.010068994532755005e+00
1.010196507740013683e+00
1.010317023761934330e+00
1.010439036681932912e+00
1.010565261050381469e+00
1.010687096825056308e+00
1.010802232766611519e+00
1.010919388836012844e+00
1.011040547051875738e+00
1.011156893379041133e+00
1.011266880027049897e+00
1.011379386318296270e+00
1.011495643499176200e+00
1.011606690935042518e+00
1.011711758163642338e+00
1.011819816870239030e+00
1.011931335416174083e+00
1.012037274995073233e+00
1.012137649786781335e+00
1.012241456671084228e+00
1.012348395024463610e+00
1.012449416920310430e+00
1.012545322036923379e+00
1.012645065457237870e+00
1.012747577402270949e+00
1.012843870054298989e+00
1.012935523108005942e+00
1.013031383412779984e+00
1.013129617716351127e+00
1.013221367237474579e+00
1.013308980010925175e+00
1.013401129172377235e+00
1.013495229445300350e+00
1.013582619205178670e+00
1.013666397134062702e+00
1.013754998548123343e+00
1.013845103255715419e+00
1.013928313577727280e+00
1.014008455349343141e+00
1.014093663761544972e+00
1.014179906342385085e+00
1.014259114281526708e+00
1.014335811525244324e+00
1.014417773059897332e+00
1.014500282127770880e+00
1.014575661311130084e+00
1.014649098367552904e+00
1.014727950645600618e+00
1.014806850256912751e+00
1.014878570774661704e+00
1.014948924534278873e+00
1.015024796867642687e+00
1.015100206838755348e+00
1.015168435175290096e+00
1.015235874977773456e+00
1.015308888627679540e+00
1.015380924886441161e+00
1.015445823880898768e+00
1.015510511465220311e+00
1.015580779950857160e+00
1.015649554905889040e+00
1.015711283730519554e+00
1.015773373225087539e+00
1.015841002668209203e+00
1.015906625579361400e+00
1.015965339724064442e+00
1.016024977665887175e+00
1.016090067157196852e+00
1.016152644491583157e+00
1.016208495743758711e+00
1.016265821116484558e+00
1.016328463091067835e+00
1.016388098851292998e+00
1.016441235262046661e+00
1.016496379544589157e+00
1.016556660156164860e+00
1.016613456170619045e+00
1.016664022001110279e+00
1.016717109221203064e+00
1.016775108708231956e+00
1.016829164877272484e+00
1.016877300522236016e+00
1.016928447312331230e+00
1.016984240352680091e+00
1.017035654848682746e+00
1.017081496737512802e+00
1.017130812393553851e+00
1.017184468447979828e+00
1.017233337871171539e+00
1.017277018350048134e+00
1.017324604896450824e+00
1.017376188544234727e+00
1.017422608039497245e+00
1.017464255240509985e+00
1.017510207506850506e+00
1.017559778779129953e+00
1.017603842121287183e+00
1.017643579826163602e+00
1.017687985542363061e+00
1.017735600259839002e+00
1.017777399916117265e+00
1.017815347422850625e+00
1.017858287339946877e+00
1.017903997461566457e+00
1.017943624639924050e+00
1.017979896640295312e+00
1.018021444683171239e+00
1.018065298671162466e+00
1.018102843362105769e+00
1.018137549836908740e+00
1.018177773293718946e+00
1.018219816498141750e+00
1.018255367515678911e+00
1.018288613652567509e+00
1.018327573403247310e+00
1.018367848466317227e+00
1.018401493491171372e+00
1.018433379627686985e+00
1.018471130411151560e+00
1.018509677688352433e+00
1.018541503313770136e+00
1.018572124905601228e+00
1.018608715622340899e+00
1.018645573614182620e+00
1.018675665392025698e+00
1.018705113004147789e+00
1.018740587048282187e+00
1.018775792833869431e+00
1.018804235316447260e+00
1.018832594632841593e+00
1.018866990245607784e+00
1.018900579907285442e+00
1.018927456678887289e+00
1.018954808525186051e+00
1.018988159160567175e+00
1.019020168188086384e+00
1.019045561879514228e+00
1.019071982252399255e+00
1.019104316945319999e+00
1.019134780608264013e+00
1.019158772887970521e+00
1.019184332985460406e+00
1.019215676713727037e+00
1.019244630392392548e+00
1.019267301928996172e+00
1.019292068176884669e+00
1.019322442209733115e+00
1.019349921677074722e+00
1.019371352069940340e+00
1.019395386141451088e+00
1.019424808370018809e+00
1.019450850020360289e+00
1.019471117697337892e+00
1.019494476525315330e+00
1.019522961773251080e+00
1.019547602796917918e+00
1.019566784880957755e+00
1.019589520664361260e+00
1.019617080979773993e+00
1.019640359486190029e+00
1.019658531635083243e+00
1.019680691843874332e+00
1.019707336776566553e+00
1.019729291871335652e+00
1.019746528096987959e+00
1.019768155481427296e+00
1.019793892351456677e+00
1.019814564175194116e+00
1.019830936650378828e+00
1.019852069262028760e+00
1.019876903426885084e+00
1.019896333164860280e+00
1.019911912026158607e+00
1.019932583258344794e+00
1.019956518386206046e+00
1.019974748258100750e+00
1.019989601413644698e+00
1.020009840068677232e+00
1.020032878424309342e+00
1.020049951662606702e+00
1.020064144612317314e+00
1.020083975001449206e+00
1.020106117749404628e+00
1.020122078573244107e+00
1.020135674247615087e+00
1.020155116327624345e+00
1.020176363854719215e+00
1.020191257443699762e+00
1.020204316065011163e+00
1.020223385612684108e+00
1.020243737868563816e+00
1.020257610338279441e+00
1.020270189305684250e+00
1.020288898128591581e+00
1.020308354979950094e+00
1.020321253358299263e+00
1.020333407155785910e+00
1.020351763334975015e+00
1.020370324926016314e+00
1.020382297126894544e+00
1.020394077250974751e+00
1.020412085408798131e+00
1.020429752518215771e+00
1.020440847307357846e+00
1.020452302209694295e+00
1.020469963794313539e+00
1.020486738177689201e+00
1.020497005124357370e+00
1.020508180163640866e+00
1.020525493740960243e+00
1.020541378447208380e+00
1.020550867855289034e+00
1.020561805252571341e+00
1.020578766796573333e+00
1.020593766447953410e+00
1.020602529260782321e+00
1.020613268053215617e+00
1.020629871226893526e+00
1.020643992254061105e+00
1.020652079928878297e+00
1.020662655918290529e+00
1.020678892339448751e+00
1.020692143165804255e+00
1.020699607515938023e+00
1.020710053210709845e+00
1.020725912699595561e+00
1.020738303872508190e+00
1.020745196877939520e+00
1.020755541429032798e+00
1.020771012237721820e+00
1.020782556507666472e+00
1.020788930097237923e+00
1.020799199231612331e+00
1.020814268257977275e+00
1.020824980609852384e+00
1.020830886420772465e+00
1.020841102377576526e+00
1.020855755369098672e+00
1.020865653012644980e+00
1.020871142134792020e+00
1.020881323611324998e+00
1.020895545365716028e+00
1.020904647693750666e+00
1.020909770407458117e+00
1.020919932522766249e+00
1.020933707093073073e+00
1.020942035617037336e+00
1.020946841133367533e+00
1.020956995417325430e+00
1.020970306328835564e+00
1.020977884600877683e+00
1.020982420812862390e+00
1.020992575227685606e+00
1.021005405712511749e+00
1.021012259242064069e+00
1.021016572494080732e+00
1.021026731493457795e+00
1.021039064746354530e+00
1.021045220917112806e+00
1.021049355797606584e+00
1.021059520426238709e+00
1.021071339882220874e+00
1.021076827872843484e+00
1.021080827033244542e+00
1.021090995066763041e+00
1.021102284697815277e+00
1.021107135406882138e+00
1.021111039407055054e+00
1.021121205529387233e+00
1.021131950154365864e+00
1.021136196127477191e+00
1.021140043305672540e+00
1.021150199318254348e+00
1.021160384917364938e+00
1.021164060272043317e+00
1.021167886635349742e+00
1.021178021690476445e+00
1.021187635713785902e+00
1.021190776056335903e+00
1.021194615186303167e+00
1.021204716035597260e+00
1.021213747694162732e+00
1.021216390021981502e+00
1.021220272989513456e+00
1.021230324238164622e+00
1.021238764766624785e+00
1.021240947349731254e+00
1.021244902633647422e+00
1.021254886991759925e+00
1.021262729872643327e+00
1.021264492109339894e+00
1.021268545514070425e+00
1.021278444038099531e+00
1.021285685180464364e+00
1.021287067423939154e+00
1.021291241993591115e+00
1.021301034313232492e+00
1.021307672181341442e+00
1.021308715536392464e+00
1.021313031464632148e+00
1.021322695993398533e+00
1.021328731684542745e+00
1.021329477776223627e+00
1.021333952313840943e+00
1.021343466444526449e+00
1.021348903718511503e+00
1.021349394437024216e+00
1.021354041801342483e+00
1.021363382090294314e+00
1.021368227356098446e+00
1.021368504584411419e+00
1.021373335876627708e+00
1.021382478222876422e+00
1.021386740490243694e+00
1.021386845822467304e+00
1.021391868960286331e+00
1.021400788786828162e+00
1.021404479591903947e+00
1.021404454051229926e+00
1.021409673724615219e+00
1.021418346169359115e+00
1.021421479483738404e+00
1.021421363248669945e+00
1.021426780906099285e+00
1.021435181029109351e+00
1.021437773160916773e+00
1.021437605307599306e+00
1.021443219178892914e+00
1.021451322190675803e+00
1.021453391684632894e+00
1.021453209951458829e+00
1.021459015111160884e+00
1.021466796624082463e+00
1.021468364165164733e+00
1.021468204743649633e+00
1.021474193216322490e+00
1.021481629518065759e+00
1.021482717840649812e+00
1.021482615194113208e+00
1.021488776100006657e+00
1.021495844444706869e+00
1.021496478246339379e+00
1.021496464955450989e+00
1.021502784692190247e+00
1.021509463601884660e+00
1.021509669458324776e+00
1.021509776090373300e+00
1.021516238543874078e+00
1.021522508110521699e+00
1.021522314386813512e+00
1.021522569383874979e+00
1.021529156159947327e+00
1.021534998336841804e+00
1.021534435088048420e+00
1.021534864668255160e+00
1.021541555335510276e+00
1.021546954206567381e+00
1.021546053061593184e+00
1.021546681127550649e+00
1.021553453462382022e+00
1.021558395478612047e+00
1.021557189501244522e+00
1.021558037550327702e+00
1.021564867775910379e+00
1.021569341950279153e+00
1.021567865473111958e+00
1.021568952505804262e+00
1.021575815519081276e+00
1.021579813573710638e+00
1.021578102002771660e+00
1.021579444427226369e+00
1.021586314010520580e+00
1.021589830473482508e+00
1.021587920063922406e+00
1.021589531597280054e+00
1.021596380614131494e+00
1.021599412866542433e+00
1.021597340472360615e+00
1.021599232041759064e+00
1.021606032619496007e+00
1.021608580896876450e+00
1.021606383700046861e+00
1.021608563348423537e+00
1.021615287052459298e+00
1.021617354407009959e+00
1.021615069633270867e+00
1.021617542436710213e+00
1.021624160443296070e+00
1.021625752675586751e+00
1.021623417305363546e+00
1.021626185309647772e+00
1.021632668584595116e+00
1.021633794154009012e+00
1.021631444637318475e+00
1.021634506821390342e+00
1.021640826311971395e+00
1.021641496235017321e+00
1.021639168218718030e+00
1.021642520491904627e+00
1.021648647337769056e+00
1.021648875082175056e+00
1.021646603156660227e+00
1.021650238394804733e+00
1.021656144161470436e+00
1.021655945541948496e+00
1.021653763012459581e+00
1.021657671135736578e+00
1.021663328071260146e+00
1.021662721150279785e+00
1.021660659835670781e+00
1.021664827928080888e+00
1.021670209240250760e+00
1.021669214234380618e+00
1.021667304293671474e+00
1.021671716761300086e+00
1.021676796909503970e+00
1.021675436099209522e+00
1.021673705883883176e+00
1.021678344646344883e+00
1.021683099639511205e+00
1.021681397278072057e+00
1.021679873206092104e+00
1.021684717913432960e+00
1.021689125603490567e+00
1.021687107819142293e+00
1.021685814265302028e+00
1.021690842531297605e+00
1.021694882890666012e+00
1.021692577575378236e+00
1.021691536772000086e+00
1.021696724414408397e+00
1.021700379786245172e+00
1.021697816464782527e+00
1.021697048407035568e+00
1.021702369686010359e+00
1.021705624997299555e+00
1.021702834671323279e+00
1.021702357022482577e+00
1.021707784869955171e+00
1.021710627799847781e+00
1.021707642763677537e+00
1.021707470757386327e+00
1.021712976992588118e+00
1.021715398091468607e+00
1.021712251718497111e+00
1.021712398057296856e+00
1.021717953586454453e+00
1.021719946344616048e+00
1.021716672845982998e+00
1.021717147597801301e+00
1.021722722599006206e+00
1.021724283467244199e+00
1.021720917626919967e+00
1.021721728123525352e+00
1.021727292220546479e+00
1.021728420587987740e+00
1.021724997480605968e+00
1.021726148223994768e+00
1.021731670654948854e+00
1.021732368791769652e+00
1.021728923491142638e+00
1.021730416075138592e+00
1.021735865863266035e+00
1.021736138837317398e+00
1.021732706124389045e+00
1.021734539179262713e+00
1.021739885313300178e+00
1.021739740890015069e+00
1.021736354968979743e+00
1.021738524136490023e+00
1.021743735767341787e+00
1.021743184301576512e+00
1.021739878532017087e+00
1.021742376477026149e+00
1.021747423135581423e+00
1.021746477462436076e+00
1.021743284113740824e+00
1.021746100576491845e+00
1.021750952414818059e+00
1.021749627744166666e+00
1.021746577776324827e+00
1.021749699666877342e+00
1.021754327721864364e+00
1.021752641538616446e+00
1.021749764411052475e+00
1.021753175944486447e+00
1.021757552419739090e+00
1.021755524389098557e+00
1.021752847896712391e+00
1.021756530764876159e+00
1.021760629323622993e+00
1.021758281198104301e+00
1.021755831331477848e+00
1.021759764904598189e+00
1.021763560963975692e+00
1.021760916487002735e+00
1.021758717312009956e+00
1.021762878861691259e+00
1.021766349877261781e+00
1.021763434677011029e+00
1.021761508228059334e+00
1.021765873162301386e+00
1.021768998891276370e+00
1.021765840358172195e+00
1.021764206539104158e+00
1.021768748640077717e+00
1.021771511372471686e+00
1.021768138514396851e+00
1.021766815001728723e+00
1.021771506658156747e+00
1.021773891406953627e+00
1.021770334677736702e+00
1.021769336822295315e+00
1.021774149250290309e+00
1.021776143894405520e+00
1.021772434993276413e+00
1.021771775718299802e+00
1.021776679167140323e+00
1.021778274544244969e+00
1.021774446186474172e+00
1.021774135882581369e+00
1.021779099824863479e+00
1.021780289774600003e+00
1.021776375436159734e+00
1.021776421855996597e+00
1.021781415164531470e+00
1.021782196525916397e+00
1.021778230167408541e+00
1.021778638324974064e+00
1.021783629441296526e+00
1.021784002010842851e+00
1.021780017787870420e+00
1.021780789869195738e+00
1.021785746970352404e+00
1.021785713429328668e+00
1.021781745397737140e+00
1.021782880690554673e+00
1.021787771861666139e+00
1.021787337681815178e+00
1.021783419506648638e+00
1.021784914356778540e+00
1.021789707776623590e+00
1.021788881113491421e+00
1.021785045790077673e+00
1.021786893591440926e+00
1.021791557737001810e+00
1.021790349318871804e+00
1.021786628913209150e+00
1.021788820136728893e+00
1.021793324010384474e+00
1.021791747028827135e+00
1.021788172442568587e+00
1.021790694706867786e+00
1.021795008087010626e+00
1.021793078092528173e+00
1.021789678855517636e+00
1.021792517039558090e+00
1.021796610752147672e+00
1.021794345555611327e+00
1.021791149646439578e+00
1.021794286041333821e+00
1.021798132246692692e+00
1.021795551824598469e+00
1.021792585517247609e+00
1.021796000011794714e+00
1.021799572498170106e+00
1.021796698897466271e+00
1.021793986630107121e+00
1.021797656922414532e+00
1.021800931395827838e+00
1.021797788632481607e+00
1.021795352893083653e+00
1.021799254719253369e+00
1.021802209078161328e+00
1.021798823022884717e+00
1.021796684245664721e+00
1.021800791616095605e+00
1.021803406199549347e+00
1.021799804444288640e+00
1.021797980911225201e+00
1.021802266345671395e+00
1.021804524144945603e+00
1.021800735844811792e+00
1.021799243587473427e+00
1.021803678341553168e+00
1.021805565167519747e+00
1.021801620854656534e+00
1.021800473553287070e+00
1.021805027831476087e+00
1.021806532433000569e+00
1.021802463801249949e+00
1.021801672680255457e+00
1.021806315833222012e+00
1.021807429965292835e+00
1.021803269627112876e+00
1.021802843348500689e+00
1.021807544055636896e+00
1.021808262499346753e+00
1.021804043719004573e+00
1.021803988277661723e+00
1.021808714718430044e+00
1.021809035257984277e+00
1.021804791667254797e+00
1.021805110293940722e+00
1.021809830313859635e+00
1.021809753678151855e+00
1.021805518982384031e+00
1.021806212061660002e+00
1.021810893340117987e+00
1.021810423117850863e+00
1.021806230801130422e+00
1.021807295812019900e+00
1.021811906039424400e+00
1.021811048577142333e+00
1.021806931615296232e+00
1.021808363102123085e+00
1.021812870173148591e+00
1.021811634464901974e+00
1.021807625054259372e+00
1.021809414633892299e+00
1.021813786861790696e+00
1.021812184437571602e+00
1.021808313745837804e+00
1.021810450155552275e+00
1.021814656509905550e+00
1.021812701327718509e+00
1.021808999271179408e+00
1.021811468458777128e+00
1.021815478825934820e+00
1.021813187169668513e+00
1.021809682218512538e+00
1.021812467473453445e+00
1.021816252935622060e+00
1.021813643318125298e+00
1.021810362329175881e+00
1.021813444450641262e+00
1.021816977576533780e+00
1.021814070644770256e+00
1.021811038718689391e+00
1.021814396214002496e+00
1.021817651351511369e+00
1.021814469788700386e+00
1.021811710146967034e+00
1.021815319451971682e+00
1.021818273011770417e+00
1.021814841430212173e+00
1.021812375306138332e+00
1.021816211018175879e+00
1.021818841736710448e+00
1.021815186554683841e+00
1.021813033092479506e+00
1.021817068206674062e+00
1.021819357377694359e+00
1.021815506674436325e+00
1.021813682830936543e+00
1.021817888971547905e+00
1.021819820637134946e+00
1.021815803981355852e+00
1.021814324426383758e+00
1.021818672066947320e+00
1.021820233161658376e+00
1.021816081411155874e+00
1.021814958424462461e+00
1.021819417093045468e+00
1.021820597538052988e+00
1.021816342610502470e+00
1.021815585975553109e+00
1.021820124444404954e+00
1.021820917191974765e+00
1.021816591809587838e+00
1.021816208706882723e+00
1.021820795168689511e+00
1.021821196200633164e+00
1.021816833613811148e+00
1.021816828518622433e+00
1.021821430754122906e+00
1.021821439040618618e+00
1.021817072737687626e+00
1.021817447328823736e+00
1.021822032872369057e+00
1.021821650299497453e+00
1.021817313710902342e+00
1.021818066798094282e+00
1.021822603108628602e+00
1.021821834383920269e+00
1.021817560589716845e+00
1.021818688067368974e+00
1.021823142712125376e+00
1.021821995257298887e+00
1.021817816706400706e+00
1.021819311540687725e+00
1.021823652397615190e+00
1.021822136236590683e+00
1.021818084485026423e+00
1.021819936739689405e+00
1.021824132222450388e+00
1.021822259870760918e+00
1.021818365344345114e+00
1.021820562248239694e+00
1.021824581554708455e+00
1.021822367913934215e+00
1.021818659698435550e+00
1.021821185755123818e+00
1.021824999137075363e+00
1.021822461395142101e+00
1.021818967054548333e+00
1.021821804191318961e+00
1.021825383239774343e+00
1.021822540775275012e+00
1.021819286196337551e+00
1.021822413947331309e+00
1.021825731885212418e+00
1.021822606171609138e+00
1.021819615430827000e+00
1.021823011146728799e+00
1.021826043118425176e+00
1.021822657622358799e+00
1.021819952870110404e+00
1.021823591945437926e+00
1.021826315291830323e+00
1.021822695358975963e+00
1.021820296714839094e+00
1.021824152823367360e+00
1.021826547330958679e+00
1.021822720052992794e+00
1.021820645506449132e+00
1.021824690835859473e+00
1.021826738949886959e+00
1.021822733007165862e+00
1.021820998318856422e+00
1.021825203797196657e+00
1.021826890790850761e+00
1.021822736267186560e+00
1.021821354867561427e+00
1.021825690376410023e+00
1.021827004471272060e+00
1.021822732639523279e+00
1.021821715523901331e+00
1.021826150095934693e+00
1.021827082532150932e+00
1.021822725611948757e+00
1.021822081233406898e+00
1.021826583235068364e+00
1.021827128293202325e+00
1.021822719184700023e+00
1.021822453348566251e+00
1.021826990651314215e+00
1.021827145630910927e+00
1.021822717630680888e+00
1.021822833396404784e+00
1.021827373542271822e+00
1.021827138704561877e+00
1.021822725211436023e+00
1.021823222809013387e+00
1.021827733177610220e+00
1.021827111661283594e+00
1.021822745880837990e+00
1.021823622649568497e+00
1.021828070634058339e+00
1.021827068353479140e+00
1.021822783009925573e+00
1.021824033366996343e+00
1.021828386565857727e+00
1.021827012100498866e+00
1.021822839163967656e+00
1.021824454609171484e+00
1.021828681038840614e+00
1.021826945521181695e+00
1.021822915956842159e+00
1.021824885117769810e+00
1.021828953448690402e+00
1.021826870455571967e+00
1.021823013998939711e+00
1.021825322718426410e+00
1.021829202533924175e+00
1.021826787983679541e+00
1.021823132944021717e+00
1.021825764408764048e+00
1.021829426482884218e+00
1.021826698537784406e+00
1.021823271629051400e+00
1.021826206535453085e+00
1.021829623122816777e+00
1.021826602093837355e+00
1.021823428290280500e+00
1.021826645041071790e+00
1.021829790169327623e+00
1.021826498418219931e+00
1.021823600830087164e+00
1.021827075753393821e+00
1.021829925507222736e+00
1.021826387339635378e+00
1.021823787103231629e+00
1.021827494684765192e+00
1.021830027469891933e+00
1.021826269012923394e+00
1.021823985189044492e+00
1.021827898308083293e+00
1.021830095084385936e+00
1.021826144142519377e+00
1.021824193617818288e+00
1.021828283778669189e+00
1.021830128253212067e+00
1.021826014137991345e+00
1.021824411525162457e+00
1.021828649077691997e+00
1.021830127851152570e+00
1.021825881182038875e+00
1.021824638716644085e+00
1.021828993062059432e+00
1.021830095725237531e+00
1.021825748201581563e+00
1.021824875635656049e+00
1.021829315416656891e+00
1.021830034597232650e+00
1.021825618743921416e+00
1.021825123238924604e+00
1.021829616516282790e+00
1.021829947879287825e+00
1.021825496771068709e+00
1.021825382794956383e+00
1.021829897215159377e+00
1.021829839423434416e+00
1.021825386394915824e+00
1.021825655629864382e+00
1.021830158590334436e+00
1.021829713233231463e+00
1.021825291582888706e+00
1.021825942851235958e+00
1.021830401670579258e+00
1.021829573170186301e+00
1.021825215867208758e+00
1.021826245083372164e+00
1.021830627183982099e+00
1.021829422688082856e+00
1.021825162090558958e+00
1.021826562245967462e+00
1.021830835355105327e+00
1.021829264625031986e+00
1.021825132216810150e+00
1.021826893403319669e+00
1.021831025776632096e+00
1.021829101076263679e+00
1.021825127228003449e+00
1.021827236702972375e+00
1.021831197371554367e+00
1.021828933361220937e+00
1.021825147118851529e+00
1.021827589412328541e+00
1.021831348451188948e+00
1.021828762087474640e+00
1.021825190988786991e+00
1.021827948050346713e+00
1.021831476862908428e+00
1.021828587302646474e+00
1.021825257220328353e+00
1.021828308600364998e+00
1.021831580210788015e+00
1.021828408715213188e+00
1.021825343722572388e+00
1.021828666780612682e+00
1.021831656123624699e+00
1.021828225956973313e+00
1.021825448211129750e+00
1.021829018342244932e+00
1.021831702539053754e+00
1.021828038855074006e+00
1.021825568491663061e+00
1.021829359361527079e+00
1.021831717970427489e+00
1.021827847680329970e+00
1.021825702713889727e+00
1.021829686493509470e+00
1.021831701724969399e+00
1.021827653341346842e+00
1.021825849566481814e+00
1.021829997159088954e+00
1.021831654047298699e+00
1.021827457500282588e+00
1.021826008390349427e+00
1.021830289645206058e+00
1.021831576171026823e+00
1.021827262595273567e+00
1.021826179197470097e+00
1.021830563108131695e+00
1.021831470271777897e+00
1.021827071765458061e+00
1.021826362593616810e+00
1.021830817481189868e+00
1.021831339326413790e+00
1.021826888685963830e+00
1.021826559614697150e+00
1.021831053299437908e+00
1.021831186894090582e+00
1.021826717330747147e+00
1.021826771496627817e+00
1.021831271463506940e+00
1.021831016843809614e+00
1.021826561689644031e+00
1.021826999406542757e+00
1.021831472971860943e+00
1.021830833059252930e+00
1.021826425471387134e+00
1.021827244167732296e+00
1.021831658654322350e+00
1.021830639154262643e+00
1.021826311826044442e+00
1.021827506011537601e+00
1.021831828939430586e+00
1.021830438230991511e+00
1.021826223118172061e+00
1.021827784386351468e+00
1.021831983684115430e+00
1.021830232707708230e+00
1.021826160776169612e+00
1.021828077847282579e+00
1.021832122086713701e+00
1.021830024235076628e+00
1.021826125234579496e+00
1.021828384040686544e+00
1.021832242694444171e+00
1.021829813709357992e+00
1.021826115975353222e+00
1.021828699786742511e+00
1.021832343505234775e+00
1.021829601379650176e+00
1.021826131662710635e+00
1.021829021251818626e+00
1.021832422152553432e+00
1.021829387035256165e+00
1.021826170355401242e+00
1.021829344191911071e+00
1.021832476151991909e+00
1.021829170249885621e+00
1.021826229771265915e+00
1.021829664240131885e+00
1.021832503180923890e+00
1.021828950652714063e+00
1.021826307572983206e+00
1.021829977206086149e+00
1.021832501358498124e+00
1.021828728193158398e+00
1.021826401641531490e+00
1.021830279353610704e+00
