1.000603444564682754e+00
1.000676097305573720e+00
1.000797226357988734e+00
1.000942591739756971e+00
1.001101045634765097e+00
1.001266013592496229e+00
1.001438775104606327e+00
1.001617996194010374e+00
1.001796849722432547e+00
1.001978556283865895e+00
1.002165422995017430e+00
1.002350621802346131e+00
1.002534938058079916e+00
1.002723116941890869e+00
1.002911322663452509e+00
1.003095573592038825e+00
1.003281772157476270e+00
1.003470250202324721e+00
1.003653483754637143e+00
1.003836213835351820e+00
1.004022268674583884e+00
1.004204425080656771e+00
1.004383231300293611e+00
1.004564761839738196e+00
1.004745481569871979e+00
1.004920473325606967e+00
1.005096435268797439e+00
1.005274391612731133e+00
1.005446155571296352e+00
1.005616420872483374e+00
1.005789800791398125e+00
1.005959109807132990e+00
1.006124111628447171e+00
1.006291528697671467e+00
1.006458376688693868e+00
1.006618835790614952e+00
1.006779833073683017e+00
1.006943084625794071e+00
1.007100027281137677e+00
1.007254923141258862e+00
1.007412999053905356e+00
1.007567387113842194e+00
1.007716933899531764e+00
1.007868755711297748e+00
1.008020552941579995e+00
1.008165707367074226e+00
1.008311106697605819e+00
1.008459146425753739e+00
1.008601105211446747e+00
1.008740614421105519e+00
1.008883409247460339e+00
1.009023117089408172e+00
1.009157624913624707e+00
1.009294288868595180e+00
1.009431555780104794e+00
1.009562123257687904e+00
1.009692668154744455e+00
1.009826235899290658e+00
1.009954120456258542e+00
1.010079198755971630e+00
1.010207637101019573e+00
1.010333674050833963e+00
1.010454236091711033e+00
1.010576812359752941e+00
1.010700616948071673e+00
1.010817778902815878e+00
1.010934639090791176e+00
1.011054856489725262e+00
1.011169883622615728e+00
1.011281759002283565e+00
1.011397019045967571e+00
1.011510590629947970e+00
1.011618463409536206e+00
1.011728174814076064e+00
1.011839704376656712e+00
1.011944729357786565e+00
1.012049151144625903e+00
1.012157203458802446e+00
1.012260620873987271e+00
1.012360543166193283e+00
1.012463823494828663e+00
1.012566129394838699e+00
1.012662555457048086e+00
1.012760610309858311e+00
1.012861024050545122e+00
1.012955141356468580e+00
1.013048330636335592e+00
1.013145360255720329e+00
1.013238356177359467e+00
1.013327516673664608e+00
1.013419960351756188e+00
1.013512130115929999e+00
1.013598283052889570e+00
1.013685822396064307e+00
1.013776205563836852e+00
1.013860566305560207e+00
1.013943652681396301e+00
1.014030726483859057e+00
1.014114402110776192e+00
1.014193909589313991e+00
1.014276580879699630e+00
1.014359654820712331e+00
1.014436623001431670e+00
1.014514704538906464e+00
1.014596055020197340e+00
1.014671720045192682e+00
1.014745745950517586e+00
1.014823845731908758e+00
1.014899206999498205e+00
1.014970080812545472e+00
1.015043958200992247e+00
1.015118882354092200e+00
1.015187664380265531e+00
1.015257257939184532e+00
1.015330483306732479e+00
1.015398419789608431e+00
1.015464337884048884e+00
1.015534358647455004e+00
1.015602314942468443e+00
1.015665484362588522e+00
1.015731459735579101e+00
1.015799086436384835e+00
1.015860591422107717e+00
1.015922579372505075e+00
1.015988498623251468e+00
1.016049580878453984e+00
1.016108255588643150e+00
1.016171007768636336e+00
1.016232374489556944e+00
1.016288681613957579e+00
1.016347562920366876e+00
1.016408654699434422e+00
1.016463705478326762e+00
1.016518886187575577e+00
1.016578234348260334e+00
1.016633247398254003e+00
1.016685459133699787e+00
1.016741673246045252e+00
1.016797176844185024e+00
1.016847381739553358e+00
1.016899897814079967e+00
1.016955133328448113e+00
1.017004471390021703e+00
1.017053564471888105e+00
1.017106998837570719e+00
1.017156643616362599e+00
1.017203094506736072e+00
1.017253427066234783e+00
1.017303711429947910e+00
1.017348498376142940e+00
1.017395304831807845e+00
1.017445285767688334e+00
1.017489576913405580e+00
1.017533229251001092e+00
1.017581336257344482e+00
1.017626235544339508e+00
1.017667555787550082e+00
1.017712595620358318e+00
1.017758228946697319e+00
1.017798212937881086e+00
1.017839898352689731e+00
1.017885156564033888e+00
1.017924996631164980e+00
1.017963788520092949e+00
1.018007090613889609e+00
1.018047795150279988e+00
1.018084549433091457e+00
1.018124823891089825e+00
1.018166305562244300e+00
1.018202038605988236e+00
1.018239130597638376e+00
1.018280135102856754e+00
1.018316055469934867e+00
1.018350506586807036e+00
1.018389468797913811e+00
1.018426463346616906e+00
1.018459157105879420e+00
1.018495137994335220e+00
1.018532905259507793e+00
1.018564882292094298e+00
1.018597853330694747e+00
1.018635017025533163e+00
1.018667489839487850e+00
1.018698064957831217e+00
1.018733101077071934e+00
1.018766810350796304e+00
1.018795895797152795e+00
1.018828004980705026e+00
1.018862439382411278e+00
1.018891103749612892e+00
1.018920376670516603e+00
1.018954062712247532e+00
1.018983505861053240e+00
1.019010620314923177e+00
1.019042098658367257e+00
1.019072893085946729e+00
1.019098774948473451e+00
1.019127389640476444e+00
1.019158823160839056e+00
1.019184571649696780e+00
1.019210524850516553e+00
1.019241052683187210e+00
1.019267834541451423e+00
1.019291859439733994e+00
1.019320108190479024e+00
1.019348309483972814e+00
1.019371350421366174e+00
1.019396808151291856e+00
1.019425529049081458e+00
1.019448716459009363e+00
1.019471688756914185e+00
1.019499339736311683e+00
1.019523783690725161e+00
1.019545050866431435e+00
1.019570362979619560e+00
1.019596249450637648e+00
1.019616775058960201e+00
1.019639378295114085e+00
1.019665636595452618e+00
1.019686579840471730e+00
1.019706874961266552e+00
1.019731897531743758e+00
1.019754286276405075e+00
1.019773092940843728e+00
1.019795730597677030e+00
1.019819542169141391e+00
1.019837845515231045e+00
1.019857865912135342e+00
1.019881878510177309e+00
1.019900860256534925e+00
1.019918750933892504e+00
1.019941365314712023e+00
1.019961944899117512e+00
1.019978557965579125e+00
1.019998756570040133e+00
1.020020699439360801e+00
1.020037045062765602e+00
1.020054727305162778e+00
1.020076682651669175e+00
1.020093954512555579e+00
1.020109686190155518e+00
1.020130088543495628e+00
1.020149072155953185e+00
1.020163732198482442e+00
1.020181703921917205e+00
1.020201954847627324e+00
1.020216582196813437e+00
1.020232147421709756e+00
1.020252209768279794e+00
1.020267995093875557e+00
1.020281789239142034e+00
1.020300155310467805e+00
1.020317726783638967e+00
1.020330651600521943e+00
1.020346588490059991e+00
1.020365298691199740e+00
1.020378424986714716e+00
1.020392073778066067e+00
1.020410386970284744e+00
1.020424883283368889e+00
1.020436940334893183e+00
1.020453428575664123e+00
1.020469745607130996e+00
1.020481133364725679e+00
1.020495210039799927e+00
1.020512508712736466e+00
1.020524331257536721e+00
1.020536246223286536e+00
1.020552937040329677e+00
1.020566318173982800e+00
1.020576820153725084e+00
1.020591574354271724e+00
1.020606771442849059e+00
1.020616803383276983e+00
1.020629179350059035e+00
1.020645176819515942e+00
1.020655874802196550e+00
1.020666222758984443e+00
1.020681403808267884e+00
1.020693821803057233e+00
1.020702934628422209e+00
1.020716086103918840e+00
1.020730277211126191e+00
1.020739119917300819e+00
1.020749941534074834e+00
1.020764732063291769e+00
1.020774467921280459e+00
1.020783401726673478e+00
1.020797173911745626e+00
1.020808760726088060e+00
1.020816636256131726e+00
1.020828305639595257e+00
1.020841586594299244e+00
1.020849393817385931e+00
1.020858795945432274e+00
1.020872460234405033e+00
1.020881380659326876e+00
1.020889040743050202e+00
1.020901495331814957e+00
1.020912364412153384e+00
1.020919142257141532e+00
1.020929440959411627e+00
1.020941891630802179e+00
1.020948805697877937e+00
1.020956913072874173e+00
1.020969520473895109e+00
1.020977757149009513e+00
1.020984272801740200e+00
1.020995493129687848e+00
1.021005740878115020e+00
1.021011549993620982e+00
1.021020581390930104e+00
1.021032267659619075e+00
1.021038420492109244e+00
1.021045348851045809e+00
1.021056959328070946e+00
1.021064629487553166e+00
1.021070119967333323e+00
1.021080182816376913e+00
1.021089889983840537e+00
1.021094850061225134e+00
1.021102710466619712e+00
1.021113686025060474e+00
1.021119199810587297e+00
1.021125056809250697e+00
1.021135722663188528e+00
1.021142929555726830e+00
1.021147505067763861e+00
1.021156481765182367e+00
1.021165714789731727e+00
1.021169937446036791e+00
1.021176716912713722e+00
1.021187024924237186e+00
1.021192012494970047e+00
1.021196898451432133e+00
1.021206665828589877e+00
1.021213499154820514e+00
1.021217261751004690e+00
1.021225219034730625e+00
1.021234031337348469e+00
1.021237621101102055e+00
1.021243404095296903e+00
1.021253078736274578e+00
1.021257643714864383e+00
1.021261652215087912e+00
1.021270562411954463e+00
1.021277098788756277e+00
1.021280143219941650e+00
1.021287143915903251e+00
1.021295577161681623e+00
1.021298632248171856e+00
1.021303498218430139e+00
1.021312566121235221e+00
1.021316802900221310e+00
1.021320021302364545e+00
1.021328111877476186e+00
1.021334415364367754e+00
1.021336829903068733e+00
1.021342933457536795e+00
1.021351018787130194e+00
1.021353631657979877e+00
1.021357655518156937e+00
1.021366137124762874e+00
1.021370130746361404e+00
1.021372640619929495e+00
1.021379946323136334e+00
1.021386069029123433e+00
1.021387936264684271e+00
1.021393199169659649e+00
1.021400958404493409e+00
1.021403216111752110e+00
1.021406468648250465e+00
1.021414379476582868e+00
1.021418205476697150e+00
1.021420083010523339e+00
1.021426636541461708e+00
1.021432619316368529e+00
1.021434016910660381e+00
1.021438493053638652e+00
1.021445939877442921e+00
1.021447924201134061e+00
1.021450472411348231e+00
1.021457824229896616e+00
1.021461548503172612e+00
1.021462864911711454e+00
1.021468697522109226e+00
1.021474570725824815e+00
1.021475572106712582e+00
1.021479313068176520e+00
1.021486454186304238e+00
1.021488241585039036e+00
1.021490148953765775e+00
1.021496950855276697e+00
1.021500629587613229e+00
1.021501451537932370e+00
1.021506593495772997e+00
1.021512377832330953e+00
1.021513052795625986e+00
1.021516108109194132e+00
1.021522944385305776e+00
1.021524605790611773e+00
1.021525932513613899e+00
1.021532191876413087e+00
1.021535871578587606e+00
1.021536261650980881e+00
1.021540742587584427e+00
1.021546449988324889e+00
1.021546865177368257e+00
1.021549282559600202e+00
1.021555810126511421e+00
1.021557410621160678e+00
1.021558213789003577e+00
1.021563937114834841e+00
1.021567654777146394e+00
1.021567671961188584e+00
1.021571521124081228e+00
1.021577155664526115e+00
1.021577374899976576e+00
1.021579200450438485e+00
1.021585411788390463e+00
1.021587010215799562e+00
1.021587343975094431e+00
1.021592537595117811e+00
1.021596320969681448e+00
1.021596021185920078e+00
1.021599267620360463e+00
1.021604826457692017e+00
1.021604910898042951e+00
1.021606189266220488e+00
1.021612074238049672e+00
1.021613722792666490e+00
1.021613638504546895e+00
1.021618309149887827e+00
1.021622177155789846e+00
1.021621613782437432e+00
1.021624286462349485e+00
1.021629760783348218e+00
1.021629768908150382e+00
1.021630543422657578e+00
1.021636090251961448e+00
1.021637834099014874e+00
1.021637380514922366e+00
1.021641535754137742e+00
1.021645498992131973e+00
1.021644723367452823e+00
1.021646851292455693e+00
1.021652227264280732e+00
1.021652214685597970e+00
1.021652527442924896e+00
1.021657723619032510e+00
1.021659600586207084e+00
1.021658824058256254e+00
1.021662472610433525e+00
1.021666533968734303e+00
1.021665595834472251e+00
1.021667208104248603e+00
1.021672467821809871e+00
1.021672486943406621e+00
1.021672378857652719e+00
1.021677211950553499e+00
1.021679252324917631e+00
1.021678197062161786e+00
1.021681349000131966e+00
1.021685504331154126e+00
1.021684452181113922e+00
1.021685578052414112e+00
1.021690700475931912e+00
1.021690800032373225e+00
1.021690310853050399e+00
1.021694769222756483e+00
1.021696995674820529e+00
1.021695704048236841e+00
1.021698370910702369e+00
1.021702609759693292e+00
1.021701491060852396e+00
1.021702159987053715e+00
1.021707121861814782e+00
1.021707346379485681e+00
1.021706514690276624e+00
1.021710588078423187e+00
1.021713015723085594e+00
1.021711528612033959e+00
1.021713723445616839e+00
1.021718029815138706e+00
1.021716891076190681e+00
1.021717132725524557e+00
1.021721909473313428e+00
1.021722298701158493e+00
1.021721161917081844e+00
1.021724841913658421e+00
1.021727478506534226e+00
1.021725835669184068e+00
1.021727573021153690e+00
1.021731926159118453e+00
1.021730812832450042e+00
1.021730657079538140e+00
1.021735223648406521e+00
1.021735812007300348e+00
1.021734406389924077e+00
1.021737686774317755e+00
1.021740533032818199e+00
1.021738773474026418e+00
1.021740069353815006e+00
1.021744444556198506e+00
1.021743400772778809e+00
1.021742877659313820e+00
1.021747209316048011e+00
1.021748025412114735e+00
1.021746386121451966e+00
1.021749263083746584e+00
1.021752313116133903e+00
1.021750475419827442e+00
1.021751347242863650e+00
1.021755716664488167e+00
1.021754784815498862e+00
1.021753924479523068e+00
1.021757997528059514e+00
1.021759063767586628e+00
1.021757224964912947e+00
1.021759697219728924e+00
1.021762939042483609e+00
1.021761061632806555e+00
1.021761528154533138e+00
1.021765861621930505e+00
1.021765081814533405e+00
1.021763914393120531e+00
1.021767706802743980e+00
1.021769039135711488e+00
1.021767034144101416e+00
1.021769102954363628e+00
1.021772519078278929e+00
1.021770640375207151e+00
1.021770721617442534e+00
1.021774987436804061e+00
1.021774396862632273e+00
1.021772952378683597e+00
1.021776444308343468e+00
1.021778052115538848e+00
1.021775913635335264e+00
1.021777582766455472e+00
1.021781150834170759e+00
1.021779309275058889e+00
1.021779026442255045e+00
1.021783192193179035e+00
1.021782824455634398e+00
1.021781132704673523e+00
1.021784306914077511e+00
1.021786193040857826e+00
1.021783953406843359e+00
1.021785229032520226e+00
1.021788922493654939e+00
1.021787156401802843e+00
1.021786531782137075e+00
1.021790565084971014e+00
1.021790449534372591e+00
1.021788539990407862e+00
1.021791382134292991e+00
1.021793543063780119e+00
1.021791234520986968e+00
1.021792125099984183e+00
1.021795913913583487e+00
1.021794261207424448e+00
1.021793318053606292e+00
1.021797187295431231e+00
1.021797348419225981e+00
1.021795250178987313e+00
1.021797748987496091e+00
1.021800175138385169e+00
1.021797830105682703e+00
1.021798346244974232e+00
1.021802197601637152e+00
1.021800695352180766e+00
1.021799457739405170e+00
1.021803132741888831e+00
1.021803589650895017e+00
1.021801331432617310e+00
1.021803478787204345e+00
1.021806154916988785e+00
1.021803806203046783e+00
1.021803960517240428e+00
1.021807839574512045e+00
1.021806523432636560e+00
1.021805016095732155e+00
1.021808468707792850e+00
1.021809234749754491e+00
1.021806844956298477e+00
1.021808635876185534e+00
1.021811541569402682e+00
1.021809222505158044e+00
1.021809029476184350e+00
1.021812900100323773e+00
1.021811803627758586e+00
1.021810051785312368e+00
1.021813256385138091e+00
1.021814338905108421e+00
1.021811845752288672e+00
1.021813278310405693e+00
1.021816388532901243e+00
1.021814132988553503e+00
1.021813608824341690e+00
1.021817434329675311e+00
1.021816588276590387e+00
1.021814617455400143e+00
1.021817551349895714e+00
1.021818951604744230e+00
1.021816383305395259e+00
1.021817458494429065e+00
1.021820744197690978e+00
1.021818586460307099e+00
1.021817748947567939e+00
1.021821492821840316e+00
1.021820924398820329e+00
1.021818760276122173e+00
1.021821403991040933e+00
1.021823117214224919e+00
1.021820502198237168e+00
1.021821223766568920e+00
1.021824652529788047e+00
1.021822627029020936e+00
1.021821495374095390e+00
1.021825121975292072e+00
1.021824854167597163e+00
1.021822522450042126e+00
1.021824859910331229e+00
1.021826875514245003e+00
1.021824242655980486e+00
1.021824616930148366e+00
1.021828153630772285e+00
1.021826294513775046e+00
1.021824889166991657e+00
1.021828364374820053e+00
1.021828415342334928e+00
1.021825941698975893e+00
1.021827960305492944e+00
1.021830262202973127e+00
1.021827641021453736e+00
1.021827676726814182e+00
1.021831284232249448e+00
1.021829624803077152e+00
1.021827967265931836e+00
1.021831259070180131e+00
1.021831641668064172e+00
1.021829051729543636e+00
1.021830742344389087e+00
1.021833309368502585e+00
1.021830730163568735e+00
1.021830438248990669e+00
1.021834078122348277e+00
1.021832650174308021e+00
1.021830762794225800e+00
1.021833841803054144e+00
1.021834563247052241e+00
1.021831882675224845e+00
1.021833239532677684e+00
1.021836045934372716e+00
1.021833539824110071e+00
1.021832933290896417e+00
1.021836566502366761e+00
1.021835399582365467e+00
1.021833305345639431e+00
1.021836145199640722e+00
1.021837206887823202e+00
1.021834461510180647e+00
1.021835482072918300e+00
1.021838498078655677e+00
1.021836096909841451e+00
1.021835190640713265e+00
1.021838778273687298e+00
1.021837898924381260e+00
1.021835621262781046e+00
1.021838198945242970e+00
1.021839596436222353e+00
1.021836812429036012e+00
1.021837497209590939e+00
1.021840689624633702e+00
1.021838425738132106e+00
1.021837236319925069e+00
1.021840740258055602e+00
1.021840171285759435e+00
1.021837733915061275e+00
1.021840029954816043e+00
1.021841753092622485e+00
1.021838957187154673e+00
1.021839309552365460e+00
1.021842642398883116e+00
1.021840548244842051e+00
1.021839093778994734e+00
1.021842477357786771e+00
1.021842237171522561e+00
1.021839663979934532e+00
1.021841662549811902e+00
1.021843695718579470e+00
1.021840915397443261e+00
1.021840941369412281e+00
1.021844376551072742e+00
1.021842484162949205e+00
1.021840784060871421e+00
1.021844012665861001e+00
1.021844114726073505e+00
1.021841429726876083e+00
1.021843118647242754e+00
1.021845441135113663e+00
1.021842704782030209e+00
1.021842412843543713e+00
1.021845910829251247e+00
1.021844251179561791e+00
1.021842325944926966e+00
1.021845367538595006e+00
1.021845819943989042e+00
1.021843047299908491e+00
1.021844417962213480e+00
1.021847004413236615e+00
1.021844341379777088e+00
1.021843742286328904e+00
1.021847262805122059e+00
1.021845865077676052e+00
1.021843736083559495e+00
1.021846561645152196e+00
1.021847366874236940e+00
1.021844530991893096e+00
1.021845578220800466e+00
1.021848399155439235e+00
1.021845839713056758e+00
1.021844946308644086e+00
1.021848449045744900e+00
1.021847339867641535e+00
1.021845029141918548e+00
1.021847613008263433e+00
1.021848767820131121e+00
1.021845893502556279e+00
1.021846615376579726e+00
1.021849637764757457e+00
1.021847212919194892e+00
1.021846039949923179e+00
1.021849485231139276e+00
1.021848687911966813e+00
1.021846217948194191e+00
1.021848538049101141e+00
1.021850033537218039e+00
1.021847146172373266e+00
1.021847543821774007e+00
1.021850731696054559e+00
1.021848472853186029e+00
1.021847036772073336e+00
1.021850386220964690e+00
1.021849920046032034e+00
1.021847313658135414e+00
1.021849351646449744e+00
1.021851173430981197e+00
1.021848299185843079e+00
1.021848376583115892e+00
1.021851691682662544e+00
1.021849630168703005e+00
1.021847948927088190e+00
1.021851166077272222e+00
1.021851045696570370e+00
1.021848325933436552e+00
1.021850067216478974e+00
1.021852195755582393e+00
1.021849361740031270e+00
1.021849125493206945e+00
1.021852527930842136e+00
1.021850694384092817e+00
1.021848787209329812e+00
1.021851838053695172e+00
1.021852072999411609e+00
1.021849263129960939e+00
1.021850696815084669e+00
1.021853107813747386e+00
1.021850342177068827e+00
1.021849801330238394e+00
1.021853250274979530e+00
1.021851673939173422e+00
1.021849561103964854e+00
1.021852414563793943e+00
1.021853008917919858e+00
1.021850132488931528e+00
1.021851251260421645e+00
1.021853916156372666e+00
1.021851248082102259e+00
1.021850413922144707e+00
1.021853868288094436e+00
1.021852576247495481e+00
1.021850278842050930e+00
1.021852907142212441e+00
1.021853859363620387e+00
1.021850940322583501e+00
1.021851740269487330e+00
1.021854626778558650e+00
1.021852086350600874e+00
1.021850972215099684e+00
1.021854391345038415e+00
1.021853407747505216e+00
1.021850947470381410e+00
1.021853326411683138e+00
1.021854629320614771e+00
1.021851692185518967e+00
1.021852172599891695e+00
1.021855245306870774e+00
1.021852863230606090e+00
1.021851484310238645e+00
1.021854828639379154e+00
1.021854173955007106e+00
1.021851572940822628e+00
1.021853682066776958e+00
1.021855322975281144e+00
1.021852393024048844e+00
1.021852556186554128e+00
1.021855777170993962e+00
1.021853584346369859e+00
1.021851957475978345e+00
1.021855189158919153e+00
1.021854879518558690e+00
1.021852160219978600e+00
1.021853982881938627e+00
1.021855943852363779e+00
1.021853047297895500e+00
1.021852898263216680e+00
1.021856227751981594e+00
1.021854254709872123e+00
1.021852398145854046e+00
1.021855481628514362e+00
1.021855528279009828e+00
1.021852713416214975e+00
1.021854236747216982e+00
1.021856494957693595e+00
1.021853659071377596e+00
1.021853205460245384e+00
1.021856602499310096e+00
1.021854878726084603e+00
1.021852811912973724e+00
1.021855714431722406e+00
1.021856123334265565e+00
1.021853235917865366e+00
1.021854450730737440e+00
1.021856978926465764e+00
1.021854232074105973e+00
1.021853483873019108e+00
1.021856907010157745e+00
1.021855460196821941e+00
1.021853203531859933e+00
1.021855895524424795e+00
1.021856667110418559e+00
1.021853730534331373e+00
1.021854631162931959e+00
1.021857398174269349e+00
1.021854769733855139e+00
1.021853739098879554e+00
1.021857147066689286e+00
1.021856002326811286e+00
1.021853576936614383e+00
1.021856032353607002e+00
1.021857161440517414e+00
1.021854199630951587e+00
1.021854783734336802e+00
1.021857755046154059e+00
1.021855275186307477e+00
1.021853976244596174e+00
1.021857328630485728e+00
1.021856507734485442e+00
1.021853935281356929e+00
1.021856131792958422e+00
1.021857607652251421e+00
1.021854645249052451e+00
1.021854913596821346e+00
1.021858051957229785e+00
1.021855751267567891e+00
1.021854199910078975e+00
1.021857457797121116e+00
1.021856978469129817e+00
1.021854281005115883e+00
1.021856200104059642e+00
1.021858006665576246e+00
1.021855069204299582e+00
1.021855025457591992e+00
1.021858291517006467e+00
1.021856200495726341e+00
1.021854414157051805e+00
1.021857540717800328e+00
1.021857416035429456e+00
1.021854615919449705e+00
1.021856242928058212e+00
1.021858359100654923e+00
1.021855473158989946e+00
1.021855123656336461e+00
1.021858476629260881e+00
1.021856625047369516e+00
1.021854622473190588e+00
1.021857583498232636e+00
1.021857821426237489e+00
1.021854941313558474e+00
1.021856265308384248e+00
1.021858665395342314e+00
1.021855858666822936e+00
1.021855212218210740e+00
1.021858610559901237e+00
1.021857026734052543e+00
1.021854827742528116e+00
1.021857592087110245e+00
1.021858195164377925e+00
1.021855258069037209e+00
1.021856271740840594e+00
1.021858925929888251e+00
1.021856227191499045e+00
1.021855294878767140e+00
1.021858696967222979e+00
1.021857406982584981e+00
1.021855032231707927e+00
1.021857572167266692e+00
1.021858537354416896e+00
1.021855566775035973e+00
1.021856266243791778e+00
1.021859141154651152e+00
1.021856580102801892e+00
1.021855375080832129e+00
1.021858739891909007e+00
1.021857766821797409e+00
1.021855237599113897e+00
1.021857529061715342e+00
1.021858847745424903e+00
1.021855867834592146e+00
1.021856252438677171e+00
1.021859311714752083e+00
1.021856918655393187e+00
1.021855455947289215e+00
1.021858743707886763e+00
1.021858106877479022e+00
1.021855444930404477e+00
1.021857467664409436e+00
1.021859125805633983e+00
1.021856161554147491e+00
1.021856233629963695e+00
1.021859438564060918e+00
1.021857243956283412e+00
1.021855540237113003e+00
1.021858713039095701e+00
1.021858427376477252e+00
1.021855654800079449e+00
1.021857392402071740e+00
1.021859370809438339e+00
1.021856448210526125e+00
1.021856212874048264e+00
1.021859523060104857e+00
1.021857556926859312e+00
1.021855630294335127e+00
1.021858652650860844e+00
1.021858728160593310e+00
1.021855867354972025e+00
1.021857307229225187e+00
1.021859581936264583e+00
1.021856728092457978e+00
1.021856193028466420e+00
1.021859567031710547e+00
1.021857858264672902e+00
1.021855728000580665e+00
1.021858567327269096e+00
1.021859008710849892e+00
1.021856082412550881e+00
1.021857215654247808e+00
1.021859758379465077e+00
1.021857001516653707e+00
1.021856176775785219e+00
1.021859572812617412e+00
1.021858148409132694e+00
1.021855834741236535e+00
1.021858461747307212e+00
1.021859268182803593e+00
1.021856299565003123e+00
1.021857120790363949e+00
1.021859899461620813e+00
1.021857268821011910e+00
1.021856166620336293e+00
1.021859543236884438e+00
1.021858427514052314e+00
1.021855951393295880e+00
1.021858340372340024e+00
1.021859505453719841e+00
1.021856518279517179e+00
1.021857025422504783e+00
1.021860004750772433e+00
1.021857530339464137e+00
1.021856164859975546e+00
1.021859481595408514e+00
1.021858695428954134e+00
1.021856078339766549e+00
1.021858207355744952e+00
1.021859719182437454e+00
1.021856737985968211e+00
1.021856932079268088e+00
1.021860074170378274e+00
1.021857786364059439e+00
1.021856173538748802e+00
1.021859391556829921e+00
1.021858951690219453e+00
1.021856215511767640e+00
1.021858066482469463e+00
1.021859907882467500e+00
1.021856958145094030e+00
1.021856843099006040e+00
1.021860108094678310e+00
1.021858037100160876e+00
1.021856194389199057e+00
1.021859277059959270e+00
