1.000603444564682754e+00
1.000677361637607010e+00
1.000799999632126180e+00
1.000944380166549630e+00
1.001101906206031789e+00
1.001267895487375936e+00
1.001440328632291488e+00
1.001617101536840249e+00
1.001797540309143031e+00
1.001980318516087376e+00
1.002165236038208063e+00
1.002351335009052269e+00
1.002538599225644367e+00
1.002726298988390274e+00
1.002914467891807160e+00
1.003102548925179027e+00
1.003290553981763367e+00
1.003478078000167306e+00
1.003665071413906151e+00
1.003851275596638670e+00
1.004036558694900494e+00
1.004220808376464102e+00
1.004403802570347004e+00
1.004585574668430459e+00
1.004765813965815102e+00
1.004944695124416310e+00
1.005121827394447553e+00
1.005297516704796168e+00
1.005471305534944904e+00
1.005643615353845277e+00
1.005813937601227392e+00
1.005982788785141357e+00
1.006149625541106207e+00
1.006315035729742569e+00
1.006478456486956441e+00
1.006640521867692151e+00
1.006800663115962280e+00
1.006959535286274798e+00
1.007116575551644910e+00
1.007272435689818835e+00
1.007426569295859942e+00
1.007579601998241703e+00
1.007731013776236306e+00
1.007881382819686422e+00
1.008030225815095271e+00
1.008178053908637795e+00
1.008324431924342512e+00
1.008469786276875446e+00
1.008613742850979822e+00
1.008756628055348825e+00
1.008898143106547574e+00
1.009038502322988862e+00
1.009177497104295718e+00
1.009315221733061207e+00
1.009451571860024099e+00
1.009586518828234913e+00
1.009720074046589477e+00
1.009852088640201817e+00
1.009982696862114615e+00
1.010111637982937127e+00
1.010239170243391493e+00
1.010364934385729274e+00
1.010489307045030927e+00
1.010611847404658592e+00
1.010733038313823107e+00
1.010852376291913046e+00
1.010970432685266429e+00
1.011086660411927962e+00
1.011201697717164061e+00
1.011314971710962407e+00
1.011427163888150460e+00
1.011537691211656043e+00
1.011647254324905543e+00
1.011755273371621522e+00
1.011862444713303111e+00
1.011968203058445148e+00
1.012073218330977742e+00
1.012176950040698298e+00
1.012280021012952780e+00
1.012381925616423484e+00
1.012483220471379841e+00
1.012583445581739294e+00
1.012683073941268663e+00
1.012781703286466994e+00
1.012879707617734493e+00
1.012976755941390028e+00
1.013073110623343265e+00
1.013168526427456140e+00
1.013263145079867256e+00
1.013356821419066911e+00
1.013449572128916731e+00
1.013541364634669595e+00
1.013632091538938962e+00
1.013721841690172987e+00
1.013810390217167123e+00
1.013897950843561935e+00
1.013984193095139430e+00
1.014069452511559888e+00
1.014153309077269194e+00
1.014236210335681010e+00
1.014317665391891055e+00
1.014398217937994673e+00
1.014477325677838326e+00
1.014555608014883425e+00
1.014632489943317672e+00
1.014708643374456098e+00
1.014783477384687771e+00
1.014857692159806923e+00
1.014930695284688600e+00
1.015003191290486662e+00
1.015074598501425562e+00
1.015145602976989192e+00
1.015215644477045487e+00
1.015285369236997859e+00
1.015354248545131011e+00
1.015422869020787378e+00
1.015490743927342621e+00
1.015558382113459279e+00
1.015625350367433510e+00
1.015692063508240928e+00
1.015758154837724803e+00
1.015823931330553265e+00
1.015889106996928248e+00
1.015953870425078343e+00
1.016018030863904409e+00
1.016081652216282549e+00
1.016144652384276093e+00
1.016206969405587301e+00
1.016268640316075889e+00
1.016329481729545403e+00
1.016389655536531045e+00
1.016448866884238189e+00
1.016507402072697630e+00
1.016564869446545893e+00
1.016621672484934624e+00
1.016677340681107822e+00
1.016732381018238929e+00
1.016786263619606334e+00
1.016839580055816983e+00
1.016891760367649500e+00
1.016943458287688618e+00
1.016994081524714932e+00
1.017044321860911982e+00
1.017093580149641685e+00
1.017142561950764801e+00
1.017190674389147897e+00
1.017238613394807034e+00
1.017285803628774410e+00
1.017332909366469362e+00
1.017379383060261544e+00
1.017425836859699118e+00
1.017471761232392025e+00
1.017517697340148075e+00
1.017563184720590375e+00
1.017608676460112882e+00
1.017653773578299337e+00
1.017698826197378725e+00
1.017743510599760981e+00
1.017788061977878744e+00
1.017832246414836161e+00
1.017876176067143312e+00
1.017919720879088663e+00
1.017962866670963917e+00
1.018005599124158778e+00
1.018047779912720996e+00
1.018089518272651928e+00
1.018130559571115867e+00
1.018171138730901593e+00
1.018210897773189405e+00
1.018250192784005748e+00
1.018288579320385079e+00
1.018326523403645378e+00
1.018363513263536912e+00
1.018400107811504363e+00
1.018435747555383797e+00
1.018471063007743815e+00
1.018505465493340756e+00
1.018539633435288305e+00
1.018572965448317769e+00
1.018606163459606417e+00
1.018638627442617794e+00
1.018671058946425401e+00
1.018702871248344577e+00
1.018734742872617227e+00
1.018766110956497606e+00
1.018797609872847953e+00
1.018828710745118826e+00
1.018859984260665374e+00
1.018890946164511702e+00
1.018922085613288786e+00
1.018952974805747980e+00
1.018984005518882796e+00
1.019014819672231731e+00
1.019045698416698009e+00
1.019076367741505784e+00
1.019106988396491387e+00
1.019137384878491481e+00
1.019167592205175943e+00
1.019197546361943818e+00
1.019227156571154147e+00
1.019256479977161511e+00
1.019285305609525460e+00
1.019313816351090196e+00
1.019341692064354543e+00
1.019369239580391495e+00
1.019396045098333481e+00
1.019422530799897642e+00
1.019448207686692420e+00
1.019473598413249249e+00
1.019498158426018541e+00
1.019522491036601863e+00
1.019546015275938355e+00
1.019569392149244358e+00
1.019592021667931947e+00
1.019614598215078827e+00
1.019636517826098210e+00
1.019658484036818802e+00
1.019679901643602893e+00
1.019701460122268255e+00
1.019722584038492474e+00
1.019743927042666254e+00
1.019764943649053901e+00
1.019786231492881168e+00
1.019807285364725535e+00
1.019828628330070819e+00
1.019849806748220677e+00
1.019871252400450290e+00
1.019892575912878074e+00
1.019914103390769267e+00
1.019935523728314752e+00
1.019957046061305661e+00
1.019978452119188583e+00
1.019999826830360723e+00
1.020021058548222781e+00
1.020042105729469739e+00
1.020062974591314786e+00
1.020083500429412204e+00
1.020103814153027866e+00
1.020123636815731594e+00
1.020143224904092261e+00
1.020162199089869492e+00
1.020180935572445602e+00
1.020198972128703474e+00
1.020216792197414568e+00
1.020233870052795311e+00
1.020250778339350628e+00
1.020266947358084986e+00
1.020283017028816408e+00
1.020298391895199774e+00
1.020313755170638714e+00
1.020328501667499665e+00
1.020343333477971459e+00
1.020357649309189263e+00
1.020372146423293325e+00
1.020386239033995279e+00
1.020400597186650771e+00
1.020414660998177903e+00
1.020429052457079599e+00
1.020443247741371184e+00
1.020457801547703713e+00
1.020472236943784861e+00
1.020487023829125039e+00
1.020501744276420153e+00
1.020516767974183558e+00
1.020531749534909771e+00
1.020546945777725645e+00
1.020562098331902590e+00
1.020577342149827205e+00
1.020592520183713603e+00
1.020607641148955524e+00
1.020622661824223787e+00
1.020637465708068792e+00
1.020652132231775422e+00
1.020666426374763569e+00
1.020680553651501121e+00
1.020694172517868648e+00
1.020707611467577713e+00
1.020720438653416551e+00
1.020733095657375689e+00
1.020745079177600267e+00
1.020756927911856238e+00
1.020768086783870654e+00
1.020779171017133446e+00
1.020789592654618438e+00
1.020800020065154357e+00
1.020809849388829571e+00
1.020819777721168276e+00
1.020829199882640426e+00
1.020838817588570535e+00
1.020848036690993554e+00
1.020857540549868769e+00
1.020866756827166100e+00
1.020876329042851083e+00
1.020885716809307953e+00
1.020895503908539670e+00
1.020905192371359238e+00
1.020915288003185983e+00
1.020925346808654322e+00
1.020935780289009998e+00
1.020946211412673721e+00
1.020956943502476122e+00
1.020967680693406932e+00
1.020978607532879057e+00
1.020989523875689642e+00
1.021000489144350709e+00
1.021011412369571048e+00
1.021022226626637330e+00
1.021032960660988476e+00
1.021043425614607481e+00
1.021053775734732660e+00
1.021063710183300444e+00
1.021073508324961576e+00
1.021082772031111974e+00
1.021091898593992298e+00
1.021100410602111097e+00
1.021108809608634038e+00
1.021116558483459169e+00
1.021124244095227063e+00
1.021131288981869778e+00
1.021138342838867175e+00
1.021144805725221927e+00
1.021151365963103519e+00
1.021157416702391796e+00
1.021163660520584493e+00
1.021169496859783088e+00
1.021175619046233329e+00
1.021181444129755089e+00
1.021187634070075845e+00
1.021193633807368828e+00
1.021200053384612172e+00
1.021206375864830873e+00
1.021213140443324674e+00
1.021219879358160387e+00
1.021227043805366108e+00
1.021234227605876121e+00
1.021241779003225769e+00
1.021249367186618073e+00
1.021257225412026681e+00
1.021265112797127506e+00
1.021273139428519494e+00
1.021281168459071687e+00
1.021289183426779879e+00
1.021297163466791336e+00
1.021304967683483556e+00
1.021312699102546961e+00
1.021320100172934620e+00
1.021327400041841305e+00
1.021334237426168245e+00
1.021340963162391535e+00
1.021347129109917873e+00
1.021353196635008231e+00
1.021358649900397708e+00
1.021364043791616494e+00
1.021368814430056560e+00
1.021373588928919718e+00
1.021377773973001446e+00
1.021382045177128273e+00
1.021385796332377582e+00
1.021389727090239896e+00
1.021393232479595348e+00
1.021397012236504365e+00
1.021400474620843379e+00
1.021404296734810258e+00
1.021407910655493856e+00
1.021411949656773732e+00
1.021415879772466839e+00
1.021420270850838641e+00
1.021424633518961844e+00
1.021429456293062810e+00
1.021434306222178900e+00
1.021439574577577725e+00
1.021444898098476273e+00
1.021450557493302158e+00
1.021456273555597871e+00
1.021462206574712095e+00
1.021468175873713857e+00
1.021474215902090865e+00
1.021480257556869775e+00
1.021486209292313152e+00
1.021492123337903735e+00
1.021497787670056390e+00
1.021503380534733996e+00
1.021508580389358212e+00
1.021513689813145831e+00
1.021518293209152883e+00
1.021522808985607877e+00
1.021526745950756432e+00
1.021530623529485649e+00
1.021533894602738579e+00
1.021537159825845809e+00
1.021539835341343627e+00
1.021542580064989769e+00
1.021544790859120866e+00
1.021547160548348154e+00
1.021549081821616856e+00
1.021551257132855106e+00
1.021553087788965364e+00
1.021555262598049296e+00
1.021557202532621833e+00
1.021559560926887489e+00
1.021561788620477085e+00
1.021564483224341124e+00
1.021567135780232727e+00
1.021570269563779387e+00
1.021573427109139232e+00
1.021577040582958062e+00
1.021580716706446346e+00
1.021584782079768550e+00
1.021588921617228474e+00
1.021593344983189322e+00
1.021597829874547392e+00
1.021602461695392705e+00
1.021607124760664620e+00
1.021611777856419323e+00
1.021616423228819182e+00
1.021620896264360479e+00
1.021625324064193929e+00
1.021629427454291195e+00
1.021633459382830900e+00
1.021637039918916745e+00
1.021640542095963333e+00
1.021643502687604954e+00
1.021646402421970468e+00
1.021648714177001649e+00
1.021651008393448024e+00
1.021652713619228825e+00
1.021654468093258661e+00
1.021655674304576156e+00
1.021657014292338239e+00
1.021657880575132182e+00
1.021658974538118603e+00
1.021659692413598108e+00
1.021660731171950776e+00
1.021661502416390865e+00
1.021662676260392644e+00
1.021663690103012723e+00
1.021665166307145434e+00
1.021666578236662737e+00
1.021668481217865576e+00
1.021670395405670728e+00
1.021672791533251523e+00
1.021675248653037604e+00
1.021678137434962164e+00
1.021681109357739370e+00
1.021684422303763551e+00
1.021687814661881077e+00
1.021691422451661335e+00
1.021695085306963513e+00
1.021698812925898814e+00
1.021702558746712786e+00
1.021706207073569406e+00
1.021709834057626054e+00
1.021713205219946019e+00
1.021716522956433781e+00
1.021719445931096315e+00
1.021722299787297672e+00
1.021724652510039189e+00
1.021726943195110815e+00
1.021728667986760541e+00
1.021730363531814900e+00
1.021731473834631476e+00
1.021732612541229601e+00
1.021733190453847140e+00
1.021733874842308154e+00
1.021734060341029871e+00
1.021734443403187420e+00
1.021734417135484518e+00
1.021734683028873159e+00
1.021734645060807356e+00
1.021734986739074591e+00
1.021735133721613842e+00
1.021735730002331088e+00
1.021736233073496258e+00
1.021737227473241916e+00
1.021738212993618777e+00
1.021739696435020495e+00
1.021741231431893659e+00
1.021743230672180314e+00
1.021745314608296207e+00
1.021747787885428194e+00
1.021750351971028703e+00
1.021753192801742482e+00
1.021756107426453841e+00
1.021759156641841804e+00
1.021762246574045907e+00
1.021765311566476431e+00
1.021768377430253505e+00
1.021771256378015691e+00
1.021774099786769030e+00
1.021776607611150745e+00
1.021779056517331696e+00
1.021781048833096062e+00
1.021782979429895821e+00
1.021784370987766533e+00
1.021785723005223856e+00
1.021786498081854511e+00
1.021787281457319452e+00
1.021787495067305596e+00
1.021787787430480821e+00
1.021787557718818462e+00
1.021787493526653767e+00
1.021786986884675619e+00
1.021786740067095467e+00
1.021786151211770521e+00
1.021785913730439033e+00
1.021785443217219758e+00
1.021785402067030724e+00
1.021785233629027623e+00
1.021785548692860646e+00
1.021785828594234946e+00
1.021786613549141132e+00
1.021787433918170951e+00
1.021788742151868767e+00
1.021790130024391008e+00
1.021791947219513830e+00
1.021793860695843659e+00
1.021796105274601185e+00
1.021798437659901637e+00
1.021800969553149141e+00
1.021803561536264837e+00
1.021806198723535175e+00
1.021808857577389151e+00
1.021811398646149893e+00
1.021813922265643937e+00
1.021816172107458121e+00
1.021818374717122335e+00
1.021820169740629280e+00
1.021821905612875891e+00
1.021823134783085063e+00
1.021824316518008313e+00
1.021824935216385288e+00
1.021825544044347112e+00
1.021825579020336772e+00
1.021825665964639862e+00
1.021825211156773161e+00
1.021824889359841837e+00
1.021824093704625014e+00
1.021823523421522495e+00
1.021822572670555651e+00
1.021821941170953263e+00
1.021821036141377093e+00
1.021820535038224786e+00
1.021819868745244886e+00
1.021819671227256254e+00
1.021819407175391659e+00
1.021819647431818634e+00
1.021819901119558338e+00
1.021820658016155736e+00
1.021821483484684157e+00
1.021822770283095538e+00
1.021824153262808732e+00
1.021825914790559509e+00
1.021827773561688524e+00
1.021829891626601095e+00
1.021832086012925522e+00
1.021834392950165427e+00
1.021836740885036399e+00
1.021839039977028518e+00
1.021841339923966752e+00
1.021843430238372541e+00
1.021845486652644741e+00
1.021847188908136417e+00
1.021848837201871918e+00
1.021850016908105951e+00
1.021851144295197411e+00
1.021851728799057391e+00
1.021852288039872381e+00
1.021852275182792313e+00
1.021852289477442222e+00
1.021851747032793245e+00
1.021851305789274855e+00
1.021850362299308035e+00
1.021849608845331492e+00
1.021848437575544333e+00
1.021847550817500450e+00
1.021846349145631550e+00
1.021845521629396680e+00
1.021844488342421364e+00
1.021843903236478113e+00
1.021843216094096007e+00
1.021843025468345711e+00
1.021842821177706639e+00
1.021843127731869583e+00
1.021843486256232447e+00
1.021844330405957457e+00
1.021845265285420190e+00
1.021846619190123873e+00
1.021848075193899419e+00
1.021849844801083762e+00
1.021851703646808662e+00
1.021853739041554299e+00
1.021855833046553030e+00
1.021857946329396860e+00
1.021860078751550382e+00
1.021862067459606838e+00
1.021864037129461833e+00
1.021865710135092531e+00
1.021867337069331860e+00
1.021868539264476405e+00
1.021869687584006758e+00
1.021870319734508925e+00
1.021870914563507426e+00
1.021870945537427300e+00
1.021870981584577009e+00
1.021870451511221578e+00
1.021869992458952492e+00
1.021869006879692066e+00
1.021868176146395468e+00
1.021866892488856982e+00
1.021865857049072401e+00
1.021864465560499369e+00
1.021863415150612298e+00
1.021862116744328697e+00
1.021861240983403807e+00
1.021860224423633667e+00
1.021859690297034273e+00
1.021859110956799377e+00
1.021859042908393356e+00
1.021859005112473850e+00
1.021859469757346428e+00
1.021860014494534452e+00
1.021861011682764664e+00
1.021862111172795240e+00
1.021863572713905155e+00
1.021865132833122747e+00
1.021866929523250533e+00
1.021868800339461814e+00
1.021870756972577565e+00
1.021872750612923486e+00
1.021874667480712429e+00
1.021876581389106420e+00
1.021878259603258510e+00
1.021879902195202749e+00
1.021881169318758609e+00
1.021882384423689061e+00
1.021883116672100078e+00
1.021883803207978669e+00
1.021883941011888286e+00
1.021884065112172113e+00
1.021883620011080573e+00
1.021883218131079962e+00
1.021882270460566122e+00
1.021881443470193052e+00
1.021880131709480111e+00
1.021879031258820181e+00
1.021877534912045693e+00
1.021876344197030217e+00
1.021874862585764987e+00
1.021873774006423208e+00
1.021872503439820390e+00
1.021871695654489098e+00
1.021870807297769357e+00
1.021870424006996902e+00
1.021870044549843204e+00
1.021870177118898493e+00
1.021870374123049263e+00
1.021871049897616235e+00
1.021871823445020366e+00
1.021873001263695624e+00
1.021874283132496508e+00
1.021875856982338515e+00
1.021877517940669167e+00
1.021879328858332991e+00
1.021881193741503768e+00
1.021883048954119078e+00
1.021884918055283586e+00
1.021886615147156396e+00
1.021888289317945286e+00
1.021889642191282199e+00
1.021890948221176210e+00
1.021891811114083559e+00
1.021892623721832205e+00
1.021892909771376701e+00
1.021893167036048489e+00
1.021892858820374617e+00
1.021892569008568508e+00
1.021891719916556251e+00
1.021890959120482778e+00
1.021889685883712762e+00
1.021888587284144112e+00
1.021887055198010152e+00
1.021885791799794330e+00
1.021884194866207407e+00
1.021882958103433214e+00
1.021881496564768899e+00
1.021880473305916359e+00
1.021879330966045663e+00
1.021878681333044270e+00
1.021878004857339262e+00
1.021877843060744695e+00
1.021877725224416444e+00
1.021878105378100088e+00
1.021878573998131756e+00
1.021879482577182863e+00
1.021880496538035477e+00
1.021881852682523295e+00
1.021883305936970965e+00
1.021884970080534139e+00
1.021886703696967658e+00
1.021888493986169211e+00
1.021890315245175263e+00
1.021892030018561659e+00
1.021893736393903351e+00
1.021895179855242697e+00
1.021896584724795387e+00
1.021897592197782867e+00
1.021898548627907966e+00
1.021899007696348782e+00
1.021899426840601866e+00
1.021899291350855776e+00
1.021899152903658514e+00
1.021898448074913812e+00
1.021897801591983068e+00
1.021896619987069599e+00
1.021895577352347262e+00
1.021894066807648382e+00
1.021892787333753994e+00
1.021891132857681406e+00
1.021889803252690632e+00
1.021888205314786635e+00
1.021887017032194311e+00
1.021885668693535365e+00
1.021884795145070024e+00
1.021883860310423664e+00
1.021883436234039877e+00
1.021883031084350968e+00
1.021883136130508518e+00
1.021883315570470963e+00
1.021883963904240744e+00
1.021884714584473830e+00
1.021885851918909349e+00
1.021887092958536858e+00
1.021888601826047349e+00
1.021890193669071634e+00
1.021891906836866148e+00
1.021893667700286334e+00
1.021895388490881906e+00
1.021897116706876218e+00
1.021898643787990002e+00
1.021900143242985060e+00
1.021901296508387791e+00
1.021902401649038339e+00
1.021903045436731494e+00
1.021903642214161412e+00
1.021903702480857046e+00
1.021903742236368817e+00
1.021903215370216778e+00
1.021902719886860655e+00
1.021901672301238406e+00
1.021900729722365675e+00
1.021899288827638586e+00
1.021898041491212883e+00
1.021896379747705863e+00
1.021895005928071587e+00
1.021893320291423990e+00
1.021892012299305375e+00
1.021890501531871553e+00
1.021889442694374539e+00
1.021888284904466371e+00
1.021887627801965071e+00
1.021886960359606356e+00
1.021886808477446396e+00
1.021886712233204708e+00
1.021887106941011147e+00
1.021887596430905987e+00
1.021888510880323508e+00
1.021889531844065502e+00
1.021890872870589995e+00
1.021892307831014923e+00
1.021893926164594291e+00
1.021895607950450868e+00
1.021897315978110843e+00
1.021899047967920637e+00
1.021900643083759608e+00
1.021902223790992048e+00
1.021903514283363679e+00
1.021904762984742199e+00
1.021905592773916682e+00
1.021906372504446159e+00
1.021906641107161118e+00
1.021906875685913985e+00
1.021906550591248575e+00
1.021906233357108507e+00
1.021905353344693346e+00
1.021904546702172123e+00
1.021903216139037118e+00
1.021902042456420467e+00
1.021900417885899248e+00
1.021899043415445352e+00
1.021897314564535808e+00
1.021895928705376377e+00
1.021894296362583221e+00
1.021893088795481574e+00
1.021891741986813429e+00
1.021890880131322454e+00
1.021889974833007475e+00
1.021889583876710805e+00
1.021889225280452340e+00
1.021889372796481954e+00
1.021889602915720285e+00
1.021890289804816554e+00
1.021891081913747445e+00
1.021892240989514811e+00
1.021893501909304725e+00
1.021895004782648275e+00
1.021896585280699377e+00
1.021898257243483599e+00
1.021899969788922835e+00
1.021901611222388873e+00
1.021903253174196946e+00
1.021904664834144327e+00
1.021906044084895715e+00
1.021907052760193668e+00
1.021908012230890117e+00
1.021908493033450993e+00
1.021908930456873144e+00
1.021908822519787208e+00
1.021908702713803851e+00
1.021908016242736306e+00
1.021907374375522259e+00
1.021906188490056655e+00
1.021905124319582914e+00
1.021903576529956226e+00
1.021902240885561586e+00
1.021900510065188339e+00
1.021899085688313225e+00
1.021897370914989223e+00
1.021896050148824786e+00
1.021894547882062465e+00
1.021893509715350978e+00
1.021892391634066533e+00
1.021891780436446018e+00
1.021891174042440564e+00
1.021891082104303461e+00
1.021891055974751161e+00
1.021891511711107370e+00
1.021892067026666684e+00
1.021893030356094023e+00
1.021894099940472866e+00
1.021895465797260316e+00
1.021896921271598035e+00
1.021898531370581953e+00
1.021900198106271418e+00
1.021901859975039351e+00
1.021903538395316779e+00
1.021905049479905347e+00
1.021906540124444707e+00
1.021907713750680680e+00
1.021908842681809704e+00
1.021909532138358889e+00
1.021910173020122325e+00
1.021910290240640951e+00
1.021910379903795851e+00
1.021909906160941794e+00
1.021909451587152518e+00
1.021908439020839499e+00
1.021907515135150213e+00
1.021906079425944025e+00
1.021904818489979050e+00
1.021903124187895306e+00
1.021901698627806887e+00
1.021899939361161413e+00
1.021898540421932733e+00
1.021896916455024451e+00
1.021895731211843295e+00
1.021894426750177498e+00
1.021893615893977758e+00
1.021892778332775809e+00
1.021892456936094984e+00
1.021892180025260943e+00
1.021892403256211335e+00
1.021892715921510986e+00
1.021893471375753482e+00
1.021894333613366790e+00
1.021895541476643521e+00
1.021896848213796893e+00
1.021898369748938773e+00
1.021899962758282543e+00
1.021901616602078899e+00
1.021903303492436077e+00
1.021904888052179716e+00
1.021906466190219520e+00
1.021907785291526594e+00
1.021909067513582903e+00
1.021909955694561889e+00
1.021910794155123536e+00
1.021911137905834543e+00
1.021911442593904207e+00
1.021911194500473297e+00
1.021910943844040798e+00
1.021910127858003170e+00
1.021909370202901624e+00
1.021908077762917033e+00
1.021906923981958926e+00
1.021905302066542509e+00
1.021903910768855672e+00
1.021902143878297364e+00
1.021900701443035686e+00
1.021898989929250323e+00
1.021897687878920991e+00
1.021896225075651587e+00
1.021895237271080337e+00
1.021894187708578983e+00
1.021893649661619108e+00
1.021893130428214613e+00
1.021893122799418130e+00
1.021893189888757991e+00
1.021893727972802424e+00
1.021894369182019702e+00
1.021895399804504834e+00
1.021896535318526089e+00
1.021897941963734180e+00
1.021899433073482744e+00
1.021901049167034836e+00
1.021902714598239337e+00
1.021904343726476316e+00
1.021905981901598093e+00
1.021907422551355360e+00
1.021908837004123383e+00
1.021909908456644311e+00
1.021910932877019951e+00
1.021911498502690030e+00
1.021912017779064374e+00
1.021912002339159464e+00
1.021911966584412079e+00
1.021911365199088539e+00
1.021910794960639191e+00
1.021909672859781404e+00
1.021908655189453619e+00
1.021907138820510763e+00
1.021905815232750481e+00
1.021904076413908458e+00
1.021902624712017094e+00
1.021900860135606770e+00
1.021899472552629140e+00
1.021897881112528772e+00
1.021896741289689992e+00
1.021895501597725575e+00
1.021894762780718668e+00
1.021894013024589265e+00
1.021893779639623911e+00
1.021893601712751787e+00
1.021893916239755562e+00
1.021894325830864814e+00
1.021895162571418325e+00
1.021896106548805472e+00
1.021897373385294294e+00
1.021898735235970079e+00
1.021900283702572354e+00
1.021901896925640596e+00
1.021903539854460696e+00
1.021905208106578034e+00
1.021906742904890031e+00
1.021908264536822486e+00
1.021909499060984938e+00
1.021910692759031791e+00
1.021911470103872066e+00
1.021912197960397117e+00
1.021912416532836154e+00
1.021912601197908499e+00
1.021912227239923476e+00
1.021911860811374861e+00
1.021910931877632933e+00
1.021910075603934986e+00
1.021908695005511625e+00
1.021907470320866373e+00
1.021905793830085951e+00
1.021904366375953277e+00
1.021902583309138635e+00
1.021901142255750017e+00
1.021899453383804612e+00
1.021898188580199651e+00
1.021896783297018718e+00
1.021895862702931312e+00
1.021894897693988780e+00
1.021894447347113655e+00
1.021894028777843744e+00
1.021894117316907380e+00
1.021894288333563772e+00
1.021894917819111237e+00
1.021895652860137726e+00
1.021896757220665197e+00
1.021897964163341443e+00
1.021899415936625921e+00
1.021900946360170703e+00
1.021902571448514596e+00
1.021904238276176269e+00
1.021905837262084393e+00
1.021907437878579961e+00
1.021908811271293960e+00
1.021910153153933631e+00
1.021911127073569237e+00
1.021912052338147969e+00
1.021912500893336961e+00
1.021912906185199033e+00
1.021912767305855674e+00
1.021912616219071479e+00
1.021911898865441426e+00
1.021911225367038156e+00
1.021910007525667741e+00
1.021908910342547605e+00
1.021907328633125278e+00
