1.000603444564682754e+00
1.000677442236118653e+00
1.000799970935022376e+00
1.000944196899711258e+00
1.001101067017327040e+00
1.001266219640214450e+00
1.001437075250537934e+00
1.001611912866389620e+00
1.001789498402044121e+00
1.001968905587256931e+00
1.002149417134928333e+00
1.002330464596001391e+00
1.002511589142043746e+00
1.002692414728767023e+00
1.002872629106385194e+00
1.003051970065678145e+00
1.003230215308160700e+00
1.003407174888429676e+00
1.003582685512562023e+00
1.003756606190486123e+00
1.003928814883443987e+00
1.004099205886893165e+00
1.004267687759611505e+00
1.004434181660452285e+00
1.004598619990985320e+00
1.004760945269078221e+00
1.004921109178071426e+00
1.005079071750524689e+00
1.005234800655995686e+00
1.005388270570026776e+00
1.005539462607172529e+00
1.005688363805111063e+00
1.005834966650011708e+00
1.005979268635709190e+00
1.006121271851023291e+00
1.006260982590976294e+00
1.006398410988730285e+00
1.006533570665933297e+00
1.006666478399831810e+00
1.006797153806043843e+00
1.006925619036302733e+00
1.007051898490797015e+00
1.007176018544978735e+00
1.007298007290869268e+00
1.007417894293013871e+00
1.007535710359279246e+00
1.007651487326719941e+00
1.007765257862704544e+00
1.007877055281446887e+00
1.007986913376023308e+00
1.008094866265846212e+00
1.008200948259483365e+00
1.008305193732580429e+00
1.008407637020547476e+00
1.008508312325540057e+00
1.008607253637163748e+00
1.008704494666226026e+00
1.008800068790761895e+00
1.008894009013475701e+00
1.008986347929679894e+00
1.009077117704743065e+00
1.009166350060038297e+00
1.009254076266343336e+00
1.009340327143653182e+00
1.009425133066370162e+00
1.009508523972865834e+00
1.009590529378451285e+00
1.009671178390850965e+00
1.009750499727342765e+00
1.009828521732803575e+00
1.009905272397988885e+00
1.009980779377467330e+00
1.010055070006719902e+00
1.010128171318023682e+00
1.010200110054813916e+00
1.010270912684330558e+00
1.010340605408421855e+00
1.010409214172472758e+00
1.010476764672473937e+00
1.010543282360332196e+00
1.010608792447547088e+00
1.010673319907431811e+00
1.010736889476081757e+00
1.010799525652305464e+00
1.010861252696741319e+00
1.010922094630389623e+00
1.010982075232767841e+00
1.011041218039886669e+00
1.011099546342224764e+00
1.011157083182849803e+00
1.011213851355809101e+00
1.011269873404879949e+00
1.011325171622744268e+00
1.011379768050621353e+00
1.011433684478366457e+00
1.011486942445019466e+00
1.011539563239765460e+00
1.011591567903257438e+00
1.011642977229231466e+00
1.011693811766341877e+00
1.011744091820134139e+00
1.011793837455077893e+00
1.011843068496577125e+00
1.011891804532885741e+00
1.011940064916862836e+00
1.011987868767508791e+00
1.012035234971235376e+00
1.012082182182841184e+00
1.012128728826162449e+00
1.012174893094395900e+00
1.012220692950090761e+00
1.012266146124827015e+00
1.012311270118596562e+00
1.012356082198922147e+00
1.012400599399750689e+00
1.012444838520159429e+00
1.012488816122926183e+00
1.012532548533009669e+00
1.012576051835984536e+00
1.012619341876485279e+00
1.012662434256698996e+00
1.012705344334951629e+00
1.012748087224426108e+00
1.012790677792042127e+00
1.012833130657532665e+00
1.012875460192734112e+00
1.012917680521109975e+00
1.012959805517519296e+00
1.013001848808239069e+00
1.013043823771238694e+00
1.013085743536706884e+00
1.013127620987823052e+00
1.013169468761763170e+00
1.013211299250925901e+00
1.013253124604366340e+00
1.013294956729414720e+00
1.013336807293466979e+00
1.013378687725919658e+00
1.013420609220235358e+00
1.013462582736113227e+00
1.013504619001744711e+00
1.013546728516133033e+00
1.013588921551455968e+00
1.013631208155453933e+00
1.013673598153821853e+00
1.013716101152586369e+00
1.013758726540453736e+00
1.013801483491106881e+00
1.013844380965441605e+00
1.013887427713722200e+00
1.013930632277642685e+00
1.013974002992283241e+00
1.014017547987945633e+00
1.014061275191857181e+00
1.014105192329730620e+00
1.014149306927173644e+00
1.014193626310928575e+00
1.014238157609945290e+00
1.014282907756268948e+00
1.014327883485739656e+00
1.014373091338495847e+00
1.014418537659274921e+00
1.014464228597507178e+00
1.014510170107198128e+00
1.014556367946594095e+00
1.014602827677630881e+00
1.014649554665165265e+00
1.014696554075983137e+00
1.014743830877592679e+00
1.014791389836799951e+00
1.014839235518067317e+00
1.014887372281666034e+00
1.014935804281620335e+00
1.014984535463454574e+00
1.015033569561746507e+00
1.015082910097498292e+00
1.015132560375330950e+00
1.015182523480516297e+00
1.015232802275850776e+00
1.015283399398392072e+00
1.015334317256062491e+00
1.015385558024137547e+00
1.015437123641631745e+00
1.015489015807597095e+00
1.015541235977350576e+00
1.015593785358642087e+00
1.015646664907787766e+00
1.015699875325775325e+00
1.015753417054367613e+00
1.015807290272217500e+00
1.015861494891012740e+00
1.015916030551670568e+00
1.015970896620600694e+00
1.016026092186053553e+00
1.016081616054577363e+00
1.016137466747597085e+00
1.016193642498141925e+00
1.016250141247737382e+00
1.016306960643477808e+00
1.016364098035310803e+00
1.016421550473536994e+00
1.016479314706562054e+00
1.016537387178906737e+00
1.016595764029501581e+00
1.016654441090285133e+00
1.016713413885122819e+00
1.016772677629066424e+00
1.016832227227971064e+00
1.016892057278492079e+00
1.016952162068472942e+00
1.017012535577746402e+00
1.017073171479363936e+00
1.017134063141266420e+00
1.017195203628415090e+00
1.017256585705395455e+00
1.017318201839503944e+00
1.017380044204334588e+00
1.017442104683873305e+00
1.017504374877110651e+00
1.017566846103181266e+00
1.017629509407037336e+00
1.017692355565660289e+00
1.017755375094818948e+00
1.017818558256369244e+00
1.017881895066105047e+00
1.017945375302152566e+00
1.018008988513906754e+00
1.018072724031508169e+00
1.018136570975848976e+00
1.018200518269102961e+00
1.018264554645766928e+00
1.018328668664199466e+00
1.018392848718646881e+00
1.018457083051732326e+00
1.018521359767395218e+00
1.018585666844255222e+00
1.018649992149379457e+00
1.018714323452426962e+00
1.018778648440142653e+00
1.018842954731172146e+00
1.018907229891163446e+00
1.018971461448126670e+00
1.019035636908012243e+00
1.019099743770473854e+00
1.019163769544777942e+00
1.019227701765817784e+00
1.019291528010194403e+00
1.019355235912321245e+00
1.019418813180508865e+00
1.019482247612987669e+00
1.019545527113822292e+00
1.019608639708675213e+00
1.019671573560373412e+00
1.019734316984231226e+00
1.019796858463089650e+00
1.019859186662018580e+00
1.019921290442647566e+00
1.019983158877073803e+00
1.020044781261306710e+00
1.020106147128209795e+00
1.020167246259895188e+00
1.020228068699533086e+00
1.020288604762539242e+00
1.020348845047101660e+00
1.020408780444015839e+00
1.020468402145790598e+00
1.020527701655000952e+00
1.020586670791852724e+00
1.020645301700938035e+00
1.020703586857156342e+00
1.020761519070778389e+00
1.020819091491635966e+00
1.020876297612423489e+00
1.020933131271090977e+00
1.020989586652326420e+00
1.021045658288112001e+00
1.021101341057353284e+00
1.021156630184574476e+00
1.021211521237682440e+00
1.021266010124800561e+00
1.021320093090176462e+00
1.021373766709170461e+00
1.021427027882336969e+00
1.021479873828604834e+00
1.021532302077577947e+00
1.021584310460965428e+00
1.021635897103165158e+00
1.021687060411014647e+00
1.021737799062737873e+00
1.021788111996106974e+00
1.021837998395846103e+00
1.021887457680300759e+00
1.021936489487410782e+00
1.021985093660000121e+00
1.022033270230433555e+00
1.022081019404653679e+00
1.022128341545645691e+00
1.022175237156356609e+00
1.022221706862104229e+00
1.022267751392513802e+00
1.022313371563016826e+00
1.022358568255952171e+00
1.022403342401301263e+00
1.022447694957103304e+00
1.022491626889584060e+00
1.022535139153039729e+00
1.022578232669515641e+00
1.022620908308321308e+00
1.022663166865422690e+00
1.022705009042750746e+00
1.022746435427474010e+00
1.022787446471273842e+00
1.022828042469666965e+00
1.022868223541419930e+00
1.022907989608099921e+00
1.022947340373810299e+00
1.022986275305152404e+00
1.023024793611465588e+00
1.023062894225389208e+00
1.023100575783803867e+00
1.023137836609190998e+00
1.023174674691471386e+00
1.023211087670370167e+00
1.023247072818363801e+00
1.023282627024261426e+00
1.023317746777478554e+00
1.023352428153059934e+00
1.023386666797506672e+00
1.023420457915469983e+00
1.023453796257369985e+00
1.023486676108000815e+00
1.023519091276183790e+00
1.023551035085533023e+00
1.023582500366394754e+00
1.023613479449024588e+00
1.023643964158067909e+00
1.023673945808408758e+00
1.023703415202447786e+00
1.023732362628876569e+00
1.023760777863010674e+00
1.023788650168741210e+00
1.023815968302168145e+00
1.023842720516975557e+00
1.023868894571597910e+00
1.023894477738243713e+00
1.023919456813813689e+00
1.023943818132771355e+00
1.023967547582003146e+00
1.023990630617707787e+00
1.024013052284346248e+00
1.024034797235683136e+00
1.024055849757931291e+00
1.024076193795023126e+00
1.024095812976004272e+00
1.024114690644550629e+00
1.024132809890594853e+00
1.024150153584042267e+00
1.024166704410535811e+00
1.024182444909238709e+00
1.024197357512567574e+00
1.024211424587815333e+00
1.024224628480585153e+00
1.024236951559940545e+00
1.024248376265167071e+00
1.024258885154031296e+00
1.024268460952400872e+00
1.024277086605083209e+00
1.024284745327727730e+00
1.024291420659614538e+00
1.024297096517153172e+00
1.024301757247891853e+00
1.024305387684829594e+00
1.024307973200816235e+00
1.024309499762808162e+00
1.024309953985749200e+00
1.024309323185821352e+00
1.024307595432827345e+00
1.024304759601433190e+00
1.024300805421026084e+00
1.024295723523912738e+00
1.024289505491602359e+00
1.024282143898913811e+00
1.024273632355646502e+00
1.024263965545569421e+00
1.024253139262479628e+00
1.024241150443101711e+00
1.024227997196603290e+00
1.024213678830525165e+00
1.024198195872930928e+00
1.024181550090604631e+00
1.024163744503151285e+00
1.024144783392860969e+00
1.024124672310238626e+00
1.024103418075118732e+00
1.024081028773306645e+00
1.024057513748725556e+00
1.024032883591073029e+00
1.024007150119013998e+00
1.023980326358979287e+00
1.023952426519656900e+00
1.023923465962299328e+00
1.023893461166996310e+00
1.023862429695094001e+00
1.023830390147965064e+00
1.023797362122358834e+00
1.023763366162589339e+00
1.023728423709838964e+00
1.023692557048869745e+00
1.023655789252461812e+00
1.023618144123900731e+00
1.023579646137860788e+00
1.023540320380024182e+00
1.023500192485792493e+00
1.023459288578450366e+00
1.023417635207127585e+00
1.023375259284914796e+00
1.023332188027474388e+00
1.023288448892475166e+00
1.023244069520175881e+00
1.023199077675451152e+00
1.023153501191549131e+00
1.023107367915841781e+00
1.023060705657803826e+00
1.023013542139437293e+00
1.022965904948328841e+00
1.022917821493497526e+00
1.022869318964169771e+00
1.022820424291577712e+00
1.022771164113863929e+00
1.022721564744130340e+00
1.022671652141658116e+00
1.022621451886280841e+00
1.022570989155886512e+00
1.022520288706980862e+00
1.022469374858237634e+00
1.022418271476929652e+00
1.022367001968124134e+00
1.022315589266501679e+00
1.022264055830651275e+00
1.022212423639676793e+00
1.022160714191945763e+00
1.022108948505797255e+00
1.022057147122031662e+00
1.022005330107988108e+00
1.021953517063036276e+00
1.021901727125282155e+00
1.021849978979325613e+00
1.021798290864878389e+00
1.021746680586088862e+00
1.021695165521403270e+00
1.021643762633823060e+00
1.021592488481412708e+00
1.021541359227933432e+00
1.021490390653487346e+00
1.021439598165068574e+00
1.021388996806927851e+00
1.021338601270676882e+00
1.021288425905062747e+00
1.021238484725360163e+00
1.021188791422339648e+00
1.021139359370779598e+00
1.021090201637502304e+00
1.021041330988926799e+00
1.020992759898126545e+00
1.020944500551415057e+00
1.020896564854456567e+00
1.020848964437933937e+00
1.020801710662794459e+00
1.020754814625104867e+00
1.020708287160548844e+00
1.020662138848607903e+00
1.020616380016458713e+00
1.020571020742631285e+00
1.020526070860465762e+00
1.020481539961410000e+00
1.020437437398196590e+00
1.020393772287933931e+00
1.020350553515152026e+00
1.020307789734831605e+00
1.020265489375450363e+00
1.020223660642069374e+00
1.020182311519487683e+00
1.020141449775482601e+00
1.020101082964153250e+00
1.020061218429381356e+00
1.020021863308415710e+00
1.019983024535592975e+00
1.019944708846189707e+00
1.019906922780410508e+00
1.019869672687509832e+00
1.019832964730038150e+00
1.019796804888208452e+00
1.019761198964369564e+00
1.019726152587578483e+00
1.019691671218256213e+00
1.019657760152914427e+00
1.019624424528936757e+00
1.019591669329401373e+00
1.019559499387928669e+00
1.019527919393537818e+00
1.019496933895497559e+00
1.019466547308155224e+00
1.019436763915732680e+00
1.019407587877071197e+00
1.019379023230314152e+00
1.019351073897515780e+00
1.019323743689161788e+00
1.019297036308595583e+00
1.019270955356331942e+00
1.019245504334258534e+00
1.019220686649705776e+00
1.019196505619387683e+00
1.019172964473194831e+00
1.019150066357840112e+00
1.019127814340346383e+00
1.019106211411367813e+00
1.019085260488343803e+00
1.019064964418471497e+00
1.019045325981496442e+00
1.019026347892309836e+00
1.019008032803351504e+00
1.018990383306808578e+00
1.018973401936602796e+00
1.018957091170165974e+00
1.018941453429989430e+00
1.018926491084949149e+00
1.018912206451398017e+00
1.018898601794018255e+00
1.018885679326432703e+00
1.018873441211567643e+00
1.018861889561766487e+00
1.018851026438647445e+00
1.018840853852705841e+00
1.018831373762656645e+00
1.018822588074516755e+00
1.018814498640429722e+00
1.018807107257227784e+00
1.018800415664736114e+00
1.018794425543823268e+00
1.018789138514194725e+00
1.018784556131940633e+00
1.018780679886837293e+00
1.018777511199409513e+00
1.018775051417761812e+00
1.018773301814185128e+00
1.018772263581541715e+00
1.018771937829446639e+00
1.018772325580245663e+00
1.018773427764803952e+00
1.018775245218115799e+00
1.018777778674742951e+00
1.018781028764094598e+00
1.018784996005562160e+00
1.018789680803514619e+00
1.018795083442173066e+00
1.018801204080370226e+00
1.018808042746211173e+00
1.018815599331645227e+00
1.018823873586961248e+00
1.018832865115219644e+00
1.018842573366632864e+00
1.018852997632903712e+00
1.018864137041539664e+00
1.018875990550148547e+00
1.018888556940733325e+00
1.018901834813993768e+00
1.018915822583649433e+00
1.018930518470797963e+00
1.018945920498313340e+00
1.018962026485306538e+00
1.018978834041652792e+00
1.018996340562602132e+00
1.019014543223482505e+00
1.019033438974510153e+00
1.019053024535722107e+00
1.019073296392035477e+00
1.019094250788457501e+00
1.019115883725450811e+00
1.019138190954472112e+00
1.019161167973694493e+00
1.019184810023932908e+00
1.019209112084777935e+00
1.019234068870961796e+00
1.019259674828964179e+00
1.019285924133874977e+00
1.019312810686530124e+00
1.019340328110932337e+00
1.019368469751974926e+00
1.019397228673482703e+00
1.019426597656583056e+00
1.019456569198426532e+00
1.019487135511270015e+00
1.019518288521936267e+00
1.019550019871666269e+00
1.019582320916379903e+00
1.019615182727356295e+00
1.019648596092350257e+00
1.019682551517159474e+00
1.019717039227649558e+00
1.019752049172255592e+00
1.019787571024970418e+00
1.019823594188824067e+00
1.019860107799876348e+00
1.019897100731715911e+00
1.019934561600488898e+00
1.019972478770451829e+00
1.020010840360057847e+00
1.020049634248585857e+00
1.020088848083301247e+00
1.020128469287163941e+00
1.020168485067072250e+00
1.020208882422643626e+00
1.020249648155528988e+00
1.020290768879249965e+00
1.020332231029557057e+00
1.020374020875291610e+00
1.020416124529743396e+00
1.020458527962489814e+00
1.020501217011697603e+00
1.020544177396870200e+00
1.020587394732018760e+00
1.020630854539238186e+00
1.020674542262657969e+00
1.020718443282743415e+00
1.020762542930920835e+00
1.020806826504493392e+00
1.020851279281814517e+00
1.020895886537687813e+00
1.020940633558955479e+00
1.020985505660237047e+00
1.021030488199784259e+00
1.021075566595404771e+00
1.021120726340419171e+00
1.021165953019608441e+00
1.021211232325105467e+00
1.021256550072190628e+00
1.021301892214943274e+00
1.021347244861709580e+00
1.021392594290336575e+00
1.021437926963129961e+00
1.021483229541492843e+00
1.021528488900196763e+00
1.021573692141247047e+00
1.021618826607292529e+00
1.021663879894544769e+00
1.021708839865161700e+00
1.021753694659055522e+00
1.021798432705089743e+00
1.021843042731627849e+00
1.021887513776395640e+00
1.021931835195630134e+00
1.021975996672476850e+00
1.022019988224614595e+00
1.022063800211074458e+00
1.022107423338232124e+00
1.022150848664952649e+00
1.022194067606865264e+00
1.022237071939751774e+00
1.022279853802040117e+00
1.022322405696381331e+00
1.022364720490310575e+00
1.022406791415979121e+00
1.022448612068958207e+00
1.022490176406110507e+00
1.022531478742531474e+00
1.022572513747564971e+00
1.022613276439899854e+00
1.022653762181754189e+00
1.022693966672160171e+00
1.022733885939363763e+00
1.022773516332351029e+00
1.022812854511522485e+00
1.022851897438533886e+00
1.022890642365320790e+00
1.022929086822339517e+00
1.022967228606037171e+00
1.023005065765587585e+00
1.023042596588915609e+00
1.023079819588037953e+00
1.023116733483756979e+00
1.023153337189730783e+00
1.023189629795960176e+00
1.023225610551721010e+00
1.023261278847977351e+00
1.023296634199313715e+00
1.023331676225418985e+00
1.023366404632159110e+00
1.023400819192281208e+00
1.023434919725779491e+00
1.023468706079968094e+00
1.023502178109297223e+00
1.023535335654952139e+00
1.023568178524278283e+00
1.023600706470070509e+00
1.023632919169767508e+00
1.023664816204599370e+00
1.023696397038721617e+00
1.023727660998387856e+00
1.023758607251198827e+00
1.023789234785477786e+00
1.023819542389809767e+00
1.023849528632802652e+00
1.023879191843104053e+00
1.023908530089731928e+00
1.023937541162762699e+00
1.023966222554427263e+00
1.023994571440669521e+00
1.024022584663210944e+00
1.024050258712184913e+00
1.024077589709385450e+00
1.024104573392192741e+00
1.024131205098225195e+00
1.024157479750781530e+00
1.024183391845129742e+00
1.024208935435697798e+00
1.024234104124234879e+00
1.024258891048999365e+00
1.024283288875035725e+00
1.024307289785607811e+00
1.024330885474846520e+00
1.024354067141681757e+00
1.024376825485117326e+00
1.024399150700916916e+00
1.024421032479765348e+00
1.024442460006963707e+00
1.024463421963726528e+00
1.024483906530139210e+00
1.024503901389833826e+00
1.024523393736445520e+00
1.024542370281897874e+00
1.024560817266574553e+00
1.024578720471424287e+00
1.024596065232039832e+00
1.024612836454757536e+00
1.024629018634803934e+00
1.024644595876526010e+00
1.024659551915720890e+00
1.024673870144086063e+00
1.024687533635791237e+00
1.024700525176180266e+00
1.024712827292582284e+00
1.024724422287223380e+00
1.024735292272203946e+00
1.024745419206503971e+00
1.024754784934962082e+00
1.024763371229172382e+00
1.024771159830215161e+00
1.024778132493141314e+00
1.024784271033107874e+00
1.024789557373048110e+00
1.024793973592754925e+00
1.024797501979234138e+00
1.024800125078175084e+00
1.024801825746372685e+00
1.024802587204922677e+00
1.024802393092997477e+00
1.024801227521999758e+00
1.024799075129880332e+00
1.024795921135394305e+00
1.024791751392063910e+00
1.024786552441601550e+00
1.024780311566549029e+00
1.024773016841873607e+00
1.024764657185264216e+00
1.024755222405864696e+00
1.024744703251185385e+00
1.024733091451923928e+00
1.024720379764447742e+00
1.024706562010674782e+00
1.024691633115115241e+00
1.024675589138830389e+00
1.024658427310086939e+00
1.024640146051497114e+00
1.024620745003441025e+00
1.024600225043602819e+00
1.024578588302452742e+00
1.024555838174543432e+00
1.024531979325504327e+00
1.024507017694647137e+00
1.024480960493115322e+00
1.024453816197547829e+00
1.024425594539245532e+00
1.024396306488865038e+00
1.024365964236691351e+00
1.024334581168569347e+00
1.024302171837609299e+00
1.024268751931800114e+00
1.024234338237706821e+00
1.024198948600444137e+00
1.024162601880148848e+00
1.024125317905198784e+00
1.024087117422449511e+00
1.024048022044774076e+00
1.024008054196221096e+00
1.023967237055104729e+00
1.023925594495371350e+00
1.023883151026584226e+00
1.023839931732875019e+00
1.023795962211225374e+00
1.023751268509421664e+00
1.023705877064047254e+00
1.023659814638849364e+00
1.023613108263816462e+00
1.023565785175295506e+00
1.023517872757450320e+00
1.023469398485355786e+00
1.023420389869993841e+00
1.023370874405402198e+00
1.023320879518194726e+00
1.023270432519655326e+00
1.023219560560568286e+00
1.023168290588934326e+00
1.023116649310680693e+00
1.023064663153450349e+00
1.023012358233531316e+00
1.022959760325944378e+00
1.022906894837701364e+00
1.022853786784200025e+00
1.022800460768709119e+00
1.022746940964869289e+00
1.022693251102115397e+00
1.022639414453905715e+00
1.022585453828627422e+00
1.022531391563033409e+00
1.022477249518045417e+00
1.022423049076765178e+00
1.022368811144508172e+00
1.022314556150679676e+00
1.022260304052313051e+00
1.022206074339076842e+00
1.022151886039570634e+00
1.022097757728726686e+00
1.022043707536140378e+00
1.021989753155159164e+00
1.021935911852566825e+00
1.021882200478713365e+00
1.021828635477943781e+00
1.021775232899193586e+00
1.021722008406638960e+00
1.021668977290282054e+00
1.021616154476385763e+00
1.021563554537669116e+00
1.021511191703198929e+00
1.021459079867912623e+00
1.021407232601732051e+00
1.021355663158229454e+00
1.021304384482825789e+00
1.021253409220499897e+00
1.021202749723016279e+00
1.021152418055659039e+00
1.021102426003500430e+00
1.021052785077208203e+00
1.021003506518425308e+00
1.020954601304744802e+00
1.020906080154316165e+00
1.020857953530119433e+00
1.020810231643942245e+00
1.020762924460101528e+00
1.020716041698951582e+00
1.020669592840216078e+00
1.020623587126182841e+00
1.020578033564806031e+00
1.020532940932742161e+00
1.020488317778363019e+00
1.020444172424769258e+00
1.020400512972840623e+00
1.020357347304340356e+00
1.020314683085099761e+00
1.020272527768300019e+00
1.020230888597863927e+00
1.020189772611973744e+00
1.020149186646712280e+00
1.020109137339844763e+00
1.020069631134729926e+00
1.020030674284366334e+00
1.019992272855566817e+00
1.019954432733253036e+00
1.019917159624861958e+00
1.019880459064854028e+00
1.019844336419308384e+00
1.019808796890595115e+00
1.019773845522105260e+00
1.019739487203028983e+00
1.019705726673162616e+00
1.019672568527729251e+00
1.019640017222200434e+00
1.019608077077101882e+00
1.019576752282786991e+00
1.019546046904168168e+00
1.019515964885389314e+00
1.019486510054428363e+00
1.019457686127617002e+00
1.019429496714067795e+00
1.019401945319995617e+00
1.019375035352928283e+00
1.019348770125791726e+00
1.019323152860866166e+00
1.019298186693598396e+00
1.019273874676275504e+00
1.019250219781534295e+00
1.019227224905717044e+00
1.019204892872055623e+00
1.019183226433682199e+00
1.019162228276457194e+00
1.019141901021613172e+00
1.019122247228200440e+00
1.019103269395335243e+00
1.019084969964242138e+00
1.019067351320081194e+00
1.019050415793558706e+00
1.019034165662313196e+00
1.019018603152072489e+00
1.019003730437573196e+00
1.018989549643243286e+00
1.018976062843636843e+00
1.018963272063623027e+00
1.018951179278321906e+00
1.018939786412784265e+00
1.018929095341415847e+00
1.018919107887141795e+00
1.018909825820313753e+00
1.018901250857354723e+00
1.018893384659149248e+00
1.018886228829175566e+00
1.018879784911383535e+00
1.018874054387824302e+00
1.018869038676033956e+00
1.018864739126175589e+00
1.018861157017948438e+00
1.018858293557271422e+00
1.018856149872741534e+00
1.018854727011886396e+00
1.018854025937211194e+00
1.018854047522051331e+00
1.018854792546245669e+00
1.018856261691631016e+00
1.018858455537379415e+00
1.018861374555180666e+00
1.018865019104287839e+00
1.018869389426431127e+00
1.018874485640618222e+00
1.018880307737829449e+00
1.018886855575617645e+00
1.018894128872631200e+00
1.018902127203066055e+00
1.018910849991063294e+00
1.018920296505060552e+00
1.018930465852112999e+00
1.018941356972193457e+00
1.018952968632485190e+00
1.018965299421678683e+00
1.018978347744285973e+00
1.018992111814979618e+00
1.019006589652977635e+00
1.019021779076476619e+00
1.019037677697152144e+00
1.019054282914734655e+00
1.019071591911677066e+00
1.019089601647922505e+00
1.019108308855787293e+00
1.019127710034970935e+00
1.019147801447707558e+00
1.019168579114070994e+00
1.019190038807443521e+00
1.019212176050170449e+00
1.019234986109404328e+00
1.019258463993159225e+00
1.019282604446587914e+00
1.019307401948494674e+00
1.019332850708100535e+00
1.019358944662073441e+00
1.019385677471842389e+00
1.019413042521203350e+00
1.019441032914241596e+00
1.019469641473577770e+00
1.019498860738955015e+00
1.019528682966186484e+00
1.019559100126472329e+00
1.019590103906105272e+00
1.019621685706576741e+00
1.019653836645101341e+00
1.019686547555570311e+00
1.019719808989949072e+00
1.019753611220132639e+00
1.019787944240271083e+00
1.019822797769574407e+00
1.019858161255613016e+00
1.019894023878117340e+00
1.019930374553291497e+00
1.019967201938646983e+00
1.020004494438360165e+00
1.020042240209165119e+00
1.020080427166780046e+00
1.020119042992875480e+00
1.020158075142580056e+00
1.020197510852529854e+00
1.020237337149450196e+00
1.020277540859277021e+00
1.020318108616803388e+00
1.020359026875846453e+00
1.020400281919926266e+00
1.020441859873443713e+00
1.020483746713344075e+00
1.020525928281251105e+00
1.020568390296050731e+00
1.020611118366912207e+00
1.020654098006713806e+00
1.020697314645858889e+00
1.020740753646451004e+00
1.020784400316801843e+00
1.020828239926240055e+00
1.020872257720193188e+00
1.020916438935505433e+00
1.020960768815956987e+00
1.021005232627948844e+00
1.021049815676314587e+00
1.021094503320219227e+00
1.021139280989104003e+00
1.021184134198635185e+00
1.021229048566616449e+00
1.021274009828816220e+00
1.021319003854670893e+00
1.021364016662816399e+00
1.021409034436405294e+00
1.021454043538162271e+00
1.021499030525134133e+00
1.021543982163092501e+00
1.021588885440539940e+00
1.021633727582282880e+00
1.021678496062521813e+00
1.021723178617425010e+00
1.021767763257138695e+00
1.021812238277199913e+00
1.021856592269312802e+00
1.021900814131452950e+00
1.021944893077267213e+00
1.021988818644734343e+00
1.022032580704062887e+00
1.022076169464792184e+00
1.022119575482074882e+00
1.022162789662119042e+00
1.022205803266768243e+00
1.022248607917200180e+00
1.022291195596733537e+00
1.022333558652726015e+00
1.022375689797555331e+00
1.022417582108676282e+00
1.022459229027748329e+00
1.022500624358833043e+00
1.022541762265658516e+00
1.022582637267959615e+00
1.022623244236891882e+00
1.022663578389536143e+00
1.022703635282494528e+00
1.022743410804597186e+00
1.022782901168733716e+00
1.022822102902820385e+00
1.022861012839931139e+00
1.022899628107605707e+00
1.022937946116358576e+00
1.022975964547418792e+00
1.023013681339715708e+00
1.023051094676151074e+00
1.023088202969174354e+00
1.023125004845696573e+00
1.023161499131378216e+00
1.023197684834312504e+00
1.023233561128148006e+00
1.023269127334680118e+00
1.023304382905944498e+00
1.023339327405853982e+00
1.023373960491409829e+00
1.023408281893529947e+00
1.023442291397526738e+00
1.023475988823277172e+00
1.023509374005123540e+00
1.023542446771542602e+00
1.023575206924624670e+00
1.023607654219405250e+00
1.023639788343086110e+00
1.023671608894192397e+00
1.023703115361705995e+00
1.023734307104216645e+00
1.023765183329138573e+00
1.023795743072033693e+00
1.023825985176086695e+00
1.023855908271781523e+00
1.023885510756820771e+00
1.023914790776338180e+00
1.023943746203454408e+00
1.023972374620222725e+00
1.024000673299014785e+00
1.024028639184402012e+00
1.024056268875580322e+00
1.024083558609394595e+00
1.024110504244018394e+00
1.024137101243340675e+00
1.024163344662124331e+00
1.024189229131984291e+00
1.024214748848256473e+00
1.024239897557805090e+00
1.024264668547842039e+00
1.024289054635810992e+00
1.024313048160403916e+00
1.024336640973773527e+00
1.024359824435000732e+00
1.024382589404891464e+00
1.024404926242153291e+00
1.024426824801028868e+00
1.024448274430441952e+00
1.024469263974722155e+00
1.024489781775966613e+00
1.024509815678103841e+00
1.024529353032713530e+00
1.024548380706660877e+00
1.024566885091593660e+00
1.024584852115361766e+00
1.024602267255390942e+00
1.024619115554067816e+00
1.024635381636155973e+00
1.024651049728289909e+00
1.024666103680559992e+00
1.024680526990211948e+00
1.024694302827470427e+00
1.024707414063486421e+00
1.024719843300406108e+00
1.024731572903545107e+00
1.024742585035637088e+00
1.024752861693129180e+00
1.024762384744470678e+00
1.024771135970338864e+00
1.024779097105732006e+00
1.024786249883844702e+00
1.024792576081631879e+00
1.024798057566949305e+00
1.024802676347154495e+00
1.024806414619026995e+00
1.024809254819860183e+00
1.024811179679569584e+00
1.024812172273632527e+00
1.024812216076682159e+00
1.024811295016550883e+00
1.024809393528552937e+00
1.024806496609789175e+00
1.024802589873237579e+00
1.024797659601395683e+00
1.024791692799222886e+00
1.024784677246133757e+00
1.024776601546780075e+00
1.024767455180366493e+00
1.024757228548232257e+00
1.024745913019437848e+00
1.024733500974101874e+00
1.024719985844227077e+00
1.024705362151769439e+00
1.024689625543710125e+00
1.024672772823900235e+00
1.024654801981462970e+00
1.024635712215547390e+00
1.024615503956254781e+00
1.024594178881566453e+00
1.024571739930129510e+00
1.024548191309781586e+00
1.024523538501710629e+00
1.024497788260181785e+00
1.024470948607785648e+00
1.024443028826188762e+00
1.024414039442401503e+00
1.024383992210601058e+00
1.024352900089583240e+00
1.024320777215943723e+00
1.024287638873115469e+00
1.024253501456428905e+00
1.024218382434371799e+00
1.024182300306270443e+00
1.024145274556627516e+00
1.024107325606375962e+00
1.024068474761337555e+00
1.024028744158184123e+00
1.023988156708217634e+00
1.023946736039308636e+00
1.023904506436323913e+00
1.023861492780406390e+00
1.023817720487447902e+00
1.023773215446120988e+00
1.023728003955818533e+00
1.023682112664846100e+00
1.023635568509213556e+00
1.023588398652348186e+00
1.023540630426045928e+00
1.023492291272954713e+00
1.023443408690871692e+00
1.023394010179105251e+00
1.023344123187132970e+00
1.023293775065768241e+00
1.023242993021006075e+00
1.023191804070707089e+00
1.023140235004239118e+00
1.023088312345173279e+00
1.023036062317098649e+00
1.022983510812594865e+00
1.022930683365373516e+00
1.022877605125570355e+00
1.022824300838145462e+00
1.022770794824332086e+00
1.022717110966038234e+00
1.022663272693100200e+00
1.022609302973259027e+00
1.022555224304720678e+00
1.022501058711144495e+00
1.022446827738893393e+00
1.022392552456374393e+00
1.022338253455285617e+00
1.022283950853588586e+00
1.022229664300017493e+00
1.022175412979942299e+00
1.022121215622398660e+00
1.022067090508110621e+00
1.022013055478329768e+00
1.021959127944329193e+00
1.021905324897389056e+00
1.021851662919136983e+00
1.021798158192098738e+00
1.021744826510340820e+00
1.021691683290089081e+00
1.021638743580226993e+00
1.021586022072583422e+00
1.021533533111937064e+00
1.021481290705676503e+00
1.021429308533059466e+00
1.021377599954042426e+00
1.021326178017643027e+00
1.021275055469824444e+00
1.021224244760888356e+00
1.021173758052386749e+00
1.021123607223547447e+00
1.021073803877244224e+00
1.021024359345521493e+00
1.020975284694708662e+00
1.020926590730152794e+00
1.020878288000602652e+00
1.020830386802286549e+00
1.020782897182719751e+00
1.020735828944281387e+00
1.020689191647602634e+00
1.020642994614807009e+00
1.020597246932637647e+00
1.020551957455514192e+00
1.020507134808547267e+00
1.020462787390550519e+00
1.020418923377070852e+00
1.020375550723473079e+00
1.020332677168092061e+00
1.020290310235477449e+00
1.020248457239746109e+00
1.020207125288051575e+00
1.020166321284182276e+00
1.020126051932291666e+00
1.020086323740763135e+00
1.020047143026210357e+00
1.020008515917603553e+00
1.019970448360524751e+00
1.019932946121533623e+00
1.019896014792641248e+00
1.019859659795876006e+00
1.019823886387928535e+00
1.019788699664863740e+00
1.019754104566883202e+00
1.019720105883122230e+00
1.019686708256468011e+00
1.019653916188381970e+00
1.019621734043712369e+00
1.019590166055480029e+00
1.019559216329626761e+00
1.019528888849708492e+00
1.019499187481524460e+00
1.019470115977666236e+00
1.019441677981979488e+00
1.019413877033923388e+00
1.019386716572819651e+00
1.019360199941985456e+00
1.019334330392731802e+00
1.019309111088232633e+00
1.019284545107242312e+00
1.019260635447667873e+00
1.019237385029977405e+00
1.019214796700446124e+00
1.019192873234228358e+00
1.019171617338250790e+00
1.019151031653922512e+00
1.019131118759649457e+00
1.019111881173154321e+00
1.019093321353591541e+00
1.019075441703450657e+00
1.019058244570244298e+00
1.019041732247974785e+00
1.019025906978370921e+00
1.019010770951892297e+00
1.018996326308496903e+00
1.018982575138162261e+00
1.018969519481162322e+00
1.018957161328092109e+00
1.018945502619639454e+00
1.018934545246097390e+00
1.018924291046622965e+00
1.018914741808232272e+00
1.018905899264539006e+00
1.018897765094235908e+00
1.018890340919313520e+00
1.018883628303031808e+00
1.018877628747633768e+00
1.018872343691816340e+00
1.018867774507957069e+00
1.018863922499105179e+00
1.018860788895741720e+00
1.018858374852319004e+00
1.018856681443583323e+00
1.018855709660692499e+00
1.018855460407138258e+00
1.018855934494478976e+00
1.018857132637897900e+00
1.018859055451593276e+00
1.018861703444015276e+00
1.018865077012956810e+00
1.018869176440514002e+00
1.018874001887924763e+00
1.018879553390298787e+00
1.018885830851250285e+00
1.018892834037446793e+00
1.018900562573084256e+00
1.018909015934302609e+00
1.018918193443551390e+00
1.018928094263921835e+00
1.018938717393449656e+00
1.018950061659412931e+00
1.018962125712622679e+00
1.018974908021730297e+00
1.018988406867557650e+00
1.019002620337463139e+00
1.019017546319755940e+00
1.019033182498172430e+00
1.019049526346423429e+00
1.019066575122827389e+00
1.019084325865041940e+00
1.019102775384902904e+00
1.019121920263391212e+00
1.019141756845730162e+00
1.019162281236634549e+00
1.019183489295722111e+00
1.019205376633098847e+00
1.019227938605135053e+00
1.019251170310444765e+00
1.019275066586081246e+00
1.019299622003965844e+00
1.019324830867561094e+00
1.019350687208807171e+00
1.019377184785333235e+00
1.019404317077958311e+00
1.019432077288500160e+00
1.019460458337905662e+00
1.019489452864715373e+00
1.019519053223882032e+00
1.019549251485956098e+00
1.019580039436650987e+00
1.019611408576807099e+00
1.019643350122766634e+00
1.019675855007174281e+00
1.019708913880216006e+00
1.019742517111311253e+00
1.019776654791271664e+00
1.019811316734934525e+00
1.019846492484287603e+00
1.019882171312091579e+00
1.019918342226011188e+00
1.019954993973263724e+00
1.019992115045791348e+00
1.020029693685965189e+00
1.020067717892821246e+00
1.020106175428838968e+00
1.020145053827256287e+00
1.020184340399925560e+00
1.020224022245711737e+00
1.020264086259419667e+00
1.020304519141258970e+00
1.020345307406825608e+00
