1.000603444564682754e+00
1.000677460160401377e+00
1.000800070894364957e+00
1.000944512495690830e+00
1.001101809165457990e+00
1.001267667444965648e+00
1.001439569268453234e+00
1.001615850598532198e+00
1.001795330455703237e+00
1.001977131845219748e+00
1.002160582816647549e+00
1.002345156295149753e+00
1.002530430965641761e+00
1.002716064639269877e+00
1.002901775523615147e+00
1.003087328742092943e+00
1.003272526458418357e+00
1.003457200534918936e+00
1.003641207000862678e+00
1.003824421829414115e+00
1.004006737670167126e+00
1.004188061285913092e+00
1.004368311513322398e+00
1.004547417617333460e+00
1.004725317944678231e+00
1.004901958807407070e+00
1.005077293545505235e+00
1.005251281730798363e+00
1.005423888483814920e+00
1.005595083882141028e+00
1.005764842443837015e+00
1.005933142673175240e+00
1.006099966658714706e+00
1.006265299715797479e+00
1.006429130067110211e+00
1.006591448556157120e+00
1.006752248389428228e+00
1.006911524903761901e+00
1.007069275355983340e+00
1.007225498732353230e+00
1.007380195575732440e+00
1.007533367828654880e+00
1.007685018690751555e+00
1.007835152489162667e+00
1.007983774560734291e+00
1.008130891144937813e+00
1.008276509286559985e+00
1.008420636747309418e+00
1.008563281925569655e+00
1.008704453783593191e+00
1.008844161781504711e+00
1.008982415817522682e+00
1.009119226173869288e+00
1.009254603467875544e+00
1.009388558607822839e+00
1.009521102753116129e+00
1.009652247278391535e+00
1.009782003741214629e+00
1.009910383853035221e+00
1.010037399453106444e+00
1.010163062485083030e+00
1.010287384976051195e+00
1.010410379017754545e+00
1.010532056749800844e+00
1.010652430344655794e+00
1.010771511994243088e+00
1.010889313897989528e+00
1.011005848252163108e+00
1.011121127240369955e+00
1.011235163025090866e+00
1.011347967740140241e+00
1.011459553483950113e+00
1.011569932313589826e+00
1.011679116239438070e+00
1.011787117220434018e+00
1.011893947159844931e+00
1.011999617901486292e+00
1.012104141226349618e+00
1.012207528849587312e+00
1.012309792417813270e+00
1.012410943506686145e+00
1.012510993618740862e+00
1.012609954181442617e+00
1.012707836545436058e+00
1.012804651982971427e+00
1.012900411686486812e+00
1.012995126767331833e+00
1.013088808254614781e+00
1.013181467094170563e+00
1.013273114147625442e+00
1.013363760191561269e+00
1.013453415916765632e+00
1.013542091927561506e+00
1.013629798741211729e+00
1.013716546787394091e+00
1.013802346407741029e+00
1.013887207855439065e+00
1.013971141294889300e+00
1.014054156801420081e+00
1.014136264361054973e+00
1.014217473870328678e+00
1.014297795136152924e+00
1.014377237875726312e+00
1.014455811716491684e+00
1.014533526196131685e+00
1.014610390762609615e+00
1.014686414774247147e+00
1.014761607499840235e+00
1.014835978118811877e+00
1.014909535721398193e+00
1.014982289308869579e+00
1.015054247793782727e+00
1.015125420000263290e+00
1.015195814664316298e+00
1.015265440434165445e+00
1.015334305870618348e+00
1.015402419447454241e+00
1.015469789551838309e+00
1.015536424484754452e+00
1.015602332461460477e+00
1.015667521611961721e+00
1.015731999981502209e+00
1.015795775531072920e+00
1.015858856137935362e+00
1.015921249596158038e+00
1.015982963617166668e+00
1.016044005830307739e+00
1.016104383783418719e+00
1.016164104943412472e+00
1.016223176696867680e+00
1.016281606350627698e+00
1.016339401132406728e+00
1.016396568191401784e+00
1.016453114598910190e+00
1.016509047348950423e+00
1.016564373358889384e+00
1.016619099470070786e+00
1.016673232448446429e+00
1.016726778985210800e+00
1.016779745697435899e+00
1.016832139128708512e+00
1.016883965749766361e+00
1.016935231959137154e+00
1.016985944083774296e+00
1.017036108379696824e+00
1.017085731032622231e+00
1.017134818158605292e+00
1.017183375804670664e+00
1.017231409949447052e+00
1.017278926503797365e+00
1.017325931311450216e+00
1.017372430149625639e+00
1.017418428729663038e+00
1.017463932697643791e+00
1.017508947635012984e+00
1.017553479059198906e+00
1.017597532424229012e+00
1.017641113121346308e+00
1.017684226479617760e+00
1.017726877766548244e+00
1.017769072188683399e+00
1.017810814892215587e+00
1.017852110963584966e+00
1.017892965430078789e+00
1.017933383260426705e+00
1.017973369365394287e+00
1.018012928598373890e+00
1.018052065755973068e+00
1.018090785578598112e+00
1.018129092751037801e+00
1.018166991903041385e+00
1.018204487609896125e+00
1.018241584393001720e+00
1.018278286720438519e+00
1.018314599007537957e+00
1.018350525617446323e+00
1.018386070861686754e+00
1.018421239000718792e+00
1.018456034244493269e+00
1.018490460753006532e+00
1.018524522636849561e+00
1.018558223957754638e+00
1.018591568729139585e+00
1.018624560916647326e+00
1.018657204438683905e+00
1.018689503166952059e+00
1.018721460926982125e+00
1.018753081498658952e+00
1.018784368616747038e+00
1.018815325971410113e+00
1.018845957208728947e+00
1.018876265931214720e+00
1.018906255698319940e+00
1.018935930026944714e+00
1.018965292391939226e+00
1.018994346226605341e+00
1.019023094923190431e+00
1.019051541833379648e+00
1.019079690268786642e+00
1.019107543501434732e+00
1.019135104764242072e+00
1.019162377251493723e+00
1.019189364119319929e+00
1.019216068486161531e+00
1.019242493433237584e+00
1.019268642005005887e+00
1.019294517209620388e+00
1.019320122019385266e+00
1.019345459371203688e+00
1.019370532167023224e+00
1.019395343274277277e+00
1.019419895526322062e+00
1.019444191722869597e+00
1.019468234630416914e+00
1.019492026982669941e+00
1.019515571480964944e+00
1.019538870794683749e+00
1.019561927561666526e+00
1.019584744388619235e+00
1.019607323851517755e+00
1.019629668496006669e+00
1.019651780837793620e+00
1.019673663363042326e+00
1.019695318528756278e+00
1.019716748763163316e+00
1.019737956466092443e+00
1.019758944009347079e+00
1.019779713737075211e+00
1.019800267966134433e+00
1.019820608986452548e+00
1.019840739061383950e+00
1.019860660428062005e+00
1.019880375297746555e+00
1.019899885856168975e+00
1.019919194263869677e+00
1.019938302656535178e+00
1.019957213145327835e+00
1.019975927817213357e+00
1.019994448735282555e+00
1.020012777939070636e+00
1.020030917444870511e+00
1.020048869246043433e+00
1.020066635313324754e+00
1.020084217595126130e+00
1.020101618017831946e+00
1.020118838486093749e+00
1.020135880883120683e+00
1.020152747070962818e+00
1.020169438890795144e+00
1.020185958163193352e+00
1.020202306688407612e+00
1.020218486246633249e+00
1.020234498598275863e+00
1.020250345484212673e+00
1.020266028626051868e+00
1.020281549726385961e+00
1.020296910469042473e+00
1.020312112519330405e+00
1.020327157524284489e+00
1.020342047112903217e+00
1.020356782896385317e+00
1.020371366468361352e+00
1.020385799405123528e+00
1.020400083265849300e+00
1.020414219592824523e+00
1.020428209911659501e+00
1.020442055731505704e+00
1.020455758545266933e+00
1.020469319829806043e+00
1.020482741046150998e+00
1.020496023639696048e+00
1.020509169040399566e+00
1.020522178662979673e+00
1.020535053907106970e+00
1.020547796157591280e+00
1.020560406784570606e+00
1.020572887143691210e+00
1.020585238576289022e+00
1.020597462409567502e+00
1.020609559956769719e+00
1.020621532517350882e+00
1.020633381377147320e+00
1.020645107808542118e+00
1.020656713070627220e+00
1.020668198409365957e+00
1.020679565057748039e+00
1.020690814235948318e+00
1.020701947151477107e+00
1.020712964999331174e+00
1.020723868962141845e+00
1.020734660210320666e+00
1.020745339902202176e+00
1.020755909184184684e+00
1.020766369190869494e+00
1.020776721045195679e+00
1.020786965858576645e+00
1.020797104731030025e+00
1.020807138751308685e+00
1.020817068997027732e+00
1.020826896534791084e+00
1.020836622420315365e+00
1.020846247698551146e+00
1.020855773403802624e+00
1.020865200559847086e+00
1.020874530180050144e+00
1.020883763267479871e+00
1.020892900815020266e+00
1.020901943805482048e+00
1.020910893211712356e+00
1.020919749996699988e+00
1.020928515113685320e+00
1.020937189506261333e+00
1.020945774108477977e+00
1.020954269844943640e+00
1.020962677630924631e+00
1.020970998372442873e+00
1.020979232966374495e+00
1.020987382300543755e+00
1.020995447253818078e+00
1.021003428696201087e+00
1.021011327488923648e+00
1.021019144484534458e+00
1.021026880526988867e+00
1.021034536451737029e+00
1.021042113085810499e+00
1.021049611247906608e+00
1.021057031748474619e+00
1.021064375389797441e+00
1.021071642966074666e+00
1.021078835263502071e+00
1.021085953060354212e+00
1.021092997127060586e+00
1.021099968226285348e+00
1.021106867113003691e+00
1.021113694534577565e+00
1.021120451230831838e+00
1.021127137934127127e+00
1.021133755369433516e+00
1.021140304254403608e+00
1.021146785299442916e+00
1.021153199207781581e+00
1.021159546675543650e+00
1.021165828391816133e+00
1.021172045038717169e+00
1.021178197291464418e+00
1.021184285818440785e+00
1.021190311281260144e+00
1.021196274334834175e+00
1.021202175627435649e+00
1.021208015800762148e+00
1.021213795490000020e+00
1.021219515323886551e+00
1.021225175924772355e+00
1.021230777908681109e+00
1.021236321885371723e+00
1.021241808458398070e+00
1.021247238225167164e+00
1.021252611776999109e+00
1.021257929699184608e+00
1.021263192571043810e+00
1.021268400965981593e+00
1.021273555451544635e+00
1.021278656589478473e+00
1.021283704935781245e+00
1.021288701040760305e+00
1.021293645449084853e+00
1.021298538699840552e+00
1.021303381326583937e+00
1.021308173857393253e+00
1.021312916814922422e+00
1.021317610716452551e+00
1.021322256073943002e+00
1.021326853394082246e+00
1.021331403178340036e+00
1.021335905923014931e+00
1.021340362119285583e+00
1.021344772253260258e+00
1.021349136806023683e+00
1.021353456253688119e+00
1.021357731067438657e+00
1.021361961713581845e+00
1.021366148653593875e+00
1.021370292344164987e+00
1.021374393237247880e+00
1.021378451780102115e+00
1.021382468415341194e+00
1.021386443580975634e+00
1.021390377710459152e+00
1.021394271232733519e+00
1.021398124572270749e+00
1.021401938149118394e+00
1.021405712378941733e+00
1.021409447673067294e+00
1.021413144438525711e+00
1.021416803078092350e+00
1.021420423990331505e+00
1.021424007569635695e+00
1.021427554206267629e+00
1.021431064286401957e+00
1.021434538192164343e+00
1.021437976301672101e+00
1.021441378989074389e+00
1.021444746624591282e+00
1.021448079574551970e+00
1.021451378201436277e+00
1.021454642863909967e+00
1.021457873916864934e+00
1.021461071711456725e+00
1.021464236595141184e+00
1.021467368911712859e+00
1.021470469001340753e+00
1.021473537200606518e+00
1.021476573842538649e+00
1.021479579256650450e+00
1.021482553768974011e+00
1.021485497702096179e+00
1.021488411375195193e+00
1.021491295104072883e+00
1.021494149201190638e+00
1.021496973975703160e+00
1.021499769733493101e+00
1.021502536777203041e+00
1.021505275406270119e+00
1.021507985916959127e+00
1.021510668602394478e+00
1.021513323752593294e+00
1.021515951654496268e+00
1.021518552592001639e+00
1.021521126845994942e+00
1.021523674694381434e+00
1.021526196412116949e+00
1.021528692271237215e+00
1.021531162540890936e+00
1.021533607487368434e+00
1.021536027374130740e+00
1.021538422461841567e+00
1.021540793008394399e+00
1.021543139268943801e+00
1.021545461495932283e+00
1.021547759939119615e+00
1.021550034845612576e+00
1.021552286459890491e+00
1.021554515023834764e+00
1.021556720776756411e+00
1.021558903955422482e+00
1.021561064794083595e+00
1.021563203524501251e+00
1.021565320375972918e+00
1.021567415575360238e+00
1.021569489347113446e+00
1.021571541913298020e+00
1.021573573493619769e+00
1.021575584305450590e+00
1.021577574563853341e+00
1.021579544481606039e+00
1.021581494269227397e+00
1.021583424135000584e+00
1.021585334284997426e+00
1.021587224923102388e+00
1.021589096251035667e+00
1.021590948468377613e+00
1.021592781772590719e+00
1.021594596359042706e+00
1.021596392421030286e+00
1.021598170149800477e+00
1.021599929734573919e+00
1.021601671362564412e+00
1.021603395219004895e+00
1.021605101487164546e+00
1.021606790348372762e+00
1.021608461982040250e+00
1.021610116565678794e+00
1.021611754274922568e+00
1.021613375283548564e+00
1.021614979763497022e+00
1.021616567884890747e+00
1.021618139816055759e+00
1.021619695723540833e+00
1.021621235772136371e+00
1.021622760124893947e+00
1.021624268943145619e+00
1.021625762386522585e+00
1.021627240612972498e+00
1.021628703778780567e+00
1.021630152038585315e+00
1.021631585545397680e+00
1.021633004450618776e+00
1.021634408904057656e+00
1.021635799053947524e+00
1.021637175046965051e+00
1.021638537028246141e+00
1.021639885141402360e+00
1.021641219528538924e+00
1.021642540330270688e+00
1.021643847685737683e+00
1.021645141732622442e+00
1.021646422607165317e+00
1.021647690444180689e+00
1.021648945377071627e+00
1.021650187537846532e+00
1.021651417057134026e+00
1.021652634064197152e+00
1.021653838686950255e+00
1.021655031051971196e+00
1.021656211284518223e+00
1.021657379508543517e+00
1.021658535846706961e+00
1.021659680420391236e+00
1.021660813349714481e+00
1.021661934753545831e+00
1.021663044749517635e+00
1.021664143454038998e+00
1.021665230982310657e+00
1.021666307448335864e+00
1.021667372964935039e+00
1.021668427643758426e+00
1.021669471595298084e+00
1.021670504928901213e+00
1.021671527752782582e+00
1.021672540174036303e+00
1.021673542298648485e+00
1.021674534231508780e+00
1.021675516076423262e+00
1.021676487936124200e+00
1.021677449912284263e+00
1.021678402105526295e+00
1.021679344615433971e+00
1.021680277540565784e+00
1.021681200978463044e+00
1.021682115025662974e+00
1.021683019777708701e+00
1.021683915329159476e+00
1.021684801773602436e+00
1.021685679203662378e+00
1.021686547711011972e+00
1.021687407386381974e+00
1.021688258319572107e+00
1.021689100599460165e+00
1.021689934314011783e+00
1.021690759550291538e+00
1.021691576394470502e+00
1.021692384931837783e+00
1.021693185246808966e+00
1.021693977422934996e+00
1.021694761542912389e+00
1.021695537688591671e+00
1.021696305940986704e+00
1.021697066380283569e+00
1.021697819085848780e+00
1.021698564136238385e+00
1.021699301609207522e+00
1.021700031581716406e+00
1.021700754129941213e+00
1.021701469329281853e+00
1.021702177254368404e+00
1.021702877979071333e+00
1.021703571576508818e+00
1.021704258119054298e+00
1.021704937678344249e+00
1.021705610325287061e+00
1.021706276130069035e+00
1.021706935162162821e+00
1.021707587490335190e+00
1.021708233182653469e+00
1.021708872306494431e+00
1.021709504928548728e+00
1.021710131114831999e+00
1.021710750930687750e+00
1.021711364440797798e+00
1.021711971709186262e+00
1.021712572799228669e+00
1.021713167773658171e+00
1.021713756694570208e+00
1.021714339623432721e+00
1.021714916621089486e+00
1.021715487747767881e+00
1.021716053063084884e+00
1.021716612626053955e+00
1.021717166495091478e+00
1.021717714728020976e+00
1.021718257382081330e+00
1.021718794513931883e+00
1.021719326179658660e+00
1.021719852434780140e+00
1.021720373334252807e+00
1.021720888932477145e+00
1.021721399283303855e+00
1.021721904440037854e+00
1.021722404455446043e+00
1.021722899381761085e+00
1.021723389270687621e+00
1.021723874173407820e+00
1.021724354140586044e+00
1.021724829222374176e+00
1.021725299468417614e+00
1.021725764927859714e+00
1.021726225649346897e+00
1.021726681681034421e+00
1.021727133070589932e+00
1.021727579865200131e+00
1.021728022111574319e+00
1.021728459855949955e+00
1.021728893144096872e+00
1.021729322021322162e+00
1.021729746532475946e+00
1.021730166721953381e+00
1.021730582633702866e+00
1.021730994311226492e+00
1.021731401797588479e+00
1.021731805135416504e+00
1.021732204366907482e+00
1.021732599533832220e+00
1.021732990677538311e+00
1.021733377838956347e+00
1.021733761058602141e+00
1.021734140376582278e+00
1.021734515832597445e+00
1.021734887465946429e+00
1.021735255315531221e+00
1.021735619419859908e+00
1.021735979817050666e+00
1.021736336544836199e+00
1.021736689640567741e+00
1.021737039141217718e+00
1.021737385083384630e+00
1.021737727503296611e+00
1.021738066436814529e+00
1.021738401919436656e+00
1.021738733986301328e+00
1.021739062672190945e+00
1.021739388011535521e+00
1.021739710038416682e+00
1.021740028786569887e+00
1.021740344289388647e+00
1.021740656579928963e+00
1.021740965690910663e+00
1.021741271654721839e+00
1.021741574503422179e+00
1.021741874268746741e+00
1.021742170982107734e+00
1.021742464674598727e+00
1.021742755376997991e+00
1.021743043119771599e+00
1.021743327933074763e+00
1.021743609846758494e+00
1.021743888890369156e+00
1.021744165093153578e+00
1.021744438484060824e+00
1.021744709091746195e+00
1.021744976944573446e+00
1.021745242070618342e+00
1.021745504497670209e+00
1.021745764253236377e+00
1.021746021364544621e+00
1.021746275858544717e+00
1.021746527761913104e+00
1.021746777101053771e+00
1.021747023902102480e+00
1.021747268190928759e+00
1.021747509993137903e+00
1.021747749334075417e+00
1.021747986238828121e+00
1.021748220732226375e+00
1.021748452838848520e+00
1.021748682583021983e+00
1.021748909988825504e+00
1.021749135080092685e+00
1.021749357880414433e+00
1.021749578413139847e+00
1.021749796701380664e+00
1.021750012768011917e+00
1.021750226635675940e+00
1.021750438326783472e+00
1.021750647863515882e+00
1.021750855267828717e+00
1.021751060561452373e+00
1.021751263765896311e+00
1.021751464902449058e+00
1.021751663992182202e+00
1.021751861055951505e+00
1.021752056114399565e+00
1.021752249187958261e+00
1.021752440296849418e+00
1.021752629461089690e+00
1.021752816700489230e+00
1.021753002034656355e+00
1.021753185482998649e+00
1.021753367064724749e+00
1.021753546798846779e+00
1.021753724704182131e+00
1.021753900799355907e+00
1.021754075102801806e+00
1.021754247632765455e+00
1.021754418407304854e+00
1.021754587444293261e+00
1.021754754761421191e+00
1.021754920376197528e+00
1.021755084305951744e+00
1.021755246567835673e+00
1.021755407178825514e+00
1.021755566155723383e+00
1.021755723515159087e+00
1.021755879273591905e+00
1.021756033447313028e+00
1.021756186052445337e+00
1.021756337104947399e+00
1.021756486620614357e+00
1.021756634615077930e+00
1.021756781103811296e+00
1.021756926102127983e+00
1.021757069625184755e+00
1.021757211687982281e+00
1.021757352305368460e+00
1.021757491492038206e+00
1.021757629262536327e+00
1.021757765631257309e+00
1.021757900612449088e+00
1.021758034220213496e+00
1.021758166468506923e+00
1.021758297371143431e+00
1.021758426941794973e+00
1.021758555193993168e+00
1.021758682141131303e+00
1.021758807796465440e+00
1.021758932173115308e+00
1.021759055284066298e+00
1.021759177142170349e+00
1.021759297760148177e+00
1.021759417150589933e+00
1.021759535325956536e+00
1.021759652298581456e+00
1.021759768080671593e+00
1.021759882684309062e+00
1.021759996121451408e+00
1.021760108403934719e+00
1.021760219543472958e+00
1.021760329551660851e+00
1.021760438439973884e+00
1.021760546219769861e+00
1.021760652902291344e+00
1.021760758498664323e+00
1.021760863019901988e+00
1.021760966476904509e+00
1.021761068880460588e+00
1.021761170241248129e+00
1.021761270569836455e+00
1.021761369876686310e+00
1.021761468172151854e+00
1.021761565466480892e+00
1.021761661769816865e+00
1.021761757092199741e+00
1.021761851443566238e+00
1.021761944833752045e+00
1.021762037272492485e+00
1.021762128769422739e+00
1.021762219334080513e+00
1.021762308975905587e+00
1.021762397704242042e+00
1.021762485528337372e+00
1.021762572457346030e+00
1.021762658500328325e+00
1.021762743666252859e+00
1.021762827963996312e+00
1.021762911402344542e+00
1.021762993989994595e+00
1.021763075735554693e+00
1.021763156647545578e+00
1.021763236734400504e+00
1.021763316004467903e+00
1.021763394466010277e+00
1.021763472127206862e+00
1.021763548996152959e+00
1.021763625080862381e+00
1.021763700389267004e+00
1.021763774929218105e+00
1.021763848708486799e+00
1.021763921734766045e+00
1.021763994015670196e+00
1.021764065558736556e+00
1.021764136371425602e+00
1.021764206461122537e+00
1.021764275835136848e+00
1.021764344500704746e+00
1.021764412464988947e+00
1.021764479735079556e+00
1.021764546317994071e+00
1.021764612220680046e+00
1.021764677450013536e+00
1.021764742012801985e+00
1.021764805915783558e+00
1.021764869165628253e+00
1.021764931768938123e+00
1.021764993732249049e+00
1.021765055062030969e+00
1.021765115764687870e+00
1.021765175846559126e+00
1.021765235313920384e+00
1.021765294172983563e+00
1.021765352429897966e+00
1.021765410090751391e+00
1.021765467161569463e+00
1.021765523648316965e+00
1.021765579556898951e+00
1.021765634893160968e+00
1.021765689662889498e+00
1.021765743871812404e+00
1.021765797525600039e+00
1.021765850629866135e+00
1.021765903190167357e+00
1.021765955212004195e+00
1.021766006700822516e+00
1.021766057662012894e+00
1.021766108100911730e+00
1.021766158022801463e+00
1.021766207432912577e+00
1.021766256336421375e+00
1.021766304738453535e+00
1.021766352644081888e+00
1.021766400058329527e+00
1.021766446986168475e+00
1.021766493432521017e+00
1.021766539402259921e+00
1.021766584900209107e+00
1.021766629931143644e+00
1.021766674499791971e+00
1.021766718610833236e+00
1.021766762268901063e+00
1.021766805478582674e+00
1.021766848244418213e+00
1.021766890570902975e+00
1.021766932462487398e+00
1.021766973923577071e+00
1.021767014958533615e+00
1.021767055571674021e+00
1.021767095767273759e+00
1.021767135549564109e+00
1.021767174922734167e+00
1.021767213890932169e+00
1.021767252458263719e+00
1.021767290628793123e+00
1.021767328406545161e+00
1.021767365795503313e+00
1.021767402799611535e+00
1.021767439422774704e+00
1.021767475668858394e+00
1.021767511541689100e+00
1.021767547045055791e+00
1.021767582182708800e+00
1.021767616958361824e+00
1.021767651375690367e+00
1.021767685438334183e+00
1.021767719149895726e+00
1.021767752513942806e+00
1.021767785534005712e+00
1.021767818213580759e+00
1.021767850556129398e+00
1.021767882565077779e+00
1.021767914243818076e+00
1.021767945595708493e+00
1.021767976624074148e+00
1.021768007332206185e+00
1.021768037723363332e+00
1.021768067800771895e+00
1.021768097567625322e+00
1.021768127027085971e+00
1.021768156182283782e+00
1.021768185036318055e+00
1.021768213592257002e+00
1.021768241853137305e+00
1.021768269821966779e+00
1.021768297501721934e+00
1.021768324895350410e+00
1.021768352005769209e+00
1.021768378835867797e+00
1.021768405388505663e+00
1.021768431666513655e+00
1.021768457672694863e+00
1.021768483409823958e+00
1.021768508880648074e+00
1.021768534087886593e+00
1.021768559034232471e+00
1.021768583722350243e+00
1.021768608154879132e+00
1.021768632334431715e+00
1.021768656263593922e+00
1.021768679944926150e+00
1.021768703380962817e+00
1.021768726574213915e+00
1.021768749527163012e+00
1.021768772242269696e+00
1.021768794721968687e+00
1.021768816968670501e+00
1.021768838984760785e+00
1.021768860772602094e+00
1.021768882334533002e+00
1.021768903672868323e+00
1.021768924789900446e+00
1.021768945687898000e+00
1.021768966369107190e+00
1.021768986835751569e+00
1.021769007090032488e+00
1.021769027134129537e+00
1.021769046970199435e+00
1.021769066600378473e+00
1.021769086026780293e+00
1.021769105251498333e+00
1.021769124276604268e+00
1.021769143104149569e+00
1.021769161736164389e+00
1.021769180174659120e+00
1.021769198421623503e+00
1.021769216479027520e+00
1.021769234348821165e+00
1.021769252032934894e+00
1.021769269533279623e+00
1.021769286851747172e+00
1.021769303990210043e+00
1.021769320950522086e+00
1.021769337734518945e+00
1.021769354344016278e+00
1.021769370780813313e+00
1.021769387046689737e+00
1.021769403143407917e+00
1.021769419072712015e+00
1.021769434836329316e+00
1.021769450435968674e+00
1.021769465873322513e+00
1.021769481150065939e+00
1.021769496267856514e+00
1.021769511228336036e+00
1.021769526033129205e+00
1.021769540683843847e+00
1.021769555182072242e+00
1.021769569529390242e+00
1.021769583727357711e+00
1.021769597777518745e+00
1.021769611681401901e+00
1.021769625440520191e+00
1.021769639056371082e+00
1.021769652530436723e+00
1.021769665864185050e+00
1.021769679059068459e+00
1.021769692116524242e+00
1.021769705037976150e+00
1.021769717824832391e+00
1.021769730478487626e+00
1.021769743000321640e+00
1.021769755391701340e+00
1.021769767653978089e+00
1.021769779788491039e+00
1.021769791796564686e+00
1.021769803679510424e+00
1.021769815438626328e+00
1.021769827075197146e+00
1.021769838590494750e+00
1.021769849985777689e+00
1.021769861262291634e+00
1.021769872421269820e+00
1.021769883463933271e+00
1.021769894391489464e+00
1.021769905205134554e+00
1.021769915906051818e+00
1.021769926495412983e+00
1.021769936974377346e+00
1.021769947344092211e+00
1.021769957605693779e+00
1.021769967760306486e+00
1.021769977809042551e+00
1.021769987753003761e+00
1.021769997593279466e+00
1.021770007330949248e+00
1.021770016967080696e+00
1.021770026502730300e+00
1.021770035938944332e+00
1.021770045276757966e+00
1.021770054517196158e+00
1.021770063661272543e+00
1.021770072709990984e+00
1.021770081664344909e+00
1.021770090525317531e+00
1.021770099293881628e+00
1.021770107971000430e+00
1.021770116557627173e+00
1.021770125054704881e+00
1.021770133463167252e+00
1.021770141783938213e+00
1.021770150017932366e+00
1.021770158166054765e+00
1.021770166229200916e+00
1.021770174208257442e+00
1.021770182104101643e+00
1.021770189917601490e+00
1.021770197649616518e+00
1.021770205300997381e+00
1.021770212872585404e+00
1.021770220365213255e+00
1.021770227779705831e+00
1.021770235116878922e+00
1.021770242377539217e+00
1.021770249562486299e+00
1.021770256672510868e+00
