1.000603444564682754e+00
1.000677386707518268e+00
1.000799657457884351e+00
1.000943192845503482e+00
1.001098673273598028e+00
1.001261493101742284e+00
1.001428850644302315e+00
1.001598823392476190e+00
1.001769999623849161e+00
1.001941304241845687e+00
1.002111904563679712e+00
1.002281153582214923e+00
1.002448552606939325e+00
1.002613724720736066e+00
1.002776394688971173e+00
1.002936372979373436e+00
1.003093542584725606e+00
1.003247847890051947e+00
1.003399285125881057e+00
1.003547894114916739e+00
1.003693751111200294e+00
1.003836962581310388e+00
1.003977659804923261e+00
1.004115994188051975e+00
1.004252133192828911e+00
1.004386256796365728e+00
1.004518554399746133e+00
1.004649222117255825e+00
1.004778460385482575e+00
1.004906471841645832e+00
1.005033459429931053e+00
1.005159624703274357e+00
1.005285166295527999e+00
1.005410278544957237e+00
1.005535150254412313e+00
1.005659963576297056e+00
1.005784893011827830e+00
1.005910104514387893e+00
1.006035754686473327e+00
1.006161990059282196e+00
1.006288946443874455e+00
1.006416748343336831e+00
1.006545508416760493e+00
1.006675326988102359e+00
1.006806291596082481e+00
1.006938476584985143e+00
1.007071942740260795e+00
1.007206736976926864e+00
1.007342892092554010e+00
1.007480426599841383e+00
1.007619344656147664e+00
1.007759636108627399e+00
1.007901276673688118e+00
1.008044228268176523e+00
1.008188439507053946e+00
1.008333846378282939e+00
1.008480373100404393e+00
1.008627933161947432e+00
1.008776430534698676e+00
1.008925761045229574e+00
1.009075813881383121e+00
1.009226473203002961e+00
1.009377619819534999e+00
1.009529132891613834e+00
1.009680891609755937e+00
1.009832776801084187e+00
1.009984672414798057e+00
1.010136466838933877e+00
1.010288054004786717e+00
1.010439334240959663e+00
1.010590214846147195e+00
1.010740610358003000e+00
1.010890442504464470e+00
1.011039639833231529e+00
1.011188137024395584e+00
1.011335873900153448e+00
1.011482794153903964e+00
1.011628843828670465e+00
1.011773969581680976e+00
1.011918116778105503e+00
1.012061227462493829e+00
1.012203238261451865e+00
1.012344078275703385e+00
1.012483667023895695e+00
1.012621912504347410e+00
1.012758709444272043e+00
1.012893937808581057e+00
1.013027461641841764e+00
1.013159128316832414e+00
1.013288768260819150e+00
1.013416195225560257e+00
1.013541207158464186e+00
1.013663587719744186e+00
1.013783108473419237e+00
1.013899531758468475e+00
1.014012614220580755e+00
1.014122110955383960e+00
1.014227780181990113e+00
1.014329388332753545e+00
1.014426715413502933e+00
1.014519560460616532e+00
1.014607746899833796e+00
1.014691127599195219e+00
1.014769589407168215e+00
1.014843056978338209e+00
1.014911495713520795e+00
1.014974913678130530e+00
1.015033362410181050e+00
1.015086936584257415e+00
1.015135772556129412e+00
1.015180045869730652e+00
1.015219967859347205e+00
1.015255781520873812e+00
1.015287756853730627e+00
1.015316185887744638e+00
1.015341377606747919e+00
1.015363652964206054e+00
1.015383340158514835e+00
1.015400770300167954e+00
1.015416273563799265e+00
1.015430175878802244e+00
1.015442796176110107e+00
1.015454444178052196e+00
1.015465418694364796e+00
1.015476006370773288e+00
1.015486480826716997e+00
1.015497102114756078e+00
1.015508116434788333e+00
1.015519756040069943e+00
1.015532239278036153e+00
1.015545770716063778e+00
1.015560541309935783e+00
1.015576728580377397e+00
1.015594496770393595e+00
1.015613996963103283e+00
1.015635367146337620e+00
1.015658732216397464e+00
1.015684203919109851e+00
1.015711880731628325e+00
1.015741847693317768e+00
1.015774176198463330e+00
1.015808923767428151e+00
1.015846133816149965e+00
1.015885835446462382e+00
1.015928043281535853e+00
1.015972757371689905e+00
1.016019963195809783e+00
1.016069631782564597e+00
1.016121719973466675e+00
1.016176170846519344e+00
1.016232914314782576e+00
1.016291867908681645e+00
1.016352937744439799e+00
1.016416019673803905e+00
1.016481000602525775e+00
1.016547759957189712e+00
1.016616171272306746e+00
1.016686103862528334e+00
1.016757424538793586e+00
1.016829999322568900e+00
1.016903695109383055e+00
1.016978381231849582e+00
1.017053930873386580e+00
1.017130222286884766e+00
1.017207139777542624e+00
1.017284574415641796e+00
1.017362424452965097e+00
1.017440595425338934e+00
1.017518999933102686e+00
1.017597557100706762e+00
1.017676191725809920e+00
1.017754833136901738e+00
1.017833413786435770e+00
1.017911867613674914e+00
1.017990128217880264e+00
1.018068126888224567e+00
1.018145790541986617e+00
1.018223039627263571e+00
1.018299786050766986e+00
1.018375931195201201e+00
1.018451364094246525e+00
1.018525959836051209e+00
1.018599578268121419e+00
1.018672063077083578e+00
1.018743241315524184e+00
1.018812923444282426e+00
1.018880903951615569e+00
1.018946962599900807e+00
1.019010866335543719e+00
1.019072371878246841e+00
1.019131228981782211e+00
1.019187184330386575e+00
1.019239986003767529e+00
1.019289388410903552e+00
1.019335157560310234e+00
1.019377076504528024e+00
1.019414950771928563e+00
1.019448613582127017e+00
1.019477930634780094e+00
1.019502804267144125e+00
1.019523176794468355e+00
1.019539032878995499e+00
1.019550400816616076e+00
1.019557352682519458e+00
1.019560003334733178e+00
1.019558508332859104e+00
1.019553060883797713e+00
1.019543887972395702e+00
1.019531245869028879e+00
1.019515415225705768e+00
1.019496695976468637e+00
1.019475402247297602e+00
1.019451857457551291e+00
1.019426389762378538e+00
1.019399327947356326e+00
1.019370997846717586e+00
1.019341719318479500e+00
1.019311803776294711e+00
1.019281552250730360e+00
1.019251253932732970e+00
1.019221185139177699e+00
1.019191608633880808e+00
1.019162773236134800e+00
1.019134913651384977e+00
1.019108250463853782e+00
1.019082990237675901e+00
1.019059325680585104e+00
1.019037435831858796e+00
1.019017486243718018e+00
1.018999629132538498e+00
1.018984003482974243e+00
1.018970735094418822e+00
1.018959936565166036e+00
1.018951707215141056e+00
1.018946132953177486e+00
1.018943286099472267e+00
1.018943225178005063e+00
1.018945994697288082e+00
1.018951624940769296e+00
1.018960131790403345e+00
1.018971516608300654e+00
1.018985766201821797e+00
1.019002852896939260e+00
1.019022734743058933e+00
1.019045355869733438e+00
1.019070647011787401e+00
1.019098526214351708e+00
1.019128899723258375e+00
1.019161663059343637e+00
1.019196702267681331e+00
1.019233895324902051e+00
1.019273113679936893e+00
1.019314223896112814e+00
1.019357089355960477e+00
1.019401571984768662e+00
1.019447533945140538e+00
1.019494839252909735e+00
1.019543355264854956e+00
1.019592953990811957e+00
1.019643513186898831e+00
1.019694917192468075e+00
1.019747057480777208e+00
1.019799832901815417e+00
1.019853149604896814e+00
1.019906920638039782e+00
1.019961065230491126e+00
1.020015507773683217e+00
1.020070176524206840e+00
1.020125002059961927e+00
1.020179915527406944e+00
1.020234846723907296e+00
1.020289722064565474e+00
1.020344462487829507e+00
1.020398981358630053e+00
1.020453182431916295e+00
1.020506957943159820e+00
1.020560186895603572e+00
1.020612733616439671e+00
1.020664446655389135e+00
1.020715158098764341e+00
1.020764683369505432e+00
1.020812821578204410e+00
1.020859356481133240e+00
1.020904058088265565e+00
1.020946684946794303e+00
1.020986987103620791e+00
1.021024709723973078e+00
1.021059597313417111e+00
1.021091398458230604e+00
1.021119870966178844e+00
1.021144787258308373e+00
1.021165939834976388e+00
1.021183146618663606e+00
1.021196255964670119e+00
1.021205151130748945e+00
1.021209754009477111e+00
1.021210027953116217e+00
1.021205979559049792e+00
1.021197659332570229e+00
1.021185161199547053e+00
1.021168620900176238e+00
1.021148213351934508e+00
1.021124149120348878e+00
1.021096670176153021e+00
1.021066045143772971e+00
1.021032564257248421e+00
1.020996534235593556e+00
1.020958273271760586e+00
1.020918106300511496e+00
1.020876360674303651e+00
1.020833362336624806e+00
1.020789432542866138e+00
1.020744885142919944e+00
1.020700024409468387e+00
1.020655143372674267e+00
1.020610522605932768e+00
1.020566429398087394e+00
1.020523117243990807e+00
1.020480825586280282e+00
1.020439779745403897e+00
1.020400190981124444e+00
1.020362256636002884e+00
1.020326160319021236e+00
1.020292072095147606e+00
1.020260148653982624e+00
1.020230533437601395e+00
1.020203356714227461e+00
1.020178735590512309e+00
1.020156773960900765e+00
1.020137562397868347e+00
1.020121177991682782e+00
1.020107684152732563e+00
1.020097130393318841e+00
1.020089552109046060e+00
1.020084970382499012e+00
1.020083391833652930e+00
1.020084808542350618e+00
1.020089198068093506e+00
1.020096523591255355e+00
1.020106734197575804e+00
1.020119765324390304e+00
1.020135539382518441e+00
1.020153966562124426e+00
1.020174945824323665e+00
1.020198366073005403e+00
1.020224107493608479e+00
1.020252043037662926e+00
1.020282040024282466e+00
1.020313961822772786e+00
1.020347669574585892e+00
1.020383023908329800e+00
1.020419886598760595e+00
1.020458122119858979e+00
1.020497599043310721e+00
1.020538191236970427e+00
1.020579778823002659e+00
1.020622248862167680e+00
1.020665495738718898e+00
1.020709421229301750e+00
1.020753934248586958e+00
1.020798950273802852e+00
1.020844390459483275e+00
1.020890180462357133e+00
1.020936249004227747e+00
1.020982526207819596e+00
1.021028941746957575e+00
1.021075422858120696e+00
1.021121892265540954e+00
1.021168266076652786e+00
1.021214451708982285e+00
1.021260345913453271e+00
1.021305832962545734e+00
1.021350783074548962e+00
1.021395051146999577e+00
1.021438475872826990e+00
1.021480879311225554e+00
1.021522066981156218e+00
1.021561828538080086e+00
1.021599939083359665e+00
1.021636161140336396e+00
1.021670247311108337e+00
1.021701943603590790e+00
1.021730993390044917e+00
1.021757141926861401e+00
1.021780141332482295e+00
1.021799755887935035e+00
1.021815767494892224e+00
1.021827981102102711e+00
1.021836229895104697e+00
1.021840380038687268e+00
1.021840334768395309e+00
1.021836037647348094e+00
1.021827474837575966e+00
1.021814676279391598e+00
1.021797715725379030e+00
1.021776709633495761e+00
1.021751814982135187e+00
1.021723226123965489e+00
1.021691170840589358e+00
1.021655905792912877e+00
1.021617711580288024e+00
1.021576887624228824e+00
1.021533747080621612e+00
1.021488611960056581e+00
1.021441808602572054e+00
1.021393663614469371e+00
1.021344500334935290e+00
1.021294635862368905e+00
1.021244378637284456e+00
1.021194026552141088e+00
1.021143865539129614e+00
1.021094168574705030e+00
1.021045195033672526e+00
1.020997190324732351e+00
1.020950385742290134e+00
1.020904998474726044e+00
1.020861231716230222e+00
1.020819274836840096e+00
1.020779303573040142e+00
1.020741480208762209e+00
1.020705953723787474e+00
1.020672859893278162e+00
1.020642321328475655e+00
1.020614447454515794e+00
1.020589334426786676e+00
1.020567064992340178e+00
1.020547708307465440e+00
1.020531319726653674e+00
1.020517940581696426e+00
1.020507597972544644e+00
1.020500304593677798e+00
1.020496058621036983e+00
1.020494843684926822e+00
1.020496628953652118e+00
1.020501369350908849e+00
1.020509005927068058e+00
1.020519466400475972e+00
1.020532665879746670e+00
1.020548507771897206e+00
1.020566884874180236e+00
1.020587680639896355e+00
1.020610770600582029e+00
1.020636023919155644e+00
1.020663305041258795e+00
1.020692475405552413e+00
1.020723395168513736e+00
1.020755924895687228e+00
1.020789927169596822e+00
1.020825268064825764e+00
1.020861818443097313e+00
1.020899455025513269e+00
1.020938061205142189e+00
1.020977527570660515e+00
1.021017752120301436e+00
1.021058640154565822e+00
1.021100103845602458e+00
1.021142061490471598e+00
1.021184436464399825e+00
1.021227155898376981e+00
1.021270149112946779e+00
1.021313345846756260e+00
1.021356674324422675e+00
1.021400059213633416e+00
1.021443419526244956e+00
1.021486666522582132e+00
1.021529701682205804e+00
1.021572414808094464e+00
1.021614682334311741e+00
1.021656365909564101e+00
1.021697311330193703e+00
1.021737347895592896e+00
1.021776288256186049e+00
1.021813928818337658e+00
1.021850050761210271e+00
1.021884421707144996e+00
1.021916798069231858e+00
1.021946928077287708e+00
1.021974555456763190e+00
1.021999423704902155e+00
1.022021280876052929e+00
1.022039884755097994e+00
1.022055008266809173e+00
1.022066444942029584e+00
1.022074014241633577e+00
1.022077566528746040e+00
1.022076987480771582e+00
1.022072201746765607e+00
1.022063175682812020e+00
1.022049919037504973e+00
1.022032485509139832e+00
1.022010972152453290e+00
1.021985517671508248e+00
1.021956299691871628e+00
1.021923531154944609e+00
1.021887456016155715e+00
1.021848344453768931e+00
1.021806487804809427e+00
1.021762193439156086e+00
1.021715779763865406e+00
1.021667571520076478e+00
1.021617895498143636e+00
1.021567076756819015e+00
1.021515435393133497e+00
1.021463283874133987e+00
1.021410924911999363e+00
1.021358649841433541e+00
1.021306737442837509e+00
1.021255453146062919e+00
1.021205048546494076e+00
1.021155761166552933e+00
1.021107814400104896e+00
1.021061417583596587e+00
1.021016766145083743e+00
1.020974041789991738e+00
1.020933412690081532e+00
1.020895033649402261e+00
1.020859046227952316e+00
1.020825578810265366e+00
1.020794746612225579e+00
1.020766651625104826e+00
1.020741382501071604e+00
1.020719014389248169e+00
1.020699608735746278e+00
1.020683213064895956e+00
1.020669860762079217e+00
1.020659570881055966e+00
1.020652348000345100e+00
1.020648182154043182e+00
1.020647048862262540e+00
1.020648909285148065e+00
1.020653710522068325e+00
1.020661386074065646e+00
1.020671856483023499e+00
1.020685030155298989e+00
1.020700804370945347e+00
1.020719066472310699e+00
1.020739695217997900e+00
1.020762562280293828e+00
1.020787533856553519e+00
1.020814472358103853e+00
1.020843238134401698e+00
1.020873691185807619e+00
1.020905692815728738e+00
1.020939107172240234e+00
1.020973802630705363e+00
1.021009652972345805e+00
1.021046538319013930e+00
1.021084345791294812e+00
1.021122969865196239e+00
1.021162312411650896e+00
1.021202282412431384e+00
1.021242795355504551e+00
1.021283772321957661e+00
1.021325138785196929e+00
1.021366823150955394e+00
1.021408755073732078e+00
1.021450863591574665e+00
1.021493075126775008e+00
1.021535311405085356e+00
1.021577487350707525e+00
1.021619509018510730e+00
1.021661271628820478e+00
1.021702657773513323e+00
1.021743535864882091e+00
1.021783758900483452e+00
1.021823163617458174e+00
1.021861570108085093e+00
1.021898781963968439e+00
1.021934587008608730e+00
1.021968758666580879e+00
1.022001058001695606e+00
1.022031236436119261e+00
1.022059039137602987e+00
1.022084209033233826e+00
1.022106491376520321e+00
1.022125638761677724e+00
1.022141416446699314e+00
1.022153607817644971e+00
1.022162019803123822e+00
1.022166488032882459e+00
1.022166881530012672e+00
1.022163106734294225e+00
1.022155110675392553e+00
1.022142883148655201e+00
1.022126457791536325e+00
1.022105912012339690e+00
1.022081365781140949e+00
1.022052979350912327e+00
1.022020950030233744e+00
1.021985508173215873e+00
1.021946912583859390e+00
1.021905445548855873e+00
1.021861407714189651e+00
1.021815113007774389e+00
1.021766883785098390e+00
1.021717046340844703e+00
1.021665926890559462e+00
1.021613848086536880e+00
1.021561126094601812e+00
1.021508068225959853e+00
1.021454971092397024e+00
1.021402119234448014e+00
1.021349784160510588e+00
1.021298223729419252e+00
1.021247681808493013e+00
1.021198388142229518e+00
1.021150558372417860e+00
1.021104394157403616e+00
1.021060083345848302e+00
1.021017800168007250e+00
1.020977705415024195e+00
1.020939946583865332e+00
1.020904657972199203e+00
1.020871960713815474e+00
1.020841962751039445e+00
1.020814758746048323e+00
1.020790429938035704e+00
1.020769043957734157e+00
1.020750654614866804e+00
1.020735301677565987e+00
1.020723010665616215e+00
1.020713792681426924e+00
1.020707644303864514e+00
1.020704547570344012e+00
1.020704470071829739e+00
1.020707365183562310e+00
1.020713172451332085e+00
1.020721818149003646e+00
1.020733216017756462e+00
1.020747268191283919e+00
1.020763866304144951e+00
1.020782892772838402e+00
1.020804222231272540e+00
1.020827723094526185e+00
1.020853259217494369e+00
1.020880691608647250e+00
1.020909880154043714e+00
1.020940685303308504e+00
1.020972969667715446e+00
1.021006599481000032e+00
1.021041445876051057e+00
1.021077385935098114e+00
1.021114303477226093e+00
1.021152089554644204e+00
1.021190642637777035e+00
1.021229868478494396e+00
1.021269679650232742e+00
1.021309994773062613e+00
1.021350737440581913e+00
1.021391834873712767e+00
1.021433216333893501e+00
1.021474811334811772e+00
1.021516547697757460e+00
1.021558349500973017e+00
1.021600134978195795e+00
1.021641814425979344e+00
1.021683288183427685e+00
1.021724444751593630e+00
1.021765159122872468e+00
1.021805291392963166e+00
1.021844685728967139e+00
1.021883169766467203e+00
1.021920554505340917e+00
1.021956634767980043e+00
1.021991190273898287e+00
1.022023987370869857e+00
1.022054781444413418e+00
1.022083320004589790e+00
1.022109346422021670e+00
1.022132604254592181e+00
1.022152842073712264e+00
1.022169818666190722e+00
1.022183308456844131e+00
1.022193106970604948e+00
1.022199036133687677e+00
1.022200949203872611e+00
1.022198735122168634e+00
1.022192322093281591e+00
1.022181680230639156e+00
1.022166823142163894e+00
1.022147808383267353e+00
1.022124736760187780e+00
1.022097750525559068e+00
1.022067030564209222e+00
1.022032792716085936e+00
1.021995283420902290e+00
1.021954774892796403e+00
1.021911560041649292e+00
1.021865947350932169e+00
1.021818255901864259e+00
1.021768810703158392e+00
1.021717938448472029e+00
1.021665963783772391e+00
1.021613206127861995e+00
1.021559977054275148e+00
1.021506578213717154e+00
1.021453299754252253e+00
1.021400419181681896e+00
1.021348200594419886e+00
1.021296894224560603e+00
1.021246736218518469e+00
1.021197948595219174e+00
1.021150739326301071e+00
1.021105302490167510e+00
1.021061818459428228e+00
1.021020454088872098e+00
1.020981362878398135e+00
1.020944685092228355e+00
1.020910547822183823e+00
1.020879064988865714e+00
1.020850337280221343e+00
1.020824452032198959e+00
1.020801483060996162e+00
1.020781490460679120e+00
1.020764520383726115e+00
1.020750604825147789e+00
1.020739761433261616e+00
1.020731993371803759e+00
1.020727289258779091e+00
1.020725623207168198e+00
1.020726954991289182e+00
1.020731230360130137e+00
1.020738381515380100e+00
1.020748327767128316e+00
1.020760976374426088e+00
1.020776223571194130e+00
1.020793955770566974e+00
1.020814050932947747e+00
1.020836380075172745e+00
1.020860808890606153e+00
1.020887199443152316e+00
1.020915411892453495e+00
1.020945306203325575e+00
1.020976743790033447e+00
1.021009589045563271e+00
1.021043710707630447e+00
1.021078983016787456e+00
1.021115286627435115e+00
1.021152509239557915e+00
1.021190545927225690e+00
1.021229299148915359e+00
1.021268678434120947e+00
1.021308599750111679e+00
1.021348984561776252e+00
1.021389758605994569e+00
1.021430850409754232e+00
1.021472189588224389e+00
1.021513704965254510e+00
1.021555322564332347e+00
1.021596963523064616e+00
1.021638541988812987e+00
1.021679963057327223e+00
1.021721120820038742e+00
1.021761896589028273e+00
1.021802157371350495e+00
1.021841754666009239e+00
1.021880523657017648e+00
1.021918282874028971e+00
1.021954834387389432e+00
1.021989964596492939e+00
1.022023445658406970e+00
1.022055037587495496e+00
1.022084491035942122e+00
1.022111550739874808e+00
1.022135959586745857e+00
1.022157463227828522e+00
1.022175815126702858e+00
1.022190781902527545e+00
1.022202148798110999e+00
1.022209725080018616e+00
1.022213349163753726e+00
1.022212893253708677e+00
1.022208267296774942e+00
1.022199422070880104e+00
1.022186351264866344e+00
1.022169092452287931e+00
1.022147726915954680e+00
1.022122378338419679e+00
1.022093210431515908e+00
1.022060423630775094e+00
1.022024251023773367e+00
1.021984953711783772e+00
1.021942815819501860e+00
1.021898139367596992e+00
1.021851239208495521e+00
1.021802438199612695e+00
1.021752062753625623e+00
1.021700438866245175e+00
1.021647888682124306e+00
1.021594727622406884e+00
1.021541262065462696e+00
1.021487787547095794e+00
1.021434587428517560e+00
1.021381931969322920e+00
1.021330077737752529e+00
1.021279267290403414e+00
1.021229729056988722e+00
1.021181677371491014e+00
1.021135312598123956e+00
1.021090821308133112e+00
1.021048376471141772e+00
1.021008137632211987e+00
1.020970251052850220e+00
1.020934849800857691e+00
1.020902053780162522e+00
1.020871969697596748e+00
1.020844690969003210e+00
1.020820297572045288e+00
1.020798855857622200e+00
1.020780418335797135e+00
1.020765023455563414e+00
1.020752695400517496e+00
1.020743443924499338e+00
1.020737264252387533e+00
1.020734137071427572e+00
1.020734028637628299e+00
1.020736891019811798e+00
1.020742662500818465e+00
1.020751268151141256e+00
1.020762620584928948e+00
1.020776620901998832e+00
1.020793159812377171e+00
1.020812118932234558e+00
1.020833372232173186e+00
1.020856787611076788e+00
1.020882228561492688e+00
1.020909555886261755e+00
1.020938629421150656e+00
1.020969309714971907e+00
1.021001459617293161e+00
1.021034945724507814e+00
1.021069639637729454e+00
1.021105418990637448e+00
1.021142168211722323e+00
1.021179778993114518e+00
1.021218150446876027e+00
1.021257188938921923e+00
1.021296807600178269e+00
1.021336925523849803e+00
1.021377466666450573e+00
1.021418358478372479e+00
1.021459530297124108e+00
1.021500911542947199e+00
1.021542429762391180e+00
1.021584008570684432e+00
1.021625565548504255e+00
1.021667010153117783e+00
1.021708241707874665e+00
1.021749147537601710e+00
1.021789601320481244e+00
1.021829461729128141e+00
1.021868571434452200e+00
1.021906756544980199e+00
1.021943826550963941e+00
1.021979574836243909e+00
1.022013779810766021e+00
1.022046206702426963e+00
1.022076610028189503e+00
1.022104736741147324e+00
1.022130330022824385e+00
1.022153133659285063e+00
1.022172896906953898e+00
1.022189379721274882e+00
1.022202358190731575e+00
1.022211629992915816e+00
1.022217019670916827e+00
1.022218383519774010e+00
1.022215613876082507e+00
1.022208642620202834e+00
1.022197443729998767e+00
1.022182034766483394e+00
1.022162477222751775e+00
1.022138875724624363e+00
1.022111376130130811e+00
1.022080162630617295e+00
1.022045454004290921e+00
1.022007499209546921e+00
1.021966572527772232e+00
1.021922968472252169e+00
1.021876996671766680e+00
1.021828976916267839e+00
1.021779234520783231e+00
1.021728096126108376e+00
1.021675886014890899e+00
1.021622922982990289e+00
1.021569517771427016e+00
1.021515971035810599e+00
1.021462571808826381e+00
1.021409596397229835e+00
1.021357307647200008e+00
1.021305954509757807e+00
1.021255771839923998e+00
1.021206980368131845e+00
1.021159786788987667e+00
1.021114383919908164e+00
1.021070950889869877e+00
1.021029653326087416e+00
1.020990643513680851e+00
1.020954060510261385e+00
1.020920030203781081e+00
1.020888665308010479e+00
1.020860065295617236e+00
1.020834316274002562e+00
1.020811490813798628e+00
1.020791647744185848e+00
1.020774831932871107e+00
1.020761074071643293e+00
1.020750390490759774e+00
1.020742783026944211e+00
1.020738238970422485e+00
1.020736731116036244e+00
1.020738217942051440e+00
1.020742643937709859e+00
1.020749940096860042e+00
1.020760024590160464e+00
1.020772803622477909e+00
1.020788172475318722e+00
1.020806016726695020e+00
1.020826213632981094e+00
1.020848633649457993e+00
1.020873142058710936e+00
1.020899600669300966e+00
1.020927869541528477e+00
1.020957808693044644e+00
1.020989279734788369e+00
1.021022147387459666e+00
1.021056280830521690e+00
1.021091554839509197e+00
1.021127850673020143e+00
1.021165056677916905e+00
1.021203068589556562e+00
1.021241789512957521e+00
1.021281129580207558e+00
1.021321005288828410e+00
1.021361338534818808e+00
1.021402055362554240e+00
1.021443084461424178e+00
1.021484355446018899e+00
1.021525796962854837e+00
1.021567334672155436e+00
1.021608889158179601e+00
1.021650373826119562e+00
1.021691692847782384e+00
1.021732739222033448e+00
1.021773393019295151e+00
1.021813519881975107e+00
1.021852969854204041e+00
1.021891576614229136e+00
1.021929157180657466e+00
1.021965512158824918e+00
1.022000426585260247e+00
1.022033671415939704e+00
1.022065005687351480e+00
1.022094179358187471e+00
1.022120936813871506e+00
1.022145020986808372e+00
1.022166178013250271e+00
1.022184162314690337e+00
1.022198741959798207e+00
1.022209704134572350e+00
1.022216860526271587e+00
1.022220052413380653e+00
1.022219155251610001e+00
1.022214082556287540e+00
1.022204788905085371e+00
1.022191271921238043e+00
1.022173573144456782e+00
1.022151777751535207e+00
1.022126013147157897e+00
1.022096446503069966e+00
1.022063281375789501e+00
1.022026753575216773e+00
1.021987126485548458e+00
1.021944686053883888e+00
1.021899735660549924e+00
1.021852591069618121e+00
1.021803575631000882e+00
1.021753015870311643e+00
1.021701237563313436e+00
1.021648562352103884e+00
1.021595304923391456e+00
1.021541770737852017e+00
1.021488254274921292e+00
1.021435037740038521e+00
1.021382390170904708e+00
1.021330566874840917e+00
1.021279809129596705e+00
1.021230344083646768e+00
1.021182384797921117e+00
1.021136130378053508e+00
1.021091766153877867e+00
1.021049463870564500e+00
1.021009381863218657e+00
1.020971665193793232e+00
1.020936445735794340e+00
1.020903842198461753e+00
1.020873960087889998e+00
1.020846891607947171e+00
1.020822715508795664e+00
1.020801496895293647e+00
1.020783287011527207e+00
1.020768123021069673e+00
1.020756027805251875e+00
1.020747009803641525e+00
1.020741062921978415e+00
1.020738166532906277e+00
1.020738285593913108e+00
1.020741370904828749e+00
1.020747359524049713e+00
1.020756175358324302e+00
1.020767729935511348e+00
1.020781923363334176e+00
1.020798645469979338e+00
1.020817777114695568e+00
1.020839191648642785e+00
1.020862756498507551e+00
1.020888334838264022e+00
1.020915787308267486e+00
1.020944973736082062e+00
1.020975754810311997e+00
1.021007993657524038e+00
1.021041557273176359e+00
1.021076317760381436e+00
1.021112153335117512e+00
1.021148949062994582e+00
1.021186597300507648e+00
1.021224997822475666e+00
1.021264057626686705e+00
1.021303690416206722e+00
1.021343815769036212e+00
1.021384358013538218e+00
1.021425244836102308e+00
1.021466405654807286e+00
1.021507769799346432e+00
1.021549264543293756e+00
1.021590813039999546e+00
1.021632332218127104e+00
1.021673730697179927e+00
1.021714906787341448e+00
1.021755746641479279e+00
1.021796122630127535e+00
1.021835892012302072e+00
1.021874895975734443e+00
1.021912959119004149e+00
1.021949889444460524e+00
1.021985478924147372e+00
1.022019504690525160e+00
1.022051730889166565e+00
1.022081911211436545e+00
1.022109792101538739e+00
1.022135116604546257e+00
1.022157628791107387e+00
1.022177078661733685e+00
1.022193227400908899e+00
1.022205852820975647e+00
1.022214754810474968e+00
1.022219760584003101e+00
1.022220729523116933e+00
1.022217557402314236e+00
1.022210179811662734e+00
1.022198574618291778e+00
1.022182763351375590e+00
1.022162811446956754e+00
1.022138827346335210e+00
1.022110960500373311e+00
1.022079398387217841e+00
1.022044362698074416e+00
1.022006104881010735e+00
1.021964901253739733e+00
1.021921047901898527e+00
1.021874855569976592e+00
1.021826644729838751e+00
1.021776740979788434e+00
1.021725470889166765e+00
1.021673158363494149e+00
1.021620121566706452e+00
1.021566670402962007e+00
1.021513104532681737e+00
1.021459711876838927e+00
1.021406767550002037e+00
1.021354533155591993e+00
1.021303256375078128e+00
1.021253170785129782e+00
1.021204495841777860e+00
1.021157436977320199e+00
1.021112185763200397e+00
1.021068920099782229e+00
1.021027804401505978e+00
1.020988989753130571e+00
1.020952614019581706e+00
1.020918801898313966e+00
1.020887664909073678e+00
1.020859301321521695e+00
1.020833796026322515e+00
1.020811220360002380e+00
