1.000603444564682754e+00
1.000677927707039228e+00
1.000800792427571695e+00
1.000946489540657236e+00
1.001105785508201951e+00
1.001272869671683274e+00
1.001446278344563900e+00
1.001622527093646298e+00
1.001803141772610317e+00
1.001986808101813953e+00
1.002172057873268685e+00
1.002359205360459526e+00
1.002544673457515412e+00
1.002731434908542330e+00
1.002917933371730186e+00
1.003105177592567010e+00
1.003293227593284431e+00
1.003478738090918032e+00
1.003664380942238976e+00
1.003847484279924540e+00
1.004031044808999962e+00
1.004214575276999533e+00
1.004396238597274671e+00
1.004577727504682993e+00
1.004755348549649874e+00
1.004932975887604885e+00
1.005109290173981762e+00
1.005284788765638870e+00
1.005460152221601566e+00
1.005631586975564318e+00
1.005802617098537244e+00
1.005970759672329740e+00
1.006138747445703530e+00
1.006306407269507375e+00
1.006471172655940105e+00
1.006635458533703176e+00
1.006795639188103664e+00
1.006955727619346153e+00
1.007114672066199201e+00
1.007272159660214328e+00
1.007429372726882599e+00
1.007582262616851576e+00
1.007734825119319888e+00
1.007884891347420542e+00
1.008034588794303632e+00
1.008184075646533229e+00
1.008330145724207538e+00
1.008475795378407813e+00
1.008617641031669176e+00
1.008759508512087955e+00
1.008900648197563754e+00
1.009039887797720247e+00
1.009178901716056176e+00
1.009313581286300998e+00
1.009448166232152833e+00
1.009580851748458130e+00
1.009712989246783543e+00
1.009845093518721981e+00
1.009973466638294237e+00
1.010101593026160760e+00
1.010226435993576866e+00
1.010351408043636212e+00
1.010476071058312719e+00
1.010598431724924806e+00
1.010720660796635695e+00
1.010838753917607136e+00
1.010957004627075051e+00
1.011073976944032005e+00
1.011190158858688015e+00
1.011306452196169658e+00
1.011418833086291436e+00
1.011531183003667511e+00
1.011640864116131411e+00
1.011750701627622151e+00
1.011860575466226209e+00
1.011967760397516569e+00
1.012074924715782087e+00
1.012178297532580817e+00
1.012282046439901828e+00
1.012385090068871119e+00
1.012487022373917966e+00
1.012589167403234569e+00
1.012687342923645151e+00
1.012785719651076777e+00
1.012882074697865287e+00
1.012978509491675227e+00
1.013075236490002196e+00
1.013168922350559331e+00
1.013262717254037160e+00
1.013353178510543184e+00
1.013444171531533211e+00
1.013534952621012675e+00
1.013624238253378884e+00
1.013713808414973716e+00
1.013799481747359232e+00
1.013885586850602927e+00
1.013970308921964714e+00
1.014054925583989686e+00
1.014140006360876978e+00
1.014221757962710413e+00
1.014303770735279997e+00
1.014382991918719501e+00
1.014462816561979119e+00
1.014542827828899707e+00
1.014620924085065878e+00
1.014699365770845851e+00
1.014774114296639773e+00
1.014849503593100444e+00
1.014924107199654202e+00
1.014998318596353810e+00
1.015073096760798155e+00
1.015144350616217883e+00
1.015216038540729393e+00
1.015285529140318221e+00
1.015355595768918873e+00
1.015426148320423216e+00
1.015494364498971347e+00
1.015562993057892438e+00
1.015628255148579129e+00
1.015694323676457067e+00
1.015760136501721478e+00
1.015825185016343113e+00
1.015890853320084108e+00
1.015952917577714887e+00
1.016015601248428712e+00
1.016076700334961780e+00
1.016138241005581921e+00
1.016200472051839832e+00
1.016259979307635231e+00
1.016319984437584090e+00
1.016377055505695459e+00
1.016435033993684733e+00
1.016493201075815422e+00
1.016550171067607700e+00
1.016607785975418565e+00
1.016661846042223427e+00
1.016716709009249264e+00
1.016770585766102020e+00
1.016824663173118370e+00
1.016879552470135284e+00
1.016931399010904791e+00
1.016983853647588809e+00
1.017033887253048441e+00
1.017084846057209058e+00
1.017136342080284805e+00
1.017186178636572791e+00
1.017236678424382035e+00
1.017283804553301252e+00
1.017331896417871029e+00
1.017379556657838302e+00
1.017427079509854115e+00
1.017475470424966666e+00
1.017520597976081742e+00
1.017566467444191769e+00
1.017610479080861108e+00
1.017655337001061255e+00
1.017700983486380606e+00
1.017744513613670687e+00
1.017788736300810015e+00
1.017829890652951486e+00
1.017872131774582467e+00
1.017914428178216202e+00
1.017956170022445317e+00
1.017998791888786059e+00
1.018038050489044277e+00
1.018078199980472665e+00
1.018117072118311039e+00
1.018156608286336695e+00
1.018197093318945479e+00
1.018235046758156459e+00
1.018273745506783401e+00
1.018309787582973636e+00
1.018346974687739159e+00
1.018384619495183774e+00
1.018421239011684243e+00
1.018458728569725080e+00
1.018492888263899943e+00
1.018528088191121395e+00
1.018562576245124252e+00
1.018597444195162405e+00
1.018633343265063829e+00
1.018666371280446015e+00
1.018700226274132925e+00
1.018731916818985006e+00
1.018764729671335800e+00
1.018798309329569385e+00
1.018830370892142456e+00
1.018863291521632242e+00
1.018893050678369105e+00
1.018923980442253630e+00
1.018954719943700793e+00
1.018985463441909101e+00
1.019017260459466501e+00
1.019045951700148223e+00
1.019075578418882744e+00
1.019103582469389035e+00
1.019132592031001261e+00
1.019162583517037257e+00
1.019190577092587535e+00
1.019219435011163188e+00
1.019245425598059862e+00
1.019272676662362320e+00
1.019300191978190551e+00
1.019327262185692584e+00
1.019355369793589094e+00
1.019380262716960139e+00
1.019406217003623771e+00
1.019431106832746625e+00
1.019456785176748870e+00
1.019483573584811342e+00
1.019507933052040238e+00
1.019533189923141014e+00
1.019555980323964217e+00
1.019580059454051391e+00
1.019604774216547494e+00
1.019628547563034671e+00
1.019653325805115474e+00
1.019674917430077654e+00
1.019697698007992148e+00
1.019719956592443522e+00
1.019742688562420341e+00
1.019766585325428521e+00
1.019787704310100018e+00
1.019809785979238326e+00
1.019829882048971292e+00
1.019851215389480759e+00
1.019873464573803457e+00
1.019894260531821750e+00
1.019916032952245644e+00
1.019934784005261275e+00
1.019954833270365624e+00
1.019974858756051983e+00
1.019994955108440404e+00
1.020016216055326330e+00
1.020034460523742359e+00
1.020053761947145698e+00
1.020071607050092366e+00
1.020090545498738788e+00
1.020110588891098402e+00
1.020128686740643165e+00
1.020147753136095625e+00
1.020164089957627418e+00
1.020181793943648829e+00
1.020199905434618248e+00
1.020217617009620881e+00
1.020236459373218718e+00
1.020252176496562857e+00
1.020269063292769562e+00
1.020285038066406358e+00
1.020301864183779994e+00
1.020319900818627668e+00
1.020335554492573626e+00
1.020352199812211591e+00
1.020366513652438023e+00
1.020382202040857500e+00
1.020398646891925276e+00
1.020414179209101491e+00
1.020430796697870734e+00
1.020444319846166570e+00
1.020459127217121065e+00
1.020473549748769582e+00
1.020488486236631465e+00
1.020504669239176376e+00
1.020518119444769445e+00
1.020532618687644888e+00
1.020545263197812691e+00
1.020559210124230010e+00
1.020574172764172172e+00
1.020587700328122960e+00
1.020602275463954989e+00
1.020613925549382239e+00
1.020626955527994095e+00
1.020640082530543502e+00
1.020653302118561978e+00
1.020667753274274059e+00
1.020679236291271774e+00
1.020691855639305423e+00
1.020703143445457872e+00
1.020715569668331213e+00
1.020729181817648490e+00
1.020740861357227303e+00
1.020753574465979474e+00
1.020763658177335831e+00
1.020775176237563420e+00
1.020787205675429687e+00
1.020798842080001156e+00
1.020811665380640054e+00
1.020821418224197696e+00
1.020832413013685214e+00
1.020842612249630355e+00
1.020853689028901945e+00
1.020866041007925329e+00
1.020876022879003919e+00
1.020887057393014441e+00
1.020895863105303780e+00
1.020906095120651447e+00
1.020917170575498467e+00
1.020927330035424019e+00
1.020938623440536652e+00
1.020946885408960059e+00
1.020956495829607347e+00
1.020965827422413597e+00
1.020975682228647319e+00
1.020986834887506411e+00
1.020995271961508744e+00
1.021004816028085127e+00
1.021012608310537306e+00
1.021021738691169967e+00
1.021031955572986316e+00
1.021040728332614167e+00
1.021050593053773214e+00
1.021057604008918540e+00
1.021066049584764768e+00
1.021074685947479743e+00
1.021083409899818495e+00
1.021093406556538685e+00
1.021100460098368634e+00
1.021108704841830361e+00
1.021115718521025340e+00
1.021123890134319812e+00
1.021133303642650425e+00
1.021140774661572381e+00
1.021149321433848289e+00
1.021155317438435794e+00
1.021162791372351553e+00
1.021170856981441055e+00
1.021178513701001656e+00
1.021187391368840069e+00
1.021193233662998745e+00
1.021200368768183431e+00
1.021206803444131062e+00
1.021214119665317277e+00
1.021222754197904425e+00
1.021229012342666609e+00
1.021236364390129214e+00
1.021241571518149760e+00
1.021248235880829469e+00
1.021255810012894116e+00
1.021262445384053530e+00
1.021270244528845073e+00
1.021275058308267036e+00
1.021281265831548879e+00
1.021287281616958698e+00
1.021293810594456231e+00
1.021301670102147341e+00
1.021306815142045243e+00
1.021313107849234569e+00
1.021317735078609346e+00
1.021323717625547189e+00
1.021330839309491978e+00
1.021336491479373665e+00
1.021343263594823192e+00
1.021347238620185616e+00
1.021352686056036685e+00
1.021358401136893024e+00
1.021364182108404517e+00
1.021371260726876340e+00
1.021375407619983910e+00
1.021380785249380807e+00
1.021385017344082602e+00
1.021390410490894629e+00
1.021397085507943725e+00
1.021401794347626790e+00
1.021407606783744093e+00
1.021410934169843854e+00
1.021415767795714302e+00
1.021421258213786487e+00
1.021426309482872608e+00
1.021432601657621175e+00
1.021435881859835693e+00
1.021440491956019159e+00
1.021444483165003581e+00
1.021449345380549989e+00
1.021455554927135356e+00
1.021459370153483759e+00
1.021464307875628696e+00
1.021467172934970469e+00
1.021471512337645660e+00
1.021476814184953286e+00
1.021481142171045242e+00
1.021486651456355865e+00
1.021489211279997811e+00
1.021493197625529259e+00
1.021497066890586281e+00
1.021501426505029064e+00
1.021507136937346072e+00
1.021510124171475686e+00
1.021514288438444495e+00
1.021516862895960553e+00
1.021520797379372292e+00
1.021525911378400764e+00
1.021529519998992441e+00
1.021534265773483385e+00
1.021536262116620630e+00
1.021539757218021371e+00
1.021543585412777233e+00
1.021547446597101949e+00
1.021552619519169536e+00
1.021554863738269869e+00
1.021558368022720709e+00
1.021560802451791261e+00
1.021564389777352089e+00
1.021569288005620857e+00
1.021572187558503320e+00
1.021576209066838992e+00
1.021577803085346625e+00
1.021580921158039779e+00
1.021584750690671228e+00
1.021588101150156191e+00
1.021592703010400172e+00
1.021594309113169619e+00
1.021597272892296626e+00
1.021599690145614359e+00
1.021602957795334499e+00
1.021607592107619311e+00
1.021609806816983212e+00
1.021613164209182356e+00
1.021614513678277714e+00
1.021617344979407704e+00
1.021621181890829400e+00
1.021624001632415846e+00
1.021628011978433337e+00
1.021629102490971386e+00
1.021631643759308261e+00
1.021634134038758024e+00
1.021637082941252661e+00
1.021641394460224284e+00
1.021642967949185632e+00
1.021645740314963913e+00
1.021646991510939628e+00
1.021649598668787462e+00
1.021653417151565435e+00
1.021655687546207503e+00
1.021659105170083848e+00
1.021659815420427719e+00
1.021662042886005484e+00
1.021664660932411817e+00
1.021667271362979967e+00
1.021671200266473623e+00
1.021672198418390076e+00
1.021674479156744919e+00
1.021675759085636903e+00
1.021678175830915691e+00
1.021681924887785531e+00
1.021683637174263692e+00
1.021686483566758064e+00
1.021686954907816469e+00
1.021688960817858760e+00
1.021691725517732685e+00
1.021693964679937006e+00
1.021697459431145205e+00
1.021697970379377818e+00
1.021699860548384020e+00
1.021701270271626161e+00
1.021703502721819534e+00
1.021707114485486567e+00
1.021708276874861099e+00
1.021710596683301997e+00
1.021710968515089579e+00
1.021712822932698828e+00
1.021715719443046844e+00
1.021717550066047142e+00
1.021720575232743622e+00
1.021720706532037060e+00
1.021722307041491362e+00
1.021723916719606162e+00
1.021725947123990341e+00
1.021729346185336951e+00
1.021729988839802594e+00
1.021731847359091727e+00
1.021732248779382068e+00
1.021733995929969829e+00
1.021736980219359436e+00
1.021738369376043565e+00
1.021740911282496000e+00
1.021740784616617104e+00
1.021742188225392312e+00
1.021744034338042617e+00
1.021745826967919601e+00
1.021748939925805955e+00
1.021749117298448084e+00
1.021750595368680514e+00
1.021751137271240006e+00
1.021752794334116476e+00
1.021755799834902723e+00
1.021756727122164143e+00
1.021758796776440548e+00
1.021758540803070936e+00
1.021759824857168653e+00
1.021761909874660867e+00
1.021763418544576307e+00
1.021766182918301791e+00
1.021765973225567503e+00
1.021767160208968406e+00
1.021767928566902572e+00
1.021769487035300461e+00
1.021772432907983141e+00
1.021772897155289739e+00
1.021774530180754370e+00
1.021774272277319984e+00
1.021775492990937728e+00
1.021777787576433560e+00
1.021778964114114618e+00
1.021781335770437060e+00
1.021780837684720389e+00
1.021781823401456180e+00
1.021782874340620095e+00
1.021784303832685259e+00
1.021787104173067284e+00
1.021787127972032083e+00
1.021788381610592822e+00
1.021788239353514260e+00
1.021789428227148910e+00
1.021791875846120634e+00
1.021792678706145763e+00
1.021794637061816502e+00
1.021793964009349187e+00
1.021794830597630988e+00
1.021796187699930192e+00
1.021797441882913438e+00
1.021800015074664003e+00
1.021799646644748982e+00
1.021800594241439430e+00
1.021800667432777088e+00
1.021801830156865654e+00
1.021804353767592710e+00
1.021804755928745756e+00
1.021806306399065667e+00
1.021805579086659366e+00
1.021806393713786454e+00
1.021808047805221165e+00
1.021809071899214771e+00
1.021811349250225431e+00
1.021810661446456603e+00
1.021811385115998005e+00
1.021811749083142429e+00
1.021812867023935034e+00
1.021815377330508978e+00
1.021815372652051135e+00
1.021816546109473478e+00
1.021815884056078705e+00
1.021816693263263742e+00
1.021818604744467729e+00
1.021819343907793609e+00
1.021821276729312444e+00
1.021820363313524771e+00
1.021820945683905801e+00
1.021821646440730813e+00
1.021822680566006891e+00
1.021825085148265089e+00
1.021824692497630416e+00
1.021825541845777785e+00
1.021825054753235262e+00
1.021825881002628611e+00
1.021827984576178627e+00
1.021828392357619020e+00
1.021829956764896075e+00
1.021828926354805489e+00
1.021829442354624806e+00
1.021830494044362325e+00
1.021831390928388927e+00
1.021833603440614802e+00
1.021832868136182348e+00
1.021833462443321405e+00
1.021833242213251669e+00
1.021834082957715273e+00
1.021836294403943413e+00
1.021836340400384291e+00
1.021837539332988820e+00
1.021836507673000938e+00
1.021837017277515081e+00
1.021838402130663015e+00
1.021839101484570467e+00
1.021841050058450495e+00
1.021840042466411580e+00
1.021840459384632194e+00
1.021840573493444815e+00
1.021841402838216784e+00
1.021843627300543567e+00
1.021843303204348352e+00
1.021844165464767196e+00
1.021843246804443606e+00
1.021843789501713173e+00
1.021845460343940637e+00
1.021845903357361696e+00
1.021847537375250692e+00
1.021846348814749561e+00
1.021846666192759656e+00
1.021847152995164265e+00
1.021847925783240241e+00
1.021850066860603423e+00
1.021849390229038868e+00
1.021849966681596555e+00
1.021849265095931658e+00
1.021849856614484242e+00
1.021851741755525733e+00
1.021851879424698240e+00
1.021853173959883287e+00
1.021851910358057669e+00
1.021852198013274649e+00
1.021853064373828834e+00
1.021853722311065971e+00
1.021855691138381594e+00
1.021854706457138828e+00
1.021855063864245183e+00
1.021854665314050781e+00
1.021855296903881882e+00
1.021857307036446283e+00
1.021857107616306326e+00
1.021858065066317600e+00
1.021856839025770958e+00
1.021857151577081568e+00
1.021858373040782864e+00
1.021858852286469777e+00
1.021860575736151411e+00
1.021859352648757824e+00
1.021859565894576161e+00
1.021859531724225389e+00
1.021860172032419189e+00
1.021862208581527653e+00
1.021861663355947858e+00
1.021862312102198356e+00
1.021861234175217792e+00
1.021861605675234763e+00
1.021863129188898878e+00
1.021863368681642292e+00
1.021864795860162545e+00
1.021863424749465343e+00
1.021863568370066311e+00
1.021863930794350006e+00
1.021864530141424199e+00
1.021866494345247789e+00
1.021865621068440699e+00
1.021866011340646807e+00
1.021865181342970441e+00
1.021865622223754988e+00
1.021867371215825493e+00
1.021867320900713638e+00
1.021868427255960610e+00
1.021867012645787609e+00
1.021867152628915143e+00
1.021867912587638205e+00
1.021868409237519870e+00
1.021870211130587069e+00
1.021869054740850657e+00
1.021869252195512168e+00
1.021868751348595561e+00
1.021869247944051207e+00
1.021871129369411824e+00
1.021870757464165225e+00
1.021871546058587432e+00
1.021870198515784756e+00
1.021870385257074965e+00
1.021871512826123318e+00
1.021871840655654617e+00
1.021873407086226759e+00
1.021872037596952554e+00
1.021872115382820079e+00
1.021871999966833089e+00
1.021872516625624616e+00
1.021874429395825068e+00
1.021873727901375872e+00
1.021874227719585582e+00
1.021873055058316382e+00
1.021873318189763680e+00
1.021874755537426349e+00
1.021874852360140196e+00
1.021876133225170680e+00
1.021874641011204288e+00
1.021874671250773581e+00
1.021874968301475617e+00
1.021875451871457896e+00
1.021877295935821994e+00
1.021876283766444793e+00
1.021876545272319747e+00
1.021875643891446916e+00
1.021875989468734591e+00
1.021877656141971125e+00
1.021877471844105489e+00
1.021878443878126763e+00
1.021876932851590647e+00
1.021876978498164945e+00
1.021877683905568102e+00
1.021878070160215923e+00
1.021879755399868861e+00
1.021878478764193687e+00
1.021878567248624137e+00
1.021878014381446320e+00
1.021878424665148888e+00
1.021880224790499669e+00
1.021879728418670474e+00
1.021880396121835677e+00
1.021878975494608932e+00
1.021879083436504132e+00
1.021880162612091691e+00
1.021880384005792841e+00
1.021881838072648652e+00
1.021880368044119747e+00
1.021880355558279163e+00
1.021880203101749984e+00
1.021880638919458129e+00
1.021882469719770814e+00
1.021881654738643785e+00
1.021882048348774497e+00
1.021880823790378034e+00
1.021881019894784082e+00
1.021882410973461663e+00
1.021882404966331537e+00
1.021883579261492869e+00
1.021882006788212172e+00
1.021881963600271614e+00
1.021882234038361315e+00
1.021882639484245292e+00
1.021884400362092826e+00
1.021883287480688907e+00
1.021883458241108045e+00
1.021882523260293052e+00
1.021882809816179627e+00
1.021884429155133667e+00
1.021884146258636328e+00
1.021885019408660611e+00
1.021883448282243867e+00
1.021883434812458358e+00
1.021884119571050409e+00
1.021884428591620875e+00
1.021886029933845030e+00
1.021884667162954896e+00
1.021884680458618355e+00
1.021884108777907585e+00
1.021884464545218529e+00
1.021886214083068678e+00
1.021885624769072631e+00
1.021886203216771705e+00
1.021884741713661393e+00
1.021884801803420117e+00
1.021885862181792337e+00
1.021886006416466763e+00
1.021887377253569706e+00
1.021885837166849553e+00
1.021885764344633074e+00
1.021885603919719943e+00
1.021885986745643127e+00
1.021887762604539285e+00
1.021886862310588562e+00
1.021887177962033100e+00
1.021885929972131901e+00
1.021886086155884055e+00
1.021887456778629133e+00
1.021887373882644612e+00
1.021888467610020168e+00
1.021886842090379055e+00
1.021886751909111490e+00
1.021887021089315173e+00
1.021887372824243911e+00
1.021889074392109853e+00
1.021887886046339622e+00
1.021887991262569351e+00
1.021887047730316134e+00
1.021887298942613320e+00
1.021888893471993853e+00
1.021888535067489112e+00
1.021889332610460777e+00
1.021887725626229759e+00
1.021887676285676116e+00
1.021888362432417097e+00
1.021888615673208323e+00
1.021890154314109900e+00
1.021888728074223707e+00
1.021888688610865792e+00
1.021888120047552917e+00
1.021888441945007608e+00
1.021890160596267139e+00
1.021889498998781898e+00
1.021890009070561822e+00
1.021888528210292080e+00
1.021888560797885592e+00
1.021889621484639576e+00
1.021889707496181465e+00
1.021891014025535060e+00
1.021889424238629607e+00
1.021889310969098963e+00
1.021889161672888902e+00
1.021889509505991889e+00
1.021891247730352781e+00
1.021890280699349507e+00
1.021890537130881516e+00
1.021889284716833490e+00
1.021889418717072839e+00
1.021890785432479021e+00
1.021890642462858878e+00
1.021891672608405965e+00
1.021890012304523809e+00
1.021889892678746303e+00
1.021890177140001521e+00
1.021890490883952118e+00
1.021892148443646287e+00
1.021890901406398822e+00
1.021890957873052841e+00
1.021890022474586157e+00
1.021890253746163602e+00
1.021891837818315274e+00
1.021891418949072428e+00
1.021892156204304403e+00
1.021890529692284666e+00
1.021890459873181500e+00
1.021891161661622860e+00
1.021891372913070972e+00
1.021892862490949572e+00
1.021891387966756159e+00
1.021891310744909021e+00
1.021890759839577889e+00
1.021891061212794272e+00
1.021892761476699052e+00
1.021892041161313491e+00
1.021892496713777021e+00
1.021891011022616702e+00
1.021891029521478700e+00
1.021892102757023357e+00
1.021892142730693731e+00
1.021893397215347443e+00
1.021891771481076461e+00
1.021891631088758912e+00
1.021891505491768992e+00
1.021891829895662962e+00
1.021893541451184717e+00
1.021892520007490202e+00
1.021892729758469898e+00
1.021891485748475992e+00
1.021891609179671701e+00
1.021892982486487966e+00
1.021892790315519939e+00
1.021893767998010905e+00
1.021892085338585776e+00
1.021891948017039864e+00
1.021892258537907106e+00
1.021892544343093956e+00
1.021894167615601035e+00
1.021892873148340097e+00
1.021892892184958157e+00
1.021891976145142378e+00
1.021892197477959563e+00
1.021893780117919981e+00
1.021893310596102111e+00
1.021893997710833446e+00
1.021892362846358093e+00
1.021892282816494468e+00
1.021893009418836318e+00
1.021893187482624921e+00
1.021894636724424377e+00
1.021893124237907013e+00
1.021893019419488624e+00
1.021892495887407826e+00
1.021892785320491992e+00
1.021894475007742109e+00
1.021893704933917846e+00
1.021894115260092439e+00
1.021892634706109027e+00
1.021892648002389326e+00
1.021893741547024614e+00
1.021893743278248445e+00
1.021894953657106253e+00
1.021893301433072665e+00
1.021893142963062218e+00
1.021893049371580098e+00
1.021893357714112494e+00
1.021895049441119196e+00
1.021893981849719468e+00
1.021894153427550744e+00
1.021892926615881603e+00
1.021893047093137330e+00
1.021894433541874037e+00
1.021894199178562390e+00
1.021895131705803372e+00
1.021893435320165189e+00
1.021893288263853838e+00
1.021893631854641438e+00
1.021893896077402220e+00
1.021895491153294033e+00
1.021894156934948672e+00
1.021894146293226502e+00
1.021893257264233856e+00
1.021893475127841899e+00
1.021895061882398981e+00
1.021894548118205126e+00
1.021895191875789921e+00
1.021893556468100428e+00
1.021893473140613740e+00
1.021894230399594150e+00
1.021894380822472304e+00
1.021895795258257689e+00
1.021894251963834765e+00
1.021894126548410497e+00
1.021893636938687511e+00
1.021893919896624592e+00
1.021895603754386039e+00
1.021894789882385579e+00
1.021895161300086396e+00
1.021893692864388248e+00
1.021893706871978669e+00
1.021894825545128560e+00
1.021894793962506043e+00
1.021895965355997582e+00
1.021894293293050593e+00
1.021894122983207032e+00
1.021894066896605668e+00
1.021894363792483773e+00
1.021896039833003478e+00
1.021894931710216170e+00
1.021895070984792042e+00
1.021893867511425080e+00
1.021893990016198517e+00
1.021895393560928289e+00
1.021895121488147762e+00
1.021896013678667670e+00
1.021894309703353709e+00
1.021894158378244155e+00
1.021894539560816551e+00
1.021894786128472177e+00
1.021896356720862542e+00
1.021894988086041955e+00
1.021894953173978493e+00
1.021894096446755329e+00
1.021894314977823015e+00
1.021895909102761291e+00
1.021895355278391815e+00
1.021895960258564440e+00
1.021894329897997444e+00
1.021894247966828040e+00
1.021895039520026138e+00
1.021895165706597775e+00
1.021896548769904545e+00
1.021894979741629683e+00
1.021894838641606018e+00
1.021894387401602433e+00
1.021894667284397595e+00
1.021896348039568414e+00
1.021895494361640067e+00
1.021895831232644714e+00
1.021894379917398510e+00
1.021894398576084217e+00
1.021895545244797532e+00
1.021895483388256753e+00
1.021896619065351564e+00
1.021894931963042374e+00
1.021894754189320187e+00
1.021894739236273608e+00
1.021895027474359896e+00
1.021896690189733059e+00
1.021895545409846395e+00
1.021895656509775874e+00
1.021894480747241651e+00
1.021894608505905744e+00
1.021896031374427860e+00
1.021895724409679573e+00
1.021896579443537734e+00
1.021894872363101836e+00
1.021894720572494419e+00
1.021895142204943596e+00
1.021895373432620602e+00
1.021896921685286674e+00
1.021895522422505920e+00
1.021895467093725696e+00
1.021894646379518878e+00
1.021894868156374425e+00
1.021896471383646254e+00
1.021895880211820984e+00
1.021896449540382390e+00
1.021894828339565464e+00
1.021894751013683322e+00
1.021895579021217415e+00
1.021895682954607754e+00
1.021897036695226468e+00
1.021895445630755184e+00
1.021895292367844821e+00
1.021894882533215476e+00
1.021895161359979376e+00
1.021896840396709472e+00
1.021895949606611342e+00
1.021896254998407416e+00
1.021894824481517805e+00
1.021894850405932642e+00
1.021896026628244414e+00
1.021895936285962980e+00
1.021897038293917870e+00
1.021895339722515228e+00
1.021895157614770122e+00
1.021895186163769509e+00
1.021895467312432082e+00
1.021897117882702766e+00
1.021895939169979561e+00
1.021896025067843716e+00
1.021894880200701738e+00
1.021895015259312922e+00
1.021896458523049223e+00
1.021896118382331853e+00
1.021896938358454632e+00
1.021895231556174455e+00
1.021895081986349929e+00
1.021895545804265559e+00
1.021895762931553930e+00
1.021897289950089771e+00
