1.000603444564682754e+00
1.000677456489325046e+00
1.000800050476184921e+00
1.000944448243340945e+00
1.001101658584151899e+00
1.001267374656304554e+00
1.001439066492564756e+00
1.001615059141652608e+00
1.001794161526695870e+00
1.001975487337477766e+00
1.002158356080962598e+00
1.002342232889628537e+00
1.002526689361429080e+00
1.002711376866012305e+00
1.002896007747346996e+00
1.003080341776326989e+00
1.003264176214941017e+00
1.003447338423867130e+00
1.003629680290568871e+00
1.003811073975919843e+00
1.003991408624895776e+00
1.004170587788254965e+00
1.004348527373125854e+00
1.004525153990737163e+00
1.004700403605415016e+00
1.004874220414691433e+00
1.005046555908854389e+00
1.005217368071596784e+00
1.005386620693070832e+00
1.005554282773661212e+00
1.005720328001910246e+00
1.005884734293822858e+00
1.006047483383557761e+00
1.006208560457640067e+00
1.006367953826404094e+00
1.006525654627607125e+00
1.006681656558090943e+00
1.006835955630107193e+00
1.006988549949499712e+00
1.007139439513391910e+00
1.007288626025401257e+00
1.007436112726689537e+00
1.007581904241388271e+00
1.007726006435150090e+00
1.007868426285703833e+00
1.008009171764445266e+00
1.008148251728177680e+00
1.008285675820222993e+00
1.008421454380175275e+00
1.008555598361652761e+00
1.008688119257434401e+00
1.008819029031431169e+00
1.008948340056964099e+00
1.009076065060876770e+00
1.009202217073017049e+00
1.009326809380675538e+00
1.009449855487576375e+00
1.009571369077051139e+00
1.009691363979048351e+00
1.009809854140645058e+00
1.009926853599758090e+00
1.010042376461770974e+00
1.010156436878798747e+00
1.010269049031351063e+00
1.010380227112153584e+00
1.010489985311914030e+00
1.010598337806836611e+00
1.010705298747690106e+00
1.010810882250271714e+00
1.010915102387100140e+00
1.011017973180200702e+00
1.011119508594851446e+00
1.011219722534167031e+00
1.011318628834423361e+00
1.011416241261014148e+00
1.011512573504963264e+00
1.011607639179910700e+00
1.011701451819503550e+00
1.011794024875135811e+00
1.011885371713978632e+00
1.011975505617258575e+00
1.012064439778745051e+00
1.012152187303410056e+00
1.012238761206230908e+00
1.012324174411118660e+00
1.012408439749940658e+00
1.012491569961632809e+00
1.012573577691379345e+00
1.012654475489857209e+00
1.012734275812527951e+00
1.012812991018982922e+00
1.012890633372327986e+00
1.012967215038608870e+00
1.013042748086279587e+00
1.013117244485704393e+00
1.013190716108701928e+00
1.013263174728129989e+00
1.013334632017508730e+00
1.013405099550687583e+00
1.013474588801555276e+00
1.013543111143795583e+00
1.013610677850687036e+00
1.013677300094951939e+00
1.013742988948651558e+00
1.013807755383130615e+00
1.013871610269007739e+00
1.013934564376216763e+00
1.013996628374094877e+00
1.014057812831512972e+00
1.014118128217058601e+00
1.014177584899255802e+00
1.014236193146830001e+00
1.014293963129012877e+00
1.014350904915882534e+00
1.014407028478740536e+00
1.014462343690519130e+00
1.014516860326219572e+00
1.014570588063375300e+00
1.014623536482539556e+00
1.014675715067794304e+00
1.014727133207273813e+00
1.014777800193705559e+00
1.014827725224962673e+00
1.014876917404624379e+00
1.014925385742543540e+00
1.014973139155417980e+00
1.015020186467364915e+00
1.015066536410492715e+00
1.015112197625472668e+00
1.015157178662104975e+00
1.015201487979881190e+00
1.015245133948536882e+00
1.015288124848600537e+00
1.015330468871929792e+00
1.015372174122240123e+00
1.015413248615623765e+00
1.015453700281057525e+00
1.015493536960900611e+00
1.015532766411381571e+00
1.015571396303077245e+00
1.015609434221378393e+00
1.015646887666949549e+00
1.015683764056178218e+00
1.015720070721616963e+00
1.015755814912417954e+00
1.015791003794761505e+00
1.015825644452280851e+00
1.015859743886478039e+00
1.015893309017143142e+00
1.015926346682766379e+00
1.015958863640951115e+00
1.015990866568827311e+00
1.016022362063463857e+00
1.016053356642285799e+00
1.016083856743493108e+00
1.016113868726484570e+00
1.016143398872285442e+00
1.016172453383982210e+00
1.016201038387165134e+00
1.016229159930375880e+00
1.016256823985565827e+00
1.016284036448563466e+00
1.016310803139549801e+00
1.016337129803547068e+00
1.016363022110915004e+00
1.016388485657860663e+00
1.016413525966960663e+00
1.016438148487692761e+00
1.016462358596981641e+00
1.016486161599759130e+00
1.016509562729533300e+00
1.016532567148973110e+00
1.016555179950505927e+00
1.016577406156928376e+00
1.016599250722029391e+00
1.016620718531227041e+00
1.016641814402218458e+00
1.016662543085643744e+00
1.016682909265761214e+00
1.016702917561135067e+00
1.016722572525339707e+00
1.016741878647670294e+00
1.016760840353871265e+00
1.016779462006872636e+00
1.016797747907541183e+00
1.016815702295440715e+00
1.016833329349604131e+00
1.016850633189317898e+00
1.016867617874914309e+00
1.016884287408573950e+00
1.016900645735142383e+00
1.016916696742948378e+00
1.016932444264637692e+00
1.016947892078011506e+00
1.016963043906873310e+00
1.016977903421884433e+00
1.016992474241422917e+00
1.017006759932453264e+00
1.017020764011396405e+00
1.017034489945009224e+00
1.017047941151265622e+00
1.017061121000240931e+00
1.017074032815000528e+00
1.017086679872489796e+00
1.017099065404425851e+00
1.017111192598188385e+00
1.017123064597712290e+00
1.017134684504378495e+00
1.017146055377900815e+00
1.017157180237213909e+00
1.017168062061355460e+00
1.017178703790342364e+00
1.017189108326046032e+00
1.017199278533056139e+00
1.017209217239542829e+00
1.017218927238105808e+00
1.017228411286619449e+00
1.017237672109064794e+00
1.017246712396352004e+00
1.017255534807133710e+00
1.017264141968603486e+00
1.017272536477283218e+00
1.017280720899796487e+00
1.017288697773627515e+00
1.017296469607866349e+00
1.017304038883935835e+00
1.017311408056306821e+00
1.017318579553192048e+00
1.017325555777225166e+00
1.017332339106122863e+00
1.017338931893326359e+00
1.017345336468625572e+00
1.017351555138766406e+00
1.017357590188034511e+00
1.017363443878822826e+00
1.017369118452179588e+00
1.017374616128334797e+00
1.017379939107207809e+00
1.017385089568894063e+00
1.017390069674134256e+00
1.017394881564761100e+00
1.017399527364126754e+00
1.017404009177511615e+00
1.017408329092513330e+00
1.017412489179415847e+00
1.017416491491539565e+00
1.017420338065573748e+00
1.017424030921889377e+00
1.017427572064834695e+00
1.017430963483013429e+00
1.017434207149544134e+00
1.017437305022305338e+00
1.017440259044162243e+00
1.017443071143178557e+00
1.017445743232813227e+00
1.017448277212102070e+00
1.017450674965825197e+00
1.017452938364661108e+00
1.017455069265326806e+00
1.017457069510707690e+00
1.017458940929971023e+00
1.017460685338673620e+00
1.017462304538854667e+00
1.017463800319118983e+00
1.017465174454712518e+00
1.017466428707585635e+00
1.017467564826451065e+00
1.017468584546830535e+00
1.017469489591097398e+00
1.017470281668508614e+00
1.017470962475232943e+00
1.017471533694372043e+00
1.017471996995976014e+00
1.017472354037054050e+00
1.017472606461580664e+00
1.017472755900496573e+00
1.017472803971708251e+00
1.017472752280081494e+00
1.017472602417432759e+00
1.017472355962519615e+00
1.017472014481026754e+00
1.017471579525550007e+00
1.017471052635581685e+00
1.017470435337491264e+00
1.017469729144506285e+00
1.017468935556693710e+00
1.017468056060939485e+00
1.017467092130927897e+00
1.017466045227121807e+00
1.017464916796743779e+00
1.017463708273755207e+00
1.017462421078839441e+00
1.017461056619382465e+00
1.017459616289459134e+00
1.017458101469816079e+00
1.017456513527858819e+00
1.017454853817640448e+00
1.017453123679851412e+00
1.017451324441811966e+00
1.017449457417466174e+00
1.017447523907378137e+00
1.017445525198732215e+00
1.017443462565333689e+00
1.017441337267613211e+00
1.017439150552633897e+00
1.017436903654101776e+00
1.017434597792378881e+00
1.017432234174498351e+00
1.017429813994185306e+00
1.017427338431879047e+00
1.017424808654758150e+00
1.017422225816771775e+00
1.017419591058671857e+00
1.017416905508049307e+00
1.017414170279375085e+00
1.017411386474044832e+00
1.017408555180424834e+00
1.017405677473905312e+00
1.017402754416954824e+00
1.017399787059180216e+00
1.017396776437388795e+00
1.017393723575656495e+00
1.017390629485396492e+00
1.017387495165436251e+00
1.017384321602094133e+00
1.017381109769262215e+00
1.017377860628492225e+00
1.017374575129084802e+00
1.017371254208183640e+00
1.017367898790870751e+00
1.017364509790268379e+00
1.017361088107642697e+00
1.017357634632509722e+00
1.017354150242747668e+00
1.017350635804708858e+00
1.017347092173337408e+00
1.017343520192289574e+00
1.017339920694054989e+00
1.017336294500082561e+00
1.017332642420909039e+00
1.017328965256288242e+00
1.017325263795324730e+00
1.017321538816608362e+00
1.017317791088350631e+00
1.017314021368525223e+00
1.017310230405006566e+00
1.017306418935713053e+00
1.017302587688750926e+00
1.017298737382558382e+00
1.017294868726052126e+00
1.017290982418773915e+00
1.017287079151039109e+00
1.017283159604083220e+00
1.017279224450213349e+00
1.017275274352954506e+00
1.017271309967201276e+00
1.017267331939366137e+00
1.017263340907528013e+00
1.017259337501582372e+00
1.017255322343388668e+00
1.017251296046919773e+00
1.017247259218406530e+00
1.017243212456486301e+00
1.017239156352347962e+00
1.017235091489874899e+00
1.017231018445789115e+00
1.017226937789792451e+00
1.017222850084707364e+00
1.017218755886615256e+00
1.017214655744992147e+00
1.017210550202846786e+00
1.017206439796852102e+00
1.017202325057475987e+00
1.017198206509113190e+00
1.017194084670211218e+00
1.017189960053395570e+00
1.017185833165593634e+00
1.017181704508154816e+00
1.017177574576969334e+00
1.017173443862584570e+00
1.017169312850318974e+00
1.017165182020372871e+00
1.017161051847937037e+00
1.017156922803300390e+00
1.017152795351952133e+00
1.017148669954685225e+00
1.017144547067692306e+00
1.017140427142664061e+00
1.017136310626881812e+00
1.017132197963308116e+00
1.017128089590676243e+00
1.017123985943574116e+00
1.017119887452529348e+00
1.017115794544088292e+00
1.017111707640893759e+00
1.017107627161762728e+00
1.017103553521754744e+00
1.017099487132246738e+00
1.017095428400997204e+00
1.017091377732212587e+00
1.017087335526610126e+00
1.017083302181477134e+00
1.017079278090728511e+00
1.017075263644962480e+00
1.017071259231512315e+00
1.017067265234498530e+00
1.017063282034873284e+00
1.017059310010469675e+00
1.017055349536042153e+00
1.017051400983308707e+00
1.017047464720989058e+00
1.017043541114841965e+00
1.017039630527696747e+00
1.017035733319489710e+00
1.017031849847289005e+00
1.017027980465326831e+00
1.017024125525022304e+00
1.017020285375006772e+00
1.017016460361144459e+00
1.017012650826553788e+00
1.017008857111624032e+00
1.017005079554032410e+00
1.017001318488757633e+00
1.016997574248094116e+00
1.016993847161661080e+00
1.016990137556412988e+00
1.016986445756648205e+00
1.016982772084013220e+00
1.016979116857509746e+00
1.016975480393496278e+00
1.016971863005692089e+00
1.016968265005177008e+00
1.016964686700391418e+00
1.016961128397135372e+00
1.016957590398565259e+00
1.016954073005191583e+00
1.016950576514873639e+00
1.016947101222815064e+00
1.016943647421557628e+00
1.016940215400974790e+00
1.016936805448265035e+00
1.016933417847943444e+00
1.016930052881834357e+00
1.016926710829062053e+00
1.016923391966042978e+00
1.016920096566476417e+00
1.016916824901335614e+00
1.016913577238858224e+00
1.016910353844538761e+00
1.016907154981117278e+00
1.016903980908573812e+00
1.016900831884117729e+00
1.016897708162179947e+00
1.016894609994407173e+00
1.016891537629653008e+00
1.016888491313972409e+00
1.016885471290615683e+00
1.016882477800024498e+00
1.016879511079825882e+00
1.016876571364830228e+00
1.016873658887028853e+00
1.016870773875592215e+00
1.016867916556869700e+00
1.016865087154390723e+00
1.016862285888865625e+00
1.016859512978190772e+00
1.016856768637450337e+00
1.016854053078923403e+00
1.016851366512091293e+00
1.016848709143644891e+00
1.016846081177493977e+00
1.016843482814778987e+00
1.016840914253883899e+00
1.016838375690447327e+00
1.016835867317381403e+00
1.016833389324885761e+00
1.016830941900466190e+00
1.016828525228953950e+00
1.016826139492527092e+00
1.016823784870732439e+00
1.016821461540508453e+00
1.016819169676211221e+00
1.016816909449639983e+00
1.016814681030064449e+00
1.016812484584253884e+00
1.016810320276507307e+00
1.016808188268683910e+00
1.016806088720235923e+00
1.016804021788241919e+00
1.016801987627440340e+00
1.016799986390266142e+00
1.016798018226885869e+00
1.016796083285235852e+00
1.016794181711059064e+00
1.016792313647944646e+00
1.016790479237366540e+00
1.016788678618724351e+00
1.016786911929382864e+00
1.016785179304714237e+00
1.016783480878138413e+00
1.016781816781164860e+00
1.016780187143435654e+00
1.016778592092767219e+00
1.016777031755192517e+00
1.016775506255003680e+00
1.016774015714794865e+00
1.016772560255504665e+00
1.016771139996458295e+00
1.016769755055409785e+00
1.016768405548584386e+00
1.016767091590720096e+00
1.016765813295108511e+00
1.016764570773636134e+00
1.016763364136825221e+00
1.016762193493873312e+00
1.016761058952692309e+00
1.016759960619947556e+00
1.016758898601096472e+00
1.016757873000424972e+00
1.016756883921085208e+00
1.016755931465129770e+00
1.016755015733548984e+00
1.016754136826303334e+00
1.016753294842357436e+00
1.016752489879712451e+00
1.016751722035437844e+00
1.016750991405701132e+00
1.016750298085798754e+00
1.016749642170182488e+00
1.016749023752489878e+00
1.016748442925568208e+00
1.016747899781501374e+00
1.016747394411634753e+00
1.016746926906597182e+00
1.016746497356324275e+00
1.016746105850080850e+00
1.016745752476479137e+00
1.016745437323499424e+00
1.016745160478508936e+00
1.016744922028277820e+00
1.016744722058996242e+00
1.016744560656289709e+00
1.016744437905233278e+00
1.016744353890364660e+00
1.016744308695698429e+00
1.016744302404734679e+00
1.016744335100471908e+00
1.016744406865417005e+00
1.016744517781592361e+00
1.016744667930545853e+00
1.016744857393357293e+00
1.016745086250644858e+00
1.016745354582571537e+00
1.016745662468850453e+00
1.016746009988747534e+00
1.016746397221087728e+00
1.016746824244255887e+00
1.016747291136201214e+00
1.016747797974437262e+00
1.016748344836044815e+00
1.016748931797672340e+00
1.016749558935535758e+00
1.016750226325419115e+00
1.016750934042673693e+00
1.016751682162216897e+00
1.016752470758531146e+00
1.016753299905662100e+00
1.016754169677216879e+00
1.016755080146361401e+00
1.016756031385817716e+00
1.016757023467861787e+00
1.016758056464319715e+00
1.016759130446565518e+00
1.016760245485515579e+00
1.016761401651627761e+00
1.016762599014896074e+00
1.016763837644846902e+00
1.016765117610535007e+00
1.016766438980541087e+00
1.016767801822965334e+00
1.016769206205425213e+00
1.016770652195049918e+00
1.016772139858478585e+00
1.016773669261853419e+00
1.016775240470817465e+00
1.016776853550510173e+00
1.016778508565563399e+00
1.016780205580097629e+00
1.016781944657718206e+00
1.016783725861512000e+00
1.016785549254042520e+00
1.016787414897348585e+00
1.016789322852939215e+00
1.016791273181790967e+00
1.016793265944345714e+00
1.016795301200506429e+00
1.016797379009635405e+00
1.016799499430550924e+00
1.016801662521525262e+00
1.016803868340282246e+00
1.016806116943995919e+00
1.016808408389286988e+00
1.016810742732222828e+00
1.016813120028314366e+00
1.016815540332515422e+00
1.016818003699222039e+00
1.016820510182270487e+00
1.016823059834936593e+00
1.016825652709934635e+00
1.016828288859418006e+00
1.016830968334978325e+00
1.016833691187644106e+00
1.016836457467882093e+00
1.016839267225597032e+00
1.016842120510132119e+00
1.016845017370268556e+00
1.016847957854227102e+00
1.016850942009668302e+00
1.016853969883694253e+00
1.016857041522847727e+00
1.016860156973115714e+00
1.016863316279928986e+00
1.016866519488164311e+00
1.016869766642145567e+00
1.016873057785645740e+00
1.016876392961888698e+00
1.016879772213550748e+00
1.016883195582763078e+00
1.016886663111113309e+00
1.016890174839648164e+00
1.016893730808875018e+00
1.016897331058765452e+00
1.016900975628756587e+00
1.016904664557753524e+00
1.016908397884132231e+00
1.016912175645742433e+00
1.016915997879910494e+00
1.016919864623440306e+00
1.016923775912617955e+00
1.016927731783213940e+00
1.016931732270485389e+00
1.016935777409179842e+00
1.016939867233537242e+00
1.016944001777293494e+00
1.016948181073682012e+00
1.016952405155439276e+00
1.016956674054804610e+00
1.016960987803525285e+00
1.016965346432858297e+00
1.016969749973573478e+00
1.016974198455956824e+00
1.016978691909812493e+00
1.016983230364467028e+00
1.016987813848770239e+00
1.016992442391099649e+00
1.016997116019362046e+00
1.017001834760997481e+00
1.017006598642980819e+00
1.017011407691824632e+00
1.017016261933582522e+00
1.017021161393850459e+00
1.017026106097770111e+00
1.017031096070031948e+00
1.017036131334875915e+00
1.017041211916095644e+00
1.017046337837038905e+00
1.017051509120611374e+00
1.017056725789278637e+00
1.017061987865067740e+00
1.017067295369569635e+00
1.017072648323940953e+00
1.017078046748906228e+00
1.017083490664759893e+00
1.017088980091367834e+00
1.017094515048169612e+00
1.017100095554179573e+00
1.017105721627988846e+00
1.017111393287766896e+00
1.017117110551262860e+00
1.017122873435807762e+00
1.017128681958314518e+00
1.017134536135281042e+00
1.017140435982789581e+00
1.017146381516509379e+00
1.017152372751697342e+00
1.017158409703198263e+00
1.017164492385447927e+00
1.017170620812471782e+00
1.017176794997886713e+00
1.017183014954902598e+00
1.017189280696321418e+00
1.017195592234539259e+00
1.017201949581546971e+00
1.017208352748929290e+00
1.017214801747866826e+00
1.017221296589136736e+00
1.017227837283110281e+00
1.017234423839757707e+00
1.017241056268643584e+00
1.017247734578931251e+00
1.017254458779379700e+00
1.017261228878346024e+00
1.017268044883783862e+00
1.017274906803244061e+00
1.017281814643874682e+00
1.017288768412420552e+00
1.017295768115223042e+00
1.017302813758219848e+00
1.017309905346944987e+00
1.017317042886528133e+00
1.017324226381694396e+00
1.017331455836763876e+00
1.017338731255650330e+00
1.017346052641862730e+00
1.017353419998502595e+00
1.017360833328262881e+00
1.017368292633430871e+00
1.017375797915883062e+00
1.017383349177086949e+00
1.017390946418099684e+00
1.017398589639567419e+00
1.017406278841723077e+00
1.017414014024387914e+00
1.017421795186967293e+00
1.017429622328452909e+00
1.017437495447419016e+00
1.017445414542023086e+00
1.017453379610003594e+00
1.017461390648679576e+00
1.017469447654948622e+00
1.017477550625286220e+00
1.017485699555744416e+00
1.017493894441949598e+00
1.017502135279102493e+00
1.017510422061975062e+00
1.017518754784910939e+00
1.017527133441821885e+00
1.017535558026188003e+00
1.017544028531055078e+00
1.017552544949033244e+00
1.017561107272295651e+00
1.017569715492575799e+00
1.017578369601167099e+00
1.017587069588919757e+00
1.017595815446240337e+00
1.017604607163089092e+00
1.017613444728977967e+00
1.017622328132969045e+00
1.017631257363672326e+00
1.017640232409244394e+00
1.017649253257384867e+00
1.017658319895336838e+00
1.017667432309881770e+00
1.017676590487340160e+00
1.017685794413567102e+00
1.017695044073951616e+00
1.017704339453413542e+00
1.017713680536401988e+00
1.017723067306891993e+00
1.017732499748383423e+00
1.017741977843897416e+00
1.017751501575974826e+00
1.017761070926673561e+00
1.017770685877565029e+00
1.017780346409733472e+00
1.017790052503772413e+00
1.017799804139781328e+00
1.017809601297364308e+00
1.017819443955626957e+00
1.017829332093172834e+00
1.017839265688102124e+00
1.017849244718007862e+00
1.017859269159973268e+00
1.017869338990568640e+00
1.017879454185849797e+00
1.017889614721352753e+00
1.017899820572092828e+00
1.017910071712561093e+00
1.017920368116720820e+00
1.017930709758004149e+00
1.017941096609310314e+00
1.017951528643001424e+00
1.017962005830898908e+00
1.017972528144281075e+00
1.017983095553880002e+00
1.017993708029876654e+00
1.018004365541899769e+00
1.018015068059020534e+00
1.018025815549750357e+00
1.018036607982036212e+00
1.018047445323258415e+00
1.018058327540225960e+00
1.018069254599173856e+00
1.018080226465758464e+00
1.018091243105055055e+00
1.018102304481552256e+00
1.018113410559150722e+00
1.018124561301156916e+00
1.018135756670280667e+00
1.018146996628630951e+00
1.018158281137711896e+00
1.018169610158419225e+00
1.018180983651035598e+00
1.018192401575226391e+00
1.018203863890037031e+00
1.018215370553886778e+00
1.018226921524566286e+00
1.018238516759232937e+00
1.018250156214405511e+00
1.018261839845961969e+00
1.018273567609133012e+00
1.018285339458498751e+00
1.018297155347984262e+00
1.018309015230855374e+00
1.018320919059713336e+00
1.018332866786490376e+00
1.018344858362446148e+00
1.018356893738162183e+00
1.018368972863537891e+00
1.018381095687784121e+00
1.018393262159421386e+00
1.018405472226272090e+00
1.018417725835458310e+00
1.018430022933394019e+00
1.018442363465783540e+00
1.018454747377613767e+00
1.018467174613150616e+00
1.018479645115933696e+00
1.018492158828770755e+00
1.018504715693733687e+00
1.018517315652152977e+00
1.018529958644610600e+00
1.018542644610938464e+00
1.018555373490210192e+00
1.018568145220736465e+00
1.018580959740060576e+00
1.018593816984952216e+00
1.018606716891402364e+00
1.018619659394617516e+00
1.018632644429015022e+00
1.018645671928216201e+00
1.018658741825042124e+00
1.018671854051506509e+00
1.018685008538812387e+00
1.018698205217344110e+00
1.018711444016662471e+00
1.018724724865498921e+00
1.018738047691750470e+00
1.018751412422472802e+00
1.018764818983874276e+00
1.018778267301311935e+00
1.018791757299282841e+00
1.018805288901420081e+00
1.018818862030486105e+00
1.018832476608366955e+00
1.018846132556065376e+00
1.018859829793695493e+00
1.018873568240476590e+00
1.018887347814726452e+00
1.018901168433855808e+00
1.018915030014361900e+00
1.018928932471820925e+00
1.018942875720883823e+00
1.018956859675269166e+00
1.018970884247755615e+00
1.018984949350176805e+00
1.018999054893415135e+00
1.019013200787393769e+00
1.019027386941071311e+00
1.019041613262435586e+00
1.019055879658495645e+00
1.019070186035276881e+00
1.019084532297812817e+00
1.019098918350139549e+00
1.019113344095288864e+00
1.019127809435281140e+00
1.019142314271118899e+00
1.019156858502780372e+00
1.019171442029211727e+00
1.019186064748321296e+00
1.019200726556972691e+00
1.019215427350976810e+00
1.019230167025086287e+00
1.019244945472987940e+00
1.019259762587295892e+00
1.019274618259545129e+00
1.019289512380183282e+00
1.019304444838564638e+00
1.019319415522943917e+00
1.019334424320466947e+00
1.019349471117166006e+00
1.019364555797950711e+00
1.019379678246602694e+00
1.019394838345766940e+00
1.019410035976946460e+00
1.019425271020493629e+00
1.019440543355603079e+00
1.019455852860305711e+00
1.019471199411460693e+00
1.019486582884748138e+00
1.019502003154662662e+00
1.019517460094504724e+00
1.019532953576375744e+00
1.019548483471168332e+00
1.019564049648561177e+00
1.019579651977009949e+00
1.019595290323741521e+00
1.019610964554745980e+00
1.019626674534769739e+00
1.019642420127307991e+00
1.019658201194597602e+00
1.019674017597609339e+00
1.019689869196041876e+00
1.019705755848312911e+00
1.019721677411553395e+00
1.019737633741599092e+00
1.019753624692983918e+00
1.019769650118932613e+00
1.019785709871353419e+00
1.019801803800830964e+00
1.019817931756619167e+00
1.019834093586633239e+00
1.019850289137443689e+00
1.019866518254267884e+00
1.019882780780964060e+00
1.019899076560023099e+00
1.019915405432562316e+00
1.019931767238317022e+00
1.019948161815634968e+00
1.019964589001468358e+00
1.019981048631366960e+00
1.019997540539470782e+00
1.020014064558502964e+00
1.020030620519764231e+00
1.020047208253123783e+00
1.020063827587013527e+00
1.020080478348421416e+00
1.020097160362883226e+00
1.020113873454477682e+00
1.020130617445818011e+00
1.020147392158045285e+00
1.020164197410823093e+00
1.020181033022328876e+00
1.020197898809249271e+00
1.020214794586771223e+00
1.020231720168577549e+00
1.020248675366839386e+00
1.020265659992209528e+00
1.020282673853816435e+00
1.020299716759258013e+00
1.020316788514594730e+00
1.020333888924343624e+00
1.020351017791472081e+00
1.020368174917392068e+00
1.020385360101953465e+00
1.020402573143437852e+00
1.020419813838553624e+00
1.020437081982429106e+00
1.020454377368607446e+00
1.020471699789039732e+00
1.020489049034080775e+00
1.020506424892482666e+00
1.020523827151389673e+00
1.020541255596331576e+00
1.020558710011220338e+00
1.020576190178343445e+00
1.020593695878358798e+00
1.020611226890290268e+00
1.020628782991522154e+00
1.020646363957794067e+00
1.020663969563197160e+00
1.020681599580168353e+00
1.020699253779486337e+00
1.020716931930266247e+00
1.020734633799956548e+00
1.020752359154333710e+00
1.020770107757498213e+00
1.020787879371871210e+00
1.020805673758189425e+00
1.020823490675502043e+00
1.020841329881167159e+00
1.020859191130847110e+00
1.020877074178506483e+00
1.020894978776408113e+00
1.020912904675109312e+00
1.020930851623459645e+00
1.020948819368598270e+00
1.020966807655949271e+00
1.020984816229221659e+00
1.021002844830404044e+00
1.021020893199765744e+00
1.021038961075850793e+00
1.021057048195478600e+00
1.021075154293740628e+00
1.021093279104000384e+00
1.021111422357888987e+00
1.021129583785306716e+00
1.021147763114419904e+00
1.021165960071660495e+00
1.021184174381725374e+00
1.021202405767575261e+00
1.021220653950434265e+00
1.021238918649789440e+00
1.021257199583390785e+00
1.021275496467251465e+00
1.021293809015647813e+00
1.021312136941119109e+00
1.021330479954469350e+00
1.021348837764767703e+00
1.021367210079348276e+00
1.021385596603813450e+00
1.021403997042033218e+00
1.021422411096148730e+00
1.021440838466572298e+00
1.021459278851990948e+00
1.021477731949368195e+00
1.021496197453946042e+00
1.021514675059248534e+00
1.021533164457084197e+00
1.021551665337549375e+00
1.021570177389031997e+00
1.021588700298214469e+00
1.021607233750078336e+00
1.021625777427908499e+00
1.021644331013296991e+00
1.021662894186148085e+00
1.021681466624682955e+00
1.021700048005445671e+00
1.021718638003306978e+00
1.021737236291471618e+00
1.021755842541484105e+00
1.021774456423233612e+00
1.021793077604961741e+00
1.021811705753269628e+00
1.021830340533123493e+00
1.021848981607863305e+00
1.021867628639210102e+00
1.021886281287273102e+00
1.021904939210559249e+00
1.021923602065980541e+00
1.021942269508863133e+00
1.021960941192957550e+00
1.021979616770446020e+00
1.021998295891954012e+00
1.022016978206558235e+00
1.022035663361799074e+00
1.022054351003690797e+00
1.022073040776730446e+00
1.022091732323911595e+00
1.022110425286734570e+00
1.022129119305217992e+00
1.022147814017912548e+00
1.022166509061911643e+00
1.022185204072866060e+00
1.022203898684994838e+00
1.022222592531100815e+00
1.022241285242584397e+00
1.022259976449455543e+00
1.022278665780351092e+00
1.022297352862547193e+00
1.022316037321976179e+00
1.022334718783241669e+00
1.022353396869633446e+00
1.022372071203144550e+00
1.022390741404488601e+00
1.022409407093114453e+00
1.022428067887225733e+00
1.022446723403796831e+00
1.022465373258592436e+00
1.022484017066183082e+00
1.022502654439967795e+00
1.022521284992189639e+00
1.022539908333956138e+00
1.022558524075260156e+00
1.022577131824998098e+00
1.022595731190992119e+00
1.022614321780009661e+00
1.022632903197784771e+00
1.022651475049040304e+00
1.022670036937510130e+00
1.022688588465958892e+00
1.022707129236207990e+00
1.022725658849156227e+00
1.022744176904803792e+00
1.022762683002276463e+00
1.022781176739848696e+00
1.022799657714969168e+00
1.022818125524284305e+00
1.022836579763664488e+00
1.022855020028229145e+00
1.022873445912372281e+00
1.022891857009789351e+00
1.022910252913503459e+00
1.022928633215892447e+00
1.022946997508715317e+00
1.022965345383141766e+00
1.022983676429778388e+00
1.023001990238697978e+00
1.023020286399467516e+00
1.023038564501178138e+00
1.023056824132474230e+00
1.023075064881582064e+00
1.023093286336342000e+00
1.023111488084237131e+00
1.023129669712424139e+00
1.023147830807766168e+00
1.023165970956862569e+00
1.023184089746080438e+00
1.023202186761587917e+00
1.023220261589386837e+00
1.023238313815343359e+00
1.023256343025223503e+00
1.023274348804725564e+00
1.023292330739512757e+00
1.023310288415249403e+00
1.023328221417632911e+00
1.023346129332430632e+00
1.023364011745513391e+00
1.023381868242890569e+00
1.023399698410746295e+00
1.023417501835475640e+00
1.023435278103719259e+00
1.023453026802401133e+00
1.023470747518764323e+00
1.023488439840408493e+00
1.023506103355326990e+00
1.023523737651943266e+00
1.023541342319150171e+00
1.023558916946346375e+00
1.023576461123476111e+00
1.023593974441066257e+00
1.023611456490264970e+00
1.023628906862881882e+00
1.023646325151425840e+00
1.023663710949144656e+00
1.023681063850065076e+00
1.023698383449031413e+00
1.023715669341747070e+00
1.023732921124812290e+00
1.023750138395767451e+00
1.023767320753130594e+00
1.023784467796440278e+00
1.023801579126294659e+00
1.023818654344393675e+00
1.023835693053579465e+00
1.023852694857878110e+00
1.023869659362540485e+00
1.023886586174083346e+00
1.023903474900332622e+00
1.023920325150463606e+00
1.023937136535042480e+00
1.023953908666069834e+00
1.023970641157021078e+00
1.023987333622889739e+00
1.024003985680228768e+00
1.024020596947192496e+00
1.024037167043580610e+00
1.024053695590877666e+00
1.024070182212298175e+00
1.024086626532827005e+00
1.024103028179262909e+00
1.024119386780259822e+00
1.024135701966370826e+00
1.024151973370088564e+00
1.024168200625889202e+00
1.024184383370273732e+00
1.024200521241811046e+00
1.024216613881179017e+00
1.024232660931208017e+00
1.024248662036921775e+00
1.024264616845580678e+00
1.024280525006722620e+00
1.024296386172204976e+00
1.024312199996247230e+00
1.024327966135471168e+00
1.024343684248943953e+00
1.024359353998218314e+00
1.024374975047373848e+00
1.024390547063058543e+00
1.024406069714530076e+00
1.024421542673694674e+00
1.024436965615150186e+00
1.024452338216224279e+00
1.024467660157015736e+00
1.024482931120433316e+00
1.024498150792237494e+00
1.024513318861077327e+00
1.024528435018531525e+00
1.024543498959146648e+00
1.024558510380475296e+00
1.024573468983116076e+00
1.024588374470749574e+00
1.024603226550178103e+00
1.024618024931362559e+00
1.024632769327458837e+00
1.024647459454855136e+00
1.024662095033209486e+00
1.024676675785484381e+00
1.024691201437983423e+00
1.024705671720386846e+00
1.024720086365785932e+00
1.024734445110718983e+00
1.024748747695203299e+00
1.024762993862772031e+00
1.024777183360504829e+00
1.024791315939062697e+00
1.024805391352720196e+00
1.024819409359396527e+00
1.024833369720689724e+00
1.024847272201904413e+00
1.024861116572085784e+00
1.024874902604048010e+00
1.024888630074404006e+00
1.024902298763596509e+00
1.024915908455923841e+00
1.024929458939571436e+00
1.024942950006637155e+00
1.024956381453160148e+00
1.024969753079145063e+00
1.024983064688591128e+00
1.024996316089516357e+00
1.025009507093981753e+00
1.025022637518116841e+00
1.025035707182142986e+00
1.025048715910396924e+00
1.025061663531352085e+00
1.025074549877643459e+00
1.025087374786085359e+00
1.025100138097695179e+00
1.025112839657711383e+00
1.025125479315615706e+00
1.025138056925148256e+00
1.025150572344329047e+00
1.025163025435474218e+00
1.025175416065213119e+00
1.025187744104503640e+00
1.025200009428649750e+00
1.025212211917314153e+00
1.025224351454535165e+00
1.025236427928736926e+00
1.025248441232744723e+00
1.025260391263796977e+00
1.025272277923555464e+00
1.025284101118116187e+00
1.025295860758020705e+00
1.025307556758264127e+00
1.025319189038304213e+00
1.025330757522069147e+00
1.025342262137963978e+00
1.025353702818879054e+00
1.025365079502192689e+00
1.025376392129778491e+00
1.025387640648009135e+00
1.025398825007758585e+00
1.025409945164405201e+00
1.025421001077835736e+00
1.025431992712442453e+00
1.025442920037128225e+00
1.025453783025302767e+00
1.025464581654882412e+00
1.025475315908289886e+00
1.025485985772448982e+00
1.025496591238783672e+00
1.025507132303212998e+00
1.025517608966145744e+00
1.025528021232475329e+00
1.025538369111574477e+00
1.025548652617285894e+00
1.025558871767916269e+00
1.025569026586226062e+00
1.025579117099422399e+00
1.025589143339146192e+00
1.025599105341463035e+00
1.025609003146850995e+00
1.025618836800188616e+00
1.025628606350740490e+00
1.025638311852145268e+00
1.025647953362399445e+00
1.025657530943842932e+00
1.025667044663141736e+00
1.025676494591273080e+00
1.025685880803505867e+00
1.025695203379383136e+00
1.025704462402703410e+00
1.025713657961500047e+00
1.025722790148021479e+00
1.025731859058709894e+00
1.025740864794178808e+00
1.025749807459190865e+00
1.025758687162634741e+00
1.025767504017500942e+00
1.025776258140856489e+00
1.025784949653819833e+00
1.025793578681536200e+00
1.025802145353148509e+00
1.025810649801771168e+00
1.025819092164462099e+00
1.025827472582193645e+00
1.025835791199823488e+00
1.025844048166064226e+00
1.025852243633452510e+00
1.025860377758318620e+00
1.025868450700753609e+00
1.025876462624577101e+00
1.025884413697304653e+00
1.025892304090112228e+00
1.025900133977804440e+00
1.025907903538776811e+00
1.025915612954982681e+00
1.025923262411894576e+00
1.025930852098470458e+00
1.025938382207113531e+00
1.025945852933636271e+00
1.025953264477221794e+00
1.025960617040383882e+00
1.025967910828929464e+00
1.025975146051916642e+00
1.025982322921615619e+00
1.025989441653467615e+00
1.025996502466041793e+00
1.026003505580996400e+00
1.026010451223033026e+00
1.026017339619856195e+00
1.026024171002128504e+00
1.026030945603428002e+00
1.026037663660202215e+00
1.026044325411726188e+00
1.026050931100054964e+00
1.026057480969978286e+00
1.026063975268976636e+00
1.026070414247172824e+00
1.026076798157286474e+00
1.026083127254586502e+00
1.026089401796843381e+00
1.026095622044282507e+00
1.026101788259535130e+00
1.026107900707589282e+00
1.026113959655742924e+00
1.026119965373553100e+00
1.026125918132786641e+00
1.026131818207372426e+00
1.026137665873347871e+00
1.026143461408812296e+00
1.026149205093873418e+00
1.026154897210598715e+00
1.026160538042962589e+00
1.026166127876796619e+00
1.026171666999737164e+00
1.026177155701172961e+00
1.026182594272194937e+00
1.026187983005542259e+00
1.026193322195551039e+00
1.026198612138101041e+00
1.026203853130563948e+00
1.026209045471749182e+00
1.026214189461851722e+00
1.026219285402398818e+00
1.026224333596196470e+00
1.026229334347276145e+00
1.026234287960840597e+00
1.026239194743211236e+00
1.026244055001773070e+00
1.026248869044922518e+00
1.026253637182011236e+00
1.026258359723294156e+00
1.026263036979874199e+00
1.026267669263648319e+00
1.026272256887254208e+00
1.026276800164013903e+00
1.026281299407882264e+00
1.026285754933390137e+00
1.026290167055592395e+00
1.026294536090011977e+00
1.026298862352585939e+00
1.026303146159611490e+00
1.026307387827691819e+00
1.026311587673681247e+00
1.026315746014632158e+00
1.026319863167739488e+00
1.026323939450287881e+00
1.026327975179596397e+00
1.026331970672965888e+00
1.026335926247624375e+00
1.026339842220673315e+00
1.026343718909033864e+00
1.026347556629393143e+00
1.026351355698151835e+00
1.026355116431369119e+00
1.026358839144710933e+00
1.026362524153395572e+00
1.026366171772141733e+00
1.026369782315114776e+00
1.026373356095874989e+00
1.026376893427323633e+00
1.026380394621652759e+00
1.026383859990291025e+00
1.026387289843851525e+00
1.026390684492082039e+00
1.026394044243810644e+00
1.026397369406897297e+00
1.026400660288178557e+00
1.026403917193421167e+00
1.026407140427266995e+00
1.026410330293185069e+00
1.026413487093419619e+00
1.026416611128941447e+00
1.026419702699395753e+00
1.026422762103054387e+00
1.026425789636765451e+00
1.026428785595904003e+00
1.026431750274322985e+00
1.026434683964305039e+00
1.026437586956513659e+00
1.026440459539944339e+00
1.026443302001878610e+00
1.026446114627832751e+00
1.026448897701514706e+00
1.026451651504773688e+00
1.026454376317554873e+00
1.026457072417852556e+00
1.026459740081663519e+00
1.026462379582941731e+00
1.026464991193552168e+00
1.026467575183225511e+00
1.026470131819513742e+00
1.026472661367744177e+00
1.026475164090976611e+00
1.026477640249958023e+00
1.026480090103079057e+00
1.026482513906331384e+00
1.026484911913263298e+00
1.026487284374937747e+00
1.026489631539890590e+00
1.026491953654085965e+00
1.026494250960878318e+00
1.026496523700966890e+00
1.026498772112358626e+00
1.026500996430323775e+00
1.026503196887358360e+00
1.026505373713142433e+00
1.026507527134501663e+00
1.026509657375366924e+00
1.026511764656735881e+00
1.026513849196635242e+00
1.026515911210080345e+00
1.026517950909040078e+00
1.026519968502396907e+00
1.026521964195912018e+00
1.026523938192187124e+00
1.026525890690627829e+00
1.026527821887409653e+00
1.026529731975440285e+00
1.026531621144325834e+00
1.026533489580335301e+00
1.026535337466366382e+00
1.026537164981911499e+00
1.026538972303023822e+00
1.026540759602284858e+00
1.026542527048770914e+00
1.026544274808020241e+00
1.026546003042002386e+00
1.026547711909084892e+00
1.026549401564003539e+00
1.026551072157830591e+00
1.026552723837944381e+00
1.026554356747999552e+00
1.026555971027897751e+00
1.026557566813757427e+00
1.026559144237885635e+00
1.026560703428750720e+00
1.026562244510952127e+00
1.026563767605193966e+00
1.026565272828258824e+00
1.026566760292979330e+00
1.026568230108213076e+00
1.026569682378815962e+00
1.026571117205617778e+00
1.026572534685395777e+00
1.026573934910851360e+00
1.026575317970584988e+00
1.026576683949073754e+00
1.026578032926646289e+00
1.026579364979461673e+00
1.026580680179485450e+00
1.026581978594468980e+00
1.026583260287927235e+00
1.026584525319118146e+00
1.026585773743021068e+00
1.026587005610317682e+00
1.026588220967372012e+00
1.026589419856210661e+00
1.026590602314504386e+00
1.026591768375549663e+00
1.026592918068250704e+00
1.026594051417102138e+00
1.026595168442172135e+00
1.026596269159085750e+00
1.026597353579008720e+00
1.026598421708632358e+00
1.026599473550158237e+00
1.026600509101283532e+00
1.026601528355187032e+00
1.026602531300515153e+00
1.026603517921369280e+00
1.026604488197293330e+00
1.026605442103260213e+00
1.026606379609662278e+00
1.026607300682297996e+00
1.026608205282363073e+00
1.026609093366438907e+00
1.026609964886483928e+00
1.026610819789823825e+00
1.026611658019144002e+00
1.026612479512479137e+00
1.026613284203208742e+00
1.026614072020047619e+00
1.026614842887040746e+00
1.026615596723555957e+00
1.026616333444280382e+00
1.026617052959213794e+00
1.026617755173665270e+00
1.026618439988249420e+00
1.026619107298881950e+00
1.026619756996778321e+00
1.026620388968451314e+00
1.026621003095709028e+00
1.026621599255654438e+00
1.026622177320684504e+00
1.026622737158490173e+00
1.026623278632058156e+00
1.026623801599671371e+00
1.026624305914910940e+00
1.026624791426659744e+00
1.026625257979103534e+00
1.026625705411737144e+00
1.026626133559366938e+00
1.026626542252116581e+00
1.026626931315432811e+00
1.026627300570091439e+00
1.026627649832204225e+00
1.026627978913226436e+00
1.026628287619965274e+00
1.026628575754588102e+00
1.026628843114632428e+00
1.026629089493016567e+00
1.026629314678048743e+00
1.026629518453440193e+00
1.026629700598316930e+00
1.026629860887232404e+00
1.026629999090180823e+00
1.026630114972612251e+00
1.026630208295445934e+00
1.026630278815088282e+00
1.026630326283447303e+00
1.026630350447950590e+00
1.026630351051562418e+00
1.026630327832803502e+00
1.026630280525768768e+00
1.026630208860148663e+00
1.026630112561249142e+00
1.026629991350014537e+00
1.026629844943046876e+00
1.026629673052632974e+00
1.026629475386764634e+00
1.026629251649165742e+00
1.026629001539316022e+00
1.026628724752478572e+00
1.026628420979726064e+00
1.026628089907968722e+00
1.026627731219982520e+00
1.026627344594439606e+00
1.026626929705937830e+00
1.026626486225031387e+00
1.026626013818263683e+00
1.026625512148199970e+00
1.026624980873459769e+00
1.026624419648752395e+00
1.026623828124912263e+00
1.026623205948934414e+00
1.026622552764012264e+00
1.026621868209574018e+00
1.026621151921323749e+00
1.026620403531278702e+00
1.026619622667810816e+00
1.026618808955688689e+00
1.026617962016119101e+00
1.026617081466790093e+00
1.026616166921915374e+00
1.026615217992279838e+00
1.026614234285284422e+00
1.026613215404993174e+00
1.026612160952182329e+00
1.026611070524386715e+00
1.026609943715951045e+00
1.026608780118079878e+00
1.026607579318889130e+00
1.026606340903458481e+00
1.026605064453884442e+00
1.026603749549334754e+00
1.026602395766104348e+00
1.026601002677669516e+00
1.026599569854747651e+00
1.026598096865352527e+00
1.026596583274856256e+00
1.026595028646045904e+00
1.026593432539187223e+00
1.026591794512085043e+00
1.026590114120146779e+00
1.026588390916444604e+00
1.026586624451782725e+00
1.026584814274760671e+00
1.026582959931841454e+00
1.026581060967417525e+00
1.026579116923881152e+00
1.026577127341692819e+00
1.026575091759450942e+00
1.026573009713964701e+00
1.026570880740325098e+00
1.026568704371978669e+00
1.026566480140801429e+00
1.026564207577174148e+00
1.026561886210058061e+00
1.026559515567072367e+00
1.026557095174570389e+00
1.026554624557720174e+00
1.026552103240583325e+00
1.026549530746195371e+00
1.026546906596647268e+00
1.026544230313168216e+00
1.026541501416207369e+00
1.026538719425519774e+00
1.026535883860249410e+00
1.026532994239016672e+00
1.026530050080003420e+00
1.026527050901040461e+00
1.026523996219698143e+00
1.026520885553371620e+00
1.026517718419373448e+00
1.026514494335023286e+00
1.026511212817739160e+00
1.026507873385130054e+00
1.026504475555088058e+00
1.026501018845882740e+00
1.026497502776255510e+00
1.026493926865513551e+00
1.026490290633627511e+00
1.026486593601325215e+00
1.026482835290191797e+00
1.026479015222765412e+00
1.026475132922636035e+00
1.026471187914544059e+00
1.026467179724480872e+00
1.026463107879787895e+00
1.026458971909258500e+00
1.026454771343237038e+00
1.026450505713722983e+00
1.026446174554471069e+00
1.026441777401095656e+00
1.026437313791172423e+00
1.026432783264342952e+00
1.026428185362417755e+00
1.026423519629481307e+00
1.026418785611995954e+00
1.026413982858907392e+00
1.026409110921750134e+00
1.026404169354752094e+00
1.026399157714941612e+00
1.026394075562252262e+00
1.026388922459629649e+00
1.026383697973138442e+00
1.026378401672067175e+00
1.026373033129036605e+00
1.026367591920104960e+00
1.026362077624875857e+00
1.026356489826604435e+00
1.026350828112303937e+00
1.026345092072852738e+00
1.026339281303101147e+00
1.026333395401977100e+00
1.026327433972593850e+00
1.026321396622354332e+00
1.026315282963059294e+00
1.026309092611010776e+00
1.026302825187120016e+00
1.026296480317009818e+00
1.026290057631122021e+00
1.026283556764820082e+00
1.026276977358494324e+00
1.026270319057664082e+00
1.026263581513082279e+00
1.026256764380836906e+00
1.026249867322453824e+00
1.026242890004996466e+00
1.026235832101168866e+00
1.026228693289414018e+00
1.026221473254014027e+00
1.026214171685187804e+00
1.026206788279190540e+00
1.026199322738408304e+00
1.026191774771455956e+00
1.026184144093271744e+00
1.026176430425211450e+00
1.026168633495141869e+00
1.026160753037531848e+00
1.026152788793545989e+00
1.026144740511131470e+00
1.026136607945109303e+00
1.026128390857261374e+00
1.026120089016416603e+00
1.026111702198535980e+00
1.026103230186797610e+00
1.026094672771677763e+00
1.026086029751033690e+00
1.026077300930181346e+00
1.026068486121975987e+00
1.026059585146886999e+00
1.026050597833074729e+00
1.026041524016463535e+00
1.026032363540813286e+00
1.026023116257790857e+00
1.026013782027038523e+00
1.026004360716240571e+00
1.025994852201189467e+00
1.025985256365848697e+00
1.025975573102414717e+00
1.025965802311376462e+00
1.025955943901573963e+00
1.025945997790253639e+00
1.025935963903122472e+00
1.025925842174400637e+00
1.025915632546870793e+00
1.025905334971926708e+00
1.025894949409618340e+00
1.025884475828696019e+00
1.025873914206652415e+00
1.025863264529761842e+00
1.025852526793116226e+00
1.025841701000662853e+00
1.025830787165233904e+00
1.025819785308579757e+00
1.025808695461394748e+00
1.025797517663344927e+00
1.025786251963090479e+00
1.025774898418307934e+00
1.025763457095706599e+00
1.025751928071047869e+00
1.025740311429157003e+00
1.025728607263935110e+00
1.025716815678368476e+00
1.025704936784535226e+00
1.025692970703608209e+00
1.025680917565857442e+00
1.025668777510649665e+00
1.025656550686442792e+00
1.025644237250782131e+00
1.025631837370289956e+00
1.025619351220655728e+00
1.025606778986621226e+00
1.025594120861965441e+00
1.025581377049483933e+00
1.025568547760969729e+00
1.025555633217186902e+00
1.025542633647845925e+00
1.025529549291573694e+00
1.025516380395881555e+00
1.025503127217132215e+00
1.025489790020500891e+00
1.025476369079938443e+00
1.025462864678127417e+00
1.025449277106438295e+00
1.025435606664883315e+00
1.025421853662065841e+00
1.025408018415128852e+00
1.025394101249701206e+00
1.025380102499839685e+00
1.025366022507969932e+00
1.025351861624825389e+00
1.025337620209382461e+00
1.025323298628793900e+00
1.025308897258321306e+00
1.025294416481261184e+00
1.025279856688873892e+00
1.025265218280307478e+00
1.025250501662518410e+00
1.025235707250192085e+00
1.025220835465660230e+00
1.025205886738816741e+00
1.025190861507030426e+00
1.025175760215055298e+00
1.025160583314941753e+00
1.025145331265941984e+00
1.025130004534415384e+00
1.025114603593732188e+00
1.025099128924173986e+00
1.025083581012833811e+00
1.025067960353513330e+00
1.025052267446618481e+00
1.025036502799054450e+00
1.025020666924116197e+00
1.025004760341380772e+00
1.024988783576596285e+00
1.024972737161568670e+00
1.024956621634048881e+00
1.024940437537616100e+00
1.024924185421562273e+00
1.024907865840773757e+00
1.024891479355610979e+00
1.024875026531789413e+00
1.024858507940255681e+00
1.024841924157067208e+00
1.024825275763264987e+00
1.024808563344751455e+00
1.024791787492163042e+00
1.024774948800742713e+00
1.024758047870213185e+00
1.024741085304648358e+00
1.024724061712342982e+00
1.024706977705682753e+00
1.024689833901014202e+00
1.024672630918513683e+00
1.024655369382054149e+00
1.024638049919074589e+00
1.024620673160445472e+00
1.024603239740338179e+00
1.024585750296089337e+00
1.024568205468068260e+00
1.024550605899544165e+00
1.024532952236550276e+00
1.024515245127751717e+00
1.024497485224311166e+00
1.024479673179754746e+00
1.024461809649838573e+00
1.024443895292414419e+00
1.024425930767297821e+00
1.024407916736134183e+00
1.024389853862265554e+00
1.024371742810599839e+00
1.024353584247477134e+00
1.024335378840539157e+00
1.024317127258598914e+00
1.024298830171510133e+00
1.024280488250036480e+00
1.024262102165724553e+00
1.024243672590774423e+00
1.024225200197912633e+00
1.024206685660266292e+00
1.024188129651236068e+00
1.024169532844373620e+00
1.024150895913255477e+00
1.024132219531362242e+00
1.024113504371956473e+00
1.024094751107961887e+00
1.024075960411844122e+00
1.024057132955493721e+00
1.024038269410108004e+00
1.024019370446075827e+00
1.024000436732863228e+00
1.023981468938901074e+00
1.023962467731473591e+00
1.023943433776607570e+00
1.023924367738964225e+00
1.023905270281731950e+00
1.023886142066520843e+00
1.023866983753257909e+00
1.023847796000086463e+00
1.023828579463263111e+00
1.023809334797060044e+00
1.023790062653666233e+00
1.023770763683092611e+00
1.023751438533077707e+00
1.023732087848994166e+00
1.023712712273759262e+00
1.023693312447746306e+00
1.023673889008695381e+00
1.023654442591630076e+00
1.023634973828773109e+00
1.023615483349464839e+00
1.023595971780083325e+00
1.023576439743965949e+00
1.023556887861333919e+00
1.023537316749218329e+00
1.023517727021385770e+00
1.023498119288270836e+00
1.023478494156905505e+00
1.023458852230852978e+00
1.023439194110142836e+00
1.023419520391208204e+00
1.023399831666826021e+00
1.023380128526056421e+00
1.023360411554185667e+00
1.023340681332672641e+00
1.023320938439093997e+00
1.023301183447093088e+00
1.023281416926332010e+00
1.023261639442441417e+00
1.023241851556977666e+00
1.023222053827377298e+00
1.023202246806916182e+00
1.023182431044668217e+00
1.023162607085469578e+00
1.023142775469879862e+00
1.023122936734149890e+00
1.023103091410187293e+00
1.023083240025527640e+00
1.023063383103303803e+00
1.023043521162220859e+00
1.023023654716528341e+00
1.023003784275998918e+00
1.022983910345905301e+00
1.022964033427001151e+00
1.022944154015501539e+00
1.022924272603067619e+00
1.022904389676791315e+00
1.022884505719181103e+00
1.022864621208152913e+00
1.022844736617017469e+00
1.022824852414473629e+00
1.022804969064601055e+00
1.022785087026855555e+00
1.022765206756065304e+00
1.022745328702429068e+00
1.022725453311515098e+00
1.022705581024263122e+00
1.022685712276985459e+00
1.022665847501373015e+00
1.022645987124499278e+00
1.022626131568827201e+00
1.022606281252217419e+00
1.022586436587938685e+00
1.022566597984678527e+00
1.022546765846554351e+00
1.022526940573128540e+00
1.022507122559423109e+00
1.022487312195935250e+00
1.022467509868654645e+00
1.022447715959083236e+00
1.022427930844253208e+00
1.022408154896749855e+00
1.022388388484732680e+00
1.022368631971958042e+00
1.022348885717805578e+00
1.022329150077300630e+00
1.022309425401144223e+00
1.022289712035737042e+00
1.022270010323210521e+00
1.022250320601455931e+00
1.022230643204153244e+00
1.022210978460804442e+00
1.022191326696765046e+00
1.022171688233276976e+00
1.022152063387502974e+00
1.022132452472562791e+00
1.022112855797565834e+00
1.022093273667651125e+00
1.022073706384021952e+00
1.022054154243985824e+00
1.022034617540992008e+00
1.022015096564671932e+00
1.021995591600878495e+00
1.021976102931727581e+00
1.021956630835638924e+00
1.021937175587379176e+00
1.021917737458102771e+00
1.021898316715397659e+00
1.021878913623326390e+00
1.021859528442472520e+00
1.021840161429983684e+00
1.021820812839618231e+00
1.021801482921790072e+00
1.021782171923614646e+00
1.021762880088955772e+00
1.021743607658472719e+00
1.021724354869666174e+00
1.021705121956927531e+00
1.021685909151585303e+00
1.021666716681953524e+00
1.021647544773379934e+00
1.021628393648295718e+00
1.021609263526261913e+00
1.021590154624020919e+00
1.021571067155543133e+00
1.021552001332078463e+00
1.021532957362202954e+00
1.021513935451871413e+00
1.021494935804463600e+00
1.021475958620835733e+00
1.021457004099369348e+00
1.021438072436020361e+00
1.021419163824369036e+00
1.021400278455668609e+00
1.021381416518895691e+00
1.021362578200797788e+00
1.021343763685943484e+00
1.021324973156770177e+00
1.021306206793634264e+00
1.021287464774857545e+00
1.021268747276776523e+00
1.021250054473790359e+00
1.021231386538407948e+00
1.021212743641295440e+00
1.021194125951322640e+00
1.021175533635610755e+00
1.021156966859577686e+00
1.021138425786983994e+00
1.021119910579977530e+00
1.021101421399140285e+00
1.021082958403531027e+00
1.021064521750729703e+00
1.021046111596881634e+00
1.021027728096739029e+00
1.021009371403704735e+00
1.020991041669872867e+00
1.020972739046071442e+00
1.020954463681900570e+00
1.020936215725774865e+00
1.020917995324961414e+00
1.020899802625618413e+00
1.020881637772833139e+00
1.020863500910659694e+00
1.020845392182154310e+00
1.020827311729412656e+00
1.020809259693602922e+00
1.020791236215002229e+00
1.020773241433027723e+00
1.020755275486271207e+00
1.020737338512529124e+00
1.020719430648835635e+00
1.020701552031490600e+00
1.020683702796090442e+00
1.020665883077555680e+00
1.020648093010158908e+00
1.020630332727551659e+00
1.020612602362789278e+00
1.020594902048356900e+00
1.020577231916193428e+00
1.020559592097713519e+00
1.020541982723830898e+00
1.020524403924979229e+00
1.020506855831132764e+00
1.020489338571824556e+00
1.020471852276167102e+00
1.020454397072867891e+00
1.020436973090247612e+00
1.020419580456254138e+00
1.020402219298480073e+00
1.020384889744173629e+00
1.020367591920253503e+00
1.020350325953320647e+00
1.020333091969668704e+00
1.020315890095295552e+00
1.020298720455911079e+00
1.020281583176947393e+00
1.020264478383564599e+00
1.020247406200659457e+00
1.020230366752869600e+00
1.020213360164579974e+00
1.020196386559925728e+00
1.020179446062796202e+00
1.020162538796837826e+00
1.020145664885455439e+00
1.020128824451812743e+00
1.020112017618833855e+00
1.020095244509202193e+00
1.020078505245357592e+00
1.020061799949497638e+00
1.020045128743571450e+00
1.020028491749278565e+00
1.020011889088064505e+00
1.019995320881114775e+00
1.019978787249351981e+00
1.019962288313426724e+00
1.019945824193714490e+00
1.019929395010305662e+00
1.019913000882999521e+00
1.019896641931296255e+00
1.019880318274387410e+00
1.019864030031147006e+00
1.019847777320122884e+00
1.019831560259524927e+00
1.019815378967217523e+00
1.019799233560705343e+00
1.019783124157124687e+00
1.019767050873232161e+00
1.019751013825390906e+00
1.019735013129560386e+00
1.019719048901283731e+00
1.019703121255675082e+00
1.019687230307406267e+00
1.019671376170695032e+00
1.019655558959291719e+00
1.019639778786465500e+00
1.019624035764991277e+00
1.019608330007136576e+00
1.019592661624648677e+00
1.019577030728739953e+00
1.019561437430074768e+00
1.019545881838756385e+00
1.019530364064313854e+00
1.019514884215687367e+00
1.019499442401216482e+00
1.019484038728625475e+00
1.019468673305011341e+00
1.019453346236830704e+00
1.019438057629886707e+00
1.019422807589315916e+00
1.019407596219578105e+00
1.019392423624440935e+00
1.019377289906971296e+00
1.019362195169520202e+00
1.019347139513715472e+00
1.019332123040446847e+00
1.019317145849857109e+00
1.019302208041331870e+00
1.019287309713488687e+00
1.019272450964167520e+00
1.019257631890420956e+00
1.019242852588506221e+00
1.019228113153876070e+00
1.019213413681169467e+00
1.019198754264206253e+00
1.019184134995976709e+00
1.019169555968637120e+00
1.019155017273502439e+00
1.019140519001039635e+00
1.019126061240862358e+00
1.019111644081726720e+00
1.019097267611525304e+00
1.019082931917284496e+00
1.019068637085158269e+00
1.019054383200427294e+00
1.019040170347496055e+00
1.019025998609888628e+00
1.019011868070248905e+00
1.018997778810337262e+00
1.018983730911032781e+00
1.018969724452329029e+00
1.018955759513337611e+00
1.018941836172286397e+00
1.018927954506521516e+00
1.018914114592508913e+00
1.018900316505836567e+00
1.018886560321215384e+00
1.018872846112484298e+00
1.018859173952612718e+00
1.018845543913702967e+00
1.018831956066996502e+00
1.018818410482877468e+00
1.018804907230876911e+00
1.018791446379680998e+00
1.018778027997132796e+00
1.018764652150242034e+00
1.018751318905189773e+00
1.018738028327335288e+00
1.018724780481224057e+00
1.018711575430594873e+00
1.018698413238388056e+00
1.018685293966752781e+00
1.018672217677056402e+00
1.018659184429893116e+00
1.018646194285092843e+00
1.018633247301729661e+00
1.018620343538132911e+00
1.018607483051894746e+00
1.018594665899883012e+00
1.018581892138247902e+00
1.018569161822434843e+00
1.018556475007193596e+00
1.018543831746589134e+00
1.018531232094011862e+00
1.018518676102189602e+00
1.018506163823197141e+00
1.018493695308468006e+00
1.018481270608804889e+00
1.018468889774390762e+00
1.018456552854800412e+00
1.018444259899011772e+00
1.018432010955415468e+00
1.018419806071827693e+00
1.018407645295500208e+00
1.018395528673131878e+00
1.018383456250878671e+00
1.018371428074366314e+00
1.018359444188698948e+00
1.018347504638472234e+00
1.018335609467780456e+00
1.018323758720231620e+00
1.018311952438953227e+00
1.018300190666605598e+00
1.018288473445390530e+00
1.018276800817061734e+00
1.018265172822933051e+00
1.018253589503890222e+00
1.018242050900398432e+00
1.018230557052512308e+00
1.018219107999884354e+00
1.018207703781772722e+00
1.018196344437051870e+00
1.018185030004218783e+00
1.018173760521401405e+00
1.018162536026366416e+00
1.018151356556526332e+00
1.018140222148947505e+00
1.018129132840356110e+00
1.018118088667144594e+00
1.018107089665378773e+00
1.018096135870804053e+00
1.018085227318849650e+00
1.018074364044635916e+00
1.018063546082978110e+00
1.018052773468392402e+00
1.018042046235099640e+00
1.018031364417031126e+00
1.018020728047830392e+00
1.018010137160858530e+00
1.017999591789198410e+00
1.017989091965656012e+00
1.017978637722764645e+00
1.017968229092787613e+00
1.017957866107719989e+00
1.017947548799291502e+00
1.017937277198968093e+00
1.017927051337953692e+00
1.017916871247191324e+00
1.017906736957364444e+00
1.017896648498898715e+00
1.017886605901961339e+00
1.017876609196462168e+00
1.017866658412054592e+00
1.017856753578134654e+00
1.017846894723841711e+00
1.017837081878056882e+00
1.017827315069404381e+00
1.017817594326250186e+00
1.017807919676700035e+00
1.017798291148599654e+00
1.017788708769534090e+00
1.017779172566825263e+00
1.017769682567530865e+00
1.017760238798444128e+00
1.017750841286090502e+00
1.017741490056726761e+00
1.017732185136339451e+00
1.017722926550642892e+00
1.017713714325077623e+00
1.017704548484807292e+00
1.017695429054718215e+00
1.017686356059416042e+00
1.017677329523224650e+00
1.017668349470183697e+00
1.017659415924046407e+00
1.017650528908278673e+00
1.017641688446054626e+00
1.017632894560256851e+00
1.017624147273474389e+00
1.017615446607998519e+00
1.017606792585824094e+00
1.017598185228645313e+00
1.017589624557855066e+00
1.017581110594542926e+00
1.017572643359494045e+00
1.017564222873187152e+00
1.017555849155793446e+00
1.017547522227175705e+00
1.017539242106886732e+00
1.017531008814167803e+00
1.017522822367949775e+00
1.017514682786849534e+00
1.017506590089172436e+00
1.017498544292909424e+00
1.017490545415737913e+00
1.017482593475021790e+00
1.017474688487811196e+00
1.017466830470841410e+00
1.017459019440536405e+00
1.017451255413006628e+00
1.017443538404050107e+00
1.017435868429154677e+00
1.017428245503497308e+00
1.017420669641947661e+00
1.017413140859066534e+00
1.017405659169110077e+00
1.017398224586030908e+00
1.017390837123478553e+00
1.017383496794803666e+00
1.017376203613060026e+00
1.017368957591005429e+00
1.017361758741106126e+00
1.017354607075539263e+00
1.017347502606195331e+00
1.017340445344682376e+00
1.017333435302327782e+00
1.017326472490183820e+00
1.017319556919029866e+00
1.017312688599376624e+00
1.017305867541470565e+00
1.017299093755297035e+00
1.017292367250585361e+00
1.017285688036813518e+00
1.017279056123211900e+00
1.017272471518767984e+00
1.017265934232232105e+00
1.017259444272120783e+00
1.017253001646722943e+00
1.017246606364105244e+00
1.017240258432114963e+00
1.017233957858388660e+00
1.017227704650355058e+00
1.017221498815240599e+00
1.017215340360076326e+00
1.017209229291701877e+00
1.017203165616772154e+00
1.017197149341761975e+00
1.017191180472972967e+00
1.017185259016537779e+00
1.017179384978426526e+00
1.017173558364453445e+00
1.017167779180280007e+00
1.017162047431423577e+00
1.017156363123260965e+00
1.017150726261035310e+00
1.017145136849860965e+00
1.017139594894729715e+00
1.017134100400516106e+00
1.017128653371982994e+00
1.017123253813787098e+00
1.017117901730483887e+00
1.017112597126534457e+00
1.017107340006309091e+00
1.017102130374093027e+00
1.017096968234092902e+00
1.017091853590439854e+00
1.017086786447195523e+00
1.017081766808357157e+00
1.017076794677862051e+00
1.017071870059591987e+00
1.017066992957378568e+00
1.017062163375006767e+00
1.017057381316219811e+00
1.017052646784724068e+00
1.017047959784191047e+00
1.017043320318264055e+00
1.017038728390560642e+00
1.017034184004676156e+00
1.017029687164187957e+00
1.017025237872658305e+00
1.017020836133638806e+00
1.017016481950672180e+00
1.017012175327296486e+00
1.017007916267046896e+00
1.017003704773460360e+00
1.016999540850076489e+00
1.016995424500440448e+00
1.016991355728106061e+00
1.016987334536637588e+00
1.016983360929611724e+00
1.016979434910619151e+00
1.016975556483268095e+00
1.016971725651184322e+00
1.016967942418012694e+00
1.016964206787420055e+00
1.016960518763095234e+00
1.016956878348750593e+00
1.016953285548123365e+00
1.016949740364976318e+00
1.016946242803098421e+00
1.016942792866306400e+00
1.016939390558443623e+00
1.016936035883382772e+00
1.016932728845024059e+00
1.016929469447297230e+00
1.016926257694160229e+00
1.016923093589600757e+00
1.016919977137634934e+00
1.016916908342307524e+00
1.016913887207692158e+00
1.016910913737890665e+00
1.016907987937032631e+00
1.016905109809274510e+00
1.016902279358800731e+00
1.016899496589819929e+00
1.016896761506568048e+00
1.016894074113304347e+00
1.016891434414312512e+00
1.016888842413898875e+00
1.016886298116391529e+00
1.016883801526139663e+00
1.016881352647512671e+00
1.016878951484898153e+00
1.016876598042701474e+00
1.016874292325344431e+00
1.016872034337263919e+00
1.016869824082910601e+00
1.016867661566748460e+00
1.016865546793251918e+00
1.016863479766906053e+00
1.016861460492203939e+00
1.016859488973646419e+00
1.016857565215740111e+00
1.016855689222995851e+00
1.016853860999927361e+00
1.016852080551050586e+00
1.016850347880880800e+00
1.016848662993932395e+00
1.016847025894717538e+00
1.016845436587742846e+00
1.016843895077511384e+00
1.016842401368517335e+00
1.016840955465247331e+00
1.016839557372177794e+00
1.016838207093774482e+00
1.016836904634489613e+00
1.016835649998762303e+00
1.016834443191015236e+00
1.016833284215655553e+00
1.016832173077070856e+00
1.016831109779630982e+00
1.016830094327683787e+00
1.016829126725555366e+00
1.016828206977549165e+00
1.016827335087943762e+00
1.016826511060991312e+00
1.016825734900917988e+00
1.016825006611921989e+00
1.016824326198171535e+00
1.016823693663804873e+00
1.016823109012928716e+00
1.016822572249617140e+00
1.016822083377910912e+00
1.016821642401815273e+00
1.016821249325300602e+00
1.016820904152300642e+00
1.016820606886710721e+00
1.016820357532388197e+00
1.016820156093150462e+00
1.016820002572774939e+00
1.016819896974997306e+00
1.016819839303510831e+00
1.016819829561966593e+00
1.016819867753971263e+00
1.016819953883086658e+00
1.016820087952828855e+00
1.016820269966669077e+00
1.016820499928029697e+00
1.016820777840286905e+00
1.016821103706767593e+00
1.016821477530749807e+00
1.016821899315461408e+00
1.016822369064080522e+00
1.016822886779732649e+00
1.016823452465493105e+00
1.016824066124383918e+00
1.016824727759373603e+00
1.016825437373377827e+00
1.016826194969256747e+00
1.016827000549817228e+00
1.016827854117808405e+00
1.016828755675925455e+00
1.016829705226805380e+00
1.016830702773028339e+00
1.016831748317116535e+00
1.016832841861533998e+00
1.016833983408685027e+00
1.016835172960915079e+00
1.016836410520508771e+00
1.016837696089690546e+00
1.016839029670623340e+00
1.016840411265407695e+00
1.016841840876082426e+00
1.016843318504622840e+00
1.016844844152941185e+00
1.016846417822884430e+00
1.016848039516236035e+00
1.016849709234712851e+00
1.016851426979966888e+00
1.016853192753582658e+00
1.016855006557078278e+00
1.016856868391903035e+00
1.016858778259438711e+00
1.016860736160997369e+00
1.016862742097821570e+00
1.016864796071083710e+00
1.016866898081884685e+00
1.016869048131253450e+00
1.016871246220147906e+00
1.016873492349450903e+00
1.016875786519972680e+00
1.016878128732448872e+00
1.016880518987539173e+00
1.016882957285827782e+00
1.016885443627821850e+00
1.016887978013951255e+00
1.016890560444566827e+00
1.016893190919941237e+00
1.016895869440265887e+00
1.016898596005652244e+00
1.016901370616130507e+00
1.016904193271646939e+00
1.016907063972065428e+00
1.016909982717165484e+00
1.016912949506641350e+00
1.016915964340100897e+00
1.016919027217065175e+00
1.016922138136967302e+00
1.016925297099151138e+00
1.016928504102871056e+00
1.016931759147289727e+00
1.016935062231478559e+00
1.016938413354415705e+00
1.016941812514985610e+00
1.016945259711976579e+00
1.016948754944082101e+00
1.016952298209897521e+00
1.016955889507920041e+00
1.016959528836546944e+00
1.016963216194076036e+00
1.016966951578701650e+00
1.016970734988516423e+00
1.016974566421508630e+00
1.016978445875560189e+00
1.016982373348447544e+00
1.016986348837839227e+00
1.016990372341293636e+00
1.016994443856259256e+00
1.016998563380073772e+00
1.017002730909960739e+00
1.017006946443030024e+00
1.017011209976275588e+00
1.017015521506574594e+00
1.017019881030685635e+00
1.017024288545247623e+00
1.017028744046778233e+00
1.017033247531673013e+00
1.017037798996202946e+00
1.017042398436513784e+00
1.017047045848624265e+00
1.017051741228424788e+00
1.017056484571676300e+00
1.017061275874007187e+00
1.017066115130913939e+00
1.017071002337758046e+00
1.017075937489765103e+00
1.017080920582022596e+00
1.017085951609479677e+00
1.017091030566943832e+00
1.017096157449080440e+00
1.017101332250410328e+00
1.017106554965308884e+00
1.017111825588004059e+00
1.017117144112574145e+00
1.017122510532947555e+00
1.017127924842898601e+00
1.017133387036048386e+00
1.017138897105861250e+00
1.017144455045644102e+00
1.017150060848543758e+00
1.017155714507545827e+00
1.017161416015472275e+00
1.017167165364979864e+00
1.017172962548558157e+00
1.017178807558528852e+00
1.017184700387040674e+00
1.017190641026072040e+00
1.017196629467424618e+00
1.017202665702724662e+00
1.017208749723419015e+00
1.017214881520774661e+00
1.017221061085875178e+00
1.017227288409620067e+00
1.017233563482721870e+00
1.017239886295704387e+00
1.017246256838900909e+00
1.017252675102450876e+00
1.017259141076300111e+00
1.017265654750195925e+00
1.017272216113686456e+00
1.017278825156119559e+00
1.017285481866637697e+00
1.017292186234178608e+00
1.017298938247471307e+00
1.017305737895034312e+00
1.017312585165174310e+00
1.017319480045981717e+00
1.017326422525330454e+00
1.017333412590875064e+00
1.017340450230047377e+00
1.017347535430055183e+00
1.017354668177879784e+00
1.017361848460273333e+00
1.017369076263755723e+00
1.017376351574613480e+00
1.017383674378896430e+00
1.017391044662415478e+00
1.017398462410739501e+00
1.017405927609194016e+00
1.017413440242857181e+00
1.017421000296558020e+00
1.017428607754874648e+00
1.017436262602129382e+00
1.017443964822388081e+00
1.017451714399456808e+00
1.017459511316879173e+00
1.017467355557932995e+00
1.017475247105628977e+00
1.017483185942706481e+00
1.017491172051630866e+00
1.017499205414593044e+00
1.017507286013502377e+00
1.017515413829988002e+00
1.017523588845392846e+00
1.017531811040772949e+00
1.017540080396892810e+00
1.017548396894223828e+00
1.017556760512940306e+00
1.017565171232917010e+00
1.017573629033725613e+00
1.017582133894632701e+00
1.017590685794595107e+00
1.017599284712257912e+00
1.017607930625951784e+00
1.017616623513688090e+00
1.017625363353157120e+00
1.017634150121724534e+00
1.017642983796427814e+00
1.017651864353974256e+00
1.017660791770734985e+00
1.017669766022744504e+00
1.017678787085696257e+00
1.017687854934938407e+00
1.017696969545472285e+00
1.017706130891946614e+00
1.017715338948656401e+00
1.017724593689538271e+00
1.017733895088166252e+00
1.017743243117750662e+00
1.017752637751131450e+00
1.017762078960776861e+00
1.017771566718779663e+00
1.017781100996852039e+00
1.017790681766322924e+00
1.017800308998134895e+00
1.017809982662839285e+00
1.017819702730593079e+00
1.017829469171154688e+00
1.017839281953881292e+00
1.017849141047723061e+00
1.017859046421220937e+00
1.017868998042502415e+00
1.017878995879276882e+00
1.017889039898832060e+00
1.017899130068031122e+00
1.017909266353306252e+00
1.017919448720657316e+00
1.017929677135645639e+00
1.017939951563390899e+00
1.017950271968567577e+00
1.017960638315399180e+00
1.017971050567655356e+00
1.017981508688647230e+00
1.017992012641223409e+00
1.018002562387765098e+00
1.018013157890182541e+00
1.018023799109909699e+00
1.018034486007901585e+00
1.018045218544627595e+00
1.018055996680069075e+00
1.018066820373713544e+00
1.018077689584550694e+00
1.018088604271068398e+00
1.018099564391246936e+00
1.018110569902555662e+00
1.018121620761947010e+00
1.018132716925853387e+00
1.018143858350181397e+00
1.018155044990307401e+00
1.018166276801073078e+00
1.018177553736780094e+00
1.018188875751185662e+00
1.018200242797497435e+00
1.018211654828369728e+00
1.018223111795896640e+00
1.018234613651608500e+00
1.018246160346466755e+00
1.018257751830858648e+00
1.018269388054592772e+00
1.018281068966892633e+00
1.018292794516393540e+00
1.018304564651135280e+00
1.018316379318559450e+00
1.018328238465501245e+00
1.018340142038187457e+00
1.018352089982228481e+00
1.018364082242615209e+00
1.018376118763711702e+00
1.018388199489251633e+00
1.018400324362330966e+00
1.018412493325405066e+00
1.018424706320280704e+00
1.018436963288112063e+00
1.018449264169395185e+00
1.018461608903961091e+00
1.018473997430972444e+00
1.018486429688915340e+00
1.018498905615596417e+00
1.018511425148134197e+00
1.018523988222955978e+00
1.018536594775790949e+00
1.018549244741663973e+00
1.018561938054890259e+00
1.018574674649070255e+00
1.018587454457082320e+00
1.018600277411077837e+00
1.018613143442475000e+00
1.018626052481953037e+00
1.018639004459445108e+00
1.018651999304134304e+00
1.018665036944445657e+00
1.018678117308041253e+00
1.018691240321813352e+00
1.018704405911878386e+00
1.018717614003571637e+00
1.018730864521439461e+00
1.018744157389234406e+00
1.018757492529907882e+00
1.018770869865604833e+00
1.018784289317656633e+00
1.018797750806575309e+00
1.018811254252046439e+00
1.018824799572922712e+00
1.018838386687218378e+00
1.018852015512102582e+00
1.018865685963891154e+00
1.018879397958042610e+00
1.018893151409149711e+00
1.018906946230933475e+00
1.018920782336236508e+00
1.018934659637016793e+00
1.018948578044339248e+00
1.018962537468371732e+00
1.018976537818376160e+00
1.018990579002702290e+00
1.019004660928781281e+00
1.019018783503118364e+00
1.019032946631286851e+00
1.019047150217919251e+00
1.019061394166703272e+00
1.019075678380372718e+00
1.019090002760700386e+00
1.019104367208493400e+00
1.019118771623583219e+00
1.019133215904820755e+00
1.019147699950068597e+00
1.019162223656193467e+00
1.019176786919060440e+00
1.019191389633523848e+00
1.019206031693421721e+00
1.019220712991568689e+00
1.019235433419747539e+00
1.019250192868703220e+00
1.019264991228134853e+00
1.019279828386688624e+00
1.019294704231951121e+00
1.019309618650441118e+00
1.019324571527603140e+00
1.019339562747799910e+00
1.019354592194303910e+00
1.019369659749292278e+00
1.019384765293837702e+00
1.019399908707900870e+00
1.019415089870324920e+00
1.019430308658826334e+00
1.019445564949987393e+00
1.019460858619250843e+00
1.019476189540909461e+00
1.019491557588101838e+00
1.019506962632802161e+00
1.019522404545814220e+00
1.019537883196763639e+00
1.019553398454090543e+00
1.019568950185041789e+00
1.019584538255663420e+00
1.019600162530793996e+00
1.019615822874055500e+00
1.019631519147848442e+00
1.019647251213340988e+00
1.019663018930464515e+00
1.019678822157904285e+00
1.019694660753092785e+00
1.019710534572201954e+00
1.019726443470135635e+00
1.019742387300522246e+00
1.019758365915707898e+00
1.019774379166746847e+00
1.019790426903397496e+00
1.019806508974111514e+00
1.019822625226028068e+00
1.019838775504966710e+00
1.019854959655418725e+00
1.019871177520541572e+00
1.019887428942149565e+00
1.019903713760706987e+00
1.019920031815322314e+00
1.019936382943738451e+00
1.019952766982327619e+00
1.019969183766082699e+00
1.019985633128610347e+00
1.020002114902124113e+00
1.020018628917436221e+00
1.020035175003952022e+00
1.020051752989661331e+00
1.020068362701132436e+00
1.020085003963503434e+00
1.020101676600477347e+00
1.020118380434313465e+00
1.020135115285820682e+00
1.020151880974351499e+00
1.020168677317793371e+00
1.020185504132563814e+00
1.020202361233601973e+00
1.020219248434362846e+00
1.020236165546809515e+00
1.020253112381408256e+00
1.020270088747120107e+00
1.020287094451395093e+00
1.020304129300166007e+00
1.020321193097840862e+00
1.020338285647298004e+00
1.020355406749878568e+00
1.020372556205380254e+00
1.020389733812051780e+00
1.020406939366586663e+00
1.020424172664116336e+00
1.020441433498204820e+00
1.020458721660842727e+00
1.020476036942440823e+00
1.020493379131825140e+00
1.020510748016231206e+00
1.020528143381296937e+00
1.020545565011058642e+00
1.020563012687945026e+00
1.020580486192771641e+00
1.020597985304736444e+00
1.020615509801413134e+00
1.020633059458747383e+00
1.020650634051050609e+00
1.020668233350996879e+00
1.020685857129615126e+00
1.020703505156288271e+00
1.020721177198745000e+00
1.020738873023057769e+00
1.020756592393637252e+00
1.020774335073228345e+00
1.020792100822905724e+00
1.020809889402070070e+00
1.020827700568444296e+00
1.020845534078070216e+00
1.020863389685302991e+00
1.020881267142809579e+00
1.020899166201564068e+00
1.020917086610846125e+00
1.020935028118234777e+00
1.020952990469608634e+00
1.020970973409141003e+00
1.020988976679298332e+00
1.021007000020836442e+00
1.021025043172798963e+00
1.021043105872515344e+00
1.021061187855597518e+00
1.021079288855939238e+00
1.021097408605713408e+00
1.021115546835371202e+00
1.021133703273639171e+00
1.021151877647520134e+00
1.021170069682289627e+00
1.021188279101497454e+00
1.021206505626964578e+00
1.021224748978784236e+00
1.021243008875320601e+00
1.021261285033208566e+00
1.021279577167354624e+00
1.021297884990935989e+00
1.021316208215401256e+00
1.021334546550471511e+00
1.021352899704139672e+00
1.021371267382673587e+00
1.021389649290615598e+00
1.021408045130784537e+00
1.021426454604275946e+00
1.021444877410466745e+00
1.021463313247014781e+00
1.021481761809861943e+00
1.021500222793236823e+00
1.021518695889656936e+00
1.021537180789932053e+00
1.021555677183167532e+00
1.021574184756766979e+00
1.021592703196436691e+00
1.021611232186188989e+00
1.021629771408347320e+00
1.021648320543548927e+00
1.021666879270751283e+00
1.021685447267235869e+00
1.021704024208613504e+00
1.021722609768831003e+00
1.021741203620174510e+00
1.021759805433277490e+00
1.021778414877126284e+00
1.021797031619066098e+00
1.021815655324808336e+00
1.021834285658438146e+00
1.021852922282420417e+00
1.021871564857608217e+00
1.021890213043251228e+00
1.021908866497002855e+00
1.021927524874928661e+00
1.021946187831516806e+00
1.021964855019685370e+00
1.021983526090792349e+00
1.022002200694644980e+00
1.022020878479511286e+00
1.022039559092127625e+00
1.022058242177712017e+00
1.022076927379973910e+00
1.022095614341123948e+00
1.022114302701888633e+00
1.022132992101520088e+00
1.022151682177808274e+00
1.022170372567094088e+00
1.022189062904282242e+00
1.022207752822854143e+00
1.022226441954881437e+00
1.022245129931040442e+00
1.022263816380625023e+00
1.022282500931561700e+00
1.022301183210426068e+00
1.022319862842455240e+00
1.022338539451565165e+00
1.022357212660366388e+00
1.022375882090178933e+00
1.022394547361051398e+00
1.022413208091775161e+00
1.022431863899902815e+00
1.022450514401767041e+00
1.022469159212495926e+00
1.022487797946033616e+00
1.022506430215157414e+00
1.022525055631497981e+00
1.022543673805558440e+00
1.022562284346733241e+00
1.022580886863329486e+00
1.022599480962586460e+00
1.022618066250697177e+00
1.022636642332829249e+00
1.022655208813146199e+00
1.022673765294829895e+00
1.022692311380102304e+00
1.022710846670248808e+00
1.022729370765639967e+00
1.022747883265756608e+00
1.022766383769212029e+00
1.022784871873776869e+00
1.022803347176403310e+00
1.022821809273250171e+00
1.022840257759707328e+00
1.022858692230422584e+00
1.022877112279325873e+00
1.022895517499657014e+00
1.022913907483991913e+00
1.022932281824268319e+00
1.022950640111815357e+00
1.022968981937378619e+00
1.022987306891151027e+00
1.023005614562799037e+00
1.023023904541491724e+00
1.023042176415931204e+00
1.023060429774380609e+00
1.023078664204694288e+00
1.023096879294348227e+00
1.023115074630469801e+00
1.023133249799870192e+00
1.023151404389073038e+00
1.023169537984348398e+00
1.023187650171743179e+00
1.023205740537112884e+00
1.023223808666155588e+00
1.023241854144443685e+00
1.023259876557456760e+00
1.023277875490615774e+00
1.023295850529316375e+00
1.023313801258963096e+00
1.023331727265003988e+00
1.023349628132963929e+00
1.023367503448481264e+00
1.023385352797342662e+00
1.023403175765518203e+00
1.023420971939196233e+00
1.023438740904822453e+00
1.023456482249133437e+00
1.023474195559194388e+00
1.023491880422435329e+00
1.023509536426690847e+00
1.023527163160233844e+00
1.023544760211816174e+00
1.023562327170704611e+00
1.023579863626720377e+00
1.023597369170277105e+00
1.023614843392419260e+00
1.023632285884862103e+00
1.023649696240028328e+00
1.023667074051090697e+00
1.023684418912008676e+00
1.023701730417570399e+00
1.023719008163430422e+00
1.023736251746151904e+00
1.023753460763245471e+00
1.023770634813210734e+00
1.023787773495575149e+00
1.023804876410937315e+00
1.023821943161006054e+00
1.023838973348642378e+00
1.023855966577899679e+00
1.023872922454066803e+00
1.023889840583708022e+00
1.023906720574704998e+00
1.023923562036298973e+00
1.023940364579132734e+00
1.023957127815290580e+00
1.023973851358343845e+00
1.023990534823389531e+00
1.024007177827093606e+00
1.024023779987734084e+00
1.024040340925242987e+00
1.024056860261246538e+00
1.024073337619110902e+00
1.024089772623981931e+00
1.024106164902828020e+00
1.024122514084483626e+00
1.024138819799689903e+00
1.024155081681138446e+00
1.024171299363513254e+00
1.024187472483532257e+00
1.024203600679990611e+00
1.024219683593801777e+00
1.024235720868041266e+00
1.024251712147986826e+00
1.024267657081162408e+00
1.024283555317377470e+00
1.024299406508772048e+00
1.024315210309855839e+00
1.024330966377550389e+00
1.024346674371231281e+00
1.024362333952768989e+00
1.024377944786570405e+00
1.024393506539618581e+00
1.024409018881515365e+00
1.024424481484520477e+00
1.024439894023593478e+00
1.024455256176432627e+00
1.024470567623515960e+00
1.024485828048140590e+00
1.024501037136462234e+00
1.024516194577535622e+00
1.024531300063352690e+00
1.024546353288881217e+00
1.024561353952104348e+00
1.024576301754057894e+00
1.024591196398869641e+00
1.024606037593795982e+00
1.024620825049259665e+00
1.024635558478887543e+00
1.024650237599546099e+00
1.024664862131379195e+00
1.024679431797843598e+00
1.024693946325743621e+00
1.024708405445269310e+00
1.024722808890027981e+00
1.024737156397081295e+00
1.024751447706979013e+00
1.024765682563791636e+00
1.024779860715145041e+00
1.024793981912253127e+00
1.024808045909949561e+00
1.024822052466720868e+00
1.024836001344737291e+00
1.024849892309884325e+00
1.024863725131793579e+00
1.024877499583871421e+00
1.024891215443331838e+00
1.024904872491221752e+00
1.024918470512452551e+00
1.024932009295826951e+00
1.024945488634067203e+00
1.024958908323841733e+00
1.024972268165791345e+00
1.024985567964556310e+00
1.024998807528801237e+00
1.025011986671239272e+00
1.025025105208657639e+00
1.025038162961940058e+00
1.025051159756090735e+00
1.025064095420256560e+00
1.025076969787748871e+00
1.025089782696065210e+00
1.025102533986908648e+00
1.025115223506209983e+00
1.025127851104145282e+00
1.025140416635155427e+00
1.025152919957963871e+00
1.025165360935594183e+00
1.025177739435387148e+00
1.025190055329016747e+00
1.025202308492505043e+00
1.025214498806237273e+00
1.025226626154976950e+00
1.025238690427877186e+00
1.025250691518495127e+00
1.025262629324803498e+00
1.025274503749201038e+00
1.025286314698524714e+00
1.025298062084057715e+00
1.025309745821540108e+00
1.025321365831176834e+00
1.025332922037644590e+00
1.025344414370099821e+00
1.025355842762185166e+00
1.025367207152033888e+00
1.025378507482275436e+00
1.025389743700038769e+00
1.025400915756956799e+00
1.025412023609167944e+00
1.025423067217318351e+00
1.025434046546562339e+00
1.025444961566563951e+00
1.025455812251494958e+00
1.025466598580035305e+00
1.025477320535369774e+00
1.025487978105185327e+00
1.025498571281668880e+00
1.025509100061501533e+00
1.025519564445854570e+00
1.025529964440383912e+00
1.025540300055221898e+00
1.025550571304972625e+00
1.025560778208700841e+00
1.025570920789926621e+00
1.025580999076612709e+00
1.025591013101156301e+00
1.025600962900376834e+00
1.025610848515504658e+00
1.025620669992168832e+00
1.025630427380382681e+00
1.025640120734530925e+00
1.025649750113355019e+00
1.025659315579936059e+00
1.025668817201679683e+00
1.025678255050300081e+00
1.025687629201799567e+00
1.025696939736452595e+00
1.025706186738785108e+00
1.025715370297555440e+00
1.025724490505733666e+00
1.025733547460479400e+00
1.025742541263120700e+00
1.025751472019130750e+00
1.025760339838104773e+00
1.025769144833736046e+00
1.025777887123789700e+00
1.025786566830079405e+00
1.025795184078439171e+00
1.025803738998697368e+00
1.025812231724649637e+00
1.025820662394029803e+00
1.025829031148480563e+00
1.025837338133526178e+00
1.025845583498540048e+00
1.025853767396714300e+00
1.025861889985029363e+00
1.025869951424221105e+00
1.025877951878748418e+00
1.025885891516759685e+00
1.025893770510059255e+00
1.025901589034072137e+00
1.025909347267810023e+00
1.025917045393835547e+00
1.025924683598224529e+00
1.025932262070531120e+00
1.025939781003748941e+00
1.025947240594273779e+00
1.025954641041865623e+00
1.025961982549608686e+00
1.025969265323872337e+00
1.025976489574271344e+00
1.025983655513625026e+00
1.025990763357915725e+00
1.025997813326247954e+00
1.026004805640806428e+00
1.026011740526813210e+00
1.026018618212484190e+00
1.026025438928987121e+00
1.026032202910396318e+00
1.026038910393649140e+00
1.026045561618500912e+00
1.026052156827479411e+00
1.026058696265840897e+00
1.026065180181521708e+00
1.026071608825093850e+00
1.026077982449717263e+00
1.026084301311093183e+00
1.026090565667415522e+00
1.026096775779325565e+00
1.026102931909860683e+00
1.026109034324407254e+00
1.026115083290653152e+00
1.026121079078535336e+00
1.026127021960193453e+00
1.026132912209918757e+00
1.026138750104103936e+00
1.026144535921192258e+00
1.026150269941628945e+00
1.026155952447807884e+00
1.026161583724022108e+00
1.026167164056412062e+00
1.026172693732913865e+00
1.026178173043207131e+00
1.026183602278663676e+00
1.026188981732295336e+00
1.026194311698700234e+00
1.026199592474012157e+00
1.026204824355846146e+00
1.026210007643246103e+00
1.026215142636632383e+00
1.026220229637747394e+00
1.026225268949603642e+00
1.026230260876428213e+00
1.026235205723611266e+00
1.026240103797651626e+00
1.026244955406101500e+00
1.026249760857515625e+00
1.026254520461393982e+00
1.026259234528130060e+00
1.026263903368956010e+00
1.026268527295888466e+00
1.026273106621673703e+00
1.026277641659735007e+00
1.026282132724116503e+00
1.026286580129430082e+00
1.026290984190801669e+00
1.026295345223814381e+00
1.026299663544457452e+00
1.026303939469069615e+00
1.026308173314285810e+00
1.026312365396983228e+00
1.026316516034226023e+00
1.026320625543212239e+00
1.026324694241219859e+00
1.026328722445551067e+00
1.026332710473480958e+00
1.026336658642201582e+00
1.026340567268768655e+00
1.026344436670048488e+00
1.026348267162663586e+00
1.026352059062940469e+00
1.026355812686854163e+00
1.026359528349977124e+00
1.026363206367424841e+00
1.026366847053803655e+00
1.026370450723157024e+00
1.026374017688914009e+00
1.026377548263835093e+00
1.026381042759962448e+00
1.026384501488564194e+00
1.026387924760085557e+00
1.026391312884095797e+00
1.026394666169236025e+00
1.026397984923168583e+00
1.026401269452525744e+00
1.026404520062857539e+00
1.026407737058582903e+00
1.026410920742937050e+00
1.026414071417922402e+00
1.026417189384258188e+00
1.026420274941329591e+00
1.026423328387139122e+00
1.026426350018256883e+00
1.026429340129771051e+00
1.026432299015239247e+00
1.026435226966639469e+00
1.026438124274322128e+00
1.026440991226961197e+00
1.026443828111506917e+00
1.026446635213138281e+00
1.026449412815214846e+00
1.026452161199229884e+00
1.026454880644764867e+00
1.026457571429441273e+00
1.026460233828874857e+00
1.026462868116630345e+00
1.026465474564175917e+00
1.026468053440836581e+00
1.026470605013750426e+00
1.026473129547824215e+00
1.026475627305686977e+00
1.026478098547649376e+00
1.026480543531656187e+00
1.026482962513246111e+00
1.026485355745507144e+00
1.026487723479033498e+00
1.026490065961884524e+00
1.026492383439541634e+00
1.026494676154867447e+00
1.026496944348063600e+00
1.026499188256630113e+00
1.026501408115324976e+00
1.026503604156123295e+00
1.026505776608178211e+00
1.026507925697779822e+00
1.026510051648318100e+00
1.026512154680241817e+00
1.026514235011021681e+00
1.026516292855111478e+00
1.026518328423910109e+00
1.026520341925724722e+00
1.026522333565733414e+00
1.026524303545949035e+00
1.026526252065181666e+00
1.026528179319004863e+00
1.026530085499717693e+00
1.026531970796311422e+00
1.026533835394434213e+00
1.026535679476356933e+00
1.026537503220938286e+00
1.026539306803592844e+00
1.026541090396256850e+00
1.026542854167354690e+00
1.026544598281768916e+00
1.026546322900806274e+00
1.026548028182165506e+00
1.026549714279909153e+00
1.026551381344429803e+00
1.026553029522421223e+00
1.026554658956848165e+00
1.026556269786916387e+00
1.026557862148043787e+00
1.026559436171832207e+00
1.026560991986038340e+00
1.026562529714546201e+00
1.026564049477339369e+00
1.026565551390474340e+00
1.026567035566053887e+00
1.026568502112200187e+00
1.026569951133029734e+00
1.026571382728628024e+00
1.026572796995023573e+00
1.026574194024165276e+00
1.026575573903895755e+00
1.026576936717930488e+00
1.026578282545832721e+00
1.026579611462991704e+00
1.026580923540599599e+00
1.026582218845629502e+00
1.026583497440815451e+00
1.026584759384629786e+00
1.026586004731263602e+00
1.026587233530605880e+00
1.026588445828224394e+00
1.026589641665347052e+00
1.026590821078841476e+00
1.026591984101198340e+00
1.026593130760512729e+00
1.026594261080467696e+00
1.026595375080315398e+00
1.026596472774863322e+00
1.026597554174456528e+00
1.026598619284962322e+00
1.026599668107756491e+00
1.026600700639706876e+00
1.026601716873161152e+00
1.026602716795932402e+00
1.026603700391286011e+00
1.026604667637927015e+00
1.026605618509988993e+00
1.026606552977021192e+00
1.026607471003978311e+00
1.026608372551209625e+00
1.026609257574448764e+00
1.026610126024804837e+00
1.026610977848752437e+00
1.026611812988124095e+00
1.026612631380101170e+00
1.026613432957207195e+00
1.026614217647300764e+00
1.026614985373569766e+00
1.026615736054523387e+00
1.026616469603989223e+00
1.026617185931107290e+00
1.026617884940325576e+00
1.026618566531396937e+00
1.026619230599375321e+00
1.026619877034614214e+00
1.026620505722763532e+00
1.026621116544768286e+00
1.026621709376869029e+00
1.026622284090599191e+00
1.026622840552787963e+00
1.026623378625558747e+00
1.026623898166333149e+00
1.026624399027829870e+00
1.026624881058070926e+00
1.026625344100381643e+00
1.026625787993397321e+00
1.026626212571065233e+00
1.026626617662651508e+00
1.026627003092746904e+00
1.026627368681270802e+00
1.026627714243481870e+00
1.026628039589982500e+00
1.026628344526728576e+00
1.026628628855038805e+00
1.026628892371603596e+00
1.026629134868494830e+00
1.026629356133178295e+00
1.026629555948523898e+00
1.026629734092818769e+00
1.026629890339779694e+00
1.026630024458567547e+00
1.026630136213801059e+00
1.026630225365571913e+00
1.026630291669460515e+00
1.026630334876553086e+00
1.026630354733457651e+00
1.026630350982323581e+00
1.026630323360859132e+00
1.026630271602351208e+00
1.026630195435685344e+00
1.026630094585367026e+00
1.026629968771542778e+00
1.026629817710023485e+00
1.026629641112306590e+00
1.026629438685600526e+00
1.026629210132850023e+00
1.026628955152760536e+00
1.026628673439825334e+00
1.026628364684353034e+00
1.026628028572493800e+00
1.026627664786270433e+00
1.026627273003606566e+00
1.026626852898356423e+00
1.026626404140337900e+00
1.026625926395363209e+00
1.026625419325271515e+00
1.026624882587964915e+00
1.026624315837439738e+00
1.026623718723824741e+00
1.026623090893415746e+00
1.026622431988713835e+00
1.026621741648462205e+00
1.026621019507686583e+00
1.026620265197733861e+00
1.026619478346312508e+00
1.026618658577536092e+00
1.026617805511963466e+00
1.026616918766642961e+00
1.026615997955157011e+00
1.026615042687667012e+00
1.026614052570959723e+00
1.026613027208493012e+00
1.026611966200445814e+00
1.026610869143764981e+00
1.026609735632216358e+00
1.026608565256434735e+00
1.026607357603976034e+00
1.026606112259369485e+00
1.026604828804171143e+00
1.026603506817018285e+00
1.026602145873684702e+00
1.026600745547137983e+00
1.026599305407594809e+00
1.026597825022581345e+00
1.026596303956991196e+00
1.026594741773144692e+00
1.026593138030852614e+00
1.026591492287475482e+00
1.026589804097987280e+00
1.026588073015040958e+00
1.026586298589030610e+00
1.026584480368159857e+00
1.026582617898506467e+00
1.026580710724091627e+00
1.026578758386947898e+00
1.026576760427188706e+00
1.026574716383079622e+00
1.026572625791108972e+00
1.026570488186060448e+00
1.026568303101087043e+00
1.026566070067784775e+00
1.026563788616268180e+00
1.026561458275246030e+00
1.026559078572099271e+00
1.026556649032957846e+00
1.026554169182780418e+00
1.026551638545433631e+00
1.026549056643773605e+00
1.026546422999726094e+00
1.026543737134370637e+00
1.026540998568021834e+00
1.026538206820315491e+00
1.026535361410292779e+00
1.026532461856485945e+00
1.026529507677005126e+00
1.026526498389626063e+00
1.026523433511878469e+00
1.026520312561134851e+00
1.026517135054701324e+00
1.026513900509907762e+00
1.026510608444198613e+00
1.026507258375226161e+00
1.026503849820944225e+00
1.026500382299699421e+00
1.026496855330328639e+00
1.026493268432252082e+00
1.026489621125569851e+00
1.026485912931158762e+00
1.026482143370768929e+00
1.026478311967122359e+00
1.026474418244010423e+00
1.026470461726393779e+00
1.026466441940501850e+00
1.026462358413932741e+00
1.026458210675753380e+00
1.026453998256603217e+00
1.026449720688792144e+00
1.026445377506407297e+00
1.026440968245411423e+00
1.026436492443749238e+00
1.026431949641449126e+00
1.026427339380728387e+00
1.026422661206096709e+00
1.026417914664461417e+00
1.026413099305232057e+00
1.026408214680425868e+00
1.026403260344773694e+00
1.026398235855825014e+00
1.026393140774054746e+00
1.026387974662969604e+00
1.026382737089213570e+00
1.026377427622674698e+00
1.026372045836593028e+00
1.026366591307664944e+00
1.026361063616152425e+00
1.026355462345987402e+00
1.026349787084880338e+00
1.026344037424426148e+00
1.026338212960210994e+00
1.026332313291917764e+00
1.026326338023435092e+00
1.026320286762959499e+00
1.026314159123104863e+00
1.026307954721006777e+00
1.026301673178427354e+00
1.026295314121861590e+00
1.026288877182640835e+00
1.026282361997038262e+00
1.026275768206371897e+00
1.026269095457108538e+00
1.026262343400966337e+00
1.026255511695018718e+00
1.026248600001793188e+00
1.026241607989375915e+00
1.026234535331510322e+00
1.026227381707697450e+00
1.026220146803295208e+00
1.026212830309616963e+00
1.026205431924028799e+00
1.026197951350046988e+00
1.026190388297433032e+00
1.026182742482289356e+00
1.026175013627152355e+00
1.026167201461087419e+00
1.026159305719778647e+00
1.026151326145620768e+00
1.026143262487809515e+00
1.026135114502430223e+00
1.026126881952543313e+00
1.026118564608273775e+00
1.026110162246893109e+00
1.026101674652905249e+00
1.026093101618128056e+00
1.026084442941773034e+00
1.026075698430527261e+00
1.026066867898629775e+00
1.026057951167947957e+00
1.026048948068053690e+00
1.026039858436295971e+00
1.026030682117872628e+00
1.026021418965901155e+00
1.026012068841486879e+00
1.026002631613788907e+00
1.025993107160086293e+00
1.025983495365841103e+00
1.025973796124758142e+00
1.025964009338847349e+00
1.025954134918478200e+00
1.025944172782437436e+00
1.025934122857982800e+00
1.025923985080892775e+00
1.025913759395518765e+00
1.025903445754830834e+00
1.025893044120463671e+00
1.025882554462761220e+00
1.025871976760815096e+00
1.025861311002506993e+00
1.025850557184542655e+00
1.025839715312488298e+00
1.025828785400801912e+00
1.025817767472864794e+00
1.025806661561006639e+00
1.025795467706533737e+00
1.025784185959750516e+00
1.025772816379980856e+00
1.025761359035585407e+00
1.025749814003978910e+00
1.025738181371642854e+00
1.025726461234135911e+00
1.025714653696103262e+00
1.025702758871283482e+00
1.025690776882509203e+00
1.025678707861712002e+00
1.025666551949917737e+00
1.025654309297243882e+00
1.025641980062893532e+00
1.025629564415144968e+00
1.025617062531340995e+00
1.025604474597874294e+00
1.025591800810171206e+00
1.025579041372671529e+00
1.025566196498807647e+00
1.025553266410978992e+00
1.025540251340525844e+00
1.025527151527699132e+00
1.025513967221628686e+00
1.025500698680288370e+00
1.025487346170459224e+00
1.025473909967688169e+00
1.025460390356247586e+00
1.025446787629089140e+00
1.025433102087796922e+00
1.025419334042537045e+00
1.025405483812005691e+00
1.025391551723374484e+00
1.025377538112232312e+00
1.025363443322526269e+00
1.025349267706499257e+00
1.025335011624625370e+00
1.025320675445542395e+00
1.025306259545984311e+00
1.025291764310706899e+00
1.025277190132416472e+00
1.025262537411691710e+00
1.025247806556906172e+00
1.025232997984147465e+00
1.025218112117134428e+00
1.025203149387131196e+00
1.025188110232861716e+00
1.025172995100418927e+00
1.025157804443174836e+00
1.025142538721686147e+00
1.025127198403599227e+00
1.025111783963553513e+00
1.025096295883081599e+00
1.025080734650508418e+00
1.025065100760849335e+00
1.025049394715704665e+00
1.025033617023153765e+00
1.025017768197646673e+00
1.025001848759895751e+00
1.024985859236762886e+00
1.024969800161147582e+00
1.024953672071873712e+00
1.024937475513572060e+00
1.024921211036564195e+00
1.024904879196745000e+00
1.024888480555461445e+00
1.024872015679392900e+00
1.024855485140428124e+00
1.024838889515543361e+00
1.024822229386677108e+00
1.024805505340604661e+00
1.024788717968812435e+00
1.024771867867371844e+00
1.024754955636808962e+00
1.024737981881977067e+00
1.024720947211928301e+00
1.024703852239780666e+00
1.024686697582589900e+00
1.024669483861216479e+00
1.024652211700194826e+00
1.024634881727599200e+00
1.024617494574913579e+00
1.024600050876896207e+00
1.024582551271447706e+00
1.024564996399476513e+00
1.024547386904766100e+00
1.024529723433840189e+00
1.024512006635830197e+00
1.024494237162339338e+00
1.024476415667311180e+00
1.024458542806894190e+00
1.024440619239308514e+00
1.024422645624713413e+00
1.024404622625073813e+00
1.024386550904027526e+00
1.024368431126753354e+00
1.024350263959838969e+00
1.024332050071149247e+00
1.024313790129697033e+00
1.024295484805511691e+00
1.024277134769509434e+00
1.024258740693364977e+00
1.024240303249384088e+00
1.024221823110376572e+00
1.024203300949527273e+00
1.024184737440274606e+00
1.024166133256183553e+00
1.024147489070821759e+00
1.024128805557639410e+00
1.024110083389845993e+00
1.024091323240290174e+00
1.024072525781341447e+00
1.024053691684772005e+00
1.024034821621639946e+00
1.024015916262174475e+00
1.023996976275660886e+00
1.023978002330328430e+00
1.023958995093240176e+00
1.023939955230181331e+00
1.023920883405551985e+00
1.023901780282260088e+00
1.023882646521616424e+00
1.023863482783229584e+00
1.023844289724905821e+00
1.023825068002546690e+00
1.023805818270050683e+00
1.023786541179216858e+00
1.023767237379647810e+00
1.023747907518656408e+00
1.023728552241174317e+00
1.023709172189660954e+00
1.023689768004014233e+00
