1.000603444564682754e+00
1.000676999298337089e+00
1.000797426190961126e+00
1.000936113335497923e+00
1.001082702253281109e+00
1.001233171010072809e+00
1.001386946663313404e+00
1.001545259282168754e+00
1.001709779447976567e+00
1.001881638993165069e+00
1.002060961933522787e+00
1.002246892763607011e+00
1.002437990906859477e+00
1.002632737901193227e+00
1.002829841846020198e+00
1.003028144173900404e+00
1.003226215106410635e+00
1.003421977207415328e+00
1.003612745019746066e+00
1.003795863955801781e+00
1.003969743002913972e+00
1.004134718841344753e+00
1.004293182633279269e+00
1.004448849211486694e+00
1.004605588784681869e+00
1.004766398739443067e+00
1.004932853185619646e+00
1.005105079049742223e+00
1.005282146736451887e+00
1.005462652534926393e+00
1.005645185504011163e+00
1.005828428122517160e+00
1.006010882303755682e+00
1.006190495535271623e+00
1.006364585938982259e+00
1.006530335775777107e+00
1.006685771935377893e+00
1.006830750049012124e+00
1.006967320910930663e+00
1.007099195636082634e+00
1.007230603843439987e+00
1.007365139478336946e+00
1.007505030811838509e+00
1.007650956224189986e+00
1.007802327493710903e+00
1.007957847653443650e+00
1.008116051706860361e+00
1.008275541840138345e+00
1.008434822869256120e+00
1.008591936031820957e+00
1.008744275394435785e+00
1.008888918450130845e+00
1.009023506907271273e+00
1.009147299452355817e+00
1.009261768895688416e+00
1.009370316235472798e+00
1.009477235386300409e+00
1.009586490069399600e+00
1.009700823673111980e+00
1.009821410966999844e+00
1.009948016759654177e+00
1.010079499322006580e+00
1.010214391292714620e+00
1.010351250231474429e+00
1.010488609012152317e+00
1.010624639400939273e+00
1.010756878989598651e+00
1.010882395047502103e+00
1.010998528515169248e+00
1.011103959868107305e+00
1.011199504538330629e+00
1.011288099143174524e+00
1.011373935267227298e+00
1.011461221148008516e+00
1.011553151400903072e+00
1.011651390903574255e+00
1.011756093904379483e+00
1.011866328181445507e+00
1.011980666422961583e+00
1.012097634067457896e+00
1.012215781888875732e+00
1.012333407582408640e+00
1.012448223361398503e+00
1.012557363198081539e+00
1.012657965052104814e+00
1.012748195418252894e+00
1.012828194987545727e+00
1.012900337101910520e+00
1.012968580073795088e+00
1.013037269856829070e+00
1.013109997070791746e+00
1.013188913566620553e+00
1.013274599905559681e+00
1.013366388797223738e+00
1.013462938111260758e+00
1.013562753851021014e+00
1.013664386336028400e+00
1.013766236174403756e+00
1.013866197406144476e+00
1.013961528631310172e+00
1.014049260728430601e+00
1.014127131605670584e+00
1.014194625559542651e+00
1.014253484853783416e+00
1.014307316577609974e+00
1.014360494409656255e+00
1.014416939830405262e+00
1.014479278220091985e+00
1.014548545649917921e+00
1.014624393202606889e+00
1.014705614147801027e+00
1.014790715996185311e+00
1.014878233941646668e+00
1.014966641936421388e+00
1.015054006983015178e+00
1.015137752126639814e+00
1.015214888668281912e+00
1.015282821895927778e+00
1.015340424882291703e+00
1.015388768170955247e+00
1.015431001554806922e+00
1.015471411343945363e+00
1.015514171593186799e+00
1.015562354326082550e+00
1.015617469986493937e+00
1.015679537079393180e+00
1.015747538293852781e+00
1.015820013288115220e+00
1.015895475644013723e+00
1.015972442371464668e+00
1.016049133003570359e+00
1.016123157540574251e+00
1.016191582875669130e+00
1.016251581372676460e+00
1.016301481794865902e+00
1.016341669686023463e+00
1.016374747203520279e+00
1.016404796127172272e+00
1.016436152020993244e+00
1.016472292144336986e+00
1.016515208259186398e+00
1.016565328725736350e+00
1.016621881155574503e+00
1.016683476978840872e+00
1.016748611887913878e+00
1.016815818896534829e+00
1.016883441800178867e+00
1.016949284029809331e+00
1.017010528267485503e+00
1.017064211573615484e+00
1.017108201908756060e+00
1.017142213543215323e+00
1.017168230608544555e+00
1.017190015557132288e+00
1.017211963261766439e+00
1.017237899814963153e+00
1.017270292072696147e+00
1.017310012087613069e+00
1.017356586843650268e+00
1.017408746519191443e+00
1.017464983668772582e+00
1.017523826617268590e+00
1.017583710960792143e+00
1.017642625942629664e+00
1.017697913748517813e+00
1.017746566633351613e+00
1.017786086209291785e+00
1.017815554468718853e+00
1.017836290587505799e+00
1.017851630395429918e+00
1.017865917530166531e+00
1.017883255699717049e+00
1.017906566535288881e+00
1.017937189376837637e+00
1.017975001522403833e+00
1.018018904062839791e+00
1.018067412077374723e+00
1.018119037283622408e+00
1.018172273988655174e+00
1.018225278088167984e+00
1.018275578099974155e+00
1.018320200732601544e+00
1.018356380806575201e+00
1.018382629159359620e+00
1.018399578835028185e+00
1.018410044564966643e+00
1.018418203678942868e+00
1.018428352354545208e+00
1.018443831932194454e+00
1.018466461011978463e+00
1.018496512373472385e+00
1.018533112902154425e+00
1.018574835859625605e+00
1.018620174887657548e+00
1.018667652676794821e+00
1.018715564130440177e+00
1.018761634687812778e+00
1.018802990508974826e+00
1.018836698616057745e+00
1.018860777596100498e+00
1.018875179684823884e+00
1.018882121812141772e+00
1.018885500019466317e+00
1.018889705541415669e+00
1.018898449237029880e+00
1.018914028124156879e+00
1.018937147812564170e+00
1.018967215978095142e+00
1.019002908128398222e+00
1.019042709699975013e+00
1.019085147263606883e+00
1.019128622000556206e+00
1.019171052207466399e+00
1.019209712378974508e+00
1.019241595037828851e+00
1.019264318005620451e+00
1.019277183621120075e+00
1.019281756200424383e+00
1.019281540778852468e+00
1.019280916511609680e+00
1.019283898477962635e+00
1.019293247430744342e+00
1.019310129533546938e+00
1.019334285771394510e+00
1.019364544243661630e+00
1.019399403457789788e+00
1.019437377738295680e+00
1.019476940264708809e+00
1.019516185830110722e+00
1.019552569333405545e+00
1.019583092091949084e+00
1.019605069593477298e+00
1.019617208291268895e+00
1.019620389865699028e+00
1.019617629276115878e+00
1.019613180220806381e+00
1.019611282184072820e+00
1.019615130309925011e+00
1.019626367850374526e+00
1.019645116691083597e+00
1.019670411659417075e+00
1.019700796276868715e+00
1.019734766753200184e+00
1.019770835887760407e+00
1.019807249242860925e+00
1.019841657750749198e+00
1.019871141511769608e+00
1.019892813416886757e+00
1.019904857308585822e+00
1.019907468401842987e+00
1.019903088341591602e+00
1.019895730116186838e+00
1.019889764630000695e+00
1.019888776876159531e+00
1.019894891210292975e+00
1.019908650863561972e+00
1.019929352642866771e+00
1.019955626234502866e+00
1.019985955223015051e+00
1.020018864708041040e+00
1.020052719228694560e+00
1.020085366252546200e+00
1.020114019151082463e+00
1.020135683996123976e+00
1.020148109706892292e+00
1.020150827154570283e+00
1.020145641790542124e+00
1.020136213818191084e+00
1.020126941651396280e+00
1.020121740255499621e+00
1.020123205479509743e+00
1.020132333258645829e+00
1.020148736062375772e+00
1.020171178061034745e+00
1.020198147333580607e+00
1.020228161700016845e+00
1.020259670286562059e+00
1.020290704567341056e+00
1.020318649097882613e+00
1.020340490373433884e+00
1.020353639029255355e+00
1.020357007793739612e+00
1.020351726849346274e+00
1.020341000137082954e+00
1.020329141950568008e+00
1.020320322426820692e+00
1.020317584798311916e+00
1.020322398324311042e+00
1.020334740704215815e+00
1.020353563636746230e+00
1.020377387907092537e+00
1.020404714268794422e+00
1.020434042884722281e+00
1.020463566382497911e+00
1.020490861832321183e+00
1.020512971201926522e+00
1.020527066787702442e+00
1.020531510119623064e+00
1.020526742860662583e+00
1.020515423179409131e+00
1.020501666028207133e+00
1.020489808108263396e+00
1.020483300823656236e+00
1.020484095253781698e+00
1.020492577469329643e+00
1.020507941806068519e+00
1.020528779789003693e+00
1.020553576429751530e+00
1.020580853431578561e+00
1.020608934534166679e+00
1.020635595032233667e+00
1.020657992618557941e+00
1.020673159075760505e+00
1.020678987920534908e+00
1.020675245263058972e+00
1.020663972815602394e+00
1.020648972263186627e+00
1.020634646418037139e+00
1.020624800294514412e+00
1.020621862016291903e+00
1.020626660717929290e+00
1.020638687842611247e+00
1.020656651633465195e+00
1.020679034320491674e+00
1.020704356521415557e+00
1.020731039237744664e+00
1.020757047874639278e+00
1.020779699812550678e+00
1.020795977168829083e+00
1.020803399591517557e+00
1.020801095541373549e+00
1.020790442317679680e+00
1.020774821066747995e+00
1.020758591304879559e+00
1.020745841977645174e+00
1.020739459278838357e+00
1.020740739922289197e+00
1.020749523692690897e+00
1.020764687150072181e+00
1.020784734064698274e+00
1.020808170473646026e+00
1.020833480414711669e+00
1.020858799941597450e+00
1.020881633392566545e+00
1.020898993072953953e+00
1.020908124236278081e+00
1.020907577698900948e+00
1.020898043687664014e+00
1.020882387641746325e+00
1.020864811242429449e+00
1.020849603432651520e+00
1.020840074617699322e+00
1.020838001971945630e+00
1.020843619231864174e+00
1.020856025897471708e+00
1.020873781940323521e+00
1.020895376031508928e+00
1.020919323940857826e+00
1.020943904543856640e+00
1.020966820325785118e+00
1.020985179635025997e+00
1.020996052579457025e+00
1.020997490309327516e+00
1.020989499604519013e+00
1.020974352223563475e+00
1.020955976979371460e+00
1.020938766269592790e+00
1.020926405587648356e+00
1.020921152596547810e+00
1.020923672854683106e+00
1.020933343754166556e+00
1.020948824798608268e+00
1.020968596031258446e+00
1.020991179544900040e+00
1.021014964151106597e+00
1.021037847096292195e+00
1.021057082728848986e+00
1.021069659932491103e+00
1.021073221087231975e+00
1.021067118744340529e+00
1.021052974486752030e+00
1.021034333950011641e+00
1.021015586378817064e+00
1.021000728006051128e+00
1.020992483154229191e+00
1.020991977507192949e+00
1.020998918988909709e+00
1.021012116461205821e+00
1.021030061617999696e+00
1.021051265841481426e+00
1.021074193371699579e+00
1.021096920505639050e+00
1.021116880860535980e+00
1.021131066342232829e+00
1.021136808814794072e+00
1.021132859105611024e+00
1.021120156680201063e+00
1.021101763864884493e+00
1.021081953560173394e+00
1.021064953772928607e+00
1.021053927017030016e+00
1.021050476288416498e+00
1.021054687902191782e+00
1.021065573888206846e+00
1.021081668655313246e+00
1.021101466060262419e+00
1.021123473015077110e+00
1.021145919657266088e+00
1.021166435714804921e+00
1.021182087304551178e+00
1.021189995757104452e+00
1.021188382261667194e+00
1.021177498346274692e+00
1.021159838335186754e+00
1.021139443362381272e+00
1.021120680963753857e+00
1.021107108229088789e+00
1.021100810231994283e+00
1.021102292540018830e+00
1.021110825469695893e+00
1.021125026549682069e+00
1.021143376617446918e+00
1.021164397368679477e+00
1.021186441288958857e+00
1.021207335836593622e+00
1.021224277172490202e+00
1.021234272501096552e+00
1.021235100269431983e+00
1.021226344278379550e+00
1.021209866213024675e+00
1.021189362821410374e+00
1.021169237845448219e+00
1.021153384052881252e+00
1.021144359854350370e+00
1.021143122000668146e+00
1.021149252846920596e+00
1.021161500779367293e+00
1.021178349751910019e+00
1.021198315905333276e+00
1.021219839715993061e+00
1.021240934775926146e+00
1.021258966585582462e+00
1.021270916409405149e+00
1.021274216230812826e+00
1.021267826619749242e+00
1.021252935586753452e+00
1.021232791084749625e+00
1.021211721798159999e+00
1.021193882370556860e+00
1.021182281432651884e+00
1.021178348269143887e+00
1.021182027115993041e+00
1.021192249878258629e+00
1.021207530910647199e+00
1.021226370100500880e+00
1.021247262115247523e+00
1.021268384510797711e+00
1.021287294782073030e+00
1.021301024473487695e+00
1.021306759114937179e+00
1.021302901593219126e+00
1.021289950945886371e+00
1.021270615510464275e+00
1.021249033758538260e+00
1.021229534555188057e+00
1.021215538638027276e+00
1.021208957203951773e+00
1.021210139986729715e+00
1.021218257358345927e+00
1.021231891298923333e+00
1.021249525763455956e+00
1.021269679601353841e+00
1.021290664689766370e+00
1.021310237415385291e+00
1.021325541162764416e+00
1.021333613289179931e+00
1.021332381168302383e+00
1.021321665817964686e+00
1.021303563628322308e+00
1.021281908625946588e+00
1.021261104265101638e+00
1.021244929994014505e+00
1.021235775163401804e+00
1.021234430357789824e+00
1.021240358957204997e+00
1.021252255909195217e+00
1.021268601174296409e+00
1.021287914424032550e+00
1.021308608110495175e+00
1.021328630389249481e+00
1.021345281804814542e+00
1.021355543180315628e+00
1.021356959930077801e+00
1.021348711098895468e+00
1.021332231262660706e+00
1.021310942007537470e+00
1.021289212561986792e+00
1.021271112578863161e+00
1.021259491716754120e+00
1.021255606748818545e+00
1.021259265592023624e+00
1.021269327335020849e+00
1.021284291297187785e+00
1.021302663580424319e+00
1.021322922805256272e+00
1.021343190187425698e+00
1.021360952028897096e+00
1.021373213524691348e+00
1.021377237449180964e+00
1.021371619290955213e+00
1.021357107086419358e+00
1.021336613662060078e+00
1.021314359752303780e+00
1.021294622388626561e+00
1.021280678886122617e+00
1.021274266047141444e+00
1.021275582435411611e+00
1.021283705709911782e+00
1.021297188359706620e+00
1.021314519139270960e+00
1.021334211093532174e+00
1.021354531160798107e+00
1.021373163817278495e+00
1.021387205720561298e+00
1.021393736517602457e+00
1.021390844890362359e+00
1.021378593867274143e+00
1.021359307997530053e+00
1.021336944363062216e+00
1.021315891790467001e+00
1.021299807374822510e+00
1.021290909047005036e+00
1.021289824565910109e+00
1.021295905153023265e+00
1.021307799117311621e+00
1.021323985585017358e+00
1.021342985956846361e+00
1.021363180221001254e+00
1.021382448710425050e+00
1.021398030837288973e+00
1.021406917680807824e+00
1.021406781205084879e+00
1.021397026661087670e+00
1.021379331963286896e+00
1.021357279664471873e+00
1.021335264501679774e+00
1.021317260238814750e+00
1.021305953265456923e+00
1.021302429668621503e+00
1.021306367134884985e+00
1.021316559143890412e+00
1.021331494493635805e+00
1.021349685077208136e+00
1.021369589363314567e+00
1.021389268691806240e+00
1.021406139850540074e+00
1.021417190545349740e+00
1.021419773919997942e+00
1.021412688197814944e+00
1.021396930644907775e+00
1.021375608132562451e+00
1.021353008520087258e+00
1.021333344443212221e+00
1.021319743504664368e+00
1.021313768261285393e+00
1.021315471189142565e+00
1.021323844497609601e+00
1.021337416843109303e+00
1.021354682853532925e+00
1.021374146399634864e+00
1.021394025234738212e+00
1.021411931656497352e+00
1.021424922365050225e+00
1.021430131754685000e+00
1.021425821691189562e+00
1.021412300822802877e+00
1.021392114203065082e+00
1.021369327403510496e+00
1.021348300715980706e+00
1.021332560597496553e+00
1.021324151899033028e+00
1.021323543389781818e+00
1.021329981106080087e+00
1.021342073241648496e+00
1.021358300672207342e+00
1.021377184228033919e+00
1.021397066932435038e+00
1.021415759375456700e+00
1.021430444407172455e+00
1.021438134577230761e+00
1.021436641290014657e+00
1.021425602699578050e+00
1.021406935607792832e+00
1.021384370252212070e+00
1.021362312069970413e+00
1.021344628727337556e+00
1.021333839771985996e+00
1.021330862990886601e+00
1.021335252199503607e+00
1.021345742330600048e+00
1.021360815663833854e+00
1.021378988904593665e+00
1.021398696060773936e+00
1.021417935393460041e+00
1.021434056576100202e+00
1.021444039345424937e+00
1.021445340380005895e+00
1.021436969946732720e+00
1.021420173513822194e+00
1.021398240692322545e+00
1.021375511317040408e+00
1.021356121661125549e+00
1.021343044060495142e+00
1.021337667592326692e+00
1.021339904098895968e+00
1.021348667591708725e+00
1.021362468133957258e+00
1.021379806721870231e+00
1.021399174348656791e+00
1.021418735518188958e+00
1.021436030730902278e+00
1.021448084245352828e+00
1.021452097943242876e+00
1.021446518176283957e+00
1.021431901612202875e+00
1.021411005094601698e+00
1.021387987847930390e+00
1.021367168182337304e+00
1.021351934359445490e+00
1.021344157154476129e+00
1.021344150641866344e+00
1.021351062763751205e+00
1.021363467816093440e+00
1.021379850441442194e+00
1.021398728159162106e+00
1.021418402549552296e+00
1.021436613080225264e+00
1.021450491386731274e+00
1.021457083187248482e+00
1.021454351913137160e+00
1.021442174234617362e+00
1.021422700195377953e+00
1.021399793900829689e+00
1.021377856961892983e+00
1.021360641430770322e+00
1.021350497141982228e+00
1.021348176502598903e+00
1.021353116053544952e+00
1.021363999063774397e+00
1.021379304778954555e+00
1.021397553219911547e+00
1.021417149491779863e+00
1.021436025978185835e+00
1.021451468394842355e+00
1.021460458665118143e+00
1.021460570131741408e+00
1.021451033519956697e+00
1.021433340218989461e+00
1.021410950490852176e+00
1.021388241061437441e+00
1.021369260495596620e+00
1.021356821033617912e+00
1.021352139636604317e+00
1.021354993311207160e+00
1.021364225076078380e+00
1.021378331200890166e+00
1.021395818985415094e+00
1.021415162566164048e+00
1.021434469382646482e+00
1.021451209211090339e+00
1.021462382118319301e+00
1.021465270424879002e+00
1.021458515612941653e+00
1.021442923537464020e+00
1.021421453121824419e+00
1.021398342225048328e+00
1.021377854236244609e+00
1.021363232394627341e+00
1.021356173054744243e+00
1.021356840328402349e+00
1.021364291238135547e+00
1.021377072063867519e+00
1.021393672668679420e+00
1.021412604124036339e+00
1.021432122175927493e+00
1.021449894379197865e+00
1.021463007281002700e+00
1.021468551889919807e+00
1.021464655856345827e+00
1.021451438847548410e+00
1.021431277350964173e+00
1.021408155080834934e+00
1.021386455644271551e+00
1.021369806671337033e+00
1.021360386105314433e+00
1.021358784409671205e+00
1.021364327653328186e+00
1.021375654109689002e+00
1.021391242944390321e+00
1.021409615509224267e+00
1.021429143490432789e+00
1.021447691053622098e+00
1.021462483885790196e+00
1.021470516843613119e+00
1.021469492937379098e+00
1.021458870801585261e+00
1.021440384226979692e+00
1.021417651341157251e+00
1.021395070823408968e+00
1.021376592836375607e+00
1.021364865417969447e+00
1.021360935359249877e+00
1.021364450945437152e+00
1.021374191322032665e+00
1.021388643301410326e+00
1.021406319878411573e+00
1.021425674129757155e+00
1.021444752923140520e+00
1.021460957104240119e+00
1.021471271504956979e+00
1.021473071965467661e+00
1.021465205000535281e+00
1.021448725574691352e+00
1.021426784057517745e+00
1.021403681834184063e+00
1.021383614987255051e+00
1.021369675639684838e+00
1.021363386017762886e+00
1.021364765414608078e+00
1.021372787152424744e+00
1.021385975007873315e+00
1.021402824956398003e+00
1.021421838130874393e+00
1.021441220198090027e+00
1.021458566640046639e+00
1.021470925811703179e+00
1.021475446489105376e+00
1.021470432246865734e+00
1.021456249057348664e+00
1.021435491952285002e+00
1.021412249648169235e+00
1.021390873981300906e+00
1.021374860071517787e+00
1.021366212474068558e+00
1.021365363638327528e+00
1.021371536132140712e+00
1.021383329647170157e+00
1.021399225680828415e+00
1.021417744475479727e+00
1.021437219766611726e+00
1.021455445670212736e+00
1.021469592555424466e+00
1.021476679498430240e+00
1.021474551962507249e+00
1.021462902914734627e+00
1.021443703814098880e+00
1.021420717261702027e+00
1.021398349175277165e+00
1.021380441296421360e+00
1.021369474066994076e+00
1.021366326615446685e+00
1.021370524900819809e+00
1.021380791186681458e+00
1.021395606677017343e+00
1.021413488928496704e+00
1.021432865585159888e+00
1.021451719800583025e+00
1.021467386029975000e+00
1.021476843501821108e+00
1.021477574701075586e+00
1.021468640254211468e+00
1.021451342908170634e+00
1.021429012999284680e+00
1.021406000327011121e+00
1.021386421873221817e+00
1.021373213280013958e+00
1.021367723555875573e+00
1.021369832699215330e+00
1.021378437551872409e+00
1.021392044497414497e+00
1.021409155958823423e+00
1.021428259332650468e+00
1.021447506169198993e+00
1.021464420387369731e+00
1.021476019803402746e+00
1.021479523720532523e+00
1.021473422765553529e+00
1.021458331319002433e+00
1.021437054013914381e+00
1.021413769706863928e+00
1.021392785160170513e+00
1.021377455619597585e+00
1.021369611419763679e+00
1.021369531390221796e+00
1.021376341694588685e+00
1.021388609561413308e+00
1.021404820681094394e+00
1.021423491326577393e+00
1.021442912796131530e+00
1.021460807883792121e+00
1.021474297139230103e+00
1.021480435627535766e+00
1.021477223739784224e+00
1.021464594114514401e+00
1.021444749964726340e+00
1.021421584456605025e+00
1.021399496322766387e+00
1.021382209555806941e+00
1.021372034307318266e+00
1.021369685086772838e+00
1.021374572164048811e+00
1.021385367738772754e+00
1.021400550747127767e+00
1.021418641673385252e+00
1.021438038243670743e+00
1.021456657177977512e+00
1.021471769849742195e+00
1.021480360152219546e+00
1.021480030296525010e+00
1.021470063200724310e+00
1.021452006822256120e+00
1.021429359219903521e+00
1.021406503573746738e+00
1.021387466592534210e+00
1.021375022794146936e+00
1.021370349475715811e+00
1.021373193209869523e+00
1.021382381532965011e+00
1.021396408111487020e+00
1.021413781604439741e+00
1.021432971617635577e+00
1.021452071816787655e+00
1.021468535773362163e+00
1.021479359156485911e+00
1.021481844761082503e+00
1.021474680728082562e+00
1.021458730720536279e+00
1.021436999050527650e+00
1.021413739686757527e+00
1.021393201525084837e+00
1.021378593297955328e+00
1.021371570932299466e+00
1.021372264466358759e+00
1.021379710838066668e+00
1.021392450596944723e+00
1.021408974932933589e+00
1.021427792910301946e+00
1.021447149010927591e+00
1.021464694040892685e+00
1.021477505015334408e+00
1.021482685177506511e+00
1.021478401916417367e+00
1.021464831746499158e+00
1.021444402580851563e+00
1.021421123817358723e+00
1.021399372934890915e+00
1.021382747551819126e+00
1.021373385520222499e+00
1.021371840284317933e+00
1.021377413262903655e+00
1.021388733192348131e+00
1.021404279556099137e+00
1.021422573658843813e+00
1.021441978769971559e+00
1.021460342934147336e+00
1.021474878535971964e+00
1.021482584992203124e+00
1.021481197185541756e+00
1.021470227534708286e+00
1.021451465405035730e+00
1.021428563653834942e+00
1.021405923964546991e+00
1.021387472248297401e+00
1.021375817967810962e+00
1.021371968789277496e+00
1.021375544037381289e+00
1.021385309027099897e+00
1.021399748921214101e+00
1.021417377870851517e+00
1.021436643432383384e+00
1.021455577947445237e+00
1.021471566591670710e+00
1.021481591989092719e+00
1.021483053511522909e+00
1.021474846523137803e+00
1.021458083600466082e+00
1.021435957904262448e+00
1.021412783410236447e+00
1.021392738908588838e+00
1.021378880702857650e+00
1.021372690752593737e+00
1.021374155536483030e+00
1.021382229982420453e+00
1.021395433373306183e+00
1.021412263150716537e+00
1.021431217594845675e+00
1.021450490160045854e+00
1.021467659646551507e+00
1.021479766597099825e+00
1.021483974971182818e+00
1.021478630726399217e+00
1.021464157281008589e+00
1.021443199104725252e+00
1.021419867161523776e+00
1.021398504022350329e+00
1.021382573018436268e+00
1.021374038363995762e+00
1.021373296475643233e+00
1.021379546918812942e+00
1.021391381307224844e+00
1.021407281947842804e+00
1.021425768417154378e+00
1.021445164994200239e+00
1.021463249334966239e+00
1.021477179720291062e+00
1.021483982485142938e+00
1.021481537897866554e+00
1.021469594050475216e+00
1.021450176706923507e+00
1.021427080008735055e+00
1.021404709496859686e+00
1.021386880431093491e+00
1.021376033991431953e+00
1.021373010845624041e+00
1.021377309520207222e+00
1.021387640056778290e+00
1.021402482839973480e+00
1.021420356255102524e+00
1.021439681399767707e+00
1.021458426237226824e+00
1.021473910258110518e+00
1.021483112817561878e+00
1.021483542980882397e+00
1.021474312208496382e+00
1.021456780373404261e+00
1.021434317824230442e+00
1.021411283448288465e+00
1.021391774282560450e+00
1.021378689007457430e+00
1.021373336664731069e+00
1.021375565776545535e+00
1.021384256468439666e+00
1.021397911762700117e+00
1.021415035554602557e+00
1.021434111474339268e+00
1.021453277964937678e+00
1.021470042487325758e+00
1.021481416933731623e+00
1.021484638789148525e+00
1.021478243557129684e+00
1.021462903378318021e+00
1.021441470104734517e+00
1.021418141361703835e+00
1.021397211627405710e+00
1.021382002752255769e+00
1.021374304630725094e+00
1.021374361146284215e+00
1.021381277125813281e+00
1.021393613099538911e+00
1.021409855926162846e+00
1.021428520498961934e+00
1.021447887637020768e+00
1.021465663469324436e+00
1.021478957850810998e+00
1.021484835903413213e+00
1.021481335666926338e+00
1.021468445984761164e+00
1.021448422837560654e+00
1.021425187638454801e+00
1.021403135442193078e+00
1.021385961693191291e+00
1.021375936754391756e+00
1.021373737456882091e+00
1.021378748212301568e+00
1.021389630555788575e+00
1.021404863309933075e+00
1.021422967344789434e+00
1.021442332794324725e+00
1.021460860628259137e+00
1.021475808139418850e+00
1.021484161820648717e+00
1.021483553485869056e+00
1.021473318650601758e+00
1.021455061625182070e+00
1.021432317538050860e+00
1.021409475186243476e+00
1.021390538830899253e+00
1.021378245052104061e+00
1.021373731613580471e+00
1.021376715021570014e+00
1.021386007753306124e+00
1.021400101138075112e+00
1.021417505185846952e+00
1.021436684768648684e+00
1.021455719619838831e+00
1.021472047243396020e+00
1.021482659437960017e+00
1.021484880211630308e+00
1.021477444906815357e+00
1.021461274972758959e+00
1.021439419505220325e+00
1.021416147739005353e+00
1.021395693393362780e+00
1.021381230367107040e+00
1.021374374193960932e+00
1.021375221146656020e+00
1.021382788501512540e+00
1.021395611403300485e+00
1.021412182437880789e+00
1.021431008492650783e+00
1.021450322580157444e+00
1.021467758782035329e+00
1.021480384991946488e+00
1.021485317393358683e+00
1.021480763758243038e+00
1.021466957615382309e+00
