1.000603444564682754e+00
1.000676043669234794e+00
1.000796617108728581e+00
1.000941573187462241e+00
1.001100812213105762e+00
1.001265717672505495e+00
1.001437027432818594e+00
1.001616286478618667e+00
1.001797197392773509e+00
1.001977396423809008e+00
1.002161916991465507e+00
1.002350278145832885e+00
1.002535141446198041e+00
1.002719466096235523e+00
1.002908265975565927e+00
1.003096504384304311e+00
1.003279893402468481e+00
1.003464742551856581e+00
1.003652981507430431e+00
1.003836611072433271e+00
1.004016904892111484e+00
1.004200537956128514e+00
1.004384408296116638e+00
1.004561918595360259e+00
1.004738932142963392e+00
1.004919599428123256e+00
1.005096401762364033e+00
1.005267958733636835e+00
1.005441765902429729e+00
1.005617158637468478e+00
1.005785935302882184e+00
1.005952404014551771e+00
1.006122573413098520e+00
1.006290457470327748e+00
1.006451817954022943e+00
1.006614133936059030e+00
1.006779277462111599e+00
1.006938513303230920e+00
1.007093745470312607e+00
1.007252297429161558e+00
1.007410460647121475e+00
1.007561506639004456e+00
1.007712017325086640e+00
1.007866189543454638e+00
1.008015907523322596e+00
1.008160157377945509e+00
1.008306906525341384e+00
1.008455094148590803e+00
1.008596318496224109e+00
1.008735400191573817e+00
1.008878434307358241e+00
1.009018936789621179e+00
1.009152901412994074e+00
1.009288179197548097e+00
1.009426375858127223e+00
1.009558505821282814e+00
1.009686890463737274e+00
1.009818955886248482e+00
1.009950567312784653e+00
1.010075126232428566e+00
1.010199549740748548e+00
1.010327854659043956e+00
1.010451625486926241e+00
1.010570212216916008e+00
1.010691707356891289e+00
1.010814684078877868e+00
1.010930764311239738e+00
1.011045110571221484e+00
1.011163706489476510e+00
1.011279727026113573e+00
1.011389470909191068e+00
1.011500955558024550e+00
1.011615481081777457e+00
1.011723970935267669e+00
1.011829108771280961e+00
1.011938275358796435e+00
1.012046974922340858e+00
1.012148826374761112e+00
1.012250971874679051e+00
1.012357188195062374e+00
1.012458859430636293e+00
1.012555701585463153e+00
1.012655832557734392e+00
1.012757472995187591e+00
1.012852345400882648e+00
1.012945902231482176e+00
1.013043958152741286e+00
1.013139401557318742e+00
1.013228863138218028e+00
1.013320463165117591e+00
1.013415184602651120e+00
1.013503919568892186e+00
1.013589695410047842e+00
1.013679799694941153e+00
1.013769400070870574e+00
1.013852368961928319e+00
1.013936033912817836e+00
1.014023909839943727e+00
1.014107223113750678e+00
1.014186056978978234e+00
1.014268516407579312e+00
1.014352474943378102e+00
1.014429793323106122e+00
1.014506190185219925e+00
1.014587286158705082e+00
1.014665710653288366e+00
1.014738440454341584e+00
1.014813668088646814e+00
1.014892053109456516e+00
1.014964491212074549e+00
1.015034341955321384e+00
1.015108774466140895e+00
1.015182634325768607e+00
1.015250070072145627e+00
1.015318570556169808e+00
1.015391375709127963e+00
1.015459583190195358e+00
1.015523642963089390e+00
1.015591623095017715e+00
1.015661053780015255e+00
1.015723961048296431e+00
1.015786312111787826e+00
1.015853516790574895e+00
1.015917966437642317e+00
1.015976993322404542e+00
1.016038840302351698e+00
1.016103839175374945e+00
1.016162916724550724e+00
1.016219754432387434e+00
1.016281384669603050e+00
1.016342342939395849e+00
1.016397071264355301e+00
1.016453200627563058e+00
1.016513686169424391e+00
1.016569521158049216e+00
1.016621520319170191e+00
1.016677696256171437e+00
1.016735239441590055e+00
1.016786363590739484e+00
1.016837269115856923e+00
1.016893141937980527e+00
1.016946153745744041e+00
1.016993998959643264e+00
1.017044952771583244e+00
1.017099016101118414e+00
1.017147170709129966e+00
1.017193409958315975e+00
1.017244614628124211e+00
1.017295021218569406e+00
1.017339379501024599e+00
1.017385445906433983e+00
1.017435882874712760e+00
1.017481601194028640e+00
1.017523777240741500e+00
1.017570352559405755e+00
1.017618181721478443e+00
1.017659685648774959e+00
1.017701283726344608e+00
1.017747927025626664e+00
1.017791584685318718e+00
1.017830317977520771e+00
1.017872418730233264e+00
1.017917554729708129e+00
1.017956784328190256e+00
1.017994402691524414e+00
1.018037126292801409e+00
1.018078903321935957e+00
1.018114803315126604e+00
1.018152693026716626e+00
1.018194935535640777e+00
1.018232379518506203e+00
1.018266558925252419e+00
1.018305330590998814e+00
1.018345217249282175e+00
1.018378864424310359e+00
1.018412897017512808e+00
1.018452021752376480e+00
1.018488021502761853e+00
1.018519327519028295e+00
1.018554234222025734e+00
1.018592074658687174e+00
1.018624003647458975e+00
1.018654608044710752e+00
1.018690428836430906e+00
1.018725136359509342e+00
1.018754130105063549e+00
1.018785373267268701e+00
1.018820923819233615e+00
1.018851587485293475e+00
1.018879250944502157e+00
1.018911674176016025e+00
1.018945052339358615e+00
1.018972271203267610e+00
1.019000148414983986e+00
1.019033137942220613e+00
1.019062852030358624e+00
1.019088093740774248e+00
1.019117147391209954e+00
1.019149010179145165e+00
1.019174951831670617e+00
1.019199840813314051e+00
1.019230032619433235e+00
1.019258930032110655e+00
1.019282271166529252e+00
1.019308102815730255e+00
1.019338172788657459e+00
1.019363262058151198e+00
1.019385604581031668e+00
1.019412852495470645e+00
1.019440877848267535e+00
1.019462820852933715e+00
1.019485679717781368e+00
1.019513648046433296e+00
1.019538182645012059e+00
1.019558459148182106e+00
1.019582740107652707e+00
1.019609686172915808e+00
1.019630699299103327e+00
1.019650919502576247e+00
1.019676507624026396e+00
1.019700609176100503e+00
1.019719308314634088e+00
1.019740723373698144e+00
1.019766287456013387e+00
1.019786774316724820e+00
1.019804759218073897e+00
1.019827776275652020e+00
1.019851379156202498e+00
1.019868975573480219e+00
1.019887732523124591e+00
1.019911576187015889e+00
1.019931822927378384e+00
1.019948020804698707e+00
1.019968399633523148e+00
1.019991283215312405e+00
1.020008222233149686e+00
1.020024618152033602e+00
1.020046428530670068e+00
1.020066552079341715e+00
1.020081425371902606e+00
1.020099226725009522e+00
1.020121070406395436e+00
1.020137740104183344e+00
1.020152145917045061e+00
1.020171694239429661e+00
1.020191625481835507e+00
1.020205627009432181e+00
1.020221023047813258e+00
1.020241465672183434e+00
1.020258145844144870e+00
1.020270983091134287e+00
1.020288163912784984e+00
1.020307675398599567e+00
1.020321232880953222e+00
1.020334489028933422e+00
1.020353189805277783e+00
1.020369997951990459e+00
1.020381707941045324e+00
1.020396546771638047e+00
1.020415306121379206e+00
1.020428796596494436e+00
1.020440256159171444e+00
1.020456954033507113e+00
1.020473823010972225e+00
1.020484841512413698e+00
1.020497479491743409e+00
1.020515108506370172e+00
1.020528809387658331e+00
1.020538871410069603e+00
1.020553427362883792e+00
1.020570128255569475e+00
1.020580869562331738e+00
1.020591544693192798e+00
1.020607679883268393e+00
1.020621713243249129e+00
1.020630801801683862e+00
1.020643210036158877e+00
1.020659403657986575e+00
1.020670237137279557e+00
1.020679268811059304e+00
1.020693621398447881e+00
1.020707926316720249e+00
1.020716463775759753e+00
1.020726837912118157e+00
1.020742133594790602e+00
1.020753337119366666e+00
1.020761105049166506e+00
1.020773506134751818e+00
1.020787856490924739e+00
1.020796246858492573e+00
1.020804800667045154e+00
1.020818816423239683e+00
1.020830519517675228e+00
1.020837433400091587e+00
1.020847848838670302e+00
1.020861902609566885e+00
1.020870509992937158e+00
1.020877541697468027e+00
1.020889964666549243e+00
1.020902115848951297e+00
1.020908587320385363e+00
1.020917105773455624e+00
1.020930463467905280e+00
1.020939568103564010e+00
1.020945440350066180e+00
1.020956074621482079e+00
1.020968453918192909e+00
1.020974878999017399e+00
1.020981692334112401e+00
1.020993956833640581e+00
1.021003697666770682e+00
1.021008807777240346e+00
1.021017593038111571e+00
1.021029858762439124e+00
1.021036597963755455e+00
1.021041985225235482e+00
1.021052822512176439e+00
1.021063159886462124e+00
1.021067910688677083e+00
1.021074912470556928e+00
1.021086659240522110e+00
1.021093996356791989e+00
1.021098304705147397e+00
1.021107494108658642e+00
1.021118216850523952e+00
1.021122998042289787e+00
1.021128387988469388e+00
1.021139206295611057e+00
1.021147290971018418e+00
1.021150906727746888e+00
1.021158363383796841e+00
1.021169132730777473e+00
1.021174302358960118e+00
1.021178341771323828e+00
1.021187878851248065e+00
1.021196685020016925e+00
1.021200003570455594e+00
1.021205771182170263e+00
1.021216178281270981e+00
1.021222024394208061e+00
1.021225046049159646e+00
1.021233058300072605e+00
1.021242385734095981e+00
1.021245791677150905e+00
1.021250022880144659e+00
1.021259648133656661e+00
1.021266331857537235e+00
1.021268712009258728e+00
1.021275091254508105e+00
1.021284606295469466e+00
1.021288455995003730e+00
1.021291395409006597e+00
1.021299869367997992e+00
1.021307379539245996e+00
1.021309507111253012e+00
1.021314276168429291e+00
1.021323568562189754e+00
1.021328154687216383e+00
1.021330121487468379e+00
1.021337179179999444e+00
1.021345328299162247e+00
1.021347583719747210e+00
1.021350877117333855e+00
1.021359519177841513e+00
1.021365014772255275e+00
1.021366375781596281e+00
1.021371886718926758e+00
1.021380348133588800e+00
1.021383086645346383e+00
1.021385133131246459e+00
1.021392740558538792e+00
1.021399150339681983e+00
1.021400288734079620e+00
1.021404255553697071e+00
1.021412619442380265e+00
1.021416138491735293e+00
1.021417244216848319e+00
1.021423532065937501e+00
1.021430682781068411e+00
1.021431975547964388e+00
1.021434515354508132e+00
1.021442347737810508e+00
1.021446832475509492e+00
1.021447355266531520e+00
1.021452171592601488e+00
1.021459745301788402e+00
1.021461546988525093e+00
1.021462873299270324e+00
1.021469776706189769e+00
1.021475248453058038e+00
1.021475566261863976e+00
1.021478894068780230e+00
1.021486483052468142e+00
1.021489095905459887e+00
1.021489502287652229e+00
1.021495173097299203e+00
1.021501474157394007e+00
1.021501961118645330e+00
1.021503900613514926e+00
1.021511066244705113e+00
1.021514687527790288e+00
1.021514523105655936e+00
1.021518788685660706e+00
1.021525611390312616e+00
1.021526621694260673e+00
1.021527371682117602e+00
1.021533704887587213e+00
1.021538373036840808e+00
1.021538010914714079e+00
1.021540835070428255e+00
1.021547775348039977e+00
1.021549615974856273e+00
1.021549457783737846e+00
1.021554637498883977e+00
1.021560211507335669e+00
1.021560023443233600e+00
1.021561489887881535e+00
1.021568105992257003e+00
1.021570986181430607e+00
1.021570260419877751e+00
1.021574094038694147e+00
1.021580277944155402e+00
1.021580618046186384e+00
1.021580911292342186e+00
1.021586784027398664e+00
1.021590759657413638e+00
1.021589834836380550e+00
1.021592267317859903e+00
1.021598662142249037e+00
1.021599841995815883e+00
1.021599231401970176e+00
1.021604023444207421e+00
1.021608971165648416e+00
1.021608217044733813e+00
1.021609315908524440e+00
1.021615478215207595e+00
1.021617718779667561e+00
1.021616536539029951e+00
1.021620035986986474e+00
1.021625672866963708e+00
1.021625443695381552e+00
1.021625379494746966e+00
1.021630881365283905e+00
1.021634256120420581e+00
1.021632866296676934e+00
1.021634999550327549e+00
1.021640933062137213e+00
1.021641544855953043e+00
1.021640575186254507e+00
1.021645064184084628e+00
1.021649468249696602e+00
1.021648238890687788e+00
1.021649057485128242e+00
1.021654843841689253e+00
1.021656528924577589e+00
1.021654977591021751e+00
1.021658223173408819e+00
1.021663387861119210e+00
1.021662673533803245e+00
1.021662334315848408e+00
1.021667538203702374e+00
1.021670387659836088e+00
1.021668614327025715e+00
1.021670524570990279e+00
1.021676065083833684e+00
1.021676186025678001e+00
1.021674934977725657e+00
1.021679189958474065e+00
1.021683118035586535e+00
1.021681489238286611e+00
1.021682099821617840e+00
1.021687573281668149e+00
1.021688772741323081e+00
1.021686925245450128e+00
1.021689982773915872e+00
1.021694736138103243e+00
1.021693606893672168e+00
1.021693061133885694e+00
1.021698026091217404e+00
1.021700412616452391e+00
1.021698323897630045e+00
1.021700073924730834e+00
1.021705276714181210e+00
1.021704971246873983e+00
1.021703503612751085e+00
1.021707580706865848e+00
1.021711088183088867e+00
1.021709123377210204e+00
1.021709585778318496e+00
1.021714797211554782e+00
1.021715569187293227e+00
1.021713486550037686e+00
1.021716409864425135e+00
1.021720801318789951e+00
1.021719315984408682e+00
1.021718620653920606e+00
1.021723394339056012e+00
1.021725369497379576e+00
1.021723022522824875e+00
1.021724664051913756e+00
1.021729573696400273e+00
1.021728895793203584e+00
1.021727265740015378e+00
1.021731210445853133e+00
1.021734342675669538e+00
1.021732095135048812e+00
1.021732458944636601e+00
1.021737449217762883e+00
1.021737842268405805e+00
1.021735575722334977e+00
1.021738408791722730e+00
1.021742478386563402e+00
1.021740686430918643e+00
1.021739889033080440e+00
1.021744509737087192e+00
1.021746116284130590e+00
1.021743559164101534e+00
1.021745134789534992e+00
1.021749787113068741e+00
1.021748782177554382e+00
1.021747035134730641e+00
1.021750884194247089e+00
1.021753678358358286e+00
1.021751193030824290e+00
1.021751499410575637e+00
1.021756301190085425e+00
1.021756356056205739e+00
1.021753948793350242e+00
1.021756727447832969e+00
1.021760507595341760e+00
1.021758450818220920e+00
1.021757591063865878e+00
1.021762089379767424e+00
1.021763362902496475e+00
1.021760636346897400e+00
1.021762181138499814e+00
1.021766604807539114e+00
1.021765311230284023e+00
1.021763485436177676e+00
1.021767268374133897e+00
1.021769755003983704e+00
1.021767070009388156e+00
1.021767353171925130e+00
1.021771992401479423e+00
1.021771743444149116e+00
1.021769232043272524e+00
1.021771985389470672e+00
1.021775502275397596e+00
1.021773216186634636e+00
1.021772327360907617e+00
1.021776727548271868e+00
1.021777697801257823e+00
1.021774836438976930e+00
1.021776379245333821e+00
1.021780597072364571e+00
1.021779047497078929e+00
1.021777175257481129e+00
1.021780915636577358e+00
1.021783119856146227e+00
1.021780267704712308e+00
1.021780556116533845e+00
1.021785053220830797e+00
1.021784529588757540e+00
1.021781945173945827e+00
1.021784696745917209e+00
1.021787971478851365e+00
1.021785486417869038e+00
1.021784596489780039e+00
1.021788917585468637e+00
1.021789609574350832e+00
1.021786643022869256e+00
1.021788207528417924e+00
1.021792237532257008e+00
1.021790459881312341e+00
1.021788568589698354e+00
1.021792285031008607e+00
1.021794227564878144e+00
1.021791236144808046e+00
1.021791553501002703e+00
1.021795924364476083e+00
1.021795150937782282e+00
1.021792520116454384e+00
1.021795288809701940e+00
1.021798338355149660e+00
1.021795680398175588e+00
1.021794812919714524e+00
1.021799069641130320e+00
1.021799504499396161e+00
1.021796458230658677e+00
1.021798063812239699e+00
1.021801920080214865e+00
1.021799938384594597e+00
1.021798051348827840e+00
1.021801758361720047e+00
1.021803456353180373e+00
1.021800349731142976e+00
1.021800715745215360e+00
1.021804972508398857e+00
1.021803970661748551e+00
1.021801316284509653e+00
1.021804117115017174e+00
1.021806955055667654e+00
1.021804146751817299e+00
1.021803321587501756e+00
1.021807525068680222e+00
1.021807720767872407e+00
1.021804616810299660e+00
1.021806279232672754e+00
1.021809972623625828e+00
1.021807807696074821e+00
1.021805944809960787e+00
1.021809653469353041e+00
1.021811121145988155e+00
1.021807920217704613e+00
1.021808351263416181e+00
1.021812502973371783e+00
1.021811291194685278e+00
1.021808632972916353e+00
1.021811477696588977e+00
1.021814114853624167e+00
1.021811175824493434e+00
1.021810409745629533e+00
1.021814568139952861e+00
1.021814540066874999e+00
1.021811397576795066e+00
1.021813129560006583e+00
1.021816668280512985e+00
1.021814338264054767e+00
1.021812516555530959e+00
1.021816235057734890e+00
1.021817484275389543e+00
1.021814207296968036e+00
1.021814716932530454e+00
1.021818770077235650e+00
1.021817364471726552e+00
1.021814719482266653e+00
1.021817617103669473e+00
1.021820062047549271e+00
1.021817009478487304e+00
1.021816316649986067e+00
1.021820435626941581e+00
1.021820197055096191e+00
1.021817032784534396e+00
1.021818844469711829e+00
1.021822234549633723e+00
1.021819755367378457e+00
1.021817989448862374e+00
1.021821723571112450e+00
1.021822764261032912e+00
1.021819427285592941e+00
1.021820026684478799e+00
1.021823985635061049e+00
1.021822400338343151e+00
1.021819783438648876e+00
1.021822740632008841e+00
1.021825000105296422e+00
1.021821849150695627e+00
1.021821241532491431e+00
1.021825324690169401e+00
1.021824887166994600e+00
1.021821715849087653e+00
1.021823615183628409e+00
1.021826860871587472e+00
1.021824246598204144e+00
1.021822549039143713e+00
1.021826302522485630e+00
1.021827143061075915e+00
1.021823760299862105e+00
1.021824458607227593e+00
1.021828325986732455e+00
1.021826573505559166e+00
1.021823997677563378e+00
1.021827019137921067e+00
1.021829098407701419e+00
1.021825862527634854e+00
1.021825350207812733e+00
1.021829399417991446e+00
1.021828773084648478e+00
1.021825607753160003e+00
1.021827600811545889e+00
1.021830704906216969e+00
1.021827968076798765e+00
1.021826349713858439e+00
1.021830124584557797e+00
1.021830772100739804e+00
1.021827356223503847e+00
1.021828160852843448e+00
1.021831937845908644e+00
1.021830029340823787e+00
1.021827505977466632e+00
1.021830594715684937e+00
1.021832497869006318e+00
1.021829189110457392e+00
1.021828780583176499e+00
1.021832796281881173e+00
1.021831990138426516e+00
1.021828842393956993e+00
1.021830933646600492e+00
1.021833897775958011e+00
1.021831049644255085e+00
1.021829519840880662e+00
1.021833316681891590e+00
1.021833777313493119e+00
1.021830339699372203e+00
1.021831256580544744e+00
1.021834943194932954e+00
1.021832888715700438e+00
1.021830427860746848e+00
1.021833585452782245e+00
1.021835315645310605e+00
1.021831944878019316e+00
1.021831647276157717e+00
1.021835628709490740e+00
1.021834650835217850e+00
1.021831531067667775e+00
1.021833723607218358e+00
1.021836548464928107e+00
1.021833599220006938e+00
1.021832166084261750e+00
1.021835984265501374e+00
1.021836263373348874e+00
1.021832814320771110e+00
1.021833848107884357e+00
1.021837443396192091e+00
1.021835252078277190e+00
1.021832862627473082e+00
1.021836089425807614e+00
1.021837649091422495e+00
1.021834226205945440e+00
1.021834045496031962e+00
1.021837990928741613e+00
1.021836848665166109e+00
1.021833766239756525e+00
1.021836061972068332e+00
1.021838747518030388e+00
1.021835706466257765e+00
1.021834377033707719e+00
1.021838214907824893e+00
1.021838317254203155e+00
1.021834866156352106e+00
1.021836020402030476e+00
1.021839522649977239e+00
1.021837202878439488e+00
1.021834892748196832e+00
1.021838188061508168e+00
1.021839579088778871e+00
1.021836113162613469e+00
1.021836054307900810e+00
1.021839961200481373e+00
1.021838661302804097e+00
1.021835624715330182e+00
1.021838024520700605e+00
1.021840570151175243e+00
1.021837445868880145e+00
1.021836226255813163e+00
1.021840081324673744e+00
1.021840011221390565e+00
1.021836566712370553e+00
1.021837844013564034e+00
1.021841250899903741e+00
1.021838810445728107e+00
1.021836586714223616e+00
1.021839948960094446e+00
1.021841172840348477e+00
1.021837672276753706e+00
1.021837739373109066e+00
1.021841604532069514e+00
1.021840153293811060e+00
1.021837170299694453e+00
1.021839674168884660e+00
1.021842078860556224e+00
1.021838879321675275e+00
1.021837774852927483e+00
1.021841643909046304e+00
1.021841405339373177e+00
1.021837975415273547e+00
1.021839377534843329e+00
1.021842686267016909e+00
1.021840132399999934e+00
1.021838001424701492e+00
1.021841428259306461e+00
1.021842486210162715e+00
1.021838958853510171e+00
1.021839155242023622e+00
1.021842974947184901e+00
1.021841378301920678e+00
1.021838456022884145e+00
1.021841063171696318e+00
1.021843325603313257e+00
1.021840058285611308e+00
1.021839073600592229e+00
1.021842952847083819e+00
1.021842549565212810e+00
1.021839141683649643e+00
1.021840669651336020e+00
1.021843877080370611e+00
1.021841216662075169e+00
1.021839184177113946e+00
1.021842672605252300e+00
1.021843565672944099e+00
1.021840018903898084e+00
1.021840347263582860e+00
1.021844117375737770e+00
1.021842380979356424e+00
1.021839525991042885e+00
1.021842234956721107e+00
1.021844353611451872e+00
1.021841025584441898e+00
1.021840164724501454e+00
1.021844049876664329e+00
1.021843485487885950e+00
1.021840106649177571e+00
1.021841760845130231e+00
1.021844863562853423e+00
1.021842103122708512e+00
1.021840174319113892e+00
1.021843720787536824e+00
1.021844449930969567e+00
1.021840890744419861e+00
1.021841353168005284e+00
1.021845069219905699e+00
1.021843198516435791e+00
1.021840416919924444e+00
1.021843225642279585e+00
1.021845198893563511e+00
1.021841816890896926e+00
1.021841083370830461e+00
1.021844969742148335e+00
1.021844247766636293e+00
1.021840904579437659e+00
1.021842684803158541e+00
1.021845679224456793e+00
1.021842825021754830e+00
1.021841004613233128e+00
1.021844605089905489e+00
1.021845171249082362e+00
1.021841606317452911e+00
1.021842204372977347e+00
1.021845861646301534e+00
1.021843861920047392e+00
1.021841159399913490e+00
1.021844065289752246e+00
1.021845891473123213e+00
1.021842461951915304e+00
1.021841858818122395e+00
1.021845741393171636e+00
1.021844865315970630e+00
1.021841564049923878e+00
1.021843469577168761e+00
1.021846352009717851e+00
1.021843410083945525e+00
1.021841702360597015e+00
1.021845352402226847e+00
1.021845756553410034e+00
1.021842192277701233e+00
1.021842927058324024e+00
1.021846520648989509e+00
1.021844397065416743e+00
1.021841778936687373e+00
1.021844778933830522e+00
1.021846456406900083e+00
1.021842985596179254e+00
1.021842515473703861e+00
1.021846388970178321e+00
1.021845362279725888e+00
1.021842108907386582e+00
1.021844138537278290e+00
1.021846905240879178e+00
1.021843881452529690e+00
1.021842290324600055e+00
1.021845985134492762e+00
1.021846228334191586e+00
1.021842670884822724e+00
1.021843543048999381e+00
1.021847067922897923e+00
1.021844825560421555e+00
1.021842296806479533e+00
1.021845387429348939e+00
1.021846914621847402e+00
1.021843408562019828e+00
1.021843073692423554e+00
1.021846932614204118e+00
1.021845758831432249e+00
1.021842559061453048e+00
1.021844711155764918e+00
1.021847358393114469e+00
1.021844258456810151e+00
1.021842787490282678e+00
1.021846521968274413e+00
1.021846605387872753e+00
1.021843060737132269e+00
1.021844070541002569e+00
1.021847521581937812e+00
1.021845165456453763e+00
1.021842730759644935e+00
1.021845908148102167e+00
1.021847283603587453e+00
1.021843748178522082e+00
1.021843550450255655e+00
1.021847389133169415e+00
1.021846071832946734e+00
1.021842931136204502e+00
1.021845203652469669e+00
1.021847727732893674e+00
1.021844557244363738e+00
1.021843209689899279e+00
1.021846978475848600e+00
1.021846903428420772e+00
1.021843377376032702e+00
1.021844524699596413e+00
1.021847896750913920e+00
1.021845431834624840e+00
1.021843095601020046e+00
1.021846355553839070e+00
1.021847577964407838e+00
1.021844018927470898e+00
1.021843959900136323e+00
1.021847772551777833e+00
1.021846315378178272e+00
1.021843239008254800e+00
1.021845629528068677e+00
1.021848026845467716e+00
1.021844791303615940e+00
1.021843570120078981e+00
1.021847367632120474e+00
1.021847135592722777e+00
1.021843633785794569e+00
1.021844918154173332e+00
1.021848206055306907e+00
1.021845637291103337e+00
1.021843403670598560e+00
1.021846741678691384e+00
1.021847809913763561e+00
1.021844232908869721e+00
1.021844313832518392e+00
1.021848094567248566e+00
1.021846501243883987e+00
1.021843494253047879e+00
1.021846000006669364e+00
1.021848267072661187e+00
1.021844971897718723e+00
1.021843879771275221e+00
1.021847700239800094e+00
1.021847312860295620e+00
1.021843840808670301e+00
1.021845261409521477e+00
1.021848460028422778e+00
1.021845792340838388e+00
1.021843665243523436e+00
1.021847076519789788e+00
1.021847989649825372e+00
1.021844400228356875e+00
1.021844622058744267e+00
1.021848364928771513e+00
1.021846639265193701e+00
1.021843706516803341e+00
1.021846324404929840e+00
1.021848457877952754e+00
1.021845108426469917e+00
1.021844147786033608e+00
1.021847985284157767e+00
1.021847444403445326e+00
1.021844007491283790e+00
1.021845563189222483e+00
1.021848667451440651e+00
1.021845905754974027e+00
1.021843888864495398e+00
1.021847368370971676e+00
1.021848125686785291e+00
1.021844529321036088e+00
1.021844892731582188e+00
1.021848591754838109e+00
1.021846737649830361e+00
1.021843883827894484e+00
1.021846610441289549e+00
1.021848607152241240e+00
1.021845208729497578e+00
1.021844381759128062e+00
1.021848230230242960e+00
1.021847537880591350e+00
1.021844141374849135e+00
1.021845830723564497e+00
1.021848835638565989e+00
1.021845984843986255e+00
1.021844081628461520e+00
1.021847624101277052e+00
1.021848225129475818e+00
1.021844627223140511e+00
1.021845132614190188e+00
1.021848781799570283e+00
1.021846803241994506e+00
1.021844032858461260e+00
1.021846864495963736e+00
1.021848721470805632e+00
1.021845279341065948e+00
1.021844587989789499e+00
1.021848441272657171e+00
1.021847599682737640e+00
1.021844248739072425e+00
1.021846069991693584e+00
1.021848970676864310e+00
1.021846035695974653e+00
1.021844249416878458e+00
