1.000603444564682754e+00
1.000677249334370522e+00
1.000798865608228727e+00
1.000940610951793985e+00
1.001092471046194365e+00
1.001249313373408611e+00
1.001408068243447858e+00
1.001566861239056916e+00
1.001724670678400431e+00
1.001881137109661868e+00
1.002036410799482358e+00
1.002191006461367495e+00
1.002345664641330458e+00
1.002501228039857750e+00
1.002658539912688163e+00
1.002818366865922739e+00
1.002981344009578724e+00
1.003147938571476772e+00
1.003318428680345820e+00
1.003492895851993971e+00
1.003671231288099985e+00
1.003853156437153782e+00
1.004038257100472897e+00
1.004226028064322485e+00
1.004415922609117606e+00
1.004607399261455924e+00
1.004799957638674801e+00
1.004993156574348401e+00
1.005186610710230521e+00
1.005379965712721146e+00
1.005572856346681476e+00
1.005764855081792586e+00
1.005955421292341834e+00
1.006143862260306943e+00
1.006329316953955333e+00
1.006510771640417357e+00
1.006687112423363617e+00
1.006857213632978532e+00
1.007020053194657372e+00
1.007174838257790972e+00
1.007321118952987149e+00
1.007458867705647299e+00
1.007588507377827902e+00
1.007710882617277592e+00
1.007827181724564536e+00
1.007938826576040281e+00
1.008047352215617920e+00
1.008154295009531465e+00
1.008261101032630336e+00
1.008369058330538914e+00
1.008479250967575735e+00
1.008592530537474774e+00
1.008709501465531844e+00
1.008830518420520184e+00
1.008955695958174470e+00
1.009084931160812992e+00
1.009217939205694581e+00
1.009354299743439709e+00
1.009493509375116060e+00
1.009635033288215578e+00
1.009778348112978730e+00
1.009922968816882261e+00
1.010068454948887862e+00
1.010214395229788620e+00
1.010360373528097266e+00
1.010505922878210949e+00
1.010650476881612914e+00
1.010793329351202363e+00
1.010933613270668108e+00
1.011070308790501748e+00
1.011202286683018592e+00
1.011328388163857728e+00
1.011447534561474848e+00
1.011558852261082997e+00
1.011661791945830169e+00
1.011756219060091944e+00
1.011842456448336369e+00
1.011921270011047369e+00
1.011993801151005457e+00
1.012061461316371425e+00
1.012125810061401454e+00
1.012188437160055798e+00
1.012250862951433517e+00
1.012314462805139037e+00
1.012380414864093581e+00
1.012449666896008349e+00
1.012522918019682416e+00
1.012600612872929462e+00
1.012682947826416102e+00
1.012769889940837720e+00
1.012861208998833140e+00
1.012956521215850891e+00
1.013055340717593733e+00
1.013157132432516816e+00
1.013261358599908402e+00
1.013367511296485501e+00
1.013475125393588083e+00
1.013583769767592457e+00
1.013693018614113761e+00
1.013802408528376331e+00
1.013911390007057989e+00
1.014019283901624213e+00
1.014125253967484097e+00
1.014228305802556962e+00
1.014327319793495441e+00
1.014421120842576407e+00
1.014508580712514263e+00
1.014588740759049035e+00
1.014660935635059991e+00
1.014724894895902896e+00
1.014780801535371868e+00
1.014829294802912063e+00
1.014871417118790919e+00
1.014908517376924113e+00
1.014942131004921144e+00
1.014973858359506487e+00
1.015005258001408617e+00
1.015037763252023550e+00
1.015072622916626699e+00
1.015110862615853593e+00
1.015153262218043251e+00
1.015200346280883181e+00
1.015252386534913898e+00
1.015309416911296836e+00
1.015371261710667827e+00
1.015437576153461752e+00
1.015507896190228854e+00
1.015581691884459348e+00
1.015658416842339040e+00
1.015737545822986920e+00
1.015818594145739162e+00
1.015901115573706104e+00
1.015984679293074899e+00
1.016068830569078596e+00
1.016153042949029750e+00
1.016236672115320205e+00
1.016318922501140420e+00
1.016398837403106326e+00
1.016475321241311347e+00
1.016547198444444744e+00
1.016613307074301087e+00
1.016672617404311030e+00
1.016724357937683898e+00
1.016768126338475797e+00
1.016803962950025841e+00
1.016832371117717626e+00
1.016854280128673294e+00
1.016870959573072497e+00
1.016883903752496154e+00
1.016894708145654302e+00
1.016904956552830086e+00
1.016916129918284506e+00
1.016929539759969803e+00
1.016946283607067514e+00
1.016967217894161113e+00
1.016992944627246986e+00
1.017023810216353574e+00
1.017059916649154072e+00
1.017101145730180178e+00
1.017147196168942447e+00
1.017197631170474015e+00
1.017251931577786817e+00
1.017309547459603669e+00
1.017369940181188426e+00
1.017432607926283206e+00
1.017497090282801109e+00
1.017562951274262550e+00
1.017629744265108549e+00
1.017696965720981339e+00
1.017764007384779346e+00
1.017830117824036318e+00
1.017894384372603600e+00
1.017955744963197517e+00
1.018013035837500135e+00
1.018065075390847785e+00
1.018110776837423792e+00
1.018149274350728328e+00
1.018180041199536756e+00
1.018202976805826943e+00
1.018218444285072799e+00
1.018227250395846717e+00
1.018230572892517616e+00
1.018229851523377860e+00
1.018226664453812713e+00
1.018222610406837259e+00
1.018219210084010617e+00
1.018217832096037556e+00
1.018219642111724443e+00
1.018225570899769394e+00
1.018236297097061094e+00
1.018252242427557963e+00
1.018273579099060022e+00
1.018300250088979064e+00
1.018332002534877212e+00
1.018368432616788333e+00
1.018409037764394176e+00
1.018453269628667224e+00
1.018500579932211325e+00
1.018550451680620306e+00
1.018602410384755519e+00
1.018656013459281029e+00
1.018710820019811836e+00
1.018766347073410294e+00
1.018822021007064427e+00
1.018877135048410043e+00
1.018930823863786195e+00
1.018982065453924557e+00
1.019029717638278765e+00
1.019072591358144431e+00
1.019109555916819065e+00
1.019139663166179322e+00
1.019162270644898172e+00
1.019177140445949536e+00
1.019184493266301672e+00
1.019185005932832677e+00
1.019179753399791721e+00
1.019170108512360340e+00
1.019157620397716180e+00
1.019143892939917917e+00
1.019130479317278404e+00
1.019118800315487849e+00
1.019110086775116830e+00
1.019105342381555701e+00
1.019105322313219375e+00
1.019110524809718088e+00
1.019121194842281586e+00
1.019137340444501660e+00
1.019158762227264869e+00
1.019185095132398189e+00
1.019215859059858342e+00
1.019250512458622193e+00
1.019288501234813182e+00
1.019329295145103842e+00
1.019372405488605082e+00
1.019417381093081332e+00
1.019463783579593219e+00
1.019511146827326575e+00
1.019558928776460593e+00
1.019606465841272236e+00
1.019652941101782062e+00
1.019697376925156718e+00
1.019738660407918607e+00
1.019775605649873018e+00
1.019807050316683394e+00
1.019831975960971970e+00
1.019849633953753054e+00
1.019859654221234813e+00
1.019862114724140234e+00
1.019857556708876123e+00
1.019846942681739588e+00
1.019831566987315474e+00
1.019812938254309520e+00
1.019792655742288279e+00
1.019772297721167842e+00
1.019753332178436667e+00
1.019737052179162884e+00
1.019724532955675667e+00
1.019716606138078685e+00
1.019713847577107924e+00
1.019716577323712237e+00
1.019724872036001262e+00
1.019738590510070875e+00
1.019757411967873395e+00
1.019780884528466824e+00
1.019808478681831776e+00
1.019839638507146207e+00
1.019873822664097318e+00
1.019910528279101669e+00
1.019949293626580822e+00
1.019989679342218292e+00
1.020031231944418249e+00
1.020073436929961108e+00
1.020115671196583307e+00
1.020157165832202617e+00
1.020196990250823221e+00
1.020234066967736553e+00
1.020267222600256041e+00
1.020295274752371251e+00
1.020317146746718251e+00
1.020331994182992030e+00
1.020339321451060322e+00
1.020339065229382447e+00
1.020331627197151647e+00
1.020317848961571627e+00
1.020298935321008127e+00
1.020276342886641929e+00
1.020251656029156129e+00
1.020226470061760704e+00
1.020202294533198106e+00
1.020180481192906718e+00
1.020162174922106590e+00
1.020148283195561278e+00
1.020139460014263921e+00
1.020136102213486051e+00
1.020138358005847845e+00
1.020146148486677617e+00
1.020159202205163318e+00
1.020177100981722873e+00
1.020199332571034567e+00
1.020225343431782283e+00
1.020254583664972792e+00
1.020286536711663805e+00
1.020320728713745684e+00
1.020356716043989032e+00
1.020394053580764737e+00
1.020432250024362775e+00
1.020470719374431345e+00
1.020508739354095695e+00
1.020545427938384764e+00
1.020579747992245601e+00
1.020610546969526355e+00
1.020636633363077195e+00
1.020656884331736514e+00
1.020670370810284222e+00
1.020676479615794552e+00
1.020675009277348666e+00
1.020666219552807785e+00
1.020650823909996507e+00
1.020629927116982971e+00
1.020604922146137739e+00
1.020577367616100961e+00
1.020548866986572989e+00
1.020520964844307210e+00
1.020495067285032809e+00
1.020472386246659369e+00
1.020453903809010354e+00
1.020440352037081944e+00
1.020432205607293863e+00
1.020429686559197524e+00
1.020432781787833143e+00
1.020441273726943265e+00
1.020454783095154028e+00
1.020472820108210721e+00
1.020494838046426267e+00
1.020520281437663268e+00
1.020548621085697327e+00
1.020579369973101613e+00
1.020612077356626290e+00
1.020646302394233373e+00
1.020681572544646531e+00
1.020717335116154700e+00
1.020752912375557431e+00
1.020787471411331637e+00
1.020820019291712066e+00
1.020849431625941550e+00
1.020874518058746627e+00
1.020894121500748986e+00
1.020907239849281112e+00
1.020913151476911196e+00
1.020911521486183471e+00
1.020902467013420578e+00
1.020886567477800044e+00
1.020864817866446117e+00
1.020838535954853743e+00
1.020809243266000532e+00
1.020778541724236543e+00
1.020748003577885754e+00
1.020719084160570223e+00
1.020693059231716493e+00
1.020670983688521494e+00
1.020653667060458902e+00
1.020641662398320770e+00
1.020635267300767701e+00
1.020634537443332768e+00
1.020639313272137638e+00
1.020649259341402049e+00
1.020663913497238839e+00
1.020682740509400332e+00
1.020705182762300378e+00
1.020730700048650519e+00
1.020758791761727347e+00
1.020788997684279886e+00
1.020820877463631815e+00
1.020853972883467797e+00
1.020887760461751892e+00
1.020921604294435792e+00
1.020954720242880587e+00
1.020986162376018580e+00
1.021014840730816609e+00
1.021039575556048629e+00
1.021059187089585318e+00
1.021072612120838663e+00
1.021079030679627575e+00
1.021077980650867190e+00
1.021069437523977719e+00
1.021053842233804243e+00
1.021032071189912127e+00
1.021005355711393170e+00
1.020975168598127647e+00
1.020943099907835716e+00
1.020910741405727462e+00
1.020879591847388745e+00
1.020850987004016996e+00
1.020826052343170254e+00
1.020805673854534357e+00
1.020790483089489609e+00
1.020780854505812574e+00
1.020776915104365079e+00
1.020778567090844469e+00
1.020785523544656126e+00
1.020797355065858003e+00
1.020813542772364135e+00
1.020833530745262285e+00
1.020856769952620757e+00
1.020882746371464034e+00
1.020910988479076575e+00
1.020941052964111639e+00
1.020972491578829633e+00
1.021004805716690278e+00
1.021037398030539389e+00
1.021069531967212063e+00
1.021100310346477302e+00
1.021128682811381472e+00
1.021153488739580339e+00
1.021173536750073385e+00
1.021187714537817204e+00
1.021195114661305636e+00
1.021195155352616180e+00
1.021187673091148440e+00
1.021172967477557147e+00
1.021151788702978624e+00
1.021125270897695447e+00
1.021094826421918622e+00
1.021062022613250964e+00
1.021028461902321993e+00
1.020995679965003733e+00
1.020965068213345095e+00
1.020937820005350716e+00
1.020914896427449037e+00
1.020897007308817939e+00
1.020884604891132419e+00
1.020877889650835701e+00
1.020876828934733194e+00
1.020881188774038772e+00
1.020890577560247259e+00
1.020904497756184526e+00
1.020922399341392506e+00
1.020943727176631288e+00
1.020967954598512639e+00
1.020994597504658152e+00
1.021023206576475273e+00
1.021053339331294829e+00
1.021084517553737525e+00
1.021116178707367483e+00
1.021147631859498750e+00
1.021178029320868541e+00
1.021206364410422562e+00
1.021231503149840236e+00
1.021252252919007564e+00
1.021267464213239107e+00
1.021276153552524768e+00
1.021277628280977012e+00
1.021271590114152694e+00
1.021258196123489004e+00
1.021238063963742171e+00
1.021212220579057028e+00
1.021182006268513520e+00
1.021148954391325692e+00
1.021114668528178449e+00
1.021080714077911455e+00
1.021048533131745817e+00
1.021019383802928893e+00
1.020994300548906830e+00
1.020974070919097976e+00
1.020959225509239676e+00
1.020950040040221607e+00
1.020946550010050302e+00
1.020948578535139095e+00
1.020955776697809458e+00
1.020967673377587204e+00
1.020983728957871151e+00
1.021003385403316255e+00
1.021026104783860466e+00
1.021051389731300940e+00
1.021078782333446400e+00
1.021107841908622582e+00
1.021138106098442577e+00
1.021169043060223158e+00
1.021200004831962938e+00
1.021230193011011700e+00
1.021258647571635425e+00
1.021284267637232235e+00
1.021305868932633754e+00
1.021322276346657398e+00
1.021332442147831809e+00
1.021335572581600903e+00
1.021331240366262660e+00
1.021319460532310153e+00
1.021300713338256561e+00
1.021275909472505461e+00
1.021246305831462475e+00
1.021213390258305820e+00
1.021178757352328770e+00
1.021143994327621485e+00
1.021110588357164284e+00
1.021079858674487362e+00
1.021052910993544227e+00
1.021030609685311230e+00
1.021013563920386780e+00
1.021002126055210013e+00
1.020996402367152722e+00
1.020996276865885788e+00
1.021001448032350378e+00
1.021011476243335325e+00
1.021025837030909544e+00
1.021043973123067827e+00
1.021065337280603558e+00
1.021089418794502768e+00
1.021115749093212344e+00
1.021143885657493477e+00
1.021173377505677937e+00
1.021203719111408059e+00
1.021234302253044124e+00
1.021264376747898828e+00
1.021293031155002584e+00
1.021319203078412841e+00
1.021341725280879853e+00
1.021359408172036076e+00
1.021371151707060054e+00
1.021376071655867079e+00
1.021373618906454173e+00
1.021363668611012576e+00
1.021346560334984499e+00
1.021323080549015216e+00
1.021294391876607976e+00
1.021261924972397317e+00
1.021227254775283200e+00
1.021191981695247275e+00
1.021157631712189318e+00
1.021125580996043780e+00
1.021097003979428708e+00
1.021072840601695564e+00
1.021053778481561869e+00
1.021040247628860254e+00
1.021032427340466953e+00
1.021030265975898299e+00
1.021033513882403820e+00
1.021041767958622337e+00
1.021054523801869784e+00
1.021071228957203036e+00
1.021091329391851099e+00
1.021114301602798147e+00
1.021139664861134611e+00
1.021166971574555271e+00
1.021195777810066652e+00
1.021225599828079034e+00
1.021255865442763255e+00
1.021285870851911692e+00
1.021314754132702340e+00
1.021341495667960286e+00
1.021364952986543617e+00
1.021383932534073669e+00
1.021397293844790610e+00
1.021404073468893614e+00
1.021403608884189573e+00
1.021395639156815305e+00
1.021380361498707146e+00
1.021358431472705774e+00
1.021330907227097740e+00
1.021299150586332249e+00
1.021264705697551234e+00
1.021229176856286003e+00
1.021194121867392557e+00
1.021160969058050760e+00
1.021130958581557779e+00
1.021105104321770707e+00
1.021084171872795654e+00
1.021068669550425412e+00
1.021058851523860778e+00
1.021054733589894958e+00
1.021056122148806589e+00
1.021062655529168861e+00
1.021073854413138804e+00
1.021089175550009998e+00
1.021108061149922364e+00
1.021129976081404767e+00
1.021154426561658335e+00
1.021180957158838609e+00
1.021209126902299813e+00
1.021238469260101978e+00
1.021268444007723097e+00
1.021298391203432576e+00
1.021327498442854864e+00
1.021354792118232879e+00
1.021379161233819666e+00
1.021399418046257335e+00
1.021414393328314407e+00
1.021423056091905313e+00
1.021424639907672294e+00
1.021418753098260357e+00
1.021405450537263171e+00
1.021385251605015476e+00
1.021359100636131112e+00
1.021328279197467381e+00
1.021294289182340886e+00
1.021258728815452210e+00
1.021223180022964749e+00
1.021189117873552377e+00
1.021157844744672305e+00
1.021130446450449814e+00
1.021107765741477102e+00
1.021090389536619236e+00
1.021078648349101892e+00
1.021072628121470816e+00
1.021072195179900888e+00
1.021077034019424179e+00
1.021086695461641325e+00
1.021100650114951769e+00
1.021118339942707731e+00
1.021139219953394406e+00
1.021162783035666655e+00
1.021188563674931160e+00
1.021216120098611180e+00
1.021244998450153041e+00
1.021274686123454511e+00
1.021304563930843345e+00
1.021333868124162159e+00
1.021361673295719807e+00
1.021386905580581761e+00
1.021408391973039675e+00
1.021424945736861822e+00
1.021435480245022731e+00
1.021439135558563915e+00
1.021435396037897014e+00
1.021424175912049481e+00
1.021405854636053157e+00
1.021381254444218678e+00
1.021351565627696356e+00
1.021318236178527128e+00
1.021282847717529529e+00
1.021246997868875184e+00
1.021212202355187282e+00
1.021179821742772553e+00
1.021151011346578041e+00
1.021126689904185536e+00
1.021107522888156760e+00
1.021093918255685740e+00
1.021086034421073929e+00
1.021083801169993421e+00
1.021086953679880782e+00
1.021095077935591622e+00
1.021107663258397746e+00
1.021124155293847924e+00
1.021144001534322721e+00
1.021166681895187001e+00
1.021191719102225060e+00
1.021218667210380904e+00
1.021247080643852501e+00
1.021276469902945738e+00
1.021306252957080885e+00
1.021335713067269779e+00
1.021363974217442738e+00
1.021390004259160822e+00
1.021412652915503649e+00
1.021430726629411812e+00
1.021443095049145988e+00
1.021448815817262767e+00
1.021447257411391973e+00
1.021438196754682393e+00
1.021421871250984825e+00
1.021398973972446056e+00
1.021370593525947168e+00
1.021338112334773118e+00
1.021303084399557193e+00
1.021267113919770431e+00
1.021231750485294132e+00
1.021198408235628907e+00
1.021168309111047501e+00
1.021142446305487894e+00
1.021121563455151149e+00
1.021106146699740203e+00
1.021096428870044814e+00
1.021092406386921336e+00
1.021093869362939888e+00
1.021100443876864272e+00
1.021111642945410125e+00
1.021126920182475306e+00
1.021145718446335504e+00
1.021167505660633523e+00
1.021191791713264241e+00
1.021218123573123915e+00
1.021246059773506243e+00
1.021275129337095633e+00
1.021304783400438954e+00
1.021334349886131143e+00
1.021363002415748067e+00
1.021389754076059919e+00
1.021413484309492192e+00
1.021433002724331462e+00
1.021447146979775233e+00
1.021454903876782394e+00
1.021455535222950850e+00
1.021448685549774194e+00
1.021434449751237317e+00
1.021413386051921668e+00
1.021386471774467175e+00
1.021355012267216367e+00
1.021320522527918051e+00
1.021284603549587944e+00
1.021248831286627468e+00
1.021214668214661891e+00
1.021183399541209846e+00
1.021156091007212385e+00
1.021133563682827150e+00
1.021116382277043710e+00
1.021104855605179607e+00
1.021099049528525260e+00
1.021098813048282317e+00
1.021103817116757018e+00
1.021113603487676880e+00
1.021127638320356024e+00
1.021145363212594415e+00
1.021166235689509705e+00
1.021189752342895662e+00
1.021215450653540024e+00
1.021242889394748721e+00
1.021271611550118807e+00
1.021301097138989089e+00
1.021330715787332588e+00
1.021359690119788555e+00
1.021387080930389990e+00
1.021411803327724854e+00
1.021432679253409415e+00
1.021448525754963033e+00
1.021458270645436706e+00
1.021461079224326607e+00
1.021456470018559770e+00
1.021444396634509255e+00
1.021425278265434278e+00
1.021399972349803731e+00
1.021369696008887384e+00
1.021335913627556602e+00
1.021300212613910574e+00
1.021264187064797380e+00
1.021229341895597553e+00
1.021197021699526530e+00
1.021168362451774669e+00
1.021144261582497492e+00
1.021125362412659499e+00
1.021112050940292892e+00
1.021104464894970087e+00
1.021102515791575183e+00
1.021105924032195578e+00
1.021114265140127042e+00
1.021127022618673941e+00
1.021143640616225978e+00
1.021163568438913760e+00
1.021186289554720350e+00
1.021211330110948001e+00
1.021238245627452912e+00
1.021266588601084990e+00
1.021295863454022346e+00
1.021325478041023249e+00
1.021354702549233329e+00
1.021382646941525252e+00
1.021408266873685911e+00
1.021430404876696452e+00
1.021447868242838286e+00
1.021459537722806399e+00
1.021464493021202458e+00
1.021462134387779441e+00
1.021452277021297039e+00
1.021435198495955987e+00
1.021411628943868166e+00
1.021382686660182504e+00
1.021349773738976729e+00
1.021314453113900234e+00
1.021278328096415056e+00
1.021242939454570564e+00
1.021209686719088738e+00
1.021179773352097975e+00
1.021154171714695913e+00
1.021133603443137972e+00
1.021118532554638580e+00
1.021109170695504886e+00
1.021105495168592281e+00
1.021107280152558250e+00
1.021114139899042872e+00
1.021125580204493843e+00
1.021141051955741563e+00
1.021159998970543548e+00
1.021181892395149005e+00
1.021206245789786138e+00
1.021232608368559891e+00
1.021260537894556730e+00
1.021289558614915993e+00
1.021319112719285549e+00
1.021348515793274236e+00
1.021376927469803686e+00
1.021403347764762382e+00
1.021426647071380867e+00
1.021445633118948093e+00
1.021459151396872489e+00
1.021466207473213927e+00
1.021466092230016498e+00
1.021458486936866361e+00
1.021443526617524356e+00
1.021421808011380605e+00
1.021394340741101248e+00
1.021362453040703722e+00
1.021327672078203852e+00
1.021291600779447917e+00
1.021255808465890924e+00
1.021221744548037380e+00
1.021190676756510651e+00
1.021163650582038729e+00
1.021141465341010690e+00
1.021124663552988032e+00
1.021113532452327943e+00
1.021108118037842294e+00
1.021108252303010167e+00
1.021113593052597857e+00
1.021123673405100352e+00
1.021137955484780591e+00
1.021155880858315879e+00
1.021176909770258323e+00
1.021200542556400581e+00
1.021226319571000074e+00
1.021253799878354407e+00
1.021282522970223372e+00
1.021311961156457615e+00
1.021341472622160129e+00
1.021370266273126770e+00
1.021397389245742415e+00
1.021421746036082823e+00
1.021442154216275711e+00
1.021457435507308498e+00
1.021466533135251042e+00
1.021468638526957573e+00
1.021463305006306221e+00
1.021450525795823516e+00
1.021430759624732065e+00
1.021404898543584849e+00
1.021374185655443689e+00
1.021340100802408113e+00
1.021304236307513102e+00
1.021268182026090710e+00
1.021233431541383130e+00
1.021201313122352738e+00
1.021172943192308669e+00
1.021149197770392369e+00
1.021130698015938032e+00
1.021117808051090314e+00
1.021110645103124881e+00
1.021109102698267934e+00
1.021112886830613631e+00
1.021121562980220165e+00
1.021134609249832348e+00
1.021151468646570581e+00
1.021171592528689720e+00
1.021194467999781974e+00
1.021219624546094273e+00
1.021246618924948724e+00
1.021275001382062619e+00
1.021304269910703777e+00
1.021333821954575782e+00
1.021362914468716188e+00
1.021390643449649582e+00
1.021415952676603123e+00
1.021437678083765510e+00
1.021454628640581452e+00
1.021465697155338415e+00
1.021469986320772794e+00
1.021466928879111391e+00
1.021456378668727405e+00
1.021438653363664795e+00
1.021414519671699050e+00
1.021385124790234133e+00
1.021351889559958703e+00
1.021316384945860190e+00
1.021280212605784499e+00
1.021244903905662138e+00
1.021211843368060368e+00
1.021182215726539555e+00
1.021156972374202443e+00
1.021136812907327940e+00
1.021122179271704233e+00
1.021113262076571715e+00
1.021110019754039477e+00
1.021112210887020977e+00
1.021119438301214544e+00
1.021131200990056165e+00
1.021146947487647783e+00
1.021166122843931268e+00
1.021188201554297681e+00
1.021212700812478058e+00
1.021239171884912089e+00
1.021267171458141831e+00
1.021296218647713916e+00
1.021325746369164511e+00
1.021355057656752496e+00
1.021383298132046313e+00
1.021409454969365527e+00
1.021432390019739955e+00
1.021450909892818171e+00
1.021463868833628386e+00
1.021470292125981727e+00
1.021469500523648488e+00
1.021461212516598493e+00
1.021445603321422535e+00
1.021423307825739535e+00
1.021395367242983632e+00
1.021363131793987522e+00
1.021328139895313569e+00
1.021291995591823820e+00
1.021256260934651605e+00
1.021222371817581465e+00
1.021191578201809502e+00
1.021164905158975067e+00
1.021143130181400904e+00
1.021126773619015271e+00
1.021116101238709550e+00
1.021111139389398570e+00
1.021111703364459888e+00
1.021117438202169048e+00
1.021127868798886729e+00
1.021142453632702729e+00
1.021160634543686108e+00
1.021181874665836542e+00
1.021205678086723134e+00
1.021231587881482161e+00
1.021259163124510039e+00
1.021287939463940919e+00
1.021317381152323733e+00
1.021346834673316772e+00
1.021375495122112786e+00
1.021402396122039979e+00
1.021426431975677840e+00
1.021446416570938709e+00
1.021461177186577807e+00
1.021469673417976232e+00
1.021471123679064563e+00
1.021465116681787411e+00
1.021451685460384340e+00
1.021431328038988617e+00
1.021404970461548434e+00
1.021373880954299818e+00
1.021339553886206453e+00
1.021303585638732914e+00
1.021267561131281365e+00
1.021232962108039821e+00
1.021201100175490595e+00
1.021173072000184145e+00
1.021149732089273954e+00
1.021131679429983841e+00
1.021119256349523940e+00
1.021112559751440330e+00
1.021111465449504818e+00
1.021115665388066418e+00
1.021124715408833872e+00
1.021138088612981054e+00
1.021155227199174620e+00
1.021175584789861368e+00
1.021198652179984290e+00
1.021223962086626358e+00
1.021251072255737302e+00
1.021279530342679820e+00
1.021308827552578347e+00
1.021338350620438762e+00
1.021367343116315496e+00
1.021394887135525176e+00
1.021419914912712779e+00
1.021441256391725227e+00
1.021457723051745203e+00
1.021468220707690833e+00
1.021471875946946994e+00
1.021468154692390273e+00
1.021456949746143206e+00
1.021438618771926432e+00
1.021413964537763786e+00
1.021384162340449819e+00
1.021350650841606367e+00
1.021315008146264969e+00
1.021278833509279949e+00
1.021243648330347753e+00
1.021210821736793672e+00
1.021181519490413026e+00
1.021156671884100753e+00
1.021136956434387955e+00
1.021122793065657897e+00
1.021114351495754580e+00
1.021111571530503248e+00
1.021114196490318093e+00
1.021121818167752160e+00
1.021133929157634235e+00
1.021149975998203452e+00
1.021169405223151250e+00
1.021191694780726467e+00
1.021216365437366935e+00
1.021242970300415109e+00
1.021271064660429939e+00
1.021300162139001655e+00
1.021329686051343000e+00
1.021358926674024836e+00
1.021387015608399063e+00
1.021412927433781981e+00
1.021435515982966891e+00
1.021453587517246131e+00
1.021466005964615453e+00
1.021471817261660364e+00
1.021470372805437066e+00
1.021461428752309608e+00
1.021445200535057829e+00
1.021422360788422523e+00
1.021393981584977073e+00
1.021361434226139675e+00
1.021326267461006188e+00
1.021290085653185020e+00
1.021254442961515796e+00
1.021220761324336701e+00
1.021190272649372677e+00
1.021163981424753064e+00
1.021142643250339876e+00
1.021126756327076945e+00
1.021116565068498794e+00
1.021112076386433865e+00
1.021113089180621269e+00
1.021119236099927052e+00
1.021130034223600269e+00
1.021144938759684484e+00
1.021163392109238899e+00
1.021184860446269216e+00
1.021208851598297551e+00
1.021234911191602146e+00
1.021262598017370848e+00
1.021291443522263975e+00
1.021320903554844506e+00
1.021350312645106895e+00
1.021378852000590420e+00
1.021405541895224367e+00
1.021429266877204700e+00
1.021448837852039659e+00
1.021463088548409281e+00
1.021470995882155730e+00
