1.000603444564682754e+00
1.000677286452845483e+00
1.000799081009134284e+00
1.000941314667994853e+00
1.001094150553687445e+00
1.001252556607159283e+00
1.001413446785834882e+00
1.001574793895075199e+00
1.001735289608619350e+00
1.001894180567141746e+00
1.002051161543756175e+00
1.002206284541975245e+00
1.002359871744061159e+00
1.002512432176049462e+00
1.002664586073465536e+00
1.002817000811637049e+00
1.002970340142520289e+00
1.003125226067467901e+00
1.003282211068816210e+00
1.003441758000265027e+00
1.003604225491129487e+00
1.003769857761948492e+00
1.003938778787813124e+00
1.004110991447799472e+00
1.004286382514910425e+00
1.004464734064230980e+00
1.004645741195257180e+00
1.004829035031041817e+00
1.005014208973380452e+00
1.005200845384434771e+00
1.005388539436640194e+00
1.005576916959604938e+00
1.005765643738824267e+00
1.005954424790032053e+00
1.006142993459363311e+00
1.006331091568508640e+00
1.006518443053867395e+00
1.006704724527019312e+00
1.006889536863637247e+00
1.007072382289594170e+00
1.007252651434862312e+00
1.007429624374008625e+00
1.007602488631598625e+00
1.007770375386208617e+00
1.007932412660484056e+00
1.008087791358374785e+00
1.008235837098539811e+00
1.008376078612177151e+00
1.008508302784254518e+00
1.008632587739537900e+00
1.008749308706774261e+00
1.008859116075369933e+00
1.008962889898668447e+00
1.009061678770718951e+00
1.009156632554017996e+00
1.009248937652486910e+00
1.009339760982056244e+00
1.009430205549116444e+00
1.009521277672097650e+00
1.009613864057826049e+00
1.009708716331654266e+00
1.009806440961404927e+00
1.009907493364800901e+00
1.010012175920413702e+00
1.010120640309415618e+00
1.010232894935658265e+00
1.010348818054127129e+00
1.010468176717708833e+00
1.010590650836547200e+00
1.010715860703187641e+00
1.010843395483140172e+00
1.010972839619995955e+00
1.011103794021200653e+00
1.011235889339342275e+00
1.011368789587397066e+00
1.011502185565246847e+00
1.011635778920158435e+00
1.011769258922320613e+00
1.011902275076071556e+00
1.012034409446146643e+00
1.012165153034095599e+00
1.012293890661858375e+00
1.012419898528488460e+00
1.012542357772792778e+00
1.012660385865897350e+00
1.012773085426101893e+00
1.012879607237890944e+00
1.012979221277408470e+00
1.013071387060606066e+00
1.013155813413049611e+00
1.013232498441227536e+00
1.013301743249168663e+00
1.013364137333854886e+00
1.013420518547568649e+00
1.013471914692452902e+00
1.013519476085365634e+00
1.013564408331740108e+00
1.013607912426128799e+00
1.013651136116508811e+00
1.013695137352658371e+00
1.013740858425011160e+00
1.013789108413968965e+00
1.013840551660141642e+00
1.013895700717456938e+00
1.013954913208971131e+00
1.014018392818171854e+00
1.014086195108904409e+00
1.014158238891678554e+00
1.014234323453823139e+00
1.014314151231870964e+00
1.014397354579307464e+00
1.014483524374971468e+00
1.014572237547950673e+00
1.014663080350797664e+00
1.014755664494541909e+00
1.014849634047468419e+00
1.014944662162931444e+00
1.015040438038553150e+00
1.015136645814537220e+00
1.015232938237724980e+00
1.015328908767894500e+00
1.015424066354268628e+00
1.015517817340889195e+00
1.015609458808720778e+00
1.015698187014364651e+00
1.015783123300055379e+00
1.015863357840752990e+00
1.015938008934020864e+00
1.016006292548510714e+00
1.016067594118713835e+00
1.016121532870986943e+00
1.016168008998531658e+00
1.016207226127464835e+00
1.016239685488404154e+00
1.016266153135787054e+00
1.016287606135641397e+00
1.016305166617472722e+00
1.016320033243479415e+00
1.016333418083729789e+00
1.016346493909977999e+00
1.016360353661937888e+00
1.016375981268413220e+00
1.016394231619511146e+00
1.016415817268701005e+00
1.016441300035987538e+00
1.016471086622050546e+00
1.016505428233821728e+00
1.016544424810724045e+00
1.016588034608089552e+00
1.016636089623557559e+00
1.016688316707014206e+00
1.016744363307480414e+00
1.016803825871714029e+00
1.016866278139879398e+00
1.016931296187791434e+00
1.016998477176028093e+00
1.017067449404184032e+00
1.017137872334320292e+00
1.017209426555280682e+00
1.017281794997402677e+00
1.017354637899613001e+00
1.017427564972437359e+00
1.017500108848884421e+00
1.017571704251602371e+00
1.017641677284479185e+00
1.017709248781016873e+00
1.017773554571653527e+00
1.017833683753319951e+00
1.017888733567108961e+00
1.017937876549507292e+00
1.017980432729334916e+00
1.018015937524914261e+00
1.018044195413111863e+00
1.018065310896102860e+00
1.018079691748191129e+00
1.018088024285771942e+00
1.018091225251319232e+00
1.018090378507490179e+00
1.018086666167762555e+00
1.018081302873875105e+00
1.018075479282836815e+00
1.018070317529552238e+00
1.018066838553643993e+00
1.018065939388857366e+00
1.018068377947639824e+00
1.018074763216669565e+00
1.018085549656585709e+00
1.018101035541241650e+00
1.018121365677294499e+00
1.018146539254023208e+00
1.018176423439586475e+00
1.018210772803002317e+00
1.018249253812435917e+00
1.018291472714166979e+00
1.018337004248358379e+00
1.018385418123347375e+00
1.018436300111216219e+00
1.018489265103208030e+00
1.018543960411187221e+00
1.018600058856541590e+00
1.018657242539629193e+00
1.018715179438248519e+00
1.018773496013279267e+00
1.018831749744246729e+00
1.018889405956312944e+00
1.018945823401404827e+00
1.019000252739024948e+00
1.019051851196097758e+00
1.019099715138046314e+00
1.019142930013718695e+00
1.019180634299405641e+00
1.019212091084937377e+00
1.019236758491142814e+00
1.019254348960745293e+00
1.019264868242684141e+00
1.019268627753951773e+00
1.019266228465444568e+00
1.019258519433146937e+00
1.019246538232920996e+00
1.019231442744204852e+00
1.019214443528510206e+00
1.019196743847185616e+00
1.019179491143059613e+00
1.019163740697752285e+00
1.019150429995617779e+00
1.019140361380907134e+00
1.019134190720116795e+00
1.019132420552804952e+00
1.019135397176737179e+00
1.019143311919375794e+00
1.019156207294281691e+00
1.019173988748767190e+00
1.019196442292249483e+00
1.019223257542725358e+00
1.019254054797365416e+00
1.019288413828503437e+00
1.019325901449728455e+00
1.019366094673601175e+00
1.019408596588665006e+00
1.019453042894814754e+00
1.019499098216027910e+00
1.019546442654509999e+00
1.019594750355180102e+00
1.019643662961554620e+00
1.019692761683503868e+00
1.019741542236026088e+00
1.019789397123183949e+00
1.019835609569903712e+00
1.019879362728808747e+00
1.019919766469806977e+00
1.019955902014750393e+00
1.019986881989512817e+00
1.020011920465170530e+00
1.020030404851647976e+00
1.020041959860196856e+00
1.020046493868624893e+00
1.020044220241999255e+00
1.020035650209187628e+00
1.020021558853362320e+00
1.020002930325346391e+00
1.019980891287408653e+00
1.019956642155512183e+00
1.019931394059390595e+00
1.019906316417674486e+00
1.019882496764579205e+00
1.019860911924423519e+00
1.019842408288355484e+00
1.019827688769558760e+00
1.019817304630264765e+00
1.019811651320682966e+00
1.019810968355884917e+00
1.019815343832747523e+00
1.019824724339858157e+00
1.019838930725821768e+00
1.019857679532272687e+00
1.019880609002820515e+00
1.019907307641048533e+00
1.019937342531244795e+00
1.019970284257869730e+00
1.020005725393261287e+00
1.020043290183317852e+00
1.020082634143725020e+00
1.020123433595807150e+00
1.020165366509470761e+00
1.020208087207223002e+00
1.020251198415091487e+00
1.020294224783090176e+00
1.020336592320715718e+00
1.020377618155338784e+00
1.020416514522107132e+00
1.020452409793661142e+00
1.020484387545080862e+00
1.020511542141668837e+00
1.020533046381149944e+00
1.020548223839610635e+00
1.020556616497681590e+00
1.020558037716087663e+00
1.020552602174163326e+00
1.020540727920186796e+00
1.020523110483168683e+00
1.020500673828319771e+00
1.020474506476816368e+00
1.020445792445936473e+00
1.020415745660126383e+00
1.020385553780528198e+00
1.020356334093404316e+00
1.020329101247648307e+00
1.020304744886904924e+00
1.020284014700126640e+00
1.020267510827649993e+00
1.020255678449947467e+00
1.020248806326258251e+00
1.020247029744193679e+00
1.020250338634130838e+00
1.020258591451214558e+00
1.020271534875726305e+00
1.020288828544063442e+00
1.020310073074309098e+00
1.020334838809370037e+00
1.020362692181976616e+00
1.020393216568139749e+00
1.020426024993460246e+00
1.020460763022247086e+00
1.020497101424900688e+00
1.020534719572612659e+00
1.020573281758762274e+00
1.020612409666834974e+00
1.020651654938147690e+00
1.020690476218909737e+00
1.020728225152098823e+00
1.020764145442122350e+00
1.020797388227221658e+00
1.020827045415714895e+00
1.020852200341855420e+00
1.020871992240075521e+00
1.020885688057262985e+00
1.020892752703758344e+00
1.020892907763073065e+00
1.020886169544420241e+00
1.020872860308609020e+00
1.020853591011108730e+00
1.020829218880071165e+00
1.020800787229231954e+00
1.020769457002401737e+00
1.020736439253294492e+00
1.020702935497232122e+00
1.020670089630056232e+00
1.020638952016842627e+00
1.020610454216360985e+00
1.020585391910209472e+00
1.020564413766123835e+00
1.020548014753609234e+00
1.020536533393670009e+00
1.020530153220467584e+00
1.020528909163289422e+00
1.020532699547276323e+00
1.020541303978346193e+00
1.020554406614218035e+00
1.020571623387751314e+00
1.020592530848765556e+00
1.020616693647451223e+00
1.020643687479209749e+00
1.020673114638858792e+00
1.020704610162568304e+00
1.020737837727970554e+00
1.020772475831582149e+00
1.020808196063719642e+00
1.020844636404478312e+00
1.020881373292803929e+00
1.020917896747298048e+00
1.020953593018458561e+00
1.020987739062542587e+00
1.021019512427650877e+00
1.021048018793554002e+00
1.021072337330615198e+00
1.021091581330086928e+00
1.021104968553393721e+00
1.021111893064743370e+00
1.021111988721771002e+00
1.021105174697848117e+00
1.021091675713495794e+00
1.021072013763465680e+00
1.021046973098345578e+00
1.021017544729788007e+00
1.020984859544277423e+00
1.020950119574871362e+00
1.020914535255702305e+00
1.020879273427593770e+00
1.020845417612437078e+00
1.020813939573812501e+00
1.020785679888346564e+00
1.020761335114229285e+00
1.020741449782928356e+00
1.020726412391963489e+00
1.020716455454745208e+00
1.020711660224489892e+00
1.020711966842319240e+00
1.020717190355352910e+00
1.020727042378487326e+00
1.020741157272088362e+00
1.020759120771864925e+00
1.020780498258927693e+00
1.020804859498727124e+00
1.020831796832831539e+00
1.020860934487876293e+00
1.020891927763007967e+00
1.020924452179496678e+00
1.020958184012349390e+00
1.020992774802353953e+00
1.021027823368057863e+00
1.021062849462132771e+00
1.021097273526265115e+00
1.021130406944754654e+00
1.021161456676042745e+00
1.021189547013467758e+00
1.021213759383227337e+00
1.021233188553853477e+00
1.021247010665027100e+00
1.021254555617054915e+00
1.021255374337262545e+00
1.021249291007440663e+00
1.021236431966877856e+00
1.021217226611525142e+00
1.021192380440495207e+00
1.021162825209096958e+00
1.021129654613232685e+00
1.021094055169858628e+00
1.021057240867694560e+00
1.021020397411391389e+00
1.020984638572993486e+00
1.020950974347740514e+00
1.020920288915301288e+00
1.020893325930137152e+00
1.020870679106193002e+00
1.020852786961096825e+00
1.020839931520471922e+00
1.020832241463345724e+00
1.020829700465028633e+00
1.020832161325481158e+00
1.020839365904828266e+00
1.020850970040658723e+00
1.020866571673068268e+00
1.020885739570962514e+00
1.020908039550988189e+00
1.020933055063886652e+00
1.020960399541927854e+00
1.020989718882784558e+00
1.021020683718965927e+00
1.021052972475372078e+00
1.021086247461149510e+00
1.021120127252117316e+00
1.021154159341779888e+00
1.021187797452556056e+00
1.021220387969787868e+00
1.021251169603941689e+00
1.021279289467840856e+00
1.021303837147168991e+00
1.021323896014344257e+00
1.021338608162764672e+00
1.021347246366258732e+00
1.021349284087373910e+00
1.021344453545218744e+00
1.021332782802346628e+00
1.021314605854557245e+00
1.021290544265057498e+00
1.021261463850660078e+00
1.021228413949804903e+00
1.021192558806892858e+00
1.021155110222715656e+00
1.021117268292342839e+00
1.021080173794630008e+00
1.021044872729275355e+00
1.021012291407294104e+00
1.020983219651300233e+00
1.020958299856573603e+00
1.020938020467951457e+00
1.020922713390473913e+00
1.020912555636394714e+00
1.020907575925107391e+00
1.020907666924927293e+00
1.020912603377178041e+00
1.020922065569013881e+00
1.020935666682667886e+00
1.020952981654598357e+00
1.020973574549254081e+00
1.020997021269020699e+00
1.021022924771527229e+00
1.021050920813922680e+00
1.021080673446548293e+00
1.021111860829358342e+00
1.021144153240365338e+00
1.021177186239176304e+00
1.021210532765598922e+00
1.021243678467655958e+00
1.021276004740408361e+00
1.021306783749654556e+00
1.021335188991453258e+00
1.021360323560760452e+00
1.021381266197246784e+00
1.021397132442602995e+00
1.021407145237744896e+00
1.021410706632839727e+00
1.021407460752466800e+00
1.021397338438429392e+00
1.021380576379186778e+00
1.021357707701121775e+00
1.021329525978450281e+00
1.021297029083710228e+00
1.021261352031293645e+00
1.021223698335464336e+00
1.021185277606446506e+00
1.021147254021279593e+00
1.021110707068963563e+00
1.021076603511442027e+00
1.021045778258416359e+00
1.021018921755259656e+00
1.020996572144238890e+00
1.020979111414879625e+00
1.020966765628775086e+00
1.020959609849631633e+00
1.020957578524741560e+00
1.020960481743296455e+00
1.020968027112545862e+00
1.020979846085768639e+00
1.020995522643074249e+00
1.021014621489595653e+00
1.021036712594999063e+00
1.021061389075051729e+00
1.021088276115873494e+00
1.021117029751689387e+00
1.021147325634036873e+00
1.021178839263388483e+00
1.021211220324159896e+00
1.021244064673956231e+00
1.021276888150819628e+00
1.021309106658712329e+00
1.021340026921238042e+00
1.021368851751114581e+00
1.021394702527892884e+00
1.021416659703613616e+00
1.021433819598120074e+00
1.021445362770834642e+00
1.021450626407291562e+00
1.021449171183134830e+00
1.021440832712025681e+00
1.021425749399091920e+00
1.021404362195348137e+00
1.021377386605006876e+00
1.021345762076963037e+00
1.021310587301979211e+00
1.021273051080949124e+00
1.021234367255881237e+00
1.021195719399291324e+00
1.021158217649149824e+00
1.021122867295243264e+00
1.021090547076379806e+00
1.021061994714426380e+00
1.021037797679994252e+00
1.021018388093514417e+00
1.021004041595455991e+00
1.020994880685885731e+00
1.020990883291524209e+00
1.020991897132902171e+00
1.020997659883968289e+00
1.021007824261568331e+00
1.021021986233717760e+00
1.021039713712295738e+00
1.021060572610454464e+00
1.021084147149607713e+00
1.021110051840335098e+00
1.021137933558745381e+00
1.021167463421040811e+00
1.021198319511569030e+00
1.021230162756016746e+00
1.021262609230825902e+00
1.021295202909789923e+00
1.021327393249740201e+00
1.021358522073151143e+00
1.021387823828721064e+00
1.021414442367039044e+00
1.021437465730633765e+00
1.021455978102673967e+00
1.021469125170919590e+00
1.021476186200066749e+00
1.021476643763939318e+00
1.021470241144761815e+00
1.021457018439900333e+00
1.021437321516834418e+00
1.021411782555842862e+00
1.021381275874840400e+00
1.021346856690196203e+00
1.021309692379011702e+00
1.021270995332957732e+00
1.021231964106532164e+00
1.021193736292196341e+00
1.021157353513240107e+00
1.021123736882675992e+00
1.021093670474459980e+00
1.021067790581135171e+00
1.021046579350570305e+00
1.021030362355885401e+00
1.021019310425449023e+00
1.021013446456994878e+00
1.021012657894660780e+00
1.021016715084036575e+00
1.021025294936217076e+00
1.021038008390591223e+00
1.021054429278205555e+00
1.021074121573450455e+00
1.021096661858876153e+00
1.021121654198871465e+00
1.021148735483864867e+00
1.021177570519651745e+00
1.021207837488956827e+00
1.021239205702681563e+00
1.021271308642152098e+00
1.021303716098975745e+00
1.021335909721117652e+00
1.021367266446898903e+00
1.021397054083370559e+00
1.021424442538894750e+00
1.021448532813743926e+00
1.021468403718821971e+00
1.021483173539218026e+00
1.021492070853688761e+00
1.021494506095025567e+00
1.021490133965919700e+00
1.021478897186654411e+00
1.021461044518934047e+00
1.021437120231101892e+00
1.021407927157809592e+00
1.021374469924527517e+00
1.021337887551126089e+00
1.021299384922668363e+00
1.021260170746356222e+00
1.021221406498768580e+00
1.021184167645995622e+00
1.021149416004624610e+00
1.021117980917471968e+00
1.021090546857945869e+00
1.021067645758286568e+00
1.021049653315603933e+00
1.021036789389870858e+00
1.021029123137786598e+00
1.021026583624062845e+00
1.021028976314631853e+00
1.021036005159868143e+00
1.021047299063764680e+00
1.021062440605524646e+00
1.021080994155784127e+00
1.021102530207909531e+00
1.021126642943113616e+00
1.021152958767199026e+00
1.021181134679615798e+00
1.021210846666893879e+00
1.021241769641914043e+00
1.021273551611601160e+00
1.021305785654192944e+00
1.021337983888048306e+00
1.021369557897180425e+00
1.021399809992086904e+00
1.021427939120359341e+00
1.021453064059443694e+00
1.021474264621970329e+00
1.021490639022510027e+00
1.021501372572511501e+00
1.021505810041083206e+00
1.021503522094565852e+00
1.021494355948075583e+00
1.021478462161677259e+00
1.021456293253667269e+00
1.021428574683095780e+00
1.021396253501732465e+00
1.021360433288817315e+00
1.021322305029680022e+00
1.021283082343703574e+00
1.021243946628482613e+00
1.021206004381373322e+00
1.021170256215199190e+00
1.021137575488217264e+00
1.021108694078455059e+00
1.021084193327867151e+00
1.021064499098799150e+00
1.021049880809299149e+00
1.021040454966025024e+00
1.021036193953929416e+00
1.021036940639273416e+00
1.021042428748624609e+00
1.021052308124020591e+00
1.021066173006621280e+00
1.021083590687412279e+00
1.021104127395298322e+00
1.021127368318647921e+00
1.021152929216258665e+00
1.021180458085984899e+00
1.021209626647451518e+00
1.021240112746466977e+00
1.021271576017576344e+00
1.021303630129806184e+00
1.021335815638615419e+00
1.021367577855287312e+00
1.021398254185816867e+00
1.021427074994819106e+00
1.021453181080550054e+00
1.021475659180241191e+00
1.021493594543521954e+00
1.021506136710393919e+00
1.021512571676846282e+00
1.021512391330352543e+00
1.021505350162975168e+00
1.021491500387295082e+00
1.021471199755547010e+00
1.021445091019962170e+00
1.021414056913409141e+00
1.021379158424129407e+00
1.021341565956347619e+00
1.021302492403368900e+00
1.021263134715685528e+00
1.021224627265103546e+00
1.021188007292387567e+00
1.021154190731419220e+00
1.021123955947968343e+00
1.021097933191451590e+00
1.021076598390325829e+00
1.021060270881077203e+00
1.021049115421374776e+00
1.021043149218158863e+00
1.021042254638647728e+00
1.021046197793477939e+00
1.021054652387356931e+00
1.021067227289216506e+00
1.021083495392698159e+00
1.021103020738677536e+00
1.021125380728951537e+00
1.021150180652327766e+00
1.021177058627467327e+00
1.021205680289480000e+00
1.021235723900924874e+00
1.021266857852326737e+00
1.021298713591103802e+00
1.021330857811370674e+00
1.021362768226751427e+00
1.021393817407291404e+00
1.021423268918301375e+00
1.021450289228648334e+00
1.021473977421604618e+00
1.021493412579485005e+00
1.021507715940988437e+00
1.021516121925990062e+00
1.021518049527100125e+00
1.021513164158373010e+00
1.021501420495158907e+00
1.021483079387868642e+00
1.021458696206214212e+00
1.021429082962087787e+00
1.021395250926579790e+00
1.021358343012755077e+00
1.021319565375045535e+00
1.021280125737209499e+00
1.021241182820140203e+00
1.021203808036551308e+00
1.021168958249017100e+00
1.021137457243161073e+00
1.021109983545805289e+00
1.021087062918904831e+00
1.021069064821122030e+00
1.021056202979530259e+00
1.021048540727754306e+00
1.021046001846759754e+00
1.021048387291286996e+00
1.021055397476806181e+00
1.021066658884952849e+00
1.021081752819795962e+00
1.021100243435584476e+00
1.021121701853920927e+00
1.021145723408063422e+00
1.021171935790058383e+00
1.021199997011625005e+00
1.021229583424886345e+00
1.021260369374542121e+00
1.021292001205111877e+00
1.021324069234061271e+00
1.021356081890296030e+00
1.021387446487411310e+00
1.021417460997946058e+00
1.021445320608996177e+00
1.021470141630242301e+00
1.021491003394461305e+00
1.021507006185985889e+00
1.021517340244247007e+00
1.021521358081181940e+00
1.021518640478660478e+00
1.021509046329529991e+00
1.021492738369327302e+00
1.021470180650117410e+00
1.021442108508493929e+00
1.021409476494264501e+00
1.021373392960959858e+00
1.021335050970854308e+00
1.021295663831003342e+00
1.021256410697403805e+00
1.021218394383457850e+00
1.021182610802331192e+00
1.021149927926043421e+00
1.021121071797041147e+00
1.021096617649066118e+00
1.021076985118586578e+00
1.021062437445692694e+00
1.021053085201076627e+00
1.021048895298591663e+00
1.021049705833261712e+00
1.021055246677293749e+00
1.021065164896937549e+00
1.021079053106202839e+00
1.021096478069577040e+00
1.021117006415003470e+00
1.021140224365332028e+00
1.021165748976615939e+00
1.021193229398663416e+00
1.021222337968015204e+00
1.021252752293028809e+00
1.021284130711826776e+00
1.021316084481546316e+00
1.021348150743365046e+00
1.021379770683206401e+00
1.021410277333623107e+00
1.021438897045856997e+00
1.021464767666013351e+00
1.021486974753288646e+00
1.021504604770753666e+00
1.021516811265045455e+00
1.021522887109184818e+00
1.021522333624081735e+00
1.021514916590340771e+00
1.021500700363925151e+00
1.021480054558137285e+00
1.021453632428892089e+00
1.021422325025196587e+00
1.021387198995002521e+00
1.021349427660402043e+00
1.021310224322061755e+00
1.021270784253613062e+00
1.021232238555982441e+00
1.021195620057509856e+00
1.021161839499613588e+00
1.021131669539610876e+00
1.021105734394299525e+00
1.021084503793153964e+00
1.021068290866657513e+00
1.021057254343400666e+00
1.021051405792744671e+00
1.021050622569535271e+00
1.021054666623725238e+00
1.021063208534454425e+00
1.021075855182964176e+00
1.021092178604678491e+00
1.021111742976916315e+00
1.021134126576579204e+00
1.021158935955396529e+00
1.021185810480327083e+00
1.021214416618714482e+00
1.021244432702232530e+00
1.021275526182008786e+00
1.021307326450862085e+00
1.021339397090448742e+00
1.021371211878349783e+00
1.021402139034909506e+00
1.021431437928131736e+00
1.021458271660754757e+00
1.021481737500736342e+00
1.021500914926541714e+00
1.021514928268034028e+00
1.021523017922090215e+00
1.021524611558653151e+00
1.021519385386480350e+00
1.021507306073767607e+00
1.021488646547752843e+00
1.021463973222336064e+00
1.021434107195904328e+00
1.021400066276899610e+00
1.021362997162122088e+00
1.021324107177776774e+00
1.021284602986200607e+00
1.021245640496576623e+00
1.021208287032471240e+00
1.021173494483238020e+00
1.021142081070820939e+00
1.021114719378908520e+00
1.021091929011251676e+00
1.021074073208782851e+00
1.021061359595804241e+00
1.021053845723256748e+00
1.021051450139246919e+00
1.021053969347763157e+00
1.021061100296924540e+00
1.021072467116735716e+00
1.021087649904977912e+00
1.021106212660997770e+00
1.021127727183720912e+00
1.021151789991413317e+00
1.021178030077443788e+00
1.021206106463503183e+00
1.021235695850385650e+00
1.021266471987731572e+00
1.021298079526947067e+00
1.021330105997233950e+00
1.021362056121206674e+00
1.021393332943044463e+00
1.021423230122316284e+00
1.021450939138688341e+00
1.021475573916093449e+00
1.021496213414988308e+00
1.021511960114191320e+00
1.021522009310115164e+00
1.021525721374866524e+00
1.021522687295338017e+00
1.021512777690743778e+00
1.021496167473218808e+00
1.021473332183713056e+00
1.021445016954793505e+00
1.021412183730726397e+00
1.021375945529968909e+00
1.021337497390571558e+00
1.021298052223459152e+00
1.021258786880280489e+00
1.021220800447967925e+00
1.021185084114351493e+00
1.021152500452365164e+00
1.021123769665651881e+00
1.021099460884395072e+00
1.021079987531418931e+00
1.021065606689354865e+00
1.021056423022713933e+00
1.021052398013958307e+00
1.021053365036148186e+00
1.021059050164192739e+00
1.021069097750106458e+00
1.021083098842210379e+00
1.021100619734587323e+00
1.021121227499798501e+00
1.021144509426099578e+00
1.021170083880657664e+00
1.021197601161790924e+00
1.021226734204196074e+00
1.021257160348713500e+00
1.021288536601255181e+00
1.021320471772247274e+00
1.021352499561986260e+00
1.021384057019917524e+00
1.021414472816050800e+00
1.021442969326061379e+00
1.021468681510719234e+00
1.021490693845197084e+00
1.021508094120654242e+00
1.021520040014303854e+00
1.021525831394440198e+00
1.021524979111655851e+00
1.021517260295055518e+00
1.021502751458702507e+00
1.021481834045167680e+00
1.021455171742549073e+00
1.021423663817872418e+00
1.021388382469943901e+00
1.021350503833903023e+00
1.021311241527627089e+00
1.021271789077619729e+00
1.021233274263865010e+00
1.021196725469563749e+00
1.021163048224293934e+00
1.021133009467341646e+00
1.021107227380919635e+00
1.021086165500508569e+00
1.021070130763054973e+00
1.021059275889104390e+00
1.021053606840975236e+00
1.021052996001312829e+00
1.021057201208026566e+00
1.021065889969094975e+00
1.021078667234146531e+00
1.021095104233109563e+00
1.021114765323913431e+00
1.021137229689686787e+00
1.021162105160152489e+00
1.021189032348621684e+00
1.021217678536949336e+00
1.021247722095751875e+00
1.021278829499173479e+00
1.021310628046723679e+00
1.021342678174798957e+00
1.021374449705286125e+00
1.021405306509129085e+00
1.021434503782785885e+00
1.021461201317229284e+00
1.021484494647675767e+00
1.021503463754631191e+00
1.021517236178579147e+00
1.021525058412519504e+00
1.021526366906426286e+00
1.021520848734798204e+00
1.021508482587095479e+00
1.021489553449260068e+00
1.021464638718944995e+00
1.021434568489528516e+00
1.021400366999483111e+00
1.021363184621558728e+00
1.021324229757523350e+00
1.021284707930513846e+00
1.021245772180324529e+00
1.021208485701710078e+00
1.021173795385303507e+00
1.021142513874241375e+00
1.021115307801698791e+00
1.021092690612517506e+00
1.021075019336129097e+00
1.021062495508276768e+00
1.021055170920543986e+00
1.021052958921143672e+00
1.021055651605280445e+00
1.021062942502564130e+00
1.021074453443480357e+00
1.021089763370169434e+00
1.021108436171083378e+00
1.021130044355069710e+00
1.021154185643057932e+00
1.021180490330789947e+00
1.021208618434882531e+00
1.021238246976295727e+00
1.021269049072125679e+00
1.021300667640058890e+00
1.021332687384090665e+00
1.021364609294428405e+00
1.021395832137524495e+00
1.021425645275462646e+00
1.021453236523784724e+00
1.021477717492679238e+00
1.021498166867667035e+00
1.021513689436660099e+00
1.021523485672245712e+00
1.021526923914878537e+00
1.021523605437814286e+00
1.021513412628488160e+00
