1.000603444564682754e+00
1.000677204044546631e+00
1.000798602318885511e+00
1.000939755211470050e+00
1.001090459968541291e+00
1.001245536374777867e+00
1.001402064826615312e+00
1.001558526866615173e+00
1.001714421138547806e+00
1.001869991520986547e+00
1.002025976143232633e+00
1.002183371860324357e+00
1.002343230543698560e+00
1.002506499969417542e+00
1.002673912253907007e+00
1.002845916357896883e+00
1.003022650218605261e+00
1.003203949761919400e+00
1.003389392406760283e+00
1.003578369460362385e+00
1.003770175639386864e+00
1.003964097778877740e+00
1.004159482222036548e+00
1.004355763743347341e+00
1.004552447903103385e+00
1.004749050834700563e+00
1.004945012111876812e+00
1.005139604786584595e+00
1.005331870545754125e+00
1.005520606541019824e+00
1.005704423001479331e+00
1.005881876516824924e+00
1.006051663799582219e+00
1.006212839250256508e+00
1.006365004868769120e+00
1.006508421601991277e+00
1.006644010590383331e+00
1.006773245042074105e+00
1.006897964725451233e+00
1.007020161350782761e+00
1.007141779246764512e+00
1.007264558037742397e+00
1.007389924606699960e+00
1.007518929762166948e+00
1.007652222555136978e+00
1.007790058056293514e+00
1.007932337082603658e+00
1.008078675336109953e+00
1.008228494343411441e+00
1.008381119800148884e+00
1.008535868069047936e+00
1.008692101785854778e+00
1.008849241827168175e+00
1.009006733702585867e+00
1.009163978494235892e+00
1.009320248568197798e+00
1.009474614424407557e+00
1.009625910313666886e+00
1.009772761890435300e+00
1.009913688246935948e+00
1.010047273054739403e+00
1.010172377861630277e+00
1.010288351469405210e+00
1.010395181802168363e+00
1.010493547451785989e+00
1.010584753906340172e+00
1.010670573454776733e+00
1.010753032620721914e+00
1.010834196436754873e+00
1.010915986069365946e+00
1.011000045808132519e+00
1.011087658957617652e+00
1.011179705329160683e+00
1.011276654080796922e+00
1.011378589150811802e+00
1.011485265644489040e+00
1.011596192344352607e+00
1.011710729197772940e+00
1.011828182426390610e+00
1.011947877418736930e+00
1.012069193005562084e+00
1.012191549711624061e+00
1.012314356469469878e+00
1.012436931624087322e+00
1.012558422210902531e+00
1.012677749120222126e+00
1.012793604164813344e+00
1.012904517371652435e+00
1.013008998289217200e+00
1.013105734796660995e+00
1.013193811514085940e+00
1.013272895750098712e+00
1.013343340552447458e+00
1.013406174962357742e+00
1.013462984521426247e+00
1.013515716178898796e+00
1.013566457121116038e+00
1.013617232050865624e+00
1.013669844946213594e+00
1.013725771673497533e+00
1.013786098147766879e+00
1.013851496565360222e+00
1.013922235296683017e+00
1.013998220742549083e+00
1.014079068367055525e+00
1.014164194988559364e+00
1.014252917670282805e+00
1.014344539878051288e+00
1.014438406053105535e+00
1.014533912308266395e+00
1.014630471902235431e+00
1.014727446176034942e+00
1.014824061566171221e+00
1.014919339205536897e+00
1.015012064607661024e+00
1.015100820265883108e+00
1.015184092753417477e+00
1.015260448021565676e+00
1.015328746852151687e+00
1.015388353606474503e+00
1.015439284608853798e+00
1.015482254177957344e+00
1.015518604801481262e+00
1.015550141990118727e+00
1.015578918610391401e+00
1.015607018071486234e+00
1.015636372276017774e+00
1.015668629584506544e+00
1.015705071817810223e+00
1.015746572842814777e+00
1.015793592559446790e+00
1.015846203607881915e+00
1.015904149082873520e+00
1.015966926182637842e+00
1.016033884323197301e+00
1.016104320112573012e+00
1.016177549309783545e+00
1.016252939601955507e+00
1.016329897240709101e+00
1.016407812549412926e+00
1.016485980593056837e+00
1.016563521296694805e+00
1.016639326717840408e+00
1.016712061327967209e+00
1.016780233159687352e+00
1.016842338830010295e+00
1.016897064935029071e+00
1.016943506997185054e+00
1.016981353456545722e+00
1.017010984615978719e+00
1.017033457758920623e+00
1.017050382946654841e+00
1.017063724793442869e+00
1.017075580121198808e+00
1.017087975635391439e+00
1.017102710906391261e+00
1.017121252400305265e+00
1.017144672975617059e+00
1.017173629392039702e+00
1.017208373532137333e+00
1.017248795652662352e+00
1.017294496714796548e+00
1.017344881578478466e+00
1.017399258104959792e+00
1.017456922689810028e+00
1.017517213480321203e+00
1.017579519337070693e+00
1.017643243687158972e+00
1.017707734444668777e+00
1.017772200988860343e+00
1.017835644907707060e+00
1.017896831980107164e+00
1.017954327939868175e+00
1.018006609010992491e+00
1.018052240041833922e+00
1.018090091243111894e+00
1.018119545993080521e+00
1.018140646019076279e+00
1.018154132749323315e+00
1.018161372676833931e+00
1.018164188599724351e+00
1.018164642260097397e+00
1.018164817654755083e+00
1.018166640257249345e+00
1.018171746652512422e+00
1.018181403151425357e+00
1.018196465834618314e+00
1.018217375945186909e+00
1.018244188031471875e+00
1.018276629053835869e+00
1.018314183144592988e+00
1.018356190245828685e+00
1.018401940796186178e+00
1.018450746581868405e+00
1.018501971833225994e+00
1.018555018049875249e+00
1.018609268068342955e+00
1.018664006095475472e+00
1.018718338270684587e+00
1.018771141542633707e+00
1.018821066560060107e+00
1.018866611994073246e+00
1.018906272567471571e+00
1.018938742365013583e+00
1.018963133778647556e+00
1.018979159232109577e+00
1.018987226014145486e+00
1.018988416576026790e+00
1.018984360202832118e+00
1.018977032391758186e+00
1.018968532086482304e+00
1.018960880420553661e+00
1.018955865459669541e+00
1.018954938053326931e+00
1.018959152953887060e+00
1.018969147789659857e+00
1.018985155714826618e+00
1.019007050070791287e+00
1.019034417950640314e+00
1.019066654170723618e+00
1.019103060421870932e+00
1.019142930008654080e+00
1.019185599564128797e+00
1.019230456165008736e+00
1.019276899482790100e+00
1.019324270617455674e+00
1.019371768951759849e+00
1.019418383902234604e+00
1.019462868996161786e+00
1.019503780517651892e+00
1.019539591119855260e+00
1.019568870387540294e+00
1.019590502458312287e+00
1.019603892565623449e+00
1.019609108868138492e+00
1.019606919197515005e+00
1.019598711913631828e+00
1.019586323996811261e+00
1.019571822518429371e+00
1.019557288560287045e+00
1.019544638088088373e+00
1.019535493514074354e+00
1.019531104073065686e+00
1.019532307388478776e+00
1.019539526268125496e+00
1.019552798223993806e+00
1.019571835864524267e+00
1.019596112621212081e+00
1.019624961746576242e+00
1.019657670556547879e+00
1.019693550048840214e+00
1.019731964244807720e+00
1.019772313182903511e+00
1.019813975567695152e+00
1.019856228205445303e+00
1.019898167038353787e+00
1.019938657616526356e+00
1.019976340530246883e+00
1.020009708767939394e+00
1.020037258542979997e+00
1.020057694267123782e+00
1.020070147248875791e+00
1.020074354983515397e+00
1.020070751847462098e+00
1.020060444718462023e+00
1.020045080808140714e+00
1.020026645002423127e+00
1.020007237018347723e+00
1.019988871475600023e+00
1.019973324553512750e+00
1.019962031721235007e+00
1.019956030467178643e+00
1.019955940678602291e+00
1.019961978630669508e+00
1.019974002943698332e+00
1.019991589247868147e+00
1.020014124788027665e+00
1.020040907486497339e+00
1.020071229780012523e+00
1.020104428771044125e+00
1.020139891493158313e+00
1.020177015409751586e+00
1.020215136247257570e+00
1.020253444824481104e+00
1.020290919896908788e+00
1.020326304376989679e+00
1.020358146853735715e+00
1.020384918205036850e+00
1.020405194448314345e+00
1.020417875068412528e+00
1.020422388135524994e+00
1.020418828692134294e+00
1.020407990922917563e+00
1.020391284648247243e+00
1.020370560494833212e+00
1.020347890435935323e+00
1.020325352506305849e+00
1.020304853432051129e+00
1.020288002148095785e+00
1.020276031907950687e+00
1.020269763314123113e+00
1.020269602443658830e+00
1.020275571660161695e+00
1.020287371194779302e+00
1.020304465732382759e+00
1.020326183661028230e+00
1.020351810775734558e+00
1.020380658603097457e+00
1.020412091974584712e+00
1.020445510225576946e+00
1.020480288505969391e+00
1.020515696723922616e+00
1.020550821162187427e+00
1.020584516636907191e+00
1.020615414522932474e+00
1.020642003141690513e+00
1.020662781314565670e+00
1.020676464872751765e+00
1.020682204957639838e+00
1.020679764749587548e+00
1.020669605970175864e+00
1.020652859870740503e+00
1.020631191357220580e+00
1.020606594461854755e+00
1.020581169573675728e+00
1.020556924934211462e+00
1.020535625243670808e+00
1.020518691259205690e+00
1.020507144101774344e+00
1.020501587001336752e+00
1.020502220579542652e+00
1.020508890048960726e+00
1.020521160911747716e+00
1.020538414120853776e+00
1.020559944976994426e+00
1.020585046001199148e+00
1.020613055491981669e+00
1.020643360951136502e+00
1.020675357980762588e+00
1.020708377197021122e+00
1.020741601129736997e+00
1.020773998250608994e+00
1.020804301403319680e+00
1.020831052220698254e+00
1.020852720704988004e+00
1.020867890275874768e+00
1.020875476671962323e+00
1.020874931504355931e+00
1.020866377102458866e+00
1.020850634085140651e+00
1.020829133557438873e+00
1.020803739483159278e+00
1.020776528429281793e+00
1.020749575180188717e+00
1.020724777179289999e+00
1.020703730015863453e+00
1.020687651261187323e+00
1.020677344949395327e+00
1.020673201017129106e+00
1.020675227386535600e+00
1.020683112701466166e+00
1.020696313724462900e+00
1.020714154778147975e+00
1.020735920851890244e+00
1.020760924590551344e+00
1.020788532086102318e+00
1.020818142303086873e+00
1.020849127101532750e+00
1.020880749758489525e+00
1.020912087240322563e+00
1.020941984110359524e+00
1.020969063180786174e+00
1.020991808920338695e+00
1.021008723671714913e+00
1.021018535587609577e+00
1.021020416398773278e+00
1.021014155462636186e+00
1.021000242011394166e+00
1.020979831526535264e+00
1.020954606244254936e+00
1.020926568880573093e+00
1.020897820048091376e+00
1.020870361251326131e+00
1.020845945477670158e+00
1.020825978673631784e+00
1.020811465629568371e+00
1.020802993089652055e+00
1.020800746324513231e+00
1.020804557559189973e+00
1.020813982677163390e+00
1.020828396894049916e+00
1.020847093437056596e+00
1.020869365406679830e+00
1.020894552711947956e+00
1.020922043656015799e+00
1.020951232258512142e+00
1.020981444297845098e+00
1.021011854338876423e+00
1.021041420999524441e+00
1.021068867627800802e+00
1.021092729621897899e+00
1.021111476940332885e+00
1.021123701262796946e+00
1.021128335346660032e+00
1.021124854893734391e+00
1.021113409768291014e+00
1.021094846950678203e+00
1.021070618492768478e+00
1.021042601198557165e+00
1.021012875688410926e+00
1.020983513002722720e+00
1.020956400906556816e+00
1.020933121365976692e+00
1.020914876115731174e+00
1.020902452592802323e+00
1.020896224691854703e+00
1.020896186115373361e+00
1.020902014248897594e+00
1.020913158337057425e+00
1.020928939072966113e+00
1.020948641061594664e+00
1.020971578437055882e+00
1.020997118858052444e+00
1.021024661170543357e+00
1.021053574175880385e+00
1.021083114776838441e+00
1.021112350955504455e+00
1.021140117470334729e+00
1.021165029153300541e+00
1.021185567321696297e+00
1.021200238601621013e+00
1.021207784193452817e+00
1.021207396992104055e+00
1.021198892855682772e+00
1.021182788551219245e+00
1.021160263537815416e+00
1.021133016936378368e+00
1.021103059619007380e+00
1.021072491911030555e+00
1.021043308149777840e+00
1.021017249288307172e+00
1.020995706255879654e+00
1.020979667420192083e+00
1.020969703062144518e+00
1.020965983237020147e+00
1.020968327421833521e+00
1.020976282202072483e+00
1.020989217421647055e+00
1.021006424601476059e+00
1.021027197751056104e+00
1.021050878658072758e+00
1.021076856632701091e+00
1.021104524277020253e+00
1.021133202694672670e+00
1.021162058693369623e+00
1.021190041334119725e+00
1.021215864885479219e+00
1.021238059050751712e+00
1.021255094375580708e+00
1.021265571449355702e+00
1.021268440615260120e+00
1.021263202046255980e+00
1.021250033264431645e+00
1.021229807467385342e+00
1.021203997298359312e+00
1.021174491932970163e+00
1.021143375565467082e+00
1.021112715076610167e+00
1.021084388238392204e+00
1.021059963188378994e+00
1.021040625725297524e+00
1.021027146691013687e+00
1.021019884039086723e+00
1.021018817446112781e+00
1.021023613310289013e+00
1.021033713677770072e+00
1.021048435941198651e+00
1.021067064619572751e+00
1.021088915573888478e+00
1.021113358195513854e+00
1.021139791317820844e+00
1.021167580760966143e+00
1.021195977146104550e+00
1.021224039625483027e+00
1.021250593408159713e+00
1.021274245722930907e+00
1.021293475224540392e+00
1.021306793375535982e+00
1.021312954958097929e+00
1.021311174446111636e+00
1.021301294407731763e+00
1.021283859109717307e+00
1.021260071734069408e+00
1.021231647890428196e+00
1.021200606168892300e+00
1.021169046211270359e+00
1.021138954881742222e+00
1.021112060897883644e+00
1.021089740070986185e+00
1.021072964337465638e+00
1.021062287592934936e+00
1.021057864837209062e+00
1.021059503030700810e+00
1.021066739742402696e+00
1.021078939743033320e+00
1.021095393123888417e+00
1.021115395023888262e+00
1.021138289254130083e+00
1.021163466202726688e+00
1.021190317074359033e+00
1.021218158306235635e+00
1.021246148992018821e+00
1.021273228758500906e+00
1.021298103029711912e+00
1.021319296170207114e+00
1.021335279765140935e+00
1.021344663799704566e+00
1.021346416632248344e+00
1.021340063186065628e+00
1.021325808707070237e+00
1.021304552456374859e+00
1.021277787348106036e+00
1.021247414531751829e+00
1.021215521390128611e+00
1.021184170332729124e+00
1.021155228925372693e+00
1.021130251361503927e+00
1.021110407475295911e+00
1.021096451563484830e+00
1.021088725762022476e+00
1.021087195912080858e+00
1.021091517667200854e+00
1.021101126143603821e+00
1.021115335692424519e+00
1.021133430959794808e+00
1.021154729674446759e+00
1.021178603021071218e+00
1.021204449814477888e+00
1.021231632853193183e+00
1.021259396445734824e+00
1.021286790939898381e+00
1.021312632117670649e+00
1.021335519847186513e+00
1.021353930478026362e+00
1.021366380739746837e+00
1.021371639424114575e+00
1.021368942916003331e+00
1.021358160649990410e+00
1.021339864337795111e+00
1.021315280642625112e+00
1.021286141307338635e+00
1.021254472260919366e+00
1.021222372132302159e+00
1.021191820071438272e+00
1.021164532414434944e+00
1.021141869794271795e+00
1.021124787730364636e+00
1.021113823815467114e+00
1.021109118140056449e+00
1.021110465348650687e+00
1.021117394229634545e+00
1.021129264721257091e+00
1.021145365694998031e+00
1.021164993566774593e+00
1.021187494239547355e+00
1.021212259172146197e+00
1.021238678112645903e+00
1.021266062759430548e+00
1.021293564452725899e+00
1.021320113423484610e+00
1.021344406400705340e+00
1.021364962681558852e+00
1.021380255261874925e+00
1.021388903935010362e+00
1.021389895442171625e+00
1.021382779691177412e+00
1.021367789692967154e+00
1.021345850614922446e+00
1.021318475337199772e+00
1.021287576614749781e+00
1.021255244669234230e+00
1.021223537161495720e+00
1.021194311264894683e+00
1.021169107128722331e+00
1.021149078596785387e+00
1.021134963460435863e+00
1.021127088139162975e+00
1.021125404796124236e+00
1.021129558540950111e+00
1.021138977779805668e+00
1.021152974028289417e+00
1.021170832217904056e+00
1.021191872031346204e+00
1.021215466454348242e+00
1.021241014226488719e+00
1.021267875035461348e+00
1.021295286798444835e+00
1.021322291036618424e+00
1.021347694179175924e+00
1.021370088927540332e+00
1.021387949635178760e+00
1.021399798682670390e+00
1.021404419256801033e+00
1.021401069950308216e+00
1.021389647195725559e+00
1.021370750082573498e+00
1.021345628513806059e+00
1.021316030020396726e+00
1.021283987507048296e+00
1.021251598276403438e+00
1.021220833534161265e+00
1.021193397091995525e+00
1.021170634337960959e+00
1.021153484373352294e+00
1.021142468546938797e+00
1.021137712155609556e+00
1.021138997692967676e+00
1.021145845363200966e+00
1.021157610471347343e+00
1.021173580837281936e+00
1.021193054261527067e+00
1.021215378770386817e+00
1.021239946852898317e+00
1.021266146711585332e+00
1.021293285206623436e+00
1.021320505859993677e+00
1.021346729520132390e+00
1.021370644344882228e+00
1.021390764808723706e+00
1.021405565661697601e+00
1.021413676889945776e+00
1.021414103959033870e+00
1.021406421973256151e+00
1.021390891733966022e+00
1.021368464149822186e+00
1.021340671762286156e+00
1.021309438569054873e+00
1.021276857288394346e+00
1.021244980560423343e+00
1.021215654979979792e+00
1.021190406545921414e+00
1.021170373073120086e+00
1.021156275868772667e+00
1.021148425713805707e+00
1.021146761223880706e+00
1.021150917135984937e+00
1.021160315335185143e+00
1.021174264676453891e+00
1.021192050505078885e+00
1.021212994516637718e+00
1.021236471481708818e+00
1.021261879987693355e+00
1.021288576505194445e+00
1.021315792466575889e+00
1.021342560530570598e+00
1.021367677834125853e+00
1.021389730091125214e+00
1.021407189951492489e+00
1.021418585812543300e+00
1.021422715622031241e+00
1.021418860458335853e+00
1.021406943867061212e+00
1.021387592236943975e+00
1.021362078464097989e+00
1.021332165523213931e+00
1.021299892935831011e+00
1.021267356369614410e+00
1.021236518858327891e+00
1.021209071544463720e+00
1.021186344498134835e+00
1.021169260390710321e+00
1.021158324371557846e+00
1.021153647042511547e+00
1.021154998891711685e+00
1.021161891714336800e+00
1.021173676359323768e+00
1.021189639741043154e+00
1.021209081131263963e+00
1.021231350692283657e+00
1.021255841886750337e+00
1.021281941269423621e+00
1.021308950751967926e+00
1.021336005963901394e+00
1.021362018375565839e+00
1.021385667688123888e+00
1.021405463787256274e+00
1.021419883507929338e+00
1.021427567398762282e+00
1.021427539974947951e+00
1.021419401733413945e+00
1.021403441278355029e+00
1.021380635086722499e+00
1.021352535054403710e+00
1.021321076061922462e+00
1.021288352987355763e+00
1.021256413183436962e+00
1.021227092483707466e+00
1.021201902630452185e+00
1.021181965367904398e+00
1.021167985534248368e+00
1.021160258341111682e+00
1.021158708976266372e+00
1.021162961962383431e+00
1.021172432837732735e+00
1.021186427955764531e+00
1.021204233187836596e+00
1.021225172285845639e+00
1.021248621775028731e+00
1.021273980001652149e+00
1.021300600102959422e+00
1.021327706924618051e+00
1.021354324219615251e+00
1.021379239885863877e+00
1.021401032820818955e+00
1.021418174253837963e+00
1.021429198953035078e+00
1.021432919979491372e+00
1.021428641160558648e+00
1.021416313256742647e+00
1.021396589867693105e+00
1.021370766631704452e+00
1.021340621623980649e+00
1.021308200629422513e+00
1.021275597379288191e+00
1.021244766514535218e+00
1.021217386368594937e+00
1.021194771622975228e+00
1.021177828507180196e+00
1.021167046013344848e+00
1.021162520142225638e+00
1.021164009515260762e+00
1.021171017685010618e+00
1.021182891210709265e+00
1.021198916235240173e+00
1.021218393575593630e+00
1.021240675530380226e+00
1.021265156468024404e+00
1.021291221183569631e+00
1.021318166521643311e+00
1.021345120138065887e+00
1.021370984123159742e+00
1.021394429829508566e+00
1.021413962780676199e+00
1.021428062218460830e+00
1.021435379612851246e+00
1.021434958841517471e+00
1.021426425977565167e+00
1.021410097429866770e+00
1.021386975064314306e+00
1.021358629823390984e+00
1.021327007114569696e+00
1.021294203646174070e+00
1.021262261225030610e+00
1.021233004747818640e+00
1.021207931599422913e+00
1.021188147414921144e+00
1.021174340579800388e+00
1.021166790804914681e+00
1.021165409967075721e+00
1.021169812528203824e+00
1.021179407847203180e+00
1.021193499926341453e+00
1.021211375265249410e+00
1.021232359705004811e+00
1.021255831485116783e+00
1.021281188612599200e+00
1.021307780767272133e+00
1.021334826099794535e+00
1.021361339408756619e+00
1.021386099401466296e+00
1.021407678325122026e+00
1.021424546265547351e+00
1.021435244708008838e+00
1.021438602169562726e+00
1.021433945478856575e+00
1.021421252702567894e+00
1.021401204555088871e+00
1.021375119162569067e+00
1.021344789359191152e+00
1.021312266845369354e+00
1.021279643122106950e+00
1.021248864224219233e+00
1.021221595542390226e+00
1.021199136303228894e+00
1.021182376285025395e+00
1.021171788365817790e+00
1.021167454038628186e+00
1.021169120194583169e+00
1.021176282305726879e+00
1.021188282801790415e+00
1.021204407180372309e+00
1.021223957868898857e+00
1.021246289293733067e+00
1.021270796653040547e+00
1.021296862863220190e+00
1.021323779577813617e+00
1.021350666393561646e+00
1.021376416015738364e+00
1.021399691553776190e+00
1.021418994392719215e+00
1.021432806498641543e+00
1.021439790615239929e+00
1.021439010286880222e+00
1.021430117336769250e+00
1.021413455971669659e+00
1.021390053261572728e+00
1.021361498886650399e+00
1.021329748428569495e+00
1.021296900102179661e+00
1.021264989916480070e+00
1.021235831661546412e+00
1.021210908268340489e+00
1.021191309226980870e+00
1.021177706487909065e+00
1.021170364329831326e+00
1.021169181434329776e+00
1.021173762353452030e+00
1.021183510429815700e+00
1.021197727458918791e+00
1.021215700663797632e+00
1.021236758000074740e+00
1.021260279374038626e+00
1.021285662349295631e+00
1.021312253019628580e+00
1.021339262729402009e+00
1.021365697272581086e+00
1.021390326213635458e+00
1.021411715315160507e+00
1.021428333795057597e+00
1.021438730198755085e+00
1.021441748836103391e+00
1.021436739781441450e+00
1.021423708490352134e+00
1.021403362688801497e+00
1.021377042732837914e+00
1.021346555874468542e+00
1.021313959385365511e+00
1.021281342247547741e+00
1.021250641681318072e+00
1.021223510004733548e+00
1.021201230925607106e+00
1.021184677762849047e+00
1.021174307323761798e+00
1.021170186686306991e+00
1.021172051145974535e+00
1.021179388253393050e+00
1.021191536464594041e+00
1.021207780752513727e+00
1.021227425214001228e+00
1.021249826388504589e+00
1.021274380222657374e+00
1.021300467631469422e+00
1.021327374951209288e+00
1.021354213633657970e+00
1.021379866994802432e+00
1.021402990007780343e+00
1.021422080143771671e+00
1.021435622410083788e+00
1.021442291173442429e+00
1.021441169943343885e+00
1.021431936459334944e+00
1.021414962711560737e+00
1.021391300783642819e+00
1.021362558782365149e+00
1.021330702112120514e+00
1.021297830174066501e+00
1.021265972931531874e+00
1.021236932901628647e+00
1.021212178467052700e+00
1.021192782938237675e+00
1.021179401848503865e+00
1.021172284112698669e+00
1.021171315331891094e+00
1.021176090297192474e+00
1.021186006494913201e+00
1.021200363653927967e+00
1.021218449810715967e+00
1.021239595055537741e+00
1.021263180909276924e+00
1.021288604384538612e+00
1.021315207858662699e+00
1.021342195758407456e+00
1.021368564824421732e+00
1.021393075528691741e+00
1.021414287317609748e+00
1.021430668818498422e+00
1.021440775979438165e+00
1.021443469236367196e+00
1.021438122147419358e+00
1.021424767632147068e+00
1.021404140317990983e+00
1.021377602528651174e+00
1.021346975591920003e+00
1.021314322008393782e+00
1.021281727955640761e+00
1.021251121634254799e+00
1.021224142162050930e+00
1.021202057665399288e+00
1.021185724996169775e+00
1.021175584934327141e+00
1.021171690235063600e+00
1.021173764731890365e+00
1.021181288211173044e+00
1.021193595307983149e+00
1.021209970587169558e+00
1.021229719869444219e+00
1.021252201788347413e+00
1.021276812954331259e+00
1.021302932156395560e+00
1.021329840287234614e+00
1.021356640569399232e+00
1.021382206928337144e+00
1.021405186311381996e+00
1.021424072503703595e+00
1.021437353872255871e+00
1.021443716754725006e+00
1.021442264919573795e+00
1.021432702181937158e+00
1.021415428293311445e+00
1.021391520154574462e+00
1.021362603985207951e+00
1.021330654661203097e+00
1.021297772452258279e+00
1.021265981031256986e+00
1.021237071478567682e+00
1.021212497535970432e+00
1.021193316300436082e+00
1.021180166906603848e+00
1.021173282973975027e+00
1.021172537137641889e+00
1.021177514575807521e+00
1.021187607076516679e+00
1.021202112439132836e+00
1.021220319599778881e+00
1.021241560799423187e+00
1.021265219117903467e+00
1.021290690906994314e+00
1.021317314696602363e+00
1.021344287885758151e+00
1.021370598115887374e+00
1.021394996820690793e+00
1.021416037302740110e+00
1.021432187878980269e+00
1.021442012243080510e+00
1.021444387287569366e+00
1.021438710286642682e+00
1.021425041691409463e+00
1.021404142913711066e+00
1.021377397978110668e+00
1.021346641944879785e+00
1.021313942202681568e+00
1.021281381842042757e+00
1.021250879841587356e+00
1.021224061993538212e+00
1.021202180781695557e+00
1.021186076584271074e+00
1.021176174198086484e+00
1.021172512148386335e+00
1.021174802940360227e+00
1.021182518752358437e+00
1.021194990549190607e+00
1.021211502601106824e+00
1.021231362503460804e+00
1.021253930961357748e+00
1.021278605161751951e+00
1.021304761641776526e+00
1.021331675724738597e+00
1.021358442321890436e+00
1.021383925970457573e+00
1.021406765706674769e+00
1.021425451861296407e+00
1.021438476481263180e+00
1.021444538222116005e+00
1.021442761400760402e+00
1.021432876060305084e+00
1.021415309684077455e+00
1.021391163787905398e+00
1.021362082387156534e+00
1.021330049478556656e+00
1.021297165884988534e+00
1.021265448747251225e+00
1.021236677547996630e+00
1.021212291297552976e+00
1.021193330847210312e+00
1.021180418952644775e+00
1.021173774007622992e+00
1.021173255796522739e+00
1.021178440032656454e+00
1.021188712962747269e+00
1.021203370591472925e+00
1.021221702837610490e+00
1.021243044105415887e+00
1.021266778975008727e+00
1.021292303025608028e+00
1.021318950808385750e+00
1.021345912585946980e+00
1.021372166857589470e+00
1.021396456076984594e+00
1.021417327579451140e+00
1.021433249654798203e+00
1.021442794085791750e+00
1.021444854549339532e+00
1.021438852262181562e+00
1.021424875267135102e+00
1.021403711636444500e+00
1.021376766824284354e+00
1.021345889278914676e+00
1.021313150937798397e+00
1.021280631524865257e+00
1.021250240597693537e+00
1.021223590500208944e+00
1.021201918014546184e+00
1.021186047040306466e+00
1.021176386436858152e+00
1.021172960593581980e+00
1.021175470821710896e+00
1.021183381847573735e+00
1.021196021114947339e+00
1.021212672710366753e+00
1.021232646051324577e+00
1.021255303888721766e+00
1.021280043896244161e+00
1.021306240232210172e+00
1.021333162525317917e+00
1.021359897295731622e+00
1.021385299698416294e+00
1.021408000977497954e+00
1.021426488244710828e+00
