1.000603444564682754e+00
1.000677330017313960e+00
1.000799332743673720e+00
1.000942137486582340e+00
1.001096130637904702e+00
1.001256448152310741e+00
1.001420084105452135e+00
1.001584980953868609e+00
1.001749676806208411e+00
1.001913143276108809e+00
1.002074696343765448e+00
1.002233936389699931e+00
1.002390699619550185e+00
1.002545013958161091e+00
1.002697057549344795e+00
1.002847120290690119e+00
1.002995569559387290e+00
1.003142821105105442e+00
1.003289315476411758e+00
1.003435499668305475e+00
1.003581813164826642e+00
1.003728677305374184e+00
1.003876486918534816e+00
1.004025603367114883e+00
1.004176348436145894e+00
1.004328998790022354e+00
1.004483780974412266e+00
1.004640867121692427e+00
1.004800371633518097e+00
1.004962349167176416e+00
1.005126794250607025e+00
1.005293642799093057e+00
1.005462775708009904e+00
1.005634024555417394e+00
1.005807179274774033e+00
1.005981997466797839e+00
1.006158214831462505e+00
1.006335556041041190e+00
1.006513745267412219e+00
1.006692515541112831e+00
1.006871616166135519e+00
1.007050817541855992e+00
1.007229912938615968e+00
1.007408717014398825e+00
1.007587061120658767e+00
1.007764785701088961e+00
1.007941730319108276e+00
1.008117722047253029e+00
1.008292563110941398e+00
1.008466018800628028e+00
1.008637806750212196e+00
1.008807588720671555e+00
1.008974966013444607e+00
1.009139479547346507e+00
1.009300615440395621e+00
1.009457816620897841e+00
1.009610500539298350e+00
1.009758082475172625e+00
1.009900003275048697e+00
1.010035759694124291e+00
1.010164934955192884e+00
1.010287226800747007e+00
1.010402470305000744e+00
1.010510653091919897e+00
1.010611921361422416e+00
1.010706576162235582e+00
1.010795060496380238e+00
1.010877938888470329e+00
1.010955871807863726e+00
1.011029587663698548e+00
1.011099854972361767e+00
1.011167456798243158e+00
1.011233168841968233e+00
1.011297741773689474e+00
1.011361887737794563e+00
1.011426270487334911e+00
1.011491498371082987e+00
1.011558119366304798e+00
1.011626617466709233e+00
1.011697409930991221e+00
1.011770845116636064e+00
1.011847200827567850e+00
1.011926683270693017e+00
1.012009426834887815e+00
1.012095494971901211e+00
1.012184882469934433e+00
1.012277519366873602e+00
1.012373276653342202e+00
1.012471973772510303e+00
1.012573387746594555e+00
1.012677263568364294e+00
1.012783325314075888e+00
1.012891287288416153e+00
1.013000864426267578e+00
1.013111781167275405e+00
1.013223778093526928e+00
1.013336615772040261e+00
1.013450075455127219e+00
1.013563956538795274e+00
1.013678070936042230e+00
1.013792234765502620e+00
1.013906257970796476e+00
1.014019932664613988e+00
1.014133021132754831e+00
1.014245244538141799e+00
1.014356273431824773e+00
1.014465721199394377e+00
1.014573141530795475e+00
1.014678030875937331e+00
1.014779836612031527e+00
1.014877971281266777e+00
1.014971832755482417e+00
1.015060829570393341e+00
1.015144410001928010e+00
1.015222092821459920e+00
1.015293497179619919e+00
1.015358368847938619e+00
1.015416600186008766e+00
1.015468241734538424e+00
1.015513504217433027e+00
1.015552750841182128e+00
1.015586480916624179e+00
1.015615306786225913e+00
1.015639926643255642e+00
1.015661095983723561e+00
1.015679600149332895e+00
1.015696229808698892e+00
1.015711760452595813e+00
1.015726936222601129e+00
1.015742457788008091e+00
1.015758973605113802e+00
1.015777073741404912e+00
1.015797285481825574e+00
1.015820070089998417e+00
1.015845820309328129e+00
1.015874858407256554e+00
1.015907434758457129e+00
1.015943727112482931e+00
1.015983840790624093e+00
1.016027810102189344e+00
1.016075601260718386e+00
1.016127117016087045e+00
1.016182203102680592e+00
1.016240656445571044e+00
1.016302234881139244e+00
1.016366667957254055e+00
1.016433668206590868e+00
1.016502942160996348e+00
1.016574200316859411e+00
1.016647165284426224e+00
1.016721577459459791e+00
1.016797197732968838e+00
1.016873806983489281e+00
1.016951202350866890e+00
1.017029190545165163e+00
1.017107578678857926e+00
1.017186163312309155e+00
1.017264718566884607e+00
1.017342984287126217e+00
1.017420655323934220e+00
1.017497373061320154e+00
1.017572720309064316e+00
1.017646220613340313e+00
1.017717342872031860e+00
1.017785511856385661e+00
1.017850124820730784e+00
1.017910573832231158e+00
1.017966272807859118e+00
1.018016687575579837e+00
1.018061366682375457e+00
1.018099970272218879e+00
1.018132294264567639e+00
1.018158287352643354e+00
1.018178059017810444e+00
1.018191877745001195e+00
1.018200159768667845e+00
1.018203449774565339e+00
1.018202395825480888e+00
1.018197721218900176e+00
1.018190195966275358e+00
1.018180610158388566e+00
1.018169750786264594e+00
1.018158382799606354e+00
1.018147234470762275e+00
1.018136986605987948e+00
1.018128264853090936e+00
1.018121634279689491e+00
1.018117595484774540e+00
1.018116581690532652e+00
1.018118956481162130e+00
1.018125012067298663e+00
1.018134968132812235e+00
1.018148971452299545e+00
1.018167096547032413e+00
1.018189347671972556e+00
1.018215662395929977e+00
1.018245916952338570e+00
1.018279933404836690e+00
1.018317488500996237e+00
1.018358323896859874e+00
1.018402157247810358e+00
1.018448693504043323e+00
1.018497635646635535e+00
1.018548694071982563e+00
1.018601593887256129e+00
1.018656079514361323e+00
1.018711916199852130e+00
1.018768888270340067e+00
1.018826794230691224e+00
1.018885439051754105e+00
1.018944624217810846e+00
1.019004136291975282e+00
1.019063734907905694e+00
1.019123141209435035e+00
1.019182027835780602e+00
1.019240011582930094e+00
1.019296649847504677e+00
1.019351441855951279e+00
1.019403835473515763e+00
1.019453240051820142e+00
1.019499045302245221e+00
1.019540645590041095e+00
1.019577468378939145e+00
1.019609004900599025e+00
1.019634840587843039e+00
1.019654682515191091e+00
1.019668381136433322e+00
1.019675944048782146e+00
1.019677540322841525e+00
1.019673495008551756e+00
1.019664274580191599e+00
1.019650465107251769e+00
1.019632745642523819e+00
1.019611859586308178e+00
1.019588586601688718e+00
1.019563717108213030e+00
1.019538030628720726e+00
1.019512278485615653e+00
1.019487170688845534e+00
1.019463366417354688e+00
1.019441467289510239e+00
1.019422012612469342e+00
1.019405475933201632e+00
1.019392262418266082e+00
1.019382706810769479e+00
1.019377071914721489e+00
1.019375547718935238e+00
1.019378251385191891e+00
1.019385228384595887e+00
1.019396455070067820e+00
1.019411842921638112e+00
1.019431244597211794e+00
1.019454461772195897e+00
1.019481254570419493e+00
1.019511352196245779e+00
1.019544464198606004e+00
1.019580291658334303e+00
1.019618537514030088e+00
1.019658915244424202e+00
1.019701155211456545e+00
1.019745008130156894e+00
1.019790245350551405e+00
1.019836655888152199e+00
1.019884040397020408e+00
1.019932202520862585e+00
1.019980938268561177e+00
1.020030024234366284e+00
1.020079205619106810e+00
1.020128185108217789e+00
1.020176613723245307e+00
1.020224084776849782e+00
1.020270132009929664e+00
1.020314232849263592e+00
1.020355817469506432e+00
1.020394283956040482e+00
1.020429019344204491e+00
1.020459425682686661e+00
1.020484949595501512e+00
1.020505113192508251e+00
1.020519543719634603e+00
1.020527999163569399e+00
1.020530387218288482e+00
1.020526775608113335e+00
1.020517392688183422e+00
1.020502618369740766e+00
1.020482966547430204e+00
1.020459061129042277e+00
1.020431608316603622e+00
1.020401367880599430e+00
1.020369125832391033e+00
1.020335670253410765e+00
1.020301771256250767e+00
1.020268165305888930e+00
1.020235543548752011e+00
1.020204543445988321e+00
1.020175742882883929e+00
1.020149655981174686e+00
1.020126730008457105e+00
1.020107342995364430e+00
1.020091801888715066e+00
1.020080341257410428e+00
1.020073122712041425e+00
1.020070235291960392e+00
1.020071697112121312e+00
1.020077458545000315e+00
1.020087407141151647e+00
1.020101374369573488e+00
1.020119144095742003e+00
1.020140462527027392e+00
1.020165049164500681e+00
1.020192608132850953e+00
1.020222839142129301e+00
1.020255447287367057e+00
1.020290150926521422e+00
1.020326686993627163e+00
1.020364813290268957e+00
1.020404307533038235e+00
1.020444963191362575e+00
1.020486582403881348e+00
1.020528966492866285e+00
1.020571904793585061e+00
1.020615162675047483e+00
1.020658469750823194e+00
1.020701509364047688e+00
1.020743910475149452e+00
1.020785243072162451e+00
1.020825018141569229e+00
1.020862693056943105e+00
1.020897682939308382e+00
1.020929378103961449e+00
1.020957167142080735e+00
1.020980464531145770e+00
1.020998741000369137e+00
1.021011554300916391e+00
1.021018577665573801e+00
1.021019623197916282e+00
1.021014657773855472e+00
1.021003809765246517e+00
1.020987365917626510e+00
1.020965758867401263e+00
1.020939546859596980e+00
1.020909388025235121e+00
1.020876011957869478e+00
1.020840191250767859e+00
1.020802715184367715e+00
1.020764367033665909e+00
1.020725905676418410e+00
1.020688051486763115e+00
1.020651476001061653e+00
1.020616794580232023e+00
1.020584561243232491e+00
1.020555264951815477e+00
1.020529326819464178e+00
1.020507097939061802e+00
1.020488857733121257e+00
1.020474812903542139e+00
1.020465097183196779e+00
1.020459772164223233e+00
1.020458829495539899e+00
1.020462194704201409e+00
1.020469732803546803e+00
1.020481255711741975e+00
1.020496531329331269e+00
1.020515293932343415e+00
1.020537255352440553e+00
1.020562116263988850e+00
1.020589576804391330e+00
1.020619345736566430e+00
1.020651147428528027e+00
1.020684726069874149e+00
1.020719846752422999e+00
1.020756293288371142e+00
1.020793862897766857e+00
1.020832358144359020e+00
1.020871576718352269e+00
1.020911299847892417e+00
1.020951280266414907e+00
1.020991230771468139e+00
1.021030814481437954e+00
1.021069637922839002e+00
1.021107248047273597e+00
1.021143134160993782e+00
1.021176735525442636e+00
1.021207455033044997e+00
1.021234678872719570e+00
1.021257801493373751e+00
1.021276254503503900e+00
1.021289537497987787e+00
1.021297248292208693e+00
1.021299109788199377e+00
1.021294990794558544e+00
1.021284918614600024e+00
1.021269082070716205e+00
1.021247824727612663e+00
1.021221629226614525e+00
1.021191094635780505e+00
1.021156909372725519e+00
1.021119822463498972e+00
1.021080615661311253e+00
1.021040078363200543e+00
1.020998986495453620e+00
1.020958085767984969e+00
1.020918079067601347e+00
1.020879617350214374e+00
1.020843293214974246e+00
1.020809636360035633e+00
1.020779110265880307e+00
1.020752109661855922e+00
1.020728958552432175e+00
1.020709908777380326e+00
1.020695139236088345e+00
1.020684756012071759e+00
1.020678793685749541e+00
1.020677218120214391e+00
1.020679930946142733e+00
1.020686775861296081e+00
1.020697546705480185e+00
1.020711997087837108e+00
1.020729851150867784e+00
1.020750814879996415e+00
1.020774587235146136e+00
1.020800870314356512e+00
1.020829377773295743e+00
1.020859840821592091e+00
1.020892011287815926e+00
1.020925661470093004e+00
1.020960580743198509e+00
1.020996569149686728e+00
1.021033428440925483e+00
1.021070951240326874e+00
1.021108909169996526e+00
1.021147040913295889e+00
1.021185041280443961e+00
1.021222552399496442e+00
1.021259158160961800e+00
1.021294382982526505e+00
1.021327695806250269e+00
1.021358519969024048e+00
1.021386249181285510e+00
1.021410269311268992e+00
1.021429985033558641e+00
1.021444849727305204e+00
1.021454396399536613e+00
1.021458266980911578e+00
1.021456237209655171e+00
1.021448234564556801e+00
1.021434347345622218e+00
1.021414823963908702e+00
1.021390062641980068e+00
1.021360592841437320e+00
1.021327050616454457e+00
1.021290150583292533e+00
1.021250657228087055e+00
1.021209357888756664e+00
1.021167039071316562e+00
1.021124466972246569e+00
1.021082372346969969e+00
1.021041439311716870e+00
1.021002297345774190e+00
1.020965515663705858e+00
1.020931599200799678e+00
1.020900985632445579e+00
1.020874043067294679e+00
1.020851068269243989e+00
1.020832285446815924e+00
1.020817845786226474e+00
1.020807827990273253e+00
1.020802240116409632e+00
1.020801022983050199e+00
1.020804055334302740e+00
1.020811160824771191e+00
1.020822116718310024e+00
1.020836664004643124e+00
1.020854518448513160e+00
1.020875381923740832e+00
1.020898953274780308e+00
1.020924937911082520e+00
1.020953055385144470e+00
1.020983044331801093e+00
1.021014664340436973e+00
1.021047694570966335e+00
1.021081929182255266e+00
1.021117169893589693e+00
1.021153216227214777e+00
1.021189854172552813e+00
1.021226844167278269e+00
1.021263909407882142e+00
1.021300725582745317e+00
1.021336913158989113e+00
1.021372033337316410e+00
1.021405588695502686e+00
1.021437029345473313e+00
1.021465765107844259e+00
1.021491183750567799e+00
1.021512674757058869e+00
1.021529657427832083e+00
1.021541611457133625e+00
1.021548107570385167e+00
1.021548835479689998e+00
1.021543626418643491e+00
1.021532467913382369e+00
1.021515509219856899e+00
1.021493056908262309e+00
1.021465561231391872e+00
1.021433594963949698e+00
1.021397827149149506e+00
1.021358994509037998e+00
1.021317873139047983e+00
1.021275252592855454e+00
1.021231913723838591e+00
1.021188610864167901e+00
1.021146058247555555e+00
1.021104920114038084e+00
1.021065803702933206e+00
1.021029254314711920e+00
1.020995751743356550e+00
1.020965707580514303e+00
1.020939463114764134e+00
1.020917287754997238e+00
1.020899378074252795e+00
1.020885857688991205e+00
1.020876778254221851e+00
1.020872121865229243e+00
1.020871805111449593e+00
1.020875684929613003e+00
1.020883566258338870e+00
1.020895211317859097e+00
1.020910350145902923e+00
1.020928691838533853e+00
1.020949935799446706e+00
1.020973782216873182e+00
1.020999940980645615e+00
1.021028138329017843e+00
1.021058120669149138e+00
1.021089655229253212e+00
1.021122527449753292e+00
1.021156535279056365e+00
1.021191480783989469e+00
1.021227159700027087e+00
1.021263349724735647e+00
1.021299798498276123e+00
1.021336212318447734e+00
1.021372246703250219e+00
1.021407499933332241e+00
1.021441510663615215e+00
1.021473760564353128e+00
1.021503682711145000e+00
1.021530676071237043e+00
1.021554125926411594e+00
1.021573429454200488e+00
1.021588025016248791e+00
1.021597423066583188e+00
1.021601236108514943e+00
1.021599204915229375e+00
1.021591218377412735e+00
1.021577324885587945e+00
1.021557734048938126e+00
1.021532808666318459e+00
1.021503048006356940e+00
1.021469064410673200e+00
1.021431555831696647e+00
1.021391277061874270e+00
1.021349012118208499e+00
1.021305549625987075e+00
1.021261662267746839e+00
1.021218090604158135e+00
1.021175530969074874e+00
1.021134626762343123e+00
1.021095962315438754e+00
1.021060058542746507e+00
1.021027369749519131e+00
1.020998281181421330e+00
1.020973107119996559e+00
1.020952089521427464e+00
1.020935397345743345e+00
1.020923126822536720e+00
1.020915302944044090e+00
1.020911882465770804e+00
1.020912758629090922e+00
1.020917767703173773e+00
1.020926697284112450e+00
1.020939296102664429e+00
1.020955284900215698e+00
1.020974367761190438e+00
1.020996243165296136e+00
1.021020613966513668e+00
1.021047195530681018e+00
1.021075721371111911e+00
1.021105945801111581e+00
1.021137643352748814e+00
1.021170604966971318e+00
1.021204631215542502e+00
1.021239523050032183e+00
1.021275070774752436e+00
1.021311042104467770e+00
1.021347170294132356e+00
1.021383143417617489e+00
1.021418595921863126e+00
1.021453103581078548e+00
1.021486182903138751e+00
1.021517295872054865e+00
1.021545860621734025e+00
1.021571268212349448e+00
1.021592905127047590e+00
1.021610180459007644e+00
1.021622556087488976e+00
1.021629577548510914e+00
1.021630902910605876e+00
1.021626326880654245e+00
1.021615797662520198e+00
1.021599424777605236e+00
1.021577477052877381e+00
1.021550371130933499e+00
1.021518651952563417e+00
1.021482967500722649e+00
1.021444040527037744e+00
1.021402639954535507e+00
1.021359554216741738e+00
1.021315568092237891e+00
1.021271443803498880e+00
1.021227906435092869e+00
1.021185633202543741e+00
1.021145245813939617e+00
1.021107305095023454e+00
1.021072307139816226e+00
1.021040680435021830e+00
1.021012783627359921e+00
1.020988903815247095e+00
1.020969255424350131e+00
1.020953979857677218e+00
1.020943146189635442e+00
1.020936753197431823e+00
1.020934732991554350e+00
1.020936956421286457e+00
1.020943240296728227e+00
1.020953356296989023e+00
1.020967041242889284e+00
1.020984008225268358e+00
1.021003957923231731e+00
1.021026589345431113e+00
1.021051609200783972e+00
1.021078739161667359e+00
1.021107720419220044e+00
1.021138315131890906e+00
1.021170304611553892e+00
1.021203484349906487e+00
1.021237656237484748e+00
1.021272618550902234e+00
1.021308154471550544e+00
1.021344020048622792e+00
1.021379932631941934e+00
1.021415560875369000e+00
1.021450517443460493e+00
1.021484355528246679e+00
1.021516570177498195e+00
1.021546605224720849e+00
1.021573866272344366e+00
1.021597739704632746e+00
1.021617617111714615e+00
1.021632923839334017e+00
1.021643149723746369e+00
1.021647879538531312e+00
1.021646820389977783e+00
1.021639823351278675e+00
1.021626897073840468e+00
1.021608211931265053e+00
1.021584094327571579e+00
1.021555011955527004e+00
1.021521551811870765e+00
1.021484393474389574e+00
1.021444280405023441e+00
1.021401991850876101e+00
1.021358317360963941e+00
1.021314035180446833e+00
1.021269895005389783e+00
1.021226604929285964e+00
1.021184821975736456e+00
1.021145145409255051e+00
1.021108112013896063e+00
1.021074192664393365e+00
1.021043789720053940e+00
1.021017234993367051e+00
1.020994788246854412e+00
1.020976636333072118e+00
1.020962893204467203e+00
1.020953601078066431e+00
1.020948733042959411e+00
1.020948197346124520e+00
1.020951843487075461e+00
1.020959470101549194e+00
1.020970834432846752e+00
1.020985662996644949e+00
1.021003662866224238e+00
1.021024532866510626e+00
1.021047973890475635e+00
1.021073697555759718e+00
1.021101432507282247e+00
1.021130927834963398e+00
1.021161953295963709e+00
1.021194296282845748e+00
1.021227755736700438e+00
1.021262133445572928e+00
1.021297223379028507e+00
1.021332799882987308e+00
1.021368605694463305e+00
1.021404340834657587e+00
1.021439653498895650e+00
1.021474134074181084e+00
1.021507313362179925e+00
1.021538665943135138e+00
1.021567619359030399e+00
1.021593569404069202e+00
1.021615901286762051e+00
1.021634015798142947e+00
1.021647358946650375e+00
1.021655452897235694e+00
1.021657925597314609e+00
1.021654536301877858e+00
1.021645194410175872e+00
1.021629969621332901e+00
1.021609092348451320e+00
1.021582944460291964e+00
1.021552041548472012e+00
1.021517008836590801e+00
1.021478553388704746e+00
1.021437435359022761e+00
1.021394440680654547e+00
1.021350356939957127e+00
1.021305953397986688e+00
1.021261965375026115e+00
1.021219082636904751e+00
1.021177941074502771e+00
1.021139116847089134e+00
1.021103122217704717e+00
1.021070402477834538e+00
1.021041333575711585e+00
1.021016220279995279e+00
1.020995294898630057e+00
1.020978716716077095e+00
1.020966572404017336e+00
1.020958877698177947e+00
1.020955580615910296e+00
1.020956566416340472e+00
1.020961664381599299e+00
1.020970656333567206e+00
1.020983286612054286e+00
1.020999273049677969e+00
1.021018318312007622e+00
1.021040120854587840e+00
1.021064384702213834e+00
1.021090827291828873e+00
1.021119184738363384e+00
1.021149214070327993e+00
1.021180692217342312e+00
1.021213411788851833e+00
1.021247173936989938e+00
1.021281778827461073e+00
1.021317014439148352e+00
1.021352644572067092e+00
1.021388397064888709e+00
1.021423953307992738e+00
1.021458940181553698e+00
1.021492925538312058e+00
1.021525418267084984e+00
1.021555873790240820e+00
1.021583705542396636e+00
1.021608302535728985e+00
1.021629052548510330e+00
1.021645369817868465e+00
1.021656725450271308e+00
1.021662678189349638e+00
1.021662902820341223e+00
1.021657213452495050e+00
1.021645579271083903e+00
1.021628131084302504e+00
1.021605158017332871e+00
1.021577094860197876e+00
1.021544501649048975e+00
1.021508037852261630e+00
1.021468433905100781e+00
1.021426462750562481e+00
1.021382913565882511e+00
1.021338569130957108e+00
1.021294187506029960e+00
1.021250487992216627e+00
1.021208140854453550e+00
1.021167760027992033e+00
1.021129897983316548e+00
1.021095042032029721e+00
1.021063611550182104e+00
1.021035955817331420e+00
1.021012352378547483e+00
1.020993006008997561e+00
1.020978048485230660e+00
1.020967539438907945e+00
1.020961468585369847e+00
1.020959759580513326e+00
1.020962275666821073e+00
1.020968827129213441e+00
1.020979180405827913e+00
1.020993068506616197e+00
1.021010202207875306e+00
1.021030281340032708e+00
1.021053005393678603e+00
1.021078082652881136e+00
1.021105237132432286e+00
1.021134212741922731e+00
1.021164774307979251e+00
1.021196705332713339e+00
1.021229802624944671e+00
1.021263868187727297e+00
1.021298698964672624e+00
1.021334075230188487e+00
1.021369748553440093e+00
1.021405430373640177e+00
1.021440782294366967e+00
1.021475409229901654e+00
1.021508856501687879e+00
1.021540611865068060e+00
1.021570113219608222e+00
1.021596762399651137e+00
1.021619944949426761e+00
1.021639055178930278e+00
1.021653525126027695e+00
1.021662855404421588e+00
1.021666645409636143e+00
1.021664620105298571e+00
1.021656650716069370e+00
1.021642767153554621e+00
1.021623160860958501e+00
1.021598177860053802e+00
1.021568302932981620e+00
1.021534136859535202e+00
1.021496369275539440e+00
1.021455749916060585e+00
1.021413060760143043e+00
1.021369091003005991e+00
1.021324616012507125e+00
1.021280380657211495e+00
1.021237086766396462e+00
1.021195384076600154e+00
1.021155863846109124e+00
1.021119054338482046e+00
1.021085417524168371e+00
1.021055346559691657e+00
1.021029163824632047e+00
1.021007119493763327e+00
1.020989390776934513e+00
1.020976082064187551e+00
1.020967226264671179e+00
1.020962787623553414e+00
1.020962666241559180e+00
1.020966704410164461e+00
1.020974694720187870e+00
1.020986389717113418e+00
1.021001512684044599e+00
1.021019768958115748e+00
1.021040857054820616e+00
1.021064478809611265e+00
1.021090347761483885e+00
1.021118195101801129e+00
1.021147772683737465e+00
1.021178852813694249e+00
1.021211224800236739e+00
1.021244688492704444e+00
1.021279045279539499e+00
1.021314087222182421e+00
1.021349585168654484e+00
1.021385276821580756e+00
1.021420855829344720e+00
1.021455963023523150e+00
1.021490180930597624e+00
1.021523032622710270e+00
1.021553985816171295e+00
1.021582462852493434e+00
1.021607856788404156e+00
1.021629553281275360e+00
1.021646957316509008e+00
1.021659523150063809e+00
1.021666785231506225e+00
1.021668387449185200e+00
1.021664107913724084e+00
1.021653876748370493e+00
1.021637784999259058e+00
1.021616083746466064e+00
1.021589173638266956e+00
1.021557586183813759e+00
1.021521959016219450e+00
1.021483007821208489e+00
1.021441497650613206e+00
1.021398215946932142e+00
1.021353948925810995e+00
1.021309462174148752e+00
1.021265485592111499e+00
1.021222702258354209e+00
1.021181740481681643e+00
1.021143168208536345e+00
1.021107489031881643e+00
1.021075139225770201e+00
1.021046485449369046e+00
1.021021822979067739e+00
1.021001374510130733e+00
1.020985289706210164e+00
1.020973645759922555e+00
1.020966449257945330e+00
1.020963639618770458e+00
1.020965094291430342e+00
1.020970635774143931e+00
1.020980040343467454e+00
1.020993048194336339e+00
1.021009374502368061e+00
1.021028720758205388e+00
1.021050785615036816e+00
1.021075274454562365e+00
1.021101906923781444e+00
1.021130421823017276e+00
1.021160578920793593e+00
1.021192157510929732e+00
1.021224951785207224e+00
1.021258763346600151e+00
1.021293391414977103e+00
1.021328621469088205e+00
1.021364213222579753e+00
1.021399888948561596e+00
1.021435323246957960e+00
1.021470135386269629e+00
1.021503885333131745e+00
1.021536074487890744e+00
1.021566151946607492e+00
1.021593526786404471e+00
1.021617586411371237e+00
1.021637720413014261e+00
1.021653348736993205e+00
1.021663952286192112e+00
1.021669103537462986e+00
1.021668494425900686e+00
1.021661958761200584e+00
1.021649486843498877e+00
1.021631230725348338e+00
1.021607499621107307e+00
1.021578746120961112e+00
1.021545544913386117e+00
1.021508566462393519e+00
1.021468548397786780e+00
1.021426267232964147e+00
1.021382512504768858e+00
1.021338064687643987e+00
1.021293677449717663e+00
1.021250064146448810e+00
1.021207887983908602e+00
1.021167755055614634e+00
1.021130209434626845e+00
1.021095729625473236e+00
1.021064725881049906e+00
1.021037538111708276e+00
1.021014434318870068e+00
1.020995609652097347e+00
1.020981186306248345e+00
1.020971214539838856e+00
1.020965675105036219e+00
1.020964483333558714e+00
1.020967495023384464e+00
1.020974514125501109e+00
1.020985302050970045e+00
1.020999588225872223e+00
1.021017081339873345e+00
1.021037480589759072e+00
1.021060486136184720e+00
1.021085807986777283e+00
1.021113172597255092e+00
1.021142326637805242e+00
1.021173037586932786e+00
1.021205091064746107e+00
1.021238285075864116e+00
1.021272421576175482e+00
1.021307295992154973e+00
1.021342685499074587e+00
1.021378337004194226e+00
1.021413955884008073e+00
1.021449196589387709e+00
1.021483656250885108e+00
1.021516872372082219e+00
1.021548325568029547e+00
1.021577448062875426e+00
1.021603638286111781e+00
1.021626281397525871e+00
1.021644774950756007e+00
1.021658558232184877e+00
1.021667143177445780e+00
1.021670144287605719e+00
1.021667304759185768e+00
1.021658516197496258e+00
1.021643829834019801e+00
1.021623458068043888e+00
1.021597766269041418e+00
1.021567255916100647e+00
1.021532541102819547e+00
1.021494321025995244e+00
1.021453351213481131e+00
1.021410415946649275e+00
1.021366303708366008e+00
1.021321786708375701e+00
1.021277604780304493e+00
1.021234453343656146e+00
1.021192974749738358e+00
1.021153752185745223e+00
1.021117305351730842e+00
1.021084087284964248e+00
1.021054481920539381e+00
1.021028802196304763e+00
1.021007288702564519e+00
1.020990109025939896e+00
1.020977358034733440e+00
1.020969059396969580e+00
1.020965168610592055e+00
1.020965577758610410e+00
1.020970122084023268e+00
1.020978588319243485e+00
1.020990724517969461e+00
1.021006250945768024e+00
1.021024871414855095e+00
1.021046284324758080e+00
1.021070192615459282e+00
1.021096311866030337e+00
1.021124375880812174e+00
1.021154139285718410e+00
1.021185376888447571e+00
1.021217879812332363e+00
1.021251448668744288e+00
1.021285884267232102e+00
1.021320976563587557e+00
1.021356492709279529e+00
1.021392165191491896e+00
1.021427681142010657e+00
1.021462673941909927e+00
1.021496718246084789e+00
1.021529329477727455e+00
1.021559968672606455e+00
1.021588053262024953e+00
1.021612973956960158e+00
1.021634117340206815e+00
1.021650893124452342e+00
1.021662764363246545e+00
1.021669278311289286e+00
1.021670095239846088e+00
1.021665012434046949e+00
1.021653980903656667e+00
1.021637113031817146e+00
1.021614680387036955e+00
1.021587102073682418e+00
1.021554925089263044e+00
1.021518798989106358e+00
1.021479447583168110e+00
1.021437640354286414e+00
