1.000603444564682754e+00
1.000677941014665340e+00
1.000802300805059719e+00
1.000950102800601815e+00
1.001112282748962912e+00
1.001284163851564823e+00
1.001462007053260050e+00
1.001641411552611327e+00
1.001817895598787755e+00
1.001989282431968276e+00
1.002157398308113567e+00
1.002326892429121763e+00
1.002502089606112534e+00
1.002684667870822111e+00
1.002873609120803478e+00
1.003066696985152273e+00
1.003261759903212091e+00
1.003456464692564998e+00
1.003647450669491903e+00
1.003830767980339322e+00
1.004004233481011754e+00
1.004169678829826218e+00
1.004332448168848702e+00
1.004498288099250125e+00
1.004670416280185830e+00
1.004848822982336909e+00
1.005031549764722199e+00
1.005216249677843399e+00
1.005400479399577218e+00
1.005580942047632487e+00
1.005753532784822823e+00
1.005915356665606275e+00
1.006067303756432274e+00
1.006214338910929706e+00
1.006362764253319053e+00
1.006516882975798666e+00
1.006677616060608349e+00
1.006843385569167637e+00
1.007011799103848748e+00
1.007180370463703234e+00
1.007345941725972915e+00
1.007504389309801907e+00
1.007652198327482651e+00
1.007789177174079231e+00
1.007919526361650719e+00
1.008049699392539633e+00
1.008184874173976286e+00
1.008326914384207740e+00
1.008474752020767085e+00
1.008626054215254308e+00
1.008778319142044966e+00
1.008928561621390996e+00
1.009072773001856715e+00
1.009206993238641825e+00
1.009329968835580127e+00
1.009444904176662217e+00
1.009558079536091890e+00
1.009675354109536016e+00
1.009799538748936687e+00
1.009930196492436316e+00
1.010065155722490005e+00
1.010201908904960755e+00
1.010337633102695198e+00
1.010468525313494847e+00
1.010590366745584445e+00
1.010700945968828979e+00
1.010802337248081439e+00
1.010900364278652264e+00
1.011001361465334147e+00
1.011109066049248106e+00
1.011223782177399499e+00
1.011343609899619356e+00
1.011466051023788948e+00
1.011588408305952314e+00
1.011707130058885351e+00
1.011817911208813703e+00
1.011917738355056162e+00
1.012007502248681634e+00
1.012092322299182223e+00
1.012178780138287326e+00
1.012271481435174980e+00
1.012371562722895524e+00
1.012477516191993665e+00
1.012586887163678284e+00
1.012697059709171565e+00
1.012804740233663958e+00
1.012905681978606420e+00
1.012996254563004905e+00
1.013076182567234751e+00
1.013149674298752245e+00
1.013223310776650177e+00
1.013302464357890731e+00
1.013389167570020621e+00
1.013482430170977944e+00
1.013579900085255447e+00
1.013679004958216057e+00
1.013776686128037507e+00
1.013868864237839063e+00
1.013951487166690146e+00
1.014023192555502773e+00
1.014087121076407749e+00
1.014149595409830518e+00
1.014216607941665238e+00
1.014291115445461910e+00
1.014372767551220189e+00
1.014459398567937765e+00
1.014548458992192259e+00
1.014637082033560400e+00
1.014721426138612603e+00
1.014797206870526880e+00
1.014862105291721939e+00
1.014918096815319526e+00
1.014970992537319372e+00
1.015027216711819502e+00
1.015090637378547989e+00
1.015161654268322167e+00
1.015238392419588020e+00
1.015318328335512277e+00
1.015398734706499440e+00
1.015476040149244197e+00
1.015545898095525867e+00
1.015605201151050574e+00
1.015654725667600289e+00
1.015699538362879739e+00
1.015746272951422835e+00
1.015799650639936047e+00
1.015860910584667209e+00
1.015928586818285462e+00
1.016000212537257141e+00
1.016073148765382461e+00
1.016144092694620582e+00
1.016208776299779570e+00
1.016263494360277519e+00
1.016307854109189002e+00
1.016345981026034018e+00
1.016384472302450881e+00
1.016428797509943305e+00
1.016481095497380638e+00
1.016540433239228935e+00
1.016604459376245995e+00
1.016670583161655372e+00
1.016735741745129484e+00
1.016795850183805694e+00
1.016846802770141167e+00
1.016887126089563997e+00
1.016919856714086023e+00
1.016951299320130619e+00
1.016987521518074367e+00
1.017031586001795773e+00
1.017083213240117523e+00
1.017140251701156739e+00
1.017200137999720422e+00
1.017260002633941340e+00
1.017316009392204013e+00
1.017363841202346242e+00
1.017401081238511473e+00
1.017429588251335781e+00
1.017455123968238784e+00
1.017484162549580518e+00
1.017520673005157139e+00
1.017565137192154356e+00
1.017615708388181606e+00
1.017669854812703889e+00
1.017724845917101106e+00
1.017777122006750190e+00
1.017822322740319363e+00
1.017857260682547782e+00
1.017882591404900339e+00
1.017903305085356758e+00
1.017926057542932083e+00
1.017955661227450515e+00
1.017993445713071488e+00
1.018037987588358284e+00
1.018086819113794395e+00
1.018137296911772571e+00
1.018186132167166136e+00
1.018229058582373003e+00
1.018262311272033926e+00
1.018285380340836710e+00
1.018302293077010923e+00
1.018319639722137460e+00
1.018342966626231139e+00
1.018374507727509037e+00
1.018413386476858751e+00
1.018457259903372547e+00
1.018503532252344357e+00
1.018549153771576066e+00
1.018590052619647857e+00
1.018622084303332009e+00
1.018643668576859840e+00
1.018657728736380719e+00
1.018670533713759818e+00
1.018688209045091497e+00
1.018713913042529118e+00
1.018747435429759207e+00
1.018786644233557581e+00
1.018828971970337394e+00
1.018871559205061672e+00
1.018910589808246669e+00
1.018941727525628727e+00
1.018962464137649793e+00
1.018974537204491160e+00
1.018983645822289175e+00
1.018996299510203318e+00
1.019016558898138136e+00
1.019044985949456805e+00
1.019079766097504613e+00
1.019118366569277567e+00
1.019158062896501349e+00
1.019195318256133076e+00
1.019225770033523659e+00
1.019246158225853183e+00
1.019257016533922755e+00
1.019263249140036187e+00
1.019271521931947255e+00
1.019286730242670469e+00
1.019310291899421461e+00
1.019340829027413520e+00
1.019375878559618975e+00
1.019412799444922468e+00
1.019448324946719220e+00
1.019478199726405521e+00
1.019498606713525213e+00
1.019508920208733738e+00
1.019513063078870685e+00
1.019517608899256800e+00
1.019528173437801666e+00
1.019547083597696080e+00
1.019573521728582621e+00
1.019605157783187055e+00
1.019639395889147648e+00
1.019673204920565013e+00
1.019702533041884074e+00
1.019723203767445074e+00
1.019733532880476190e+00
1.019736326840984253e+00
1.019737811237532377e+00
1.019744163121012903e+00
1.019758634406139119e+00
1.019781086161031691e+00
1.019809409875961581e+00
1.019841037674440232e+00
1.019873123758801903e+00
1.019901876821481812e+00
1.019922947101997934e+00
1.019933738649250410e+00
1.019935866399438895e+00
1.019934961110734228e+00
1.019937562096729700e+00
1.019947819659493105e+00
1.019966377707682170e+00
1.019991457386209444e+00
1.020020527982842928e+00
1.020050873335835995e+00
1.020078982400359546e+00
1.020100494653576773e+00
1.020112081414003447e+00
1.020114154692405517e+00
1.020111528627259956e+00
1.020110874334787976e+00
1.020117168037101951e+00
1.020131917364496266e+00
1.020153793312627233e+00
1.020180340274069231e+00
1.020208920973499467e+00
1.020236292260207511e+00
1.020258212813261789e+00
1.020270817082022718e+00
1.020273364899102919e+00
1.020269672099586966e+00
1.020266291375381495e+00
1.020268905737491849e+00
1.020279936195351844e+00
1.020298627103718880e+00
1.020322664087229603e+00
1.020349452296562376e+00
1.020375979806023459e+00
1.020398216687062876e+00
1.020411957726310215e+00
1.020415416837693101e+00
1.020411282276587173e+00
1.020405732643184127e+00
1.020404994043814018e+00
1.020412412576731764e+00
1.020427923433285144e+00
1.020449444354958768e+00
1.020474408239621544e+00
1.020499983003312572e+00
1.020522403139857870e+00
1.020537308081033823e+00
1.020542016694877319e+00
1.020538020995632955e+00
1.020530880337448210e+00
1.020527161048436104e+00
1.020531102987534577e+00
1.020543434310339670e+00
1.020562414659501815e+00
1.020585516770094792e+00
1.020610032727185423e+00
1.020632477591725928e+00
1.020648495036733605e+00
1.020654690452305724e+00
1.020651354775866437e+00
1.020643209668518958e+00
1.020636928423173106e+00
1.020637567256204026e+00
1.020646725269978461e+00
1.020663124996210591e+00
1.020684319956033814e+00
1.020707676717513390e+00
1.020729975653512422e+00
1.020746991007000393e+00
1.020754811504328563e+00
1.020752583889041887e+00
1.020744015239114511e+00
1.020735634168940642e+00
1.020733189250062178e+00
1.020739196507660651e+00
1.020752964692472675e+00
1.020772197014256477e+00
1.020794300002336730e+00
1.020816280706104529e+00
1.020834132165731267e+00
1.020843623057035465e+00
1.020842867407062204e+00
1.020834434318000694e+00
1.020824452255171044e+00
1.020819193983670825e+00
1.020822099859234111e+00
1.020833181159424008e+00
1.020850383930003602e+00
1.020871142555080713e+00
1.020892638455407564e+00
1.020911132593247173e+00
1.020922255958426117e+00
1.020923244654116768e+00
1.020915467635952867e+00
1.020904409974561222e+00
1.020896662050322368e+00
1.020896552501839860e+00
1.020904895139694624e+00
1.020919990160642055e+00
1.020939314809957255e+00
1.020960169355094926e+00
1.020979095329694664e+00
1.020991742637472388e+00
1.020994653410707498e+00
1.020987998172201872e+00
1.020976403707896552e+00
1.020966542166101387e+00
1.020963548174052438e+00
1.020969113071275913e+00
1.020982012844046327e+00
1.020999811498972454e+00
1.021019879609931458e+00
1.021039021233959287e+00
1.021053027831170468e+00
1.021057945149598023e+00
1.021052808222663977e+00
1.021041213633926636e+00
1.021029662481661937e+00
1.021023966607644606e+00
1.021026737129219430e+00
1.021037348846419057e+00
1.021053524116693367e+00
1.021072671280444766e+00
1.021091816407778907e+00
1.021106976758255680e+00
1.021113897544851490e+00
1.021110594877200795e+00
1.021099517746735019e+00
1.021086741179626944e+00
1.021078581746909464e+00
1.021078573443510162e+00
1.021086804917411994e+00
1.021101252183608921e+00
1.021119351825912513e+00
1.021138298788301313e+00
1.021154381359213215e+00
1.021163224488993215e+00
1.021161983904697035e+00
1.021151905371862068e+00
1.021138396744529775e+00
1.021128069218806722e+00
1.021125338928922321e+00
1.021131106177661341e+00
1.021143713376883255e+00
1.021160643261193268e+00
1.021179204354094594e+00
1.021195965166675323e+00
1.021206583874636920e+00
1.021207541966163701e+00
1.021198890214965127e+00
1.021185158170157203e+00
1.021173013417033371e+00
1.021167667103632937e+00
1.021170903143657771e+00
1.021181552533170223e+00
1.021197190971743218e+00
1.021215193240692987e+00
1.021232387300430755e+00
1.021244583433763786e+00
1.021247787052132150e+00
1.021240922844106391e+00
1.021227475254809836e+00
1.021213914478462659e+00
1.021206113218876332e+00
1.021206777491113993e+00
1.021215349500880665e+00
1.021229572133731445e+00
1.021246855928929165e+00
1.021264246000012754e+00
1.021277784966268420e+00
1.021283197066958692e+00
1.021278402408605679e+00
1.021265729026585412e+00
1.021251195359571540e+00
1.021241158972651997e+00
1.021239246762837283e+00
1.021245625823654635e+00
1.021258303622874841e+00
1.021274719556148458e+00
1.021292082019117586e+00
1.021306707316749440e+00
1.021314216547673848e+00
1.021311687341369456e+00
1.021300242238374345e+00
1.021285209158478979e+00
1.021273217037116599e+00
1.021268768233233315e+00
1.021272850264699272e+00
1.021283849265083310e+00
1.021299254308757121e+00
1.021316382114425103e+00
1.021331828466424341e+00
1.021341261592511485e+00
1.021341104781693154e+00
1.021331289779233931e+00
1.021316246768867009e+00
1.021302635592019836e+00
1.021295742143830454e+00
1.021297443223737389e+00
1.021306626281226038e+00
1.021320879785209579e+00
1.021337582771193020e+00
1.021353587091908821e+00
1.021364723166705346e+00
1.021366958490657062e+00
1.021359108771749069e+00
1.021344544889980943e+00
1.021329703024218771e+00
1.021320514520231537e+00
1.021319780145043099e+00
1.021327010803009472e+00
1.021339971172043892e+00
1.021356074223338295e+00
1.021372383905432724e+00
1.021384969034710322e+00
1.021389535104740176e+00
1.021383908072246882e+00
1.021370294349435603e+00
1.021354652923131878e+00
1.021343379770880411e+00
1.021340194058237394e+00
1.021345342381219101e+00
1.021356865051968210e+00
1.021372204749992241e+00
1.021388583036063613e+00
1.021402344626809233e+00
1.021409108673355881e+00
1.021405876870249640e+00
1.021393648623859951e+00
1.021377669469667016e+00
1.021364583253627778e+00
1.021358977427066606e+00
1.021361927464371711e+00
1.021371864661958950e+00
1.021386285166641095e+00
1.021402513644447341e+00
1.021417173177431525e+00
1.021425943537652703e+00
1.021425192100325230e+00
1.021414732371775269e+00
1.021398893277075448e+00
1.021384323979040332e+00
1.021376383502138552e+00
1.021377041887310710e+00
1.021385244439359408e+00
1.021398593379368336e+00
1.021414471890556008e+00
1.021429755471101153e+00
1.021440295715300595e+00
1.021442024433560247e+00
1.021433649732061522e+00
1.021418427692909692e+00
1.021402757600172961e+00
1.021392627381158436e+00
1.021390932467774348e+00
1.021397253732311494e+00
1.021409378837498938e+00
1.021424723300563553e+00
1.021440369502733425e+00
1.021452413045161656e+00
1.021456542701640657e+00
1.021450492099953866e+00
1.021436345511083310e+00
1.021419999815710522e+00
1.021407886976597901e+00
1.021403817858007379e+00
1.021408119603039122e+00
1.021418866704746131e+00
1.021433505510082718e+00
1.021449270307888568e+00
1.021462534406778033e+00
1.021468916713123676e+00
1.021465345079905607e+00
1.021452695974956804e+00
1.021436130284007593e+00
1.021422304079101506e+00
1.021415888833661523e+00
1.021418048712757987e+00
1.021427261572547929e+00
1.021441031300696523e+00
1.021456690152674485e+00
1.021470888357593809e+00
1.021479318534920022e+00
1.021478294336533255e+00
1.021467511883216162e+00
1.021451197106217457e+00
1.021435985688083914e+00
1.021427308221801722e+00
1.021427228338525062e+00
1.021434750561263982e+00
1.021447491798532115e+00
1.021462839199411166e+00
1.021477691525974896e+00
1.021487922417551708e+00
1.021489430121812036e+00
1.021480816549903414e+00
1.021465221885189179e+00
1.021449005760186157e+00
1.021438210674679326e+00
1.021435826628593224e+00
1.021441505693255980e+00
1.021453059670530683e+00
1.021467906689347505e+00
1.021483147064592201e+00
1.021494903627598205e+00
1.021498850343225184e+00
1.021492630329102091e+00
1.021478205303515852e+00
1.021461407500729557e+00
1.021448702489078153e+00
1.021443992248248112e+00
1.021447685472774758e+00
1.021457892138329271e+00
1.021472062613126397e+00
1.021487443413394924e+00
1.021500436506158405e+00
1.021506662143147004e+00
1.021502976403087848e+00
1.021490133093091224e+00
1.021473206290532509e+00
1.021458861656160844e+00
1.021451853599100179e+00
1.021453435665640619e+00
1.021462133632596636e+00
1.021475459777926753e+00
1.021490753551861363e+00
1.021504692094215239e+00
1.021512982070594155e+00
1.021511885555873800e+00
1.021500982197384833e+00
1.021484393297542370e+00
1.021468738307070634e+00
1.021459517810368478e+00
1.021458889330595809e+00
1.021465917932058654e+00
1.021478236131112993e+00
1.021493234843956932e+00
1.021507835655557361e+00
1.021517935028274149e+00
1.021519399712289111e+00
1.021510726866674101e+00
1.021494939767911614e+00
1.021478355696330276e+00
1.021467069702191921e+00
1.021464166207600277e+00
1.021469369669342875e+00
1.021480517166913460e+00
1.021495029502804908e+00
1.021510024390098526e+00
1.021521652258373436e+00
1.021525574110165424e+00
1.021519344386665473e+00
1.021504801925326111e+00
1.021487711837471668e+00
1.021474570911703239e+00
1.021469371610983279e+00
1.021472605136291012e+00
1.021482418227469324e+00
1.021496265630885025e+00
1.021511405572074871e+00
1.021524268681450742e+00
1.021530478078893633e+00
1.021526820131573920e+00
1.021513926334973510e+00
1.021496781870733450e+00
1.021482059356230820e+00
1.021474595003939223e+00
1.021475732379021784e+00
1.021484046513637445e+00
1.021497058730234553e+00
1.021512115276373533e+00
1.021525919920844183e+00
1.021534194507616622e+00
1.021533151659048233e+00
1.021522255517488098e+00
1.021505521198178945e+00
1.021489549187563295e+00
1.021479908444522966e+00
1.021478850631289292e+00
1.021485502643846965e+00
1.021497513529223689e+00
1.021512277779471400e+00
1.021526739331496625e+00
1.021536818186335571e+00
1.021538351625781660e+00
1.021529733538872442e+00
1.021513869365550775e+00
1.021497031367662345e+00
1.021485365093598219e+00
1.021482049187293129e+00
1.021486881638800970e+00
1.021497725941076018e+00
1.021512005645488941e+00
1.021526855312040016e+00
1.021538453281197967e+00
1.021542449392791818e+00
1.021536311265611285e+00
1.021521754603750054e+00
1.021504474968378595e+00
1.021490997965360803e+00
1.021485405856785045e+00
1.021488273261732527e+00
1.021497784956455934e+00
1.021511400437930206e+00
1.021526389119400857e+00
1.021539210253366026e+00
1.021545491296627306e+00
1.021541950968843704e+00
1.021529098870677776e+00
1.021511829262820914e+00
1.021496819084758201e+00
1.021488985172953168e+00
1.021489761702495169e+00
1.021497774279059412e+00
1.021510553938143495e+00
1.021525453333685496e+00
1.021539202546152714e+00
1.021547539673029359e+00
1.021546629992141852e+00
1.021535823164505752e+00
1.021519026631088956e+00
1.021502819196062450e+00
1.021492836536481263e+00
1.021491424652482882e+00
1.021497773538612819e+00
1.021509549705924780e+00
1.021524151044868711e+00
1.021538543349364891e+00
1.021548670818549720e+00
1.021550343262969118e+00
1.021541852822662300e+00
1.021525986246656581e+00
1.021508968143745255e+00
1.021496992479044907e+00
1.021493331869814281e+00
1.021497858957412630e+00
1.021508464788855708e+00
1.021522575757971341e+00
1.021537342708143337e+00
1.021548972151623103e+00
1.021553104521115252e+00
1.021547122487677983e+00
1.021532618443160789e+00
1.021515216019166283e+00
1.021501467219633419e+00
1.021495543375382953e+00
1.021498103400213964e+00
1.021507371376862316e+00
1.021520811945149099e+00
1.021535705183212128e+00
1.021548538880155732e+00
1.021554946246433726e+00
1.021551580419983063e+00
1.021538829589814679e+00
1.021521495131551660e+00
1.021506255671087882e+00
1.021498107447255999e+00
1.021498575796929931e+00
1.021506338207835540e+00
1.021518936115575649e+00
1.021533728197895785e+00
1.021547470495427046e+00
1.021555918378668881e+00
1.021555191872876023e+00
1.021544527235514810e+00
1.021527722816399475e+00
1.021511333034599511e+00
1.021501058593104805e+00
1.021499339986664756e+00
1.021505431558145549e+00
1.021517018230712726e+00
1.021531501131601960e+00
1.021545867394096696e+00
1.021556086019951515e+00
1.021557941314332751e+00
1.021549625227563984e+00
1.021533805037530218e+00
1.021516655097120196e+00
1.021504415679736599e+00
1.021500453083787452e+00
1.021504715695731313e+00
1.021515123266219183e+00
1.021529105145748240e+00
1.021543827886864264e+00
1.021555526384328560e+00
1.021559833376394666e+00
1.021554048481343679e+00
1.021539640672309623e+00
1.021522159319016687e+00
1.021508180388755571e+00
1.021501963507160049e+00
1.021504252728630657e+00
1.021513312714235955e+00
1.021526613661344562e+00
1.021541445791046332e+00
1.021554325301507582e+00
1.021560892523288633e+00
1.021557737080373451e+00
1.021545126298471828e+00
1.021527766763879352e+00
1.021512336151472855e+00
1.021503908839544561e+00
1.021504101842251266e+00
1.021511645831629567e+00
1.021524093351753759e+00
1.021538808732578296e+00
1.021552573591939961e+00
1.021561161539717544e+00
1.021560649425510503e+00
1.021550161234256793e+00
1.021533384876373463e+00
1.021516847696715802e+00
1.021506313695460966e+00
1.021504317977792287e+00
1.021510180470020401e+00
1.021521605472925254e+00
1.021535997207679625e+00
1.021550363609941448e+00
1.021560699036991204e+00
1.021562764225056874e+00
1.021554652531862395e+00
1.021538911056372623e+00
1.021521661322411401e+00
1.021509187774412908e+00
1.021504950055790228e+00
1.021508973369055440e+00
1.021519207329312229e+00
1.021533084381575751e+00
1.021547786206488562e+00
1.021559576245890000e+00
1.021564081216064679e+00
1.021558519598008363e+00
1.021544236910500336e+00
1.021526705973877514e+00
1.021512524265953292e+00
1.021506038888100321e+00
1.021508079850708128e+00
1.021516953668432981e+00
1.021530136536167754e+00
1.021544928300936128e+00
1.021557873404918659e+00
1.021564620618477637e+00
1.021561698122405382e+00
1.021549252991377665e+00
1.021531895175633808e+00
1.021516298756945496e+00
1.021507614946257636e+00
1.021507552913250905e+00
1.021514897811108380e+00
1.021527214024428698e+00
1.021541871178722305e+00
1.021555676059500151e+00
1.021564421433428738e+00
1.021564143038105721e+00
1.021553853769387565e+00
1.021537129816523892e+00
1.021520468771805135e+00
1.021509696164173864e+00
1.021507441782329551e+00
1.021513092356540753e+00
1.021524372549885928e+00
1.021538689557021762e+00
1.021553071564579085e+00
1.021563538791296466e+00
1.021565830313957424e+00
1.021557942532356877e+00
1.021542301729329694e+00
1.021524974053457768e+00
1.021512285950826993e+00
1.021507790027199825e+00
1.021511589348514715e+00
1.021521664567458521e+00
1.021535451388129845e+00
1.021550146036067641e+00
1.021562040623450907e+00
1.021566757479938969e+00
1.021561435885538716e+00
1.021547297938314447e+00
1.021529737664194748e+00
1.021515371577484954e+00
1.021508633388173326e+00
1.021510439846151197e+00
1.021519140598714070e+00
1.021532218305916340e+00
1.021546981932883735e+00
1.021560003968091213e+00
1.021566942898086694e+00
1.021564267535010728e+00
1.021552005377467154e+00
1.021534667948548858e+00
1.021518923087552544e+00
1.021509997484462584e+00
1.021509692903652233e+00
1.021516850270654864e+00
1.021529046567976273e+00
1.021543656378616660e+00
1.021557511224254311e+00
1.021566423900448495e+00
1.021566391084414605e+00
1.021556315817885530e+00
1.021539661352117934e+00
1.021522892857246179e+00
1.021511895580262896e+00
1.021509394021693495e+00
1.021514842921003918e+00
1.021525988308377375e+00
1.021540240256807675e+00
1.021554646642263364e+00
1.021565254007578361e+00
1.021567781654204587e+00
1.021560130695598145e+00
1.021544606030550639e+00
1.021527215911815833e+00
1.021514326583537802e+00
1.021509583182652614e+00
1.021513167661338706e+00
1.021523092895666895e+00
1.021536798042240290e+00
1.021551493289788004e+00
1.021563499506340289e+00
1.021568436234927990e+00
1.021563365511278798e+00
1.021549386114533720e+00
1.021531811072782014e+00
1.021517273440175622e+00
1.021510292618372118e+00
1.021511872847279623e+00
1.021520408189586337e+00
1.021533388267221731e+00
1.021548130667761622e+00
1.021561235698886794e+00
1.021568372798330682e+00
1.021565953487706846e+00
1.021553886426128432e+00
1.021536582973515017e+00
1.021520702069313558e+00
1.021511544480771860e+00
1.021511004965938163e+00
1.021517981507878536e+00
1.021530064470499655e+00
1.021544633077141162e+00
1.021558543135126840e+00
1.021567628297681996e+00
1.021567848221212493e+00
1.021557997378713445e+00
1.021541424931112330e+00
1.021524560965429762e+00
1.021513348592895110e+00
1.021510607008425442e+00
1.021515860150099986e+00
1.021526876440418841e+00
1.021541068762547910e+00
1.021555504112486634e+00
1.021566255778452392e+00
1.021569025145456333e+00
1.021561619748010630e+00
1.021546222601729559e+00
1.021528781568852295e+00
1.021515700453568876e+00
1.021510716443571276e+00
1.021514091374960076e+00
1.021523871545577888e+00
1.021537499787887437e+00
1.021552199675727080e+00
1.021564320882610177e+00
1.021569481729915463e+00
1.021564668985089241e+00
1.021550858277580520e+00
1.021533279476324552e+00
1.021518579656427894e+00
1.021511362944071744e+00
1.021512721786187239e+00
1.021521095947010016e+00
1.021533982536688256e+00
1.021548707283465252e+00
1.021561898059536677e+00
1.021569236447913642e+00
1.021567078760330816e+00
1.021555215613627610e+00
1.021537956524094959e+00
1.021521948866805918e+00
1.021512566036364644e+00
1.021511796142900330e+00
1.021518595505767069e+00
1.021530568680023787e+00
1.021545099234356657e+00
1.021559066793831239e+00
1.021568326655413639e+00
1.021568803481287313e+00
1.021559184510276275e+00
1.021542703725419443e+00
1.021525753479488596e+00
1.021514332851498619e+00
1.021511355667367837e+00
1.021516416236964986e+00
1.021527306420561221e+00
1.021541441871130607e+00
1.021555908129192058e+00
1.021566805609073869e+00
1.021569819612268004e+00
1.021562665836101003e+00
1.021547404982569462e+00
1.021529922055933959e+00
1.021516656148887980e+00
1.021511435970227755e+00
1.021514604212146127e+00
1.021524241804871114e+00
1.021537795510444546e+00
1.021552501714626970e+00
1.021564738911098003e+00
1.021570125729035272e+00
1.021565575661379288e+00
1.021551941424013510e+00
1.021534367608769145e+00
1.021519512771831950e+00
1.021512064746823656e+00
1.021513204870895919e+00
1.021521419898907101e+00
1.021534214985296840e+00
1.021548923532096254e+00
1.021562200694760225e+00
1.021569741354563465e+00
1.021567848695049463e+00
1.021556196147665352e+00
1.021538989761157534e+00
1.021522862676085719e+00
1.021513259416925834e+00
1.021512261763521279e+00
1.021518885643323049e+00
1.021530750638357521e+00
1.021545244390599905e+00
1.021559269858674845e+00
1.021568704726781407e+00
1.021569440675166973e+00
1.021560059090897310e+00
1.021543677756875157e+00
1.021526648651977842e+00
1.021515024884784850e+00
1.021511814802799734e+00
1.021516684244099693e+00
1.021527449572013468e+00
1.021541529197253606e+00
1.021556026624250713e+00
1.021567069734040434e+00
1.021570329550497869e+00
1.021563431708324643e+00
1.021548314234163701e+00
1.021530796835681265e+00
1.021517351590178757e+00
1.021511898148760977e+00
1.021514861005897945e+00
1.021524356946472700e+00
1.021537836946391220e+00
1.021552549636090435e+00
1.021564902309850309e+00
1.021570515397888013e+00
1.021566231128530067e+00
1.021552779606606620e+00
