1.000603444564682754e+00
1.000677341907111106e+00
1.000799401158829038e+00
1.000942360662427699e+00
1.001096668935945289e+00
1.001257514021314243e+00
1.001421926027684872e+00
1.001587862653781746e+00
1.001753852393068689e+00
1.001918830114300718e+00
1.002082048221689226e+00
1.002243019716726025e+00
1.002401474975710194e+00
1.002557324496070823e+00
1.002710624718186283e+00
1.002861546369718582e+00
1.003010345771236267e+00
1.003157339748097066e+00
1.003302884568768150e+00
1.003447358931735423e+00
1.003591150634947748e+00
1.003734646292187893e+00
1.003878223349055521e+00
1.004022243682744620e+00
1.004167048199243073e+00
1.004312952016432670e+00
1.004460239998548943e+00
1.004609162559952917e+00
1.004759931773402615e+00
1.004912717900150465e+00
1.005067646511137447e+00
1.005224796395581377e+00
1.005384198458588063e+00
1.005545835793925313e+00
1.005709645081183989e+00
1.005875519397640527e+00
1.006043312455135785e+00
1.006212844174861676e+00
1.006383907404991174e+00
1.006556275477603402e+00
1.006729710204440575e+00
1.006903969838243817e+00
1.007078816488625517e+00
1.007254022485911005e+00
1.007429375235275426e+00
1.007604680193244118e+00
1.007779761720735134e+00
1.007954461709308358e+00
1.008128636027149971e+00
1.008302148976800705e+00
1.008474866088979072e+00
1.008646645691172239e+00
1.008817329784575723e+00
1.008986734839085964e+00
1.009154643174207777e+00
1.009320795632689727e+00
1.009484886268654957e+00
1.009646559753929473e+00
1.009805412142527725e+00
1.009960995509723958e+00
1.010112826786630169e+00
1.010260400838214334e+00
1.010403207488046018e+00
1.010540751798205461e+00
1.010672576506524756e+00
1.010798285159887566e+00
1.010917564224905307e+00
1.011030202366677955e+00
1.011136105206699831e+00
1.011235304215653663e+00
1.011327958938652571e+00
1.011414352420763940e+00
1.011494880398723595e+00
1.011570035438038362e+00
1.011640387623618187e+00
1.011706563593870900e+00
1.011769225631222735e+00
1.011829052226538517e+00
1.011886721099854336e+00
1.011942895180285795e+00
1.011998211611073062e+00
1.012053273512438345e+00
1.012108644032112981e+00
1.012164842136577203e+00
1.012222339619461398e+00
1.012281558892475619e+00
1.012342871245429876e+00
1.012406595389705011e+00
1.012472996217539389e+00
1.012542283809004573e+00
1.012614612795783575e+00
1.012690082244302792e+00
1.012768736249260115e+00
1.012850565430892136e+00
1.012935509504318432e+00
1.013023461036921091e+00
1.013114270432038611e+00
1.013207752079186452e+00
1.013303691500797576e+00
1.013401853214241921e+00
1.013501988928495301e+00
1.013603845620343114e+00
1.013707172996405337e+00
1.013811729851650245e+00
1.013917288884185197e+00
1.014023639616010053e+00
1.014130589191149845e+00
1.014237960963915608e+00
1.014345590937928643e+00
1.014453322259288637e+00
1.014560998096421862e+00
1.014668453350172861e+00
1.014775505729472282e+00
1.014881946801309054e+00
1.014987533679600595e+00
1.015091982054522113e+00
1.015194961276927543e+00
1.015296092192320199e+00
1.015394948352493998e+00
1.015491061106242654e+00
1.015583928871377051e+00
1.015673030613600591e+00
1.015757843210147282e+00
1.015837861979941081e+00
1.015912623257129610e+00
1.015981727526336753e+00
1.016044861389303833e+00
1.016101816554144666e+00
1.016152504173001070e+00
1.016196963212729454e+00
1.016235362096656658e+00
1.016267993532289804e+00
1.016295263137999783e+00
1.016317673088193763e+00
1.016335802413053102e+00
1.016350285755265759e+00
1.016361792293728694e+00
1.016371006236135521e+00
1.016378609839517999e+00
1.016385269435859495e+00
1.016391624505260882e+00
1.016398279511225855e+00
1.016405798016400741e+00
1.016414698526580063e+00
1.016425451539131553e+00
1.016438477364161042e+00
1.016454144409614901e+00
1.016472767749794226e+00
1.016494607914459669e+00
1.016519869934468190e+00
1.016548702756122413e+00
1.016581199188680174e+00
1.016617396576650956e+00
1.016657278389340835e+00
1.016700776893559865e+00
1.016747777021467236e+00
1.016798121466435223e+00
1.016851616940674052e+00
1.016908041417600828e+00
1.016967152070813452e+00
1.017028693523069904e+00
1.017092405945818179e+00
1.017158032513485466e+00
1.017225325723705387e+00
1.017294052146437089e+00
1.017363995257193121e+00
1.017434956133128399e+00
1.017506751933225928e+00
1.017579212232081920e+00
1.017652173419319794e+00
1.017725471505134927e+00
1.017798933782564808e+00
1.017872369887791617e+00
1.017945562872131227e+00
1.018018260954042464e+00
1.018090170655116866e+00
1.018160952035275457e+00
1.018230216719774983e+00
1.018297529341086083e+00
1.018362412887950708e+00
1.018424358250238582e+00
1.018482837966903976e+00
1.018537323832833685e+00
1.018587307621990234e+00
1.018632323779787185e+00
1.018671972582925855e+00
1.018705942023736100e+00
1.018734026608294041e+00
1.018756141404769888e+00
1.018772330049831254e+00
1.018782765984463712e+00
1.018787746872953148e+00
1.018787682856502119e+00
1.018783079892954024e+00
1.018774519839410253e+00
1.018762639087138266e+00
1.018748107452444707e+00
1.018731608708798531e+00
1.018713823696856036e+00
1.018695416466198544e+00
1.018677023471058263e+00
1.018659245519954570e+00
1.018642641989241149e+00
1.018627726745646722e+00
1.018614965255446148e+00
1.018604772452571083e+00
1.018597511061948291e+00
1.018593490202715390e+00
1.018592964213135055e+00
1.018596131736965393e+00
1.018603135186298747e+00
1.018614060747063732e+00
1.018628939119357479e+00
1.018647747184292296e+00
1.018670410761082668e+00
1.018696808562745693e+00
1.018726777378434090e+00
1.018760118410338533e+00
1.018796604581890586e+00
1.018835988523112857e+00
1.018878010841410831e+00
1.018922408214888886e+00
1.018968920811061718e+00
1.019017298543257954e+00
1.019067305731188311e+00
1.019118723826514916e+00
1.019171351989335061e+00
1.019225005444842846e+00
1.019279511697888108e+00
1.019334704825295201e+00
1.019390418193555359e+00
1.019446476058638140e+00
1.019502684594456809e+00
1.019558822967886247e+00
1.019614635131953939e+00
1.019669823043240608e+00
1.019724042019171772e+00
1.019776898926022746e+00
1.019827953815857668e+00
1.019876725496094316e+00
1.019922701307382162e+00
1.019965351099851869e+00
1.020004145042748611e+00
1.020038574502210249e+00
1.020068174818246964e+00
1.020092548461361215e+00
1.020111386815615084e+00
1.020124488777713667e+00
1.020131774521009671e+00
1.020133293156477494e+00
1.020129223595329870e+00
1.020119868604727253e+00
1.020105642744208119e+00
1.020087055463102743e+00
1.020064691032662285e+00
1.020039187125482805e+00
1.020011213736125022e+00
1.019981453808831429e+00
1.019950586484721144e+00
1.019919273398011361e+00
1.019888148023193608e+00
1.019857807758890900e+00
1.019828808250877072e+00
1.019801659397639559e+00
1.019776822518639214e+00
1.019754708262595289e+00
1.019735674958116789e+00
1.019720027237356774e+00
1.019708014879928237e+00
1.019699831921348832e+00
1.019695616144455252e+00
1.019695449122246966e+00
1.019699357005291240e+00
1.019707312244962027e+00
1.019719236414313723e+00
1.019735004231634212e+00
1.019754448810043179e+00
1.019777368055508227e+00
1.019803532024036397e+00
1.019832690938147879e+00
1.019864583466173702e+00
1.019898944798299345e+00
1.019935514021217848e+00
1.019974040305026808e+00
1.020014287472488013e+00
1.020056036617100981e+00
1.020099086562901158e+00
1.020143252102961196e+00
1.020188360102082026e+00
1.020234243690854470e+00
1.020280734905202102e+00
1.020327656233729563e+00
1.020374811624033651e+00
1.020421977569610394e+00
1.020468894951775063e+00
1.020515262344291685e+00
1.020560731496515050e+00
1.020604905683779151e+00
1.020647341538213126e+00
1.020687554834956545e+00
1.020725030496552499e+00
1.020759236788577606e+00
1.020789643321200257e+00
1.020815742069538956e+00
1.020837070223053589e+00
1.020853233327893683e+00
1.020863926960218215e+00
1.020868955121771560e+00
1.020868243720246094e+00
1.020861847891431529e+00
1.020849952501228675e+00
1.020832865856016181e+00
1.020811007343807697e+00
1.020784890313317650e+00
1.020755101879457172e+00
1.020722281468873227e+00
1.020687099787919605e+00
1.020650239558404504e+00
1.020612378908775320e+00
1.020574177826197637e+00
1.020536267651830808e+00
1.020499243291854263e+00
1.020463657640355404e+00
1.020430017656867250e+00
1.020398781582190217e+00
1.020370356875608397e+00
1.020345098582384757e+00
1.020323307968599824e+00
1.020305231376150257e+00
1.020291059346697171e+00
1.020280926136350352e+00
1.020274909791614171e+00
1.020273032980461902e+00
1.020275264769102685e+00
1.020281523504078081e+00
1.020291680901131093e+00
1.020305567359409915e+00
1.020322978417708359e+00
1.020343682157529130e+00
1.020367427247445224e+00
1.020393951227720031e+00
1.020422988566227263e+00
1.020454277986795333e+00
1.020487568585232374e+00
1.020522624307058202e+00
1.020559226459157642e+00
1.020597174055358769e+00
1.020636281940593637e+00
1.020676376786797235e+00
1.020717291194835674e+00
1.020758856262827585e+00
1.020800893088476435e+00
1.020843203760889661e+00
1.020885562466941732e+00
1.020927707389075678e+00
1.020969334103601689e+00
1.021010091195068581e+00
1.021049578773052691e+00
1.021087350499189972e+00
1.021122919590407907e+00
1.021155769048036177e+00
1.021185366068746658e+00
1.021211180231777149e+00
1.021232704653724843e+00
1.021249478900857044e+00
1.021261112107136437e+00
1.021267304528156394e+00
1.021267865725018709e+00
1.021262727755288369e+00
1.021251952153693132e+00
1.021235730074380843e+00
1.021214375660126406e+00
1.021188313395086977e+00
1.021158060774095766e+00
1.021124207990582899e+00
1.021087396456610730e+00
1.021048297824947770e+00
1.021007594837423538e+00
1.020965964862343256e+00
1.020924066502607142e+00
1.020882529237685521e+00
1.020841945759482616e+00
1.020802866492433569e+00
1.020765795740544712e+00
1.020731188948857726e+00
1.020699450668407726e+00
1.020670932940216824e+00
1.020645933941697558e+00
1.020624696853764224e+00
1.020607409001792920e+00
1.020594201395363498e+00
1.020585148839180167e+00
1.020580270809559043e+00
1.020579533286154028e+00
1.020582851696221649e+00
1.020590095069140890e+00
1.020601091414864214e+00
1.020615634237320490e+00
1.020633489981624065e+00
1.020654406104062994e+00
1.020678119359415881e+00
1.020704363833977890e+00
1.020732878224916540e+00
1.020763411883091942e+00
1.020795729197447876e+00
1.020829611999136466e+00
1.020864859792538049e+00
1.020901287765548560e+00
1.020938722679905819e+00
1.020976996882865473e+00
1.021015940806727418e+00
1.021055374428955664e+00
1.021095098252540190e+00
1.021134884434909296e+00
1.021174468744593611e+00
1.021213544055856737e+00
1.021251756096457797e+00
1.021288702132240545e+00
1.021323933190789290e+00
1.021356960280843218e+00
1.021387264843831799e+00
1.021414313376241889e+00
1.021437575797023545e+00
1.021456546729901937e+00
1.021470768470626567e+00
1.021479854072227189e+00
1.021483508771402260e+00
1.021481547953682290e+00
1.021473910049921496e+00
1.021460663173100247e+00
1.021442004901321754e+00
1.021418255309241907e+00
1.021389844038249617e+00
1.021357292763466429e+00
1.021321194772280672e+00
1.021282193466820143e+00
1.021240961447051454e+00
1.021198181477156020e+00
1.021154530172936337e+00
1.021110664768197562e+00
1.021067212904453569e+00
1.021024765091865794e+00
1.020983869326395288e+00
1.020945027306116248e+00
1.020908691738208418e+00
1.020875264331783328e+00
1.020845094198739034e+00
1.020818476512310058e+00
1.020795651387017777e+00
1.020776803037432456e+00
1.020762059343740313e+00
1.020751491998289850e+00
1.020745117427938498e+00
1.020742898680886857e+00
1.020744748432888205e+00
1.020750533206766564e+00
1.020760078813996774e+00
1.020773176923691405e+00
1.020789592551969438e+00
1.020809072155259400e+00
1.020831351917823593e+00
1.020856165759368883e+00
1.020883252563058008e+00
1.020912362143074237e+00
1.020943259534102365e+00
1.020975727286908441e+00
1.021009565584402923e+00
1.021044590138267871e+00
1.021080627974488841e+00
1.021117511356039564e+00
1.021155070215252758e+00
1.021193123573648442e+00
1.021231470512924844e+00
1.021269881328561446e+00
1.021308089547441789e+00
1.021345785520732186e+00
1.021382612306626747e+00
1.021418164523840488e+00
1.021451990772295204e+00
1.021483600068220809e+00
1.021512472516527881e+00
1.021538074141775887e+00
1.021559875431662823e+00
1.021577372741590217e+00
1.021590111310717752e+00
1.021597708307925956e+00
1.021599874124385021e+00
1.021596430114720899e+00
1.021587321195450482e+00
1.021572622136529329e+00
1.021552536986259696e+00
1.021527391768555448e+00
1.021497621276173717e+00
1.021463751342353454e+00
1.021426378317323636e+00
1.021386147560152224e+00
1.021343732588718023e+00
1.021299816168438790e+00
1.021255074152389142e+00
1.021210162407204081e+00
1.021165706750641444e+00
1.021122295536970981e+00
1.021080474370188451e+00
1.021040742388516387e+00
1.021003549615953077e+00
1.020969294982193798e+00
1.020938324739808944e+00
1.020910931134626942e+00
1.020887351298378487e+00
1.020867766425249235e+00
1.020852301363317061e+00
1.020841024796767638e+00
1.020833950214067753e+00
1.020831037849728506e+00
1.020832197752062243e+00
1.020837294067021839e+00
1.020846150541923292e+00
1.020858557148699219e+00
1.020874277613821324e+00
1.020893057533084125e+00
1.020914632657377030e+00
1.020938736872936570e+00
1.020965109376220425e+00
1.020993500564728818e+00
1.021023676230492505e+00
1.021055419746534465e+00
1.021088532067928822e+00
1.021122829515257902e+00
1.021158139456318503e+00
1.021194294141206882e+00
1.021231123069255009e+00
1.021268444370535544e+00
1.021306055769612531e+00
1.021343725766047594e+00
1.021381185715184881e+00
1.021418123521381283e+00
1.021454179657603767e+00
1.021488946189314184e+00
1.021521969393102136e+00
1.021552756407622109e+00
1.021580786125975582e+00
1.021605524233332396e+00
1.021626441923369821e+00
1.021643037420836286e+00
1.021654859041293273e+00
1.021661528192211454e+00
1.021662760526293123e+00
1.021658383454006724e+00
1.021648348440779674e+00
1.021632736952068132e+00
1.021611759521145801e+00
1.021585748115308778e+00
1.021555142656986215e+00
1.021520473105893334e+00
1.021482338839648563e+00
1.021441387140619828e+00
1.021398292417267539e+00
1.021353737418286167e+00
1.021308397226984521e+00
1.021262926346963917e+00
1.021217948786809604e+00
1.021174050768635100e+00
1.021131775535832897e+00
1.021091619704292075e+00
1.021054030657253309e+00
1.021019404591376079e+00
1.020988084949610908e+00
1.020960361103073311e+00
1.020936467256290170e+00
1.020916581641621024e+00
1.020900826136772910e+00
1.020889266482928992e+00
1.020881913298964605e+00
1.020878724078247757e+00
1.020879606317866450e+00
1.020884421866468550e+00
1.020892992489503825e+00
1.020905106545822116e+00
1.020920526556925445e+00
1.020938997341779286e+00
1.020960254299238645e+00
1.020984031359329025e+00
1.021010068103481272e+00
1.021038115577360239e+00
1.021067940387468953e+00
1.021099326778028393e+00
1.021132076517059728e+00
1.021166006567156836e+00
1.021200944664302890e+00
1.021236723066661911e+00
1.021273170857707413e+00
1.021310105291261205e+00
1.021347322750035591e+00
1.021384589955180555e+00
1.021421636112394893e+00
1.021458146707613590e+00
1.021493759665393242e+00
1.021528064544798831e+00
1.021560605357083817e+00
1.021590887432855865e+00
1.021618388533943600e+00
1.021642574096067513e+00
1.021662916115464892e+00
1.021678914785590031e+00
1.021690121595792533e+00
1.021696162282319298e+00
1.021696757837223357e+00
1.021691741787811747e+00
1.021681072189462469e+00
1.021664837222895361e+00
1.021643253905568649e+00
1.021616660129529341e+00
1.021585500914689693e+00
1.021550310306735820e+00
1.021511690667281647e+00
1.021470291160621269e+00
1.021426787050272011e+00
1.021381861040991268e+00
1.021336187428498521e+00
1.021290419344816680e+00
1.021245178989153013e+00
1.021201050458184989e+00
1.021158574646821249e+00
1.021118245664728530e+00
1.021080508273365162e+00
1.021045755957407097e+00
1.021014329372868845e+00
1.020986515040325893e+00
1.020962544262867588e+00
1.020942592338681454e+00
1.020926778205046404e+00
1.020915164692825838e+00
1.020907759587139196e+00
1.020904517679504186e+00
1.020905343958651290e+00
1.020910098022228540e+00
1.020918599703133811e+00
1.020930635798706909e+00
1.020945967678265731e+00
1.020964339436653656e+00
1.020985486171872125e+00
1.021009141905900641e+00
1.021035046648901101e+00
1.021062952132866686e+00
1.021092625810486432e+00
1.021123852821987477e+00
1.021156435766214843e+00
1.021190192259140206e+00
1.021224950410607457e+00
1.021260542488014567e+00
1.021296797157099201e+00
1.021333530792219335e+00
1.021370538431562114e+00
1.021407585017719999e+00
1.021444397611166011e+00
1.021480659290407988e+00
1.021516005451021947e+00
1.021550023175110233e+00
1.021582254249135069e+00
1.021612202247726309e+00
1.021639343864578997e+00
1.021663144358659014e+00
1.021683076608370211e+00
1.021698642858666961e+00
1.021709397854067891e+00
1.021714971734482447e+00
1.021715090894688149e+00
1.021709595026348394e+00
1.021698448803403103e+00
1.021681747130241735e+00
1.021659713497399924e+00
1.021632691693646455e+00
1.021601131795539352e+00
1.021565571886088097e+00
1.021526617259613801e+00
1.021484918913024842e+00
1.021441152921133577e+00
1.021396001908788209e+00
1.021350139356852926e+00
1.021304217007012571e+00
1.021258855237860530e+00
1.021214636015543853e+00
1.021172097886059005e+00
1.021131732455769825e+00
1.021093981869584777e+00
1.021059236907052359e+00
1.021027835445375009e+00
1.021000061163917394e+00
1.020976142475044757e+00
1.020956251755219313e+00
1.020940505015931254e+00
1.020928962195046807e+00
1.020921628264393810e+00
1.020918455337585407e+00
1.020919345922578492e+00
1.020924157397150367e+00
1.020932707695933361e+00
1.020944782091503411e+00
1.020960140839207053e+00
1.020978527348208598e+00
1.020999676452941429e+00
1.021023322302037517e+00
1.021049205365152313e+00
1.021077078086299217e+00
1.021106708784139228e+00
1.021137883508343336e+00
1.021170405695637662e+00
1.021204093616437270e+00
1.021238775750298977e+00
1.021274284365602636e+00
1.021310447699395274e+00
1.021347081234531107e+00
1.021383978653335634e+00
1.021420903111121437e+00
1.021457579518991743e+00
1.021493688550402457e+00
1.021528863082656002e+00
1.021562687741472075e+00
1.021594702120050879e+00
1.021624408079952584e+00
1.021651281300572034e+00
1.021674786927408540e+00
1.021694398791182845e+00
1.021709621261704060e+00
1.021720012410707312e+00
1.021725206847535095e+00
1.021724936424275532e+00
1.021719047036132588e+00
1.021707509996454766e+00
1.021690426934612095e+00
1.021668027796743594e+00
1.021640662234694297e+00
1.021608785335927472e+00
1.021572939167863625e+00
1.021533731902477538e+00
1.021491816316580259e+00
1.021447869249318297e+00
1.021402573206520836e+00
1.021356600823734029e+00
1.021310602430203662e+00
1.021265196569141054e+00
1.021220963067316578e+00
1.021178438117415599e+00
1.021138110821236733e+00
1.021100420707994560e+00
1.021065755854405843e+00
1.021034451362246465e+00
1.021006788074093175e+00
1.020982991517221716e+00
1.020963231153563910e+00
1.020947620078025420e+00
1.020936215347180154e+00
1.020929019134216631e+00
1.020925980892786411e+00
1.020927000671461027e+00
1.020931933652895696e+00
1.020940595901188575e+00
1.020952771194185704e+00
1.020968218704629393e+00
1.020986681187505241e+00
1.021007893243953024e+00
1.021031589176922161e+00
1.021057509939310215e+00
1.021085408705883601e+00
1.021115054674204048e+00
1.021146234810086373e+00
1.021178753388606308e+00
1.021212429329252158e+00
1.021247091470860013e+00
1.021282572068401562e+00
1.021318698913258327e+00
1.021355286578820465e+00
1.021392127374371572e+00
1.021428982653424855e+00
1.021465575167797457e+00
1.021501583182506945e+00
1.021536637061522867e+00
1.021570318988978876e+00
1.021602166390546351e+00
1.021631679451804775e+00
1.021658332885855280e+00
1.021681591782187759e+00
1.021700930988177713e+00
1.021715857066079147e+00
1.021725931481228589e+00
1.021730793372666923e+00
1.021730180099118090e+00
1.021723943793594547e+00
1.021712062425225387e+00
1.021694644345733316e+00
1.021671925936062486e+00
1.021644262674812342e+00
1.021612114612577837e+00
1.021576027746831095e+00
1.021536613071199584e+00
1.021494525089100991e+00
1.021450441356697381e+00
1.021405044221423086e+00
1.021359005442748602e+00
1.021312973914965339e+00
1.021267566330529730e+00
1.021223360367158772e+00
1.021180889858752883e+00
1.021140641399956861e+00
1.021103051903572423e+00
1.021068506743961102e+00
1.021037338248809601e+00
1.021009824426054591e+00
1.020986187921024024e+00
1.020966595285613732e+00
1.020951156704451579e+00
1.020939926361434047e+00
1.020932903642495226e+00
1.020930035355828158e+00
1.020931219108409671e+00
1.020936307908771878e+00
1.020945115974326134e+00
1.020957425614216429e+00
1.020972994945840595e+00
1.020991566097307235e+00
1.021012873462488368e+00
1.021036651522029937e+00
1.021062641731534715e+00
1.021090598010999662e+00
1.021120290445614032e+00
1.021151506919921736e+00
1.021184052543799625e+00
1.021217746876542876e+00
1.021252419102059106e+00
1.021287901443868940e+00
1.021324021227184131e+00
1.021360592094552322e+00
1.021397404961721822e+00
1.021434219362667761e+00
1.021470755876875636e+00
1.021506690354484936e+00
1.021541650648093214e+00
1.021575216512127238e+00
1.021606923227596386e+00
1.021636269338356495e+00
1.021662728636409501e+00
1.021685766209880608e+00
1.021704857984308434e+00
1.021719512779134309e+00
1.021729295516811131e+00
1.021733849923487369e+00
1.021732918911051113e+00
1.021726360881912266e+00
1.021714160474881616e+00
1.021696432759225281e+00
1.021673420528065535e+00
1.021645485049009316e+00
1.021613091286992736e+00
1.021576789114540418e+00
1.021537192290587814e+00
1.021494956991719771e+00
1.021450761443741362e+00
1.021405287796233852e+00
1.021359206901635952e+00
1.021313166196373690e+00
1.021267780506151635e+00
1.021223625349075403e+00
1.021181232193653310e+00
1.021141085123415504e+00
1.021103618432440019e+00
1.021069214791431534e+00
1.021038203753375395e+00
1.021010860491625483e+00
1.020987404770501428e+00
1.020968000234054873e+00
1.020952754160567855e+00
1.020941717867440479e+00
1.020934887962259507e+00
1.020932208619754311e+00
1.020933575020564366e+00
1.020938838017551475e+00
1.020947810002726941e+00
1.020960271839995270e+00
1.020975980616098067e+00
1.020994677857013144e+00
1.021016097772823095e+00
1.021039975042737691e+00
1.021066051642063766e+00
1.021094082248107826e+00
1.021123837840101967e+00
1.021155107221697556e+00
1.021187696331937733e+00
1.021221425358695534e+00
1.021256123814921590e+00
1.021291623872953913e+00
1.021327752369777686e+00
1.021364321994296720e+00
1.021401122246926363e+00
1.021437910823179696e+00
1.021474406116080313e+00
1.021510281553462685e+00
1.021545162477603075e+00
1.021578626224257214e+00
1.021610205951828831e+00
1.021639398595906911e+00
1.021665677071755152e+00
1.021688506519875306e+00
1.021707364004465379e+00
1.021721760665737389e+00
1.021731264945463735e+00
1.021735525212840390e+00
1.021734289977854537e+00
1.021727423942248247e+00
1.021714918426768648e+00
1.021696895211863465e+00
1.021673603478832293e+00
1.021645410245402452e+00
1.021612785341188268e+00
1.021576282458143137e+00
1.021536518063754340e+00
1.021494149954063069e+00
1.021449856976920145e+00
1.021404321044341756e+00
1.021358212070418769e+00
1.021312176010294559e+00
1.021266825806235179e+00
1.021222734805311561e+00
1.021180432102994251e+00
1.021140399266553311e+00
1.021103067967733091e+00
1.021068818170881798e+00
1.021037976652216184e+00
1.021010815749070710e+00
1.020987552344175597e+00
1.020968347174416202e+00
1.020953304614152124e+00
1.020942473118983562e+00
1.020935846525599766e+00
1.020933366385829988e+00
1.020934925467831933e+00
1.020940372485865888e+00
1.020949518026466052e+00
1.020962141530401546e+00
1.020977999077097964e+00
1.020996831613794509e+00
1.021018373188919082e+00
1.021042358699777441e+00
1.021068530657065487e+00
1.021096644506202633e+00
1.021126472125656992e+00
1.021157803237410455e+00
1.021190444602968483e+00
1.021224217026588388e+00
1.021258950333367110e+00
1.021294476623982872e+00
1.021330622224499773e+00
1.021367198846854230e+00
1.021403994553919947e+00
1.021440765183514898e+00
1.021477226927863802e+00
1.021513050784946142e+00
1.021547859587724094e+00
1.021581228264317520e+00
1.021612687872608394e+00
1.021641733773386962e+00
1.021667838049489685e+00
1.021690465947375781e+00
1.021709095730077399e+00
1.021723240921642795e+00
1.021732473544622488e+00
1.021736446666232201e+00
1.021734914438331199e+00
1.021727747890626148e+00
1.021714945036693578e+00
1.021696634360475198e+00
1.021673071406244970e+00
1.021644628901960505e+00
1.021611781491482684e+00
1.021575086630052809e+00
1.021535163436651850e+00
1.021492671272917763e+00
1.021448289561094125e+00
1.021402699935878289e+00
1.021356571341606845e+00
1.021310548228545168e+00
1.021265241638546595e+00
1.021221222735819278e+00
1.021179018234645852e+00
1.021139107180301098e+00
1.021101918617931315e+00
1.021067829802141391e+00
1.021037164729602598e+00
1.021010192899478586e+00
1.020987128311634518e+00
1.020968128795786134e+00
1.020953295824143847e+00
1.020942674994582688e+00
1.020936257379748247e+00
1.020933981918561440e+00
1.020935738979992013e+00
1.020941375156213304e+00
1.020950699247636262e+00
1.020963489293412296e+00
1.020979500388367933e+00
1.020998472923738909e+00
1.021020140807735288e+00
1.021044239174559998e+00
1.021070511085224508e+00
1.021098712763297112e+00
1.021128616990913285e+00
1.021160014406875316e+00
1.021192712587759122e+00
1.021226532941376552e+00
1.021261305587525481e+00
1.021296862534271987e+00
1.021333029573684659e+00
1.021369617417123399e+00
1.021406412667523522e+00
1.021443169285686015e+00
1.021479601248699964e+00
1.021515377117233392e+00
1.021550117216101006e+00
1.021583394077043128e+00
1.021614736679745672e+00
1.021643638843895197e+00
1.021669571864376902e+00
1.021692001147240791e+00
1.021710406214414890e+00
1.021724303036526171e+00
1.021733267277805890e+00
1.021736956757671066e+00
1.021735131312627054e+00
1.021727668327830685e+00
1.021714572519369923e+00
1.021695979065812443e+00
1.021672149848147582e+00
1.021643463263819385e+00
1.021610398719901669e+00
1.021573517378438600e+00
1.021533440952735905e+00
1.021490830316244214e+00
1.021446365418130053e+00
1.021400727576243561e+00
1.021354584733974002e+00
1.021308579813260842e+00
1.021263321938638668e+00
1.021219380079603667e+00
1.021177278560996049e+00
1.021137493900194038e+00
1.021100452511267687e+00
1.021066528935448581e+00
1.021036044386829378e+00
1.021009265524002618e+00
1.020986403462448955e+00
1.020967613124490025e+00
1.020952993081758908e+00
1.020942586078300796e+00
1.020936380429408263e+00
1.020934312470932914e+00
1.020936270185798023e+00
1.020942098060434677e+00
1.020951603128288587e+00
1.020964562048172652e+00
1.020980728952739724e+00
