1.000603444564682754e+00
1.000677454831729873e+00
1.000800041247420502e+00
1.000944419165191945e+00
1.001101590347003079e+00
1.001267241804752572e+00
1.001438838074457216e+00
1.001614699139377729e+00
1.001793629216078507e+00
1.001974737635729529e+00
1.002157339894932608e+00
1.002340897457541846e+00
1.002524978577842951e+00
1.002709231582028293e+00
1.002893366042140411e+00
1.003077139199852752e+00
1.003260346004412273e+00
1.003442811698147530e+00
1.003624386227123466e+00
1.003804939974791033e+00
1.003984360463557657e+00
1.004162549770428292e+00
1.004339422473825572e+00
1.004514903999103037e+00
1.004688929266255304e+00
1.004861441569185887e+00
1.005032391634492317e+00
1.005201736821165870e+00
1.005369440432327011e+00
1.005535471117198210e+00
1.005699802346685656e+00
1.005862411949759894e+00
1.006023281700656025e+00
1.006182396949033553e+00
1.006339746286847303e+00
1.006495321246912544e+00
1.006649116029093571e+00
1.006801127250788630e+00
1.006951353718967379e+00
1.007099796221476051e+00
1.007246457335692513e+00
1.007391341252907857e+00
1.007534453617042525e+00
1.007675801376495928e+00
1.007815392648082176e+00
1.007953236592123769e+00
1.008089343297875029e+00
1.008223723678537187e+00
1.008356389375175466e+00
1.008487352668928638e+00
1.008616626400924199e+00
1.008744223899368020e+00
1.008870158913305115e+00
1.008994445552574781e+00
1.009117098233519361e+00
1.009238131630017410e+00
1.009357560629447814e+00
1.009475400293198044e+00
1.009591665821360174e+00
1.009706372521273376e+00
1.009819535779586719e+00
1.009931171037539599e+00
1.010041293769164739e+00
1.010149919462151935e+00
1.010257063601101901e+00
1.010362741652949259e+00
1.010466969054308439e+00
1.010569761200556638e+00
1.010671133436439550e+00
1.010771101048037357e+00
1.010869679255914644e+00
1.010966883209309275e+00
1.011062727981221876e+00
1.011157228564277810e+00
1.011250399867253957e+00
1.011342256712163712e+00
1.011432813831814492e+00
1.011522085867757603e+00
1.011610087368557842e+00
1.011696832788324896e+00
1.011782336485455680e+00
1.011866612721538772e+00
1.011949675660387182e+00
1.012031539367169053e+00
1.012112217807610737e+00
1.012191724847250729e+00
1.012270074250734453e+00
1.012347279681133028e+00
1.012423354699286016e+00
1.012498312763155717e+00
1.012572167227200337e+00
1.012644931341756482e+00
1.012716618252441636e+00
1.012787240999576177e+00
1.012856812517626715e+00
1.012925345634679619e+00
1.012992853071948751e+00
1.013059347443319824e+00
1.013124841254937625e+00
1.013189346904843413e+00
1.013252876682662507e+00
1.013315442769347818e+00
1.013377057236980239e+00
1.013437732048632522e+00
1.013497479058290018e+00
1.013556310010837791e+00
1.013614236542106806e+00
1.013671270178981842e+00
1.013727422339569806e+00
1.013782704333420437e+00
1.013837127361805646e+00
1.013890702518045916e+00
1.013943440787882899e+00
1.013995353049894188e+00
1.014046450075945405e+00
1.014096742531670703e+00
1.014146240976985913e+00
1.014194955866617232e+00
1.014242897550650557e+00
1.014290076275088825e+00
1.014336502182417554e+00
1.014382185312172835e+00
1.014427135601502883e+00
1.014471362885726924e+00
1.014514876898880757e+00
1.014557687274248554e+00
1.014599803544877332e+00
1.014641235144073672e+00
1.014681991405876449e+00
1.014722081565507583e+00
1.014761514759798366e+00
1.014800300027590474e+00
1.014838446310112330e+00
1.014875962451328828e+00
1.014912857198268625e+00
1.014949139201326123e+00
1.014984817014541685e+00
1.015019899095861655e+00
1.015054393807378830e+00
1.015088309415556056e+00
1.015121654091436731e+00
1.015154435910840425e+00
1.015186662854553834e+00
1.015218342808509977e+00
1.015249483563965160e+00
1.015280092817679058e+00
1.015310178172089017e+00
1.015339747135493687e+00
1.015368807122243755e+00
1.015397365452939571e+00
1.015425429354643638e+00
1.015453005961106658e+00
1.015480102313009780e+00
1.015506725358228390e+00
1.015532881952113442e+00
1.015558578857797656e+00
1.015583822746527254e+00
1.015608620198017009e+00
1.015632977700835049e+00
1.015656901652814526e+00
1.015680398361495929e+00
1.015703474044600041e+00
1.015726134830531091e+00
1.015748386758913213e+00
1.015770235781157105e+00
1.015791687761064210e+00
1.015812748475457550e+00
1.015833423614849851e+00
1.015853718784146320e+00
1.015873639503376502e+00
1.015893191208463886e+00
1.015912379252025266e+00
1.015931208904205851e+00
1.015949685353545462e+00
1.015967813707877809e+00
1.015985598995262862e+00
1.016003046164947854e+00
1.016020160088364488e+00
1.016036945560150562e+00
1.016053407299207345e+00
1.016069549949783379e+00
1.016085378082586255e+00
1.016100896195925030e+00
1.016116108716876409e+00
1.016131020002478902e+00
1.016145634340951620e+00
1.016159955952935956e+00
1.016173988992760346e+00
1.016187737549727244e+00
1.016201205649418071e+00
1.016214397255017499e+00
1.016227316268655922e+00
1.016239966532763050e+00
1.016252351831439693e+00
1.016264475891837549e+00
1.016276342385549647e+00
1.016287954930008564e+00
1.016299317089889076e+00
1.016310432378515483e+00
1.016321304259268699e+00
1.016331936146991355e+00
1.016342331409392230e+00
1.016352493368440468e+00
1.016362425301755801e+00
1.016372130443984556e+00
1.016381611988163902e+00
1.016390873087070990e+00
1.016399916854553442e+00
1.016408746366840532e+00
1.016417364663830813e+00
1.016425774750356670e+00
1.016433979597420212e+00
1.016441982143403200e+00
1.016449785295243879e+00
1.016457391929582954e+00
1.016464804893875140e+00
1.016472027007464973e+00
1.016479061062625977e+00
1.016485909825561418e+00
1.016492576037365314e+00
1.016499062414945476e+00
1.016505371651900802e+00
1.016511506419361943e+00
1.016517469366786441e+00
1.016523263122713239e+00
1.016528890295473442e+00
1.016534353473858232e+00
1.016539655227745031e+00
1.016544798108681924e+00
1.016549784650428112e+00
1.016554617369456182e+00
1.016559298765411068e+00
1.016563831321530831e+00
1.016568217505028571e+00
1.016572459767436154e+00
1.016576560544911967e+00
1.016580522258512698e+00
1.016584347314431147e+00
1.016588038104201619e+00
1.016591597004874226e+00
1.016595026379157662e+00
1.016598328575536447e+00
1.016601505928358407e+00
1.016604560757898623e+00
1.016607495370398517e+00
1.016610312058084498e+00
1.016613013099162410e+00
1.016615600757797111e+00
1.016618077284069610e+00
1.016620444913922672e+00
1.016622705869087762e+00
1.016624862356999559e+00
1.016626916570699812e+00
1.016628870688728981e+00
1.016630726875006774e+00
1.016632487278708918e+00
1.016634154034130377e+00
1.016635729260547460e+00
1.016637215062072830e+00
1.016638613527505397e+00
1.016639926730178223e+00
1.016641156727803974e+00
1.016642305562317272e+00
1.016643375259718596e+00
1.016644367829914408e+00
1.016645285266563281e+00
1.016646129546915578e+00
1.016646902631662019e+00
1.016647606464781139e+00
1.016648242973387850e+00
1.016648814067588891e+00
1.016649321640339165e+00
1.016649767567303186e+00
1.016650153706720294e+00
1.016650481899275427e+00
1.016650753967974108e+00
1.016650971718023877e+00
1.016651136936719713e+00
1.016651251393337230e+00
1.016651316839031649e+00
1.016651335006742318e+00
1.016651307611105448e+00
1.016651236348372400e+00
1.016651122896336190e+00
1.016650968914266873e+00
1.016650776042850257e+00
1.016650545904138614e+00
1.016650280101508708e+00
1.016649980219626492e+00
1.016649647824422020e+00
1.016649284463071456e+00
1.016648891663989085e+00
1.016648470936827753e+00
1.016648023772488418e+00
1.016647551643138581e+00
1.016647056002240257e+00
1.016646538284587065e+00
1.016645999906351516e+00
1.016645442265140087e+00
1.016644866740059605e+00
1.016644274691791416e+00
1.016643667462676870e+00
1.016643046376810133e+00
1.016642412740141665e+00
1.016641767840591903e+00
1.016641112948170944e+00
1.016640449315110217e+00
1.016639778176001929e+00
1.016639100747946944e+00
1.016638418230712215e+00
1.016637731806894651e+00
1.016637042642094979e+00
1.016636351885097822e+00
1.016635660668060215e+00
1.016634970106706337e+00
1.016634281300531129e+00
1.016633595333006124e+00
1.016632913271797278e+00
1.016632236168983461e+00
1.016631565061282494e+00
1.016630900970282525e+00
1.016630244902677394e+00
1.016629597850505551e+00
1.016628960791394309e+00
1.016628334688804314e+00
1.016627720492282227e+00
1.016627119137709645e+00
1.016626531547558443e+00
1.016625958631146798e+00
1.016625401284894092e+00
1.016624860392580931e+00
1.016624336825604713e+00
1.016623831443239423e+00
1.016623345092891206e+00
1.016622878610357272e+00
1.016622432820079025e+00
1.016622008535398081e+00
1.016621606558806956e+00
1.016621227682200423e+00
1.016620872687121313e+00
1.016620542345006317e+00
1.016620237417427575e+00
1.016619958656330702e+00
1.016619706804269940e+00
1.016619482594637969e+00
1.016619286751893281e+00
1.016619119991784004e+00
1.016618983021565059e+00
1.016618876540211325e+00
1.016618801238627690e+00
1.016618757799852890e+00
1.016618746899259351e+00
1.016618769204745920e+00
1.016618825376927937e+00
1.016618916069321088e+00
1.016619041928519485e+00
1.016619203594369747e+00
1.016619401700137981e+00
1.016619636872672761e+00
1.016619909732562554e+00
1.016620220894287385e+00
1.016620570966365378e+00
1.016620960551493758e+00
1.016621390246685186e+00
1.016621860643397657e+00
1.016622372327660173e+00
1.016622925880194206e+00
1.016623521876526270e+00
1.016624160887100059e+00
1.016624843477381024e+00
1.016625570207956075e+00
1.016626341634629727e+00
1.016627158308514023e+00
1.016628020776114472e+00
1.016628929579411755e+00
1.016629885255939225e+00
1.016630888338853289e+00
1.016631939357004022e+00
1.016633038834997560e+00
1.016634187293255831e+00
1.016635385248073398e+00
1.016636633211668528e+00
1.016637931692231600e+00
1.016639281193968847e+00
1.016640682217143654e+00
1.016642135258112978e+00
1.016643640809361759e+00
1.016645199359533125e+00
1.016646811393454808e+00
1.016648477392164462e+00
1.016650197832929203e+00
1.016651973189264702e+00
1.016653803930950506e+00
1.016655690524041811e+00
1.016657633430879670e+00
1.016659633110098993e+00
1.016661690016633646e+00
1.016663804601718457e+00
1.016665977312890101e+00
1.016668208593986655e+00
1.016670498885143603e+00
1.016672848622788283e+00
1.016675258239633228e+00
1.016677728164669059e+00
1.016680258823152716e+00
1.016682850636597024e+00
1.016685504022758035e+00
1.016688219395622150e+00
1.016690997165390353e+00
1.016693837738463557e+00
1.016696741517425284e+00
1.016699708901026789e+00
1.016702740284167072e+00
1.016705836057877121e+00
1.016708996609300808e+00
1.016712222321677128e+00
1.016715513574320662e+00
1.016718870742605585e+00
1.016722294197945686e+00
1.016725784307777491e+00
1.016729341435542278e+00
1.016732965940669864e+00
1.016736658178562624e+00
1.016740418500578613e+00
1.016744247254019129e+00
1.016748144782112284e+00
1.016752111424002347e+00
1.016756147514737973e+00
1.016760253385259993e+00
1.016764429362394306e+00
1.016768675768842778e+00
1.016772992923176799e+00
1.016777381139833292e+00
1.016781840729109376e+00
1.016786371997163041e+00
1.016790975246009809e+00
1.016795650773526738e+00
1.016800398873454192e+00
1.016805219835400731e+00
1.016810113944850658e+00
1.016815081483170236e+00
1.016820122727619680e+00
1.016825237951365146e+00
1.016830427423490946e+00
1.016835691409016196e+00
1.016841030168911475e+00
1.016846443960118362e+00
1.016851933035569200e+00
1.016857497644210628e+00
1.016863138031026903e+00
1.016868854437065650e+00
1.016874647099465401e+00
1.016880516251484234e+00
1.016886462122529755e+00
1.016892484938191066e+00
1.016898584920272075e+00
1.016904762286824804e+00
1.016911017252186022e+00
1.016917350027013223e+00
1.016923760818322808e+00
1.016930249829527622e+00
1.016936817260479131e+00
1.016943463307504292e+00
1.016950188163450397e+00
1.016956992017724160e+00
1.016963875056335675e+00
1.016970837461940835e+00
1.016977879413884622e+00
1.016985001088245300e+00
1.016992202657877264e+00
1.016999484292456124e+00
1.017006846158521993e+00
1.017014288419523904e+00
1.017021811235864437e+00
1.017029414764941464e+00
1.017037099161193892e+00
1.017044864576143626e+00
1.017052711158438427e+00
1.017060639053894100e+00
1.017068648405536679e+00
1.017076739353642401e+00
1.017084912035778999e+00
1.017093166586844788e+00
1.017101503139107521e+00
1.017109921822241914e+00
1.017118422763366947e+00
1.017127006087082286e+00
1.017135671915501360e+00
1.017144420368286895e+00
1.017153251562682659e+00
1.017162165613546332e+00
1.017171162633377479e+00
1.017180242732349083e+00
1.017189406018333964e+00
1.017198652596931208e+00
1.017207982571493030e+00
1.017217396043146982e+00
1.017226893110819486e+00
1.017236473871256486e+00
1.017246138419045209e+00
1.017255886846630153e+00
1.017265719244331956e+00
1.017275635700362946e+00
1.017285636300842011e+00
1.017295721129806818e+00
1.017305890269225799e+00
1.017316143799010364e+00
1.017326481797021120e+00
1.017336904339078085e+00
1.017347411498966014e+00
1.017358003348439732e+00
1.017368679957228572e+00
1.017379441393038153e+00
1.017390287721553710e+00
1.017401219006437874e+00
1.017412235309330892e+00
1.017423336689849744e+00
1.017434523205582586e+00
1.017445794912086310e+00
1.017457151862880105e+00
1.017468594109439461e+00
1.017480121701188178e+00
1.017491734685490368e+00
1.017503433107641353e+00
1.017515217010855455e+00
1.017527086436257111e+00
1.017539041422867552e+00
1.017551082007590146e+00
1.017563208225199745e+00
1.017575420108324913e+00
1.017587717687435500e+00
1.017600100990822654e+00
1.017612570044585940e+00
1.017625124872612918e+00
1.017637765496562263e+00
1.017650491935844004e+00
1.017663304207601094e+00
1.017676202326688539e+00
1.017689186305653415e+00
1.017702256154712437e+00
1.017715411881733090e+00
1.017728653492207647e+00
1.017741980989234740e+00
1.017755394373492273e+00
1.017768893643218098e+00
1.017782478794182710e+00
1.017796149819667484e+00
1.017809906710438250e+00
1.017823749454722648e+00
1.017837678038182814e+00
1.017851692443890732e+00
1.017865792652303369e+00
1.017879978641234473e+00
1.017894250385831256e+00
1.017908607858545089e+00
1.017923051029105963e+00
1.017937579864495401e+00
1.017952194328920035e+00
1.017966894383782517e+00
1.017981679987655763e+00
1.017996551096253421e+00
1.018011507662404114e+00
1.018026549636021461e+00
1.018041676964076547e+00
1.018056889590570613e+00
1.018072187456504629e+00
1.018087570499852657e+00
1.018103038655531645e+00
1.018118591855373456e+00
1.018134230028095555e+00
1.018149953099271920e+00
1.018165760991304403e+00
1.018181653623392746e+00
1.018197630911505946e+00
1.018213692768352718e+00
1.018229839103350631e+00
1.018246069822599020e+00
1.018262384828847011e+00
1.018278784021464878e+00
1.018295267296413842e+00
1.018311834546216321e+00
1.018328485659925731e+00
1.018345220523096506e+00
1.018362039017753684e+00
1.018378941022362705e+00
1.018395926411799657e+00
1.018412995057319970e+00
1.018430146826528437e+00
1.018447381583348577e+00
1.018464699187991984e+00
1.018482099496927695e+00
1.018499582362851097e+00
1.018517147634653286e+00
1.018534795157390205e+00
1.018552524772251555e+00
1.018570336316529268e+00
1.018588229623586638e+00
1.018606204522828351e+00
1.018624260839666285e+00
1.018642398395490201e+00
1.018660617007637104e+00
1.018678916489357045e+00
1.018697296649783368e+00
1.018715757293900515e+00
1.018734298222512491e+00
1.018752919232210896e+00
1.018771620115342724e+00
1.018790400659979056e+00
1.018809260649882198e+00
1.018828199864475259e+00
1.018847218078807071e+00
1.018866315063523764e+00
1.018885490584833242e+00
1.018904744404474982e+00
1.018924076279686508e+00
1.018943485963171636e+00
1.018962973203068056e+00
1.018982537742914474e+00
1.019002179321618851e+00
1.019021897673425103e+00
1.019041692527881127e+00
1.019061563609806154e+00
1.019081510639257893e+00
1.019101533331500775e+00
1.019121631396972649e+00
1.019141804541251695e+00
1.019162052465026891e+00
1.019182374864061158e+00
1.019202771429162491e+00
1.019223241846149541e+00
1.019243785795820090e+00
1.019264402953918847e+00
1.019285092991104591e+00
1.019305855572918418e+00
1.019326690359751986e+00
1.019347597006813988e+00
1.019368575164100621e+00
1.019389624476362055e+00
1.019410744583071127e+00
1.019431935118392030e+00
1.019453195711149451e+00
1.019474525984795932e+00
1.019495925557382332e+00
1.019517394041526304e+00
1.019538931044380980e+00
1.019560536167606113e+00
1.019582209007336537e+00
1.019603949154151978e+00
1.019625756193048849e+00
1.019647629703408942e+00
1.019669569258971675e+00
1.019691574427804115e+00
1.019713644772273220e+00
1.019735779849016755e+00
1.019757979208915755e+00
1.019780242397067438e+00
1.019802568952757227e+00
1.019824958409431659e+00
1.019847410294673518e+00
1.019869924130174077e+00
1.019892499431708899e+00
1.019915135709111853e+00
1.019937832466251137e+00
1.019960589201004630e+00
1.019983405405237242e+00
1.020006280564776713e+00
1.020029214159391850e+00
1.020052205662770550e+00
1.020075254542498477e+00
1.020098360260038639e+00
1.020121522270710734e+00
1.020144740023672725e+00
1.020168012961900406e+00
1.020191340522172752e+00
1.020214722135049934e+00
1.020238157224861775e+00
1.020261645209688428e+00
1.020285185501347502e+00
1.020308777505378517e+00
1.020332420621030911e+00
1.020356114241250944e+00
1.020379857752670372e+00
1.020403650535596229e+00
1.020427491963999955e+00
1.020451381405510283e+00
1.020475318221405026e+00
1.020499301766603528e+00
1.020523331389662447e+00
1.020547406432769755e+00
1.020571526231743187e+00
1.020595690116024690e+00
1.020619897408682863e+00
1.020644147426410075e+00
1.020668439479525125e+00
1.020692772871975240e+00
1.020717146901338968e+00
1.020741560858831054e+00
1.020766014029310664e+00
1.020790505691284933e+00
1.020815035116921621e+00
1.020839601572057109e+00
1.020864204316207946e+00
1.020888842602584390e+00
1.020913515678105288e+00
1.020938222783412286e+00
1.020962963152889147e+00
1.020987736014678404e+00
1.021012540590704454e+00
1.021037376096693094e+00
1.021062241742196841e+00
1.021087136730618683e+00
1.021112060259240062e+00
1.021137011519249072e+00
1.021161989695770433e+00
1.021186993967897472e+00
1.021212023508725419e+00
1.021237077485388278e+00
1.021262155059094123e+00
1.021287255385165071e+00
1.021312377613078137e+00
1.021337520886507422e+00
1.021362684343369853e+00
1.021387867115870041e+00
1.021413068330549123e+00
1.021438287108336063e+00
1.021463522564598492e+00
1.021488773809198225e+00
1.021514039946545882e+00
1.021539320075660395e+00
1.021564613290229406e+00
1.021589918678669218e+00
1.021615235324193183e+00
1.021640562304873878e+00
1.021665898693713714e+00
1.021691243558715989e+00
1.021716595962956831e+00
1.021741954964658472e+00
1.021767319617269631e+00
1.021792688969541896e+00
1.021818062065610988e+00
1.021843437945082700e+00
1.021868815643115047e+00
1.021894194190509086e+00
1.021919572613796401e+00
1.021944949935333247e+00
1.021970325173394034e+00
1.021995697342267473e+00
1.022021065452356048e+00
1.022046428510277050e+00
1.022071785518964493e+00
1.022097135477776808e+00
1.022122477382601868e+00
1.022147810225968678e+00
1.022173132997158840e+00
1.022198444682319352e+00
1.022223744264581846e+00
1.022249030724178720e+00
1.022274303038564369e+00
1.022299560182538647e+00
1.022324801128371874e+00
1.022350024845931404e+00
1.022375230302811078e+00
1.022400416464463113e+00
1.022425582294331559e+00
1.022450726753986849e+00
1.022475848803265031e+00
1.022500947400406091e+00
1.022526021502196070e+00
1.022551070064111389e+00
1.022576092040463624e+00
1.022601086384547164e+00
1.022626052048789536e+00
1.022650987984901505e+00
1.022675893144032067e+00
1.022700766476921874e+00
1.022725606934060671e+00
1.022750413465846719e+00
1.022775185022746003e+00
1.022799920555454545e+00
1.022824619015062719e+00
1.022849279353220231e+00
1.022873900522303092e+00
1.022898481475581267e+00
1.022923021167390312e+00
1.022947518553300350e+00
1.022971972590290823e+00
1.022996382236924129e+00
1.023020746453520147e+00
1.023045064202332988e+00
1.023069334447730849e+00
1.023093556156371653e+00
1.023117728297386009e+00
1.023141849842556184e+00
1.023165919766499954e+00
1.023189937046851572e+00
1.023213900664448062e+00
1.023237809603511073e+00
1.023261662851834952e+00
1.023285459400969932e+00
1.023309198246411755e+00
1.023332878387786860e+00
1.023356498829039563e+00
1.023380058578622576e+00
1.023403556649682855e+00
1.023426992060251894e+00
1.023450363833433796e+00
1.023473670997594231e+00
1.023496912586550289e+00
1.023520087639758547e+00
1.023543195202504474e+00
1.023566234326091617e+00
1.023589204068029002e+00
1.023612103492220538e+00
1.023634931669152426e+00
1.023657687676080119e+00
1.023680370597216394e+00
1.023702979523915424e+00
1.023725513554860855e+00
1.023747971796248102e+00
1.023770353361970198e+00
1.023792657373799209e+00
1.023814882961569195e+00
1.023837029263356513e+00
1.023859095425659227e+00
1.023881080603576521e+00
1.023902983960983448e+00
1.023924804670709232e+00
1.023946541914710240e+00
1.023968194884241623e+00
1.023989762780029400e+00
1.024011244812438548e+00
1.024032640201641531e+00
1.024053948177782836e+00
1.024075167981141288e+00
1.024096298862294585e+00
1.024117340082274508e+00
1.024138290912727012e+00
1.024159150636065441e+00
1.024179918545622847e+00
1.024200593945802540e+00
1.024221176152224633e+00
1.024241664491871706e+00
1.024262058303229139e+00
1.024282356936427218e+00
1.024302559753374808e+00
1.024322666127894355e+00
1.024342675445852890e+00
1.024362587105288824e+00
1.024382400516536951e+00
1.024402115102349686e+00
1.024421730298014976e+00
1.024441245551472424e+00
1.024460660323422978e+00
1.024479974087437739e+00
1.024499186330063871e+00
1.024518296550923857e+00
1.024537304262814530e+00
1.024556208991799222e+00
1.024575010277300358e+00
1.024593707672183385e+00
1.024612300742841153e+00
1.024630789069272296e+00
1.024649172245156503e+00
1.024667449877923797e+00
1.024685621588824258e+00
1.024703687012988640e+00
1.024721645799488101e+00
1.024739497611390160e+00
1.024757242125807322e+00
1.024774879033945263e+00
1.024792408041144132e+00
1.024809828866917849e+00
1.024827141244986306e+00
1.024844344923306227e+00
1.024861439664095597e+00
1.024878425243855418e+00
1.024895301453385477e+00
1.024912068097797224e+00
1.024928724996520435e+00
1.024945271983308537e+00
1.024961708906235947e+00
1.024978035627693185e+00
1.024994252024377328e+00
1.025010357987277354e+00
1.025026353421656156e+00
1.025042238247026560e+00
1.025058012397123797e+00
1.025073675819874630e+00
1.025089228477360059e+00
1.025104670345774682e+00
1.025120001415380955e+00
1.025135221690460785e+00
1.025150331189260688e+00
1.025165329943933390e+00
1.025180218000475652e+00
1.025194995418660771e+00
1.025209662271967748e+00
1.025224218647505126e+00
1.025238664645931275e+00
1.025253000381370683e+00
1.025267225981325137e+00
1.025281341586581796e+00
1.025295347351115938e+00
1.025309243441990814e+00
1.025323030039252181e+00
1.025336707335821052e+00
1.025350275537378675e+00
1.025363734862251519e+00
1.025377085541290256e+00
1.025390327817744307e+00
1.025403461947135941e+00
1.025416488197124387e+00
1.025429406847374159e+00
1.025442218189412724e+00
1.025454922526488399e+00
1.025467520173424019e+00
1.025480011456465945e+00
1.025492396713131527e+00
1.025504676292051442e+00
1.025516850552809167e+00
1.025528919865778210e+00
1.025540884611954251e+00
1.025552745182785941e+00
1.025564501980001708e+00
1.025576155415432567e+00
1.025587705910835146e+00
1.025599153897707616e+00
1.025610499817106280e+00
1.025621744119456613e+00
1.025632887264364745e+00
1.025643929720422953e+00
1.025654871965014259e+00
1.025665714484115698e+00
1.025676457772096040e+00
1.025687102331514833e+00
1.025697648672915685e+00
1.025708097314619094e+00
1.025718448782514614e+00
1.025728703609847026e+00
1.025738862337004065e+00
1.025748925511301035e+00
1.025758893686761430e+00
1.025768767423901107e+00
1.025778547289503795e+00
1.025788233856401055e+00
1.025797827703246679e+00
1.025807329414291313e+00
1.025816739579156200e+00
1.025826058792602691e+00
1.025835287654305095e+00
1.025844426768616202e+00
1.025853476744339021e+00
1.025862438194490522e+00
1.025871311736068048e+00
1.025880097989814388e+00
1.025888797579981748e+00
1.025897411134095050e+00
1.025905939282712342e+00
1.025914382659188995e+00
1.025922741899436774e+00
1.025931017641685372e+00
1.025939210526242373e+00
1.025947321195251227e+00
1.025955350292453438e+00
1.025963298462944762e+00
1.025971166352935393e+00
1.025978954609508165e+00
1.025986663880376959e+00
1.025994294813645791e+00
1.026001848057565891e+00
1.026009324260296118e+00
1.026016724069660047e+00
1.026024048132906596e+00
1.026031297096467565e+00
1.026038471605718927e+00
1.026045572304738585e+00
1.026052599836068779e+00
1.026059554840476729e+00
1.026066437956714594e+00
1.026073249821283451e+00
1.026079991068194364e+00
1.026086662328733023e+00
1.026093264231223046e+00
1.026099797400792379e+00
1.026106262459136165e+00
1.026112660024288248e+00
1.026118990710383816e+00
1.026125255127432467e+00
1.026131453881084621e+00
1.026137587572405252e+00
1.026143656797643633e+00
1.026149662148008179e+00
1.026155604209441297e+00
1.026161483562392451e+00
1.026167300781599456e+00
1.026173056435862652e+00
1.026178751087828633e+00
1.026184385293769097e+00
1.026189959603363899e+00
1.026195474559487453e+00
1.026200930697992231e+00
1.026206328547498048e+00
1.026211668629180007e+00
1.026216951456561333e+00
1.026222177535303093e+00
1.026227347363001474e+00
1.026232461428983056e+00
1.026237520214101639e+00
1.026242524190539740e+00
1.026247473821609635e+00
1.026252369561558186e+00
1.026257211855370333e+00
1.026262001138579016e+00
1.026266737837074672e+00
1.026271422366916042e+00
1.026276055134144549e+00
1.026280636534601776e+00
1.026285166953745165e+00
1.026289646766471941e+00
1.026294076336938588e+00
1.026298456018387650e+00
1.026302786152975433e+00
1.026307067071600354e+00
1.026311299093736640e+00
1.026315482527266676e+00
1.026319617668320694e+00
1.026323704801113568e+00
1.026327744197788716e+00
1.026331736118261562e+00
1.026335680810066986e+00
1.026339578508208339e+00
1.026343429435010446e+00
1.026347233799974834e+00
1.026350991799636514e+00
1.026354703617424757e+00
1.026358369423527206e+00
1.026361989374754424e+00
1.026365563614410004e+00
1.026369092272161332e+00
1.026372575463915915e+00
1.026376013291697031e+00
1.026379405843525827e+00
1.026382753193304964e+00
1.026386055400704489e+00
1.026389312511052365e+00
1.026392524555228114e+00
1.026395691549558009e+00
1.026398813495714935e+00
1.026401890380621573e+00
1.026404922176356038e+00
1.026407908840061944e+00
1.026410850313860035e+00
1.026413746524765802e+00
1.026416597384608886e+00
1.026419402789955804e+00
1.026422162622037337e+00
1.026424876746679926e+00
1.026427545014238385e+00
1.026430167259534620e+00
1.026432743301799011e+00
1.026435272944616894e+00
1.026437755975876165e+00
1.026440192167723087e+00
1.026442581276516997e+00
1.026444923042793222e+00
1.026447217191228223e+00
1.026449463430608722e+00
1.026451661453805730e+00
1.026453810937752564e+00
1.026455911543426192e+00
1.026457962915835020e+00
1.026459964684009130e+00
1.026461916460996271e+00
1.026463817843860316e+00
1.026465668413687249e+00
1.026467467735594719e+00
1.026469215358743581e+00
1.026470910816358550e+00
1.026472553625750628e+00
1.026474143288345520e+00
1.026475679289716947e+00
1.026477161099624169e+00
1.026478588172055506e+00
1.026479959945276743e+00
1.026481275841884644e+00
1.026482535268864682e+00
1.026483737617656100e+00
1.026484882264220744e+00
1.026485968569117002e+00
1.026486995877581521e+00
1.026487963519612467e+00
1.026488870810063458e+00
1.026489717048738592e+00
1.026490501520495258e+00
1.026491223495353600e+00
1.026491882228608876e+00
1.026492476960952027e+00
1.026493006918597128e+00
1.026493471313411288e+00
1.026493869343053866e+00
1.026494200191118811e+00
1.026494463027287640e+00
1.026494657007483102e+00
1.026494781274033485e+00
1.026494834955840263e+00
1.026494817168555285e+00
1.026494727014759745e+00
1.026494563584154474e+00
1.026494325953753561e+00
1.026494013188084864e+00
1.026493624339399169e+00
1.026493158447883136e+00
1.026492614541879789e+00
1.026491991638116996e+00
1.026491288741941954e+00
1.026490504847559659e+00
1.026489638938283822e+00
1.026488689986788216e+00
1.026487656955369587e+00
1.026486538796214987e+00
1.026485334451676668e+00
1.026484042854552747e+00
1.026482662928377199e+00
1.026481193587712948e+00
1.026479633738455188e+00
1.026477982278140244e+00
1.026476238096259985e+00
1.026474400074585347e+00
1.026472467087494067e+00
1.026470438002308860e+00
1.026468311679636702e+00
1.026466086973721659e+00
1.026463762732797491e+00
1.026461337799452700e+00
1.026458811010998007e+00
1.026456181199842721e+00
1.026453447193876878e+00
1.026450607816859151e+00
1.026447661888811869e+00
1.026444608226422250e+00
1.026441445643449413e+00
1.026438172951137817e+00
1.026434788958636712e+00
1.026431292473424239e+00
1.026427682301740862e+00
1.026423957249024355e+00
1.026420116120351445e+00
1.026416157720888789e+00
1.026412080856341724e+00
1.026407884333417009e+00
1.026403566960283342e+00
1.026399127547040990e+00
1.026394564906194518e+00
1.026389877853131516e+00
1.026385065206602887e+00
1.026380125789211561e+00
1.026375058427901443e+00
1.026369861954453455e+00
1.026364535205982698e+00
1.026359077025439603e+00
1.026353486262117087e+00
1.026347761772157252e+00
1.026341902419062979e+00
1.026335907074210851e+00
1.026329774617368962e+00
1.026323503937212944e+00
1.026317093931849111e+00
1.026310543509333817e+00
1.026303851588197924e+00
1.026297017097971720e+00
1.026290038979709607e+00
1.026282916186516569e+00
1.026275647684074199e+00
1.026268232451167162e+00
1.026260669480209886e+00
1.026252957777771257e+00
1.026245096365099307e+00
1.026237084278645462e+00
1.026228920570585457e+00
1.026220604309340922e+00
1.026212134580096080e+00
1.026203510485313108e+00
1.026194731145246397e+00
1.026185795698450143e+00
1.026176703302285942e+00
1.026167453133424168e+00
1.026158044388341128e+00
1.026148476283814670e+00
1.026138748057410677e+00
1.026128858967967350e+00
1.026118808296071716e+00
1.026108595344533025e+00
1.026098219438846382e+00
1.026087679927652374e+00
1.026076976183187384e+00
1.026066107601729449e+00
1.026055073604033030e+00
1.026043873635756665e+00
1.026032507167885521e+00
1.026020973697138183e+00
1.026009272746370771e+00
1.025997403864967961e+00
1.025985366629225792e+00
1.025973160642721149e+00
1.025960785536675246e+00
1.025948240970302239e+00
1.025935526631148953e+00
1.025922642235420401e+00
1.025909587528296640e+00
1.025896362284234753e+00
1.025882966307259281e+00
1.025869399431238893e+00
1.025855661520152173e+00
1.025841752468336754e+00
1.025827672200726237e+00
1.025813420673074239e+00
1.025798997872161555e+00
1.025784403815991119e+00
1.025769638553966523e+00
1.025754702167055887e+00
1.025739594767941965e+00
1.025724316501153810e+00
1.025708867543185798e+00
1.025693248102598432e+00
1.025677458420104493e+00
1.025661498768639213e+00
1.025645369453412670e+00
1.025629070811946875e+00
1.025612603214094865e+00
1.025595967062046920e+00
1.025579162790312804e+00
1.025562190865696000e+00
1.025545051787243089e+00
1.025527746086181580e+00
1.025510274325837523e+00
1.025492637101537596e+00
1.025474835040493637e+00
1.025456868801670751e+00
1.025438739075636985e+00
1.025420446584398571e+00
1.025401992081214964e+00
1.025383376350400333e+00
1.025364600207106403e+00
1.025345664497088638e+00
1.025326570096457779e+00
1.025307317911412497e+00
1.025287908877958953e+00
1.025268343961611262e+00
1.025248624157077959e+00
1.025228750487933382e+00
1.025208724006272609e+00
1.025188545792351524e+00
1.025168216954212230e+00
1.025147738627294913e+00
1.025127111974033500e+00
1.025106338183438215e+00
1.025085418470666809e+00
1.025064354076578033e+00
1.025043146267275329e+00
1.025021796333638324e+00
1.025000305590840100e+00
1.024978675377853587e+00
1.024956907056946642e+00
1.024935002013166008e+00
1.024912961653811294e+00
1.024890787407897852e+00
1.024868480725609654e+00
1.024846043077745295e+00
1.024823475955151331e+00
1.024800780868151628e+00
1.024777959345965161e+00
1.024755012936118481e+00
1.024731943203851303e+00
1.024708751731513434e+00
1.024685440117960145e+00
1.024662009977935995e+00
1.024638462941461770e+00
1.024614800653208091e+00
1.024591024771872583e+00
1.024567136969548375e+00
1.024543138931094832e+00
1.024519032353499837e+00
1.024494818945246299e+00
1.024470500425672448e+00
1.024446078524334558e+00
1.024421554980367688e+00
1.024396931541847078e+00
1.024372209965150216e+00
1.024347392014319791e+00
1.024322479460428870e+00
1.024297474080947623e+00
1.024272377659112276e+00
1.024247191983298499e+00
1.024221918846397461e+00
1.024196560045194992e+00
1.024171117379756080e+00
1.024145592652815129e+00
1.024119987669169340e+00
1.024094304235078967e+00
1.024068544157674010e+00
1.024042709244366023e+00
1.024016801302268576e+00
1.023990822137621715e+00
1.023964773555228414e+00
1.023938657357894799e+00
1.023912475345881035e+00
1.023886229316358865e+00
1.023859921062880485e+00
1.023833552374853184e+00
1.023807125037026200e+00
1.023780640828985344e+00
1.023754101524658289e+00
1.023727508891829618e+00
1.023700864691666323e+00
1.023674170678252393e+00
1.023647428598137399e+00
1.023620640189891517e+00
1.023593807183674320e+00
1.023566931300814886e+00
1.023540014253400354e+00
1.023513057743878463e+00
1.023486063464671414e+00
1.023459033097798621e+00
1.023431968314512774e+00
1.023404870774949682e+00
1.023377742127784540e+00
1.023350584009904196e+00
1.023323398046090293e+00
1.023296185848711293e+00
1.023268949017429819e+00
1.023241689138919774e+00
1.023214407786595004e+00
1.023187106520349943e+00
1.023159786886310263e+00
1.023132450416598394e+00
1.023105098629107479e+00
1.023077733027285552e+00
1.023050355099934805e+00
1.023022966321018412e+00
1.022995568149480006e+00
1.022968162029073147e+00
1.022940749388201676e+00
1.022913331639771828e+00
1.022885910181052571e+00
1.022858486393547039e+00
1.022831061642875516e+00
1.022803637278666633e+00
1.022776214634458558e+00
1.022748795027610180e+00
1.022721379759223170e+00
1.022693970114070261e+00
1.022666567360534406e+00
1.022639172750558156e+00
1.022611787519599247e+00
1.022584412886596628e+00
1.022557050053943595e+00
1.022529700207470249e+00
1.022502364516433726e+00
1.022475044133516420e+00
1.022447740194830867e+00
1.022420453819933295e+00
1.022393186111844265e+00
1.022365938157076215e+00
1.022338711025668978e+00
1.022311505771229534e+00
1.022284323430982411e+00
1.022257165025822090e+00
1.022230031560376062e+00
1.022202924023070558e+00
1.022175843386204486e+00
1.022148790606027813e+00
1.022121766622826833e+00
1.022094772361013426e+00
1.022067808729222538e+00
1.022040876620410987e+00
1.022013976911964495e+00
1.021987110465808701e+00
1.021960278128524635e+00
1.021933480731468613e+00
1.021906719090899252e+00
1.021879994008104475e+00
1.021853306269537409e+00
1.021826656646953380e+00
1.021800045897552689e+00
1.021773474764126277e+00
1.021746943975206268e+00
1.021720454245219845e+00
1.021694006274646460e+00
1.021667600750179039e+00
1.021641238344888514e+00
1.021614919718393022e+00
1.021588645517026883e+00
1.021562416374017568e+00
1.021536232909661335e+00
1.021510095731504641e+00
1.021484005434528441e+00
1.021457962601332703e+00
1.021431967802327367e+00
1.021406021595923530e+00
1.021380124528727062e+00
1.021354277135736677e+00
1.021328479940541545e+00
1.021302733455525358e+00
1.021277038182067720e+00
1.021251394610750873e+00
1.021225803221568196e+00
1.021200264484133591e+00
1.021174778857892651e+00
1.021149346792337820e+00
1.021123968727221554e+00
1.021098645092774149e+00
1.021073376309922232e+00
1.021048162790507030e+00
1.021023004937505529e+00
1.020997903145252961e+00
1.020972857799665290e+00
1.020947869278462372e+00
1.020922937951392662e+00
1.020898064180458586e+00
1.020873248320142590e+00
1.020848490717631396e+00
1.020823791713044937e+00
1.020799151639659508e+00
1.020774570824136918e+00
1.020750049586748975e+00
1.020725588241603532e+00
1.020701187096870521e+00
1.020676846455005560e+00
1.020652566612974432e+00
1.020628347862476470e+00
1.020604190490165042e+00
1.020580094777869373e+00
1.020556061002813930e+00
1.020532089437833800e+00
1.020508180351593186e+00
1.020484334008797234e+00
1.020460550670404087e+00
1.020436830593835165e+00
1.020413174033180770e+00
1.020389581239405263e+00
1.020366052460548456e+00
1.020342587941923229e+00
1.020319187926311599e+00
1.020295852654156565e+00
1.020272582363750846e+00
1.020249377291420068e+00
1.020226237671706615e+00
1.020203163737543717e+00
1.020180155720429527e+00
1.020157213850596323e+00
1.020134338357172377e+00
1.020111529468344269e+00
1.020088787411509212e+00
1.020066112413424708e+00
1.020043504700356207e+00
1.020020964498213001e+00
1.019998492032684778e+00
1.019976087529369746e+00
1.019953751213898752e+00
1.019931483312052523e+00
1.019909284049873799e+00
1.019887153653774359e+00
1.019865092350634495e+00
1.019843100367899158e+00
1.019821177933665890e+00
1.019799325276766755e+00
1.019777542626846278e+00
1.019755830214431169e+00
1.019734188270995379e+00
1.019712617029017387e+00
1.019691116722033719e+00
1.019669687584684237e+00
1.019648329852751223e+00
1.019627043763195573e+00
1.019605829554182330e+00
1.019584687465104222e+00
1.019563617736596317e+00
1.019542620610546679e+00
1.019521696330101035e+00
1.019500845139660106e+00
1.019480067284873837e+00
1.019459363012628295e+00
1.019438732571026129e+00
1.019418176209366145e+00
1.019397694178112879e+00
1.019377286728863297e+00
1.019356954114308600e+00
1.019336696588191149e+00
1.019316514405256724e+00
1.019296407821201900e+00
1.019276377092618313e+00
1.019256422476932489e+00
1.019236544232339892e+00
1.019216742617738758e+00
1.019197017892657486e+00
1.019177370317179809e+00
1.019157800151866855e+00
1.019138307657676989e+00
1.019118893095880996e+00
1.019099556727976807e+00
1.019080298815600472e+00
1.019061119620436218e+00
1.019042019404124311e+00
1.019022998428166238e+00
1.019004056953829895e+00
1.018985195242052999e+00
1.018966413553345163e+00
1.018947712147689089e+00
1.018929091284442867e+00
1.018910551222239169e+00
1.018892092218886880e+00
1.018873714531270736e+00
1.018855418415251846e+00
1.018837204125570661e+00
1.018819071915746610e+00
1.018801022037981951e+00
1.018783054743065852e+00
1.018765170280277577e+00
1.018747368897294558e+00
1.018729650840099810e+00
1.018712016352890215e+00
1.018694465677989491e+00
1.018676999055760923e+00
1.018659616724522543e+00
1.018642318920466305e+00
1.018625105877576820e+00
1.018607977827556077e+00
1.018590934999747732e+00
1.018573977621066273e+00
1.018557105915927963e+00
1.018540320106185781e+00
1.018523620411067032e+00
1.018507007047114499e+00
1.018490480228128270e+00
1.018474040165116445e+00
1.018457687066243178e+00
1.018441421136785374e+00
1.018425242579088064e+00
1.018409151592527984e+00
1.018393148373476942e+00
1.018377233115271174e+00
1.018361406008184034e+00
1.018345667239399788e+00
1.018330016992996523e+00
1.018314455449925493e+00
1.018298982788001350e+00
1.018283599181889265e+00
1.018268304803102264e+00
1.018253099819995233e+00
1.018237984397768692e+00
1.018222958698472347e+00
1.018208022881012198e+00
1.018193177101162750e+00
1.018178421511581000e+00
1.018163756261824204e+00
1.018149181498371192e+00
1.018134697364645680e+00
1.018120304001043586e+00
1.018106001544962780e+00
1.018091790130835061e+00
1.018077669890162351e+00
1.018063640951553772e+00
1.018049703440766507e+00
1.018035857480747985e+00
1.018022103191680738e+00
1.018008440691030803e+00
1.017994870093594795e+00
1.017981391511552314e+00
1.017968005054519010e+00
1.017954710829598985e+00
1.017941508941442974e+00
1.017928399492304514e+00
1.017915382582099015e+00
1.017902458308463043e+00
1.017889626766815159e+00
1.017876888050417872e+00
1.017864242250440032e+00
1.017851689456019448e+00
1.017839229754326169e+00
1.017826863230626877e+00
1.017814589968349059e+00
1.017802410049144290e+00
1.017790323552953957e+00
1.017778330558071875e+00
1.017766431141208017e+00
1.017754625377553790e+00
1.017742913340843547e+00
1.017731295103416755e+00
1.017719770736281504e+00
1.017708340309172677e+00
1.017697003890615015e+00
1.017685761547980405e+00
1.017674613347546497e+00
1.017663559354552660e+00
1.017652599633257493e+00
1.017641734246991669e+00
1.017630963258211230e+00
1.017620286728548873e+00
1.017609704718864805e+00
1.017599217289293811e+00
1.017588824499292777e+00
1.017578526407685757e+00
1.017568323072707503e+00
1.017558214552043427e+00
1.017548200902871791e+00
1.017538282181899456e+00
1.017528458445398964e+00
1.017518729749242734e+00
1.017509096148933700e+00
1.017499557699638402e+00
1.017490114456212513e+00
1.017480766473228826e+00
1.017471513805000338e+00
1.017462356505605126e+00
1.017453294628904548e+00
1.017444328228562123e+00
1.017435457358062401e+00
1.017426682070723176e+00
1.017418002419709921e+00
1.017409418458047554e+00
1.017400930238627321e+00
1.017392537814217679e+00
1.017384241237467624e+00
1.017376040560912465e+00
1.017367935836975157e+00
1.017359927117968521e+00
1.017352014456093023e+00
1.017344197903436998e+00
1.017336477511970649e+00
1.017328853333542504e+00
1.017321325419872968e+00
1.017313893822546778e+00
1.017306558593003896e+00
1.017299319782529743e+00
1.017292177442244094e+00
1.017285131623089978e+00
1.017278182375818574e+00
1.017271329750977227e+00
1.017264573798894345e+00
1.017257914569662747e+00
1.017251352113124341e+00
1.017244886478853472e+00
1.017238517716138935e+00
1.017232245873965990e+00
1.017226071000998155e+00
1.017219993145558998e+00
1.017214012355611708e+00
1.017208128678741330e+00
1.017202342162134343e+00
1.017196652852558447e+00
1.017191060796345470e+00
1.017185566039368494e+00
1.017180168627023651e+00
1.017174868604211913e+00
1.017169666015317997e+00
1.017164560904191273e+00
1.017159553314128662e+00
1.017154643287854654e+00
1.017149830867503990e+00
1.017145116094603452e+00
1.017140499010055876e+00
1.017135979654121281e+00
1.017131558066404207e+00
1.017127234285834847e+00
1.017123008350656166e+00
1.017118880298409467e+00
1.017114850165920625e+00
1.017110917989287433e+00
1.017107083803868051e+00
1.017103347644268574e+00
1.017099709544334596e+00
1.017096169537140105e+00
1.017092727654979489e+00
1.017089383929359325e+00
1.017086138390991490e+00
1.017082991069786946e+00
1.017079941994851300e+00
1.017076991194479252e+00
1.017074138696151930e+00
1.017071384526533340e+00
1.017068728711470360e+00
1.017066171275990527e+00
1.017063712244302698e+00
1.017061351639797273e+00
1.017059089485048862e+00
1.017056925801818501e+00
1.017054860611056988e+00
1.017052893932909541e+00
1.017051025786719354e+00
1.017049256191035811e+00
1.017047585163618706e+00
1.017046012721446457e+00
1.017044538880723881e+00
1.017043163656891291e+00
1.017041887064632277e+00
1.017040709117884134e+00
1.017039629829849634e+00
1.017038649213004575e+00
1.017037767279112881e+00
1.017036984039235481e+00
1.017036299503743857e+00
1.017035713682332698e+00
1.017035226584032337e+00
1.017034838217222070e+00
1.017034548589644372e+00
1.017034357708417769e+00
1.017034265580051278e+00
1.017034272210458390e+00
1.017034377604971063e+00
1.017034581768355483e+00
1.017034884704824282e+00
1.017035286418051854e+00
1.017035786911189454e+00
1.017036386186878527e+00
1.017037084247265133e+00
1.017037881094014384e+00
1.017038776728323324e+00
1.017039771150936023e+00
1.017040864362155794e+00
1.017042056361858515e+00
1.017043347149506394e+00
1.017044736724159293e+00
1.017046225084488054e+00
1.017047812228784931e+00
1.017049498154976028e+00
1.017051282860631956e+00
1.017053166342978043e+00
1.017055148598904335e+00
1.017057229624975800e+00
1.017059409417440330e+00
1.017061687972236506e+00
1.017064065285004260e+00
1.017066541351088649e+00
1.017069116165548959e+00
1.017071789723163366e+00
1.017074562018435380e+00
1.017077433045598500e+00
1.017080402798619332e+00
1.017083471271202022e+00
1.017086638456791814e+00
1.017089904348575491e+00
1.017093268939484041e+00
1.017096732222194877e+00
1.017100294189128729e+00
1.017103954832452084e+00
1.017107714144075192e+00
1.017111572115650286e+00
1.017115528738569363e+00
1.017119584003960853e+00
1.017123737902685843e+00
1.017127990425334971e+00
1.017132341562220876e+00
1.017136791303375976e+00
1.017141339638543140e+00
1.017145986557170811e+00
1.017150732048405226e+00
1.017155576101082204e+00
1.017160518703717376e+00
1.017165559844499967e+00
1.017170699511280141e+00
1.017175937691560339e+00
1.017181274372484179e+00
1.017186709540825351e+00
1.017192243182974742e+00
1.017197875284929554e+00
1.017203605832280200e+00
1.017209434810196544e+00
1.017215362203415019e+00
1.017221387996223525e+00
1.017227512172447890e+00
1.017233734715436544e+00
1.017240055608044980e+00
1.017246474832620651e+00
1.017252992370986764e+00
1.017259608204425625e+00
1.017266322313661320e+00
1.017273134678845281e+00
1.017280045279535194e+00
1.017287054094680787e+00
1.017294161102602956e+00
1.017301366280978669e+00
1.017308669606819427e+00
1.017316071056455495e+00
1.017323570605514371e+00
1.017331168228903904e+00
1.017338863900791202e+00
1.017346657594584425e+00
1.017354549282912135e+00
1.017362538937603755e+00
1.017370626529669808e+00
1.017378812029281265e+00
1.017387095405749342e+00
1.017395476627504847e+00
1.017403955662077308e+00
1.017412532476074993e+00
1.017421207035163588e+00
1.017429979304044441e+00
1.017438849246434351e+00
1.017447816825044260e+00
1.017456882001557483e+00
1.017466044736608399e+00
1.017475304989760687e+00
1.017484662719486899e+00
1.017494117883145144e+00
1.017503670436957552e+00
1.017513320335989846e+00
1.017523067534128467e+00
1.017532911984057264e+00
1.017542853637237954e+00
1.017552892443886137e+00
1.017563028352949539e+00
1.017573261312085808e+00
1.017583591267640086e+00
1.017594018164622804e+00
1.017604541946686592e+00
1.017615162556104513e+00
1.017625879933746535e+00
1.017636694019057320e+00
1.017647604750033796e+00
1.017658612063200518e+00
1.017669715893590121e+00
1.017680916174716232e+00
1.017692212838553267e+00
1.017703605815512224e+00
1.017715095034417372e+00
1.017726680422483376e+00
1.017738361905290434e+00
1.017750139406763399e+00
1.017762012849144693e+00
1.017773982152973877e+00
1.017786047237061897e+00
1.017798208018466877e+00
1.017810464412471694e+00
1.017822816332558444e+00
1.017835263690384462e+00
1.017847806395758559e+00
1.017860444356615712e+00
1.017873177478992641e+00
1.017886005667003158e+00
1.017898928822813520e+00
1.017911946846617122e+00
1.017925059636608953e+00
1.017938267088961179e+00
1.017951569097797160e+00
1.017964965555165247e+00
1.017978456351014582e+00
1.017992041373167789e+00
1.018005720507295653e+00
1.018019493636890704e+00
1.018033360643241014e+00
1.018047321405402661e+00
1.018061375800175083e+00
1.018075523702072216e+00
1.018089764983296730e+00
1.018104099513711613e+00
1.018118527160814191e+00
1.018133047789707257e+00
1.018147661263072656e+00
1.018162367441141747e+00
1.018177166181668758e+00
1.018192057339901702e+00
1.018207040768553950e+00
1.018222116317775594e+00
1.018237283835124796e+00
1.018252543165538260e+00
1.018267894151303032e+00
1.018283336632024971e+00
1.018298870444601878e+00
1.018314495423191079e+00
1.018330211399181007e+00
1.018346018201160108e+00
1.018361915654887540e+00
1.018377903583260524e+00
1.018393981806286153e+00
1.018410150141047854e+00
1.018426408401675864e+00
1.018442756399315474e+00
1.018459193942094831e+00
1.018475720835093190e+00
1.018492336880310489e+00
1.018509041876632715e+00
1.018525835619801256e+00
1.018542717902380268e+00
1.018559688513723138e+00
1.018576747239940072e+00
1.018593893863864785e+00
1.018611128165021640e+00
1.018628449919591450e+00
1.018645858900379064e+00
1.018663354876777838e+00
1.018680937614737658e+00
1.018698606876728530e+00
1.018716362421708821e+00
1.018734204005088628e+00
1.018752131378697134e+00
1.018770144290745083e+00
1.018788242485793694e+00
1.018806425704716023e+00
1.018824693684663441e+00
1.018843046159031429e+00
1.018861482857421619e+00
1.018880003505608256e+00
1.018898607825501790e+00
1.018917295535113121e+00
1.018936066348517633e+00
1.018954919975819884e+00
1.018973856123116306e+00
1.018992874492461009e+00
1.019011974781827146e+00
1.019031156685072714e+00
1.019050419891903037e+00
1.019069764087834784e+00
1.019089188954159786e+00
1.019108694167907725e+00
1.019128279401810389e+00
1.019147944324265032e+00
1.019167688599297295e+00
1.019187511886525677e+00
1.019207413841124010e+00
1.019227394113785046e+00
1.019247452350684924e+00
1.019267588193445206e+00
1.019287801279098016e+00
1.019308091240048508e+00
1.019328457704039126e+00
1.019348900294112958e+00
1.019369418628578217e+00
1.019390012320972261e+00
1.019410680980024519e+00
1.019431424209622072e+00
1.019452241608773235e+00
1.019473132771572477e+00
1.019494097287164447e+00
1.019515134739710227e+00
1.019536244708350470e+00
1.019557426767171648e+00
1.019578680485171862e+00
1.019600005426225753e+00
1.019621401149050754e+00
1.019642867207174231e+00
1.019664403148897502e+00
1.019686008517265208e+00
1.019707682850030661e+00
1.019729425679624990e+00
1.019751236533122718e+00
1.019773114932211566e+00
1.019795060393160258e+00
1.019817072426786542e+00
1.019839150538428996e+00
1.019861294227913717e+00
1.019883502989526569e+00
1.019905776311982981e+00
1.019928113678399084e+00
1.019950514566263289e+00
1.019972978447408973e+00
1.019995504787986063e+00
1.020018093048435048e+00
1.020040742683460566e+00
1.020063453142006082e+00
1.020086223867228359e+00
1.020109054296473694e+00
1.020131943861253720e+00
1.020154891987222534e+00
1.020177898094154489e+00
1.020200961595923550e+00
1.020224081900479973e+00
1.020247258409833657e+00
1.020270490520031492e+00
1.020293777621141817e+00
1.020317119097235103e+00
1.020340514326367076e+00
1.020363962680564729e+00
1.020387463525808780e+00
1.020411016222022127e+00
1.020434620123055414e+00
1.020458274576674373e+00
1.020481978924550948e+00
1.020505732502251073e+00
1.020529534639226910e+00
1.020553384658808849e+00
1.020577281878197518e+00
1.020601225608460449e+00
1.020625215154524978e+00
1.020649249815176685e+00
1.020673328883056286e+00
1.020697451644660081e+00
1.020721617380337953e+00
1.020745825364297588e+00
1.020770074864605359e+00
1.020794365143192106e+00
1.020818695455857572e+00
1.020843065052277954e+00
1.020867473176014784e+00
1.020891919064523146e+00
1.020916401949164998e+00
1.020940921055220718e+00
1.020965475601903538e+00
1.020990064802375308e+00
1.021014687863764481e+00
1.021039343987183878e+00
1.021064032367752894e+00
1.021088752194617477e+00
1.021113502650976557e+00
1.021138282914105133e+00
1.021163092155382923e+00
1.021187929540323225e+00
1.021212794228602672e+00
1.021237685374095427e+00
1.021262602124904495e+00
1.021287543623401906e+00
1.021312509006262026e+00
1.021337497404505523e+00
1.021362507943538445e+00
1.021387539743196182e+00
1.021412591917789214e+00
1.021437663576150623e+00
1.021462753821686054e+00
1.021487861752423010e+00
1.021512986461067030e+00
1.021538127035054089e+00
1.021563282556610996e+00
1.021588452102812017e+00
1.021613634745642818e+00
1.021638829552061978e+00
1.021664035584068930e+00
1.021689251898769246e+00
1.021714477548446354e+00
1.021739711580633481e+00
1.021764953038186707e+00
1.021790200959362682e+00
1.021815454377896337e+00
1.021840712323082379e+00
1.021865973819856777e+00
1.021891237888883364e+00
1.021916503546640653e+00
1.021941769805510880e+00
1.021967035673872370e+00
1.021992300156193245e+00
1.022017562253127121e+00
1.022042820961612808e+00
1.022068075274973120e+00
1.022093324183019014e+00
1.022118566672154394e+00
1.022143801725483137e+00
1.022169028322918338e+00
1.022194245441295113e+00
1.022219452054482947e+00
1.022244647133502937e+00
1.022269829646645700e+00
1.022294998559591939e+00
1.022320152835535012e+00
1.022345291435305503e+00
1.022370413317498450e+00
1.022395517438602575e+00
1.022420602753131069e+00
1.022445668213755043e+00
1.022470712771439194e+00
1.022495735375578807e+00
1.022520734974138978e+00
1.022545710513797612e+00
1.022570660940086640e+00
1.022595585197539236e+00
1.022620482229836369e+00
1.022645350979956902e+00
1.022670190390327249e+00
1.022694999402976812e+00
1.022719776959690297e+00
1.022744522002166256e+00
1.022769233472174299e+00
1.022793910311716292e+00
1.022818551463187564e+00
1.022843155869540333e+00
1.022867722474449348e+00
1.022892250222477095e+00
1.022916738059244546e+00
1.022941184931597913e+00
1.022965589787781848e+00
1.022989951577610857e+00
1.023014269252642938e+00
1.023038541766355447e+00
1.023062768074320950e+00
1.023086947134384417e+00
1.023111077906842414e+00
1.023135159354622292e+00
1.023159190443463151e+00
1.023183170142097254e+00
1.023207097422433209e+00
1.023230971259738276e+00
1.023254790632822875e+00
1.023278554524226447e+00
1.023302261920401968e+00
1.023325911811902023e+00
1.023349503193565990e+00
1.023373035064706338e+00
1.023396506429297137e+00
1.023419916296161691e+00
1.023443263679159054e+00
1.023466547597374099e+00
1.023489767075304924e+00
1.023512921143051813e+00
1.023536008836504418e+00
1.023559029197530945e+00
1.023581981274166219e+00
1.023604864120798208e+00
1.023627676798357422e+00
1.023650418374501658e+00
1.023673087923804070e+00
1.023695684527938576e+00
1.023718207275865044e+00
1.023740655264014254e+00
1.023763027596469755e+00
1.023785323385154156e+00
1.023807541750007877e+00
1.023829681819171444e+00
1.023851742729164016e+00
1.023873723625063903e+00
1.023895623660683540e+00
1.023917441998746458e+00
1.023939177811061141e+00
1.023960830278694889e+00
1.023982398592143461e+00
1.024003881951501382e+00
1.024025279566629809e+00
1.024046590657322620e+00
1.024067814453469172e+00
1.024088950195217951e+00
1.024109997133134442e+00
1.024130954528361004e+00
1.024151821652770744e+00
1.024172597789120509e+00
1.024193282231202762e+00
1.024213874283993686e+00
1.024234373263797071e+00
1.024254778498389085e+00
1.024275089327159272e+00
1.024295305101245779e+00
1.024315425183671913e+00
1.024335448949477367e+00
1.024355375785847233e+00
1.024375205092237895e+00
1.024394936280499380e+00
1.024414568774994372e+00
1.024434102012716341e+00
1.024453535443400565e+00
1.024472868529634040e+00
1.024492100746962731e+00
1.024511231583992821e+00
1.024530260542491078e+00
1.024549187137479000e+00
1.024568010897325854e+00
1.024586731363835712e+00
1.024605348092333168e+00
1.024623860651742380e+00
1.024642268624664787e+00
1.024660571607451276e+00
1.024678769210271456e+00
1.024696861057178499e+00
1.024714846786168865e+00
1.024732726049240927e+00
1.024750498512445596e+00
1.024768163855936054e+00
1.024785721774011726e+00
1.024803171975158245e+00
1.024820514182082754e+00
1.024837748131746995e+00
1.024854873575392844e+00
1.024871890278566511e+00
1.024888798021136083e+00
1.024905596597306845e+00
1.024922285815630607e+00
1.024938865499011698e+00
1.024955335484706742e+00
1.024971695624323553e+00
1.024987945783811139e+00
1.025004085843449930e+00
1.025020115697832690e+00
1.025036035255845412e+00
1.025051844440641347e+00
1.025067543189610797e+00
1.025083131454347818e+00
1.025098609200609800e+00
1.025113976408276617e+00
1.025129233071301549e+00
1.025144379197659550e+00
1.025159414809292180e+00
1.025174339942045210e+00
1.025189154645605560e+00
1.025203858983430694e+00
1.025218453032675336e+00
1.025232936884114654e+00
1.025247310642061205e+00
1.025261574424278344e+00
1.025275728361891403e+00
1.025289772599291105e+00
1.025303707294036748e+00
1.025317532616751848e+00
1.025331248751018887e+00
1.025344855893266072e+00
1.025358354252655202e+00
1.025371744050961986e+00
1.025385025522451699e+00
1.025398198913755721e+00
1.025411264483738982e+00
1.025424222503367178e+00
1.025437073255568432e+00
1.025449817035092304e+00
1.025462454148365232e+00
1.025474984913340659e+00
1.025487409659349369e+00
1.025499728726941839e+00
1.025511942467731474e+00
1.025524051244231405e+00
1.025536055429688842e+00
1.025547955407918099e+00
1.025559751573127620e+00
1.025571444329746562e+00
1.025583034092245605e+00
1.025594521284957317e+00
1.025605906341893414e+00
1.025617189706556243e+00
1.025628371831752705e+00
1.025639453179398641e+00
1.025650434220329199e+00
1.025661315434098775e+00
1.025672097308782060e+00
1.025682780340772871e+00
1.025693365034580751e+00
1.025703851902623143e+00
1.025714241465018439e+00
1.025724534249373487e+00
1.025734730790572868e+00
1.025744831630563292e+00
1.025754837318136659e+00
1.025764748408712013e+00
1.025774565464116161e+00
1.025784289052360077e+00
1.025793919747417515e+00
1.025803458128998091e+00
1.025812904782322121e+00
1.025822260297891031e+00
1.025831525271260425e+00
1.025840700302807607e+00
1.025849785997500652e+00
1.025858782964665039e+00
1.025867691817751171e+00
1.025876513174097227e+00
1.025885247654694910e+00
1.025893895883952744e+00
1.025902458489458047e+00
1.025910936101738447e+00
1.025919329354024745e+00
1.025927638882009330e+00
1.025935865323607699e+00
1.025944009318718431e+00
1.025952071508980712e+00
1.025960052537534972e+00
1.025967953048781522e+00
1.025975773688137416e+00
1.025983515101797305e+00
1.025991177936489862e+00
1.025998762839236633e+00
1.026006270457111125e+00
1.026013701436996994e+00
1.026021056425345579e+00
1.026028336067937197e+00
1.026035541009638008e+00
1.026042671894161318e+00
1.026049729363827101e+00
1.026056714059321973e+00
1.026063626619461377e+00
1.026070467680949339e+00
1.026077237878142423e+00
1.026083937842812821e+00
1.026090568203910092e+00
1.026097129587326906e+00
1.026103622615664790e+00
1.026110047907999201e+00
1.026116406079647270e+00
1.026122697741935763e+00
1.026128923501970380e+00
1.026135083962405270e+00
1.026141179721215657e+00
1.026147211371469137e+00
1.026153179501099633e+00
1.026159084692683132e+00
1.026164927523213422e+00
1.026170708563879597e+00
1.026176428379845573e+00
1.026182087530030040e+00
1.026187686566888857e+00
1.026193226036198336e+00
1.026198706476840083e+00
1.026204128420587613e+00
1.026209492391894962e+00
1.026214798907687076e+00
1.026220048477148872e+00
1.026225241601522509e+00
1.026230378773898888e+00
1.026235460479016925e+00
1.026240487193061268e+00
1.026245459383463565e+00
1.026250377508704625e+00
1.026255242018119240e+00
1.026260053351702783e+00
1.026264811939919808e+00
1.026269518203514419e+00
1.026274172553323094e+00
1.026278775390090381e+00
1.026283327104283938e+00
1.026287828075917119e+00
1.026292278674366454e+00
1.026296679258198452e+00
1.026301030174994189e+00
1.026305331761178108e+00
1.026309584341848158e+00
1.026313788230610147e+00
1.026317943729411875e+00
1.026322051128381929e+00
1.026326110705669592e+00
1.026330122727288519e+00
1.026334087446962862e+00
1.026338005105972506e+00
1.026341875933007630e+00
1.026345700144019712e+00
1.026349477942078980e+00
1.026353209517231857e+00
1.026356895046363960e+00
1.026360534693063986e+00
1.026364128607490489e+00
1.026367676926243533e+00
1.026371179772235465e+00
1.026374637254568789e+00
1.026378049468414710e+00
1.026381416494894783e+00
1.026384738400965446e+00
1.026388015239308116e+00
1.026391247048217714e+00
1.026394433851499421e+00
1.026397575658365424e+00
1.026400672463334995e+00
1.026403724246141014e+00
1.026406730971634707e+00
1.026409692589698608e+00
1.026412609035160406e+00
1.026415480227710120e+00
1.026418306071822162e+00
1.026421086456680065e+00
1.026423821256105207e+00
1.026426510328487751e+00
1.026429153516724035e+00
1.026431750648155727e+00
1.026434301534512539e+00
1.026436805971859823e+00
1.026439263740550167e+00
1.026441674605177878e+00
1.026444038314538343e+00
1.026446354601590283e+00
1.026448623183424891e+00
1.026450843761234744e+00
1.026453016020291376e+00
1.026455139629923519e+00
1.026457214243502225e+00
1.026459239498429987e+00
1.026461215016130968e+00
1.026463140402051888e+00
1.026465015245660473e+00
1.026466839120455443e+00
1.026468611583975399e+00
1.026470332177814360e+00
1.026472000427644637e+00
1.026473615843240594e+00
1.026475177918508841e+00
1.026476686131525096e+00
1.026478139944573709e+00
1.026479538804191627e+00
1.026480882141221684e+00
1.026482169370866337e+00
1.026483399892748949e+00
1.026484573090980623e+00
1.026485688334231483e+00
1.026486744975807497e+00
1.026487742353733967e+00
1.026488679790841907e+00
1.026489556594863739e+00
1.026490372058531664e+00
1.026491125459682241e+00
1.026491816061369189e+00
1.026492443111977071e+00
1.026493005845346973e+00
1.026493503480903513e+00
1.026493935223789400e+00
1.026494300265007098e+00
1.026494597781563822e+00
1.026494826936625859e+00
1.026494986879678439e+00
1.026495076746688273e+00
1.026495095660278523e+00
1.026495042729904883e+00
1.026494917052040545e+00
1.026494717710367599e+00
1.026494443775973764e+00
1.026494094307556448e+00
1.026493668351634359e+00
1.026493164942762881e+00
1.026492583103759682e+00
1.026491921845932964e+00
1.026491180169321282e+00
1.026490357062935121e+00
1.026489451505008033e+00
1.026488462463255091e+00
1.026487388895135799e+00
1.026486229748125645e+00
1.026484983959992547e+00
1.026483650459084629e+00
1.026482228164617094e+00
1.026480715986974435e+00
1.026479112828012630e+00
1.026477417581372453e+00
1.026475629132797440e+00
1.026473746360460071e+00
1.026471768135291951e+00
1.026469693321325316e+00
1.026467520776036091e+00
1.026465249350697606e+00
1.026462877890739867e+00
1.026460405236113260e+00
1.026457830221661816e+00
1.026455151677501121e+00
1.026452368429404460e+00
1.026449479299192280e+00
1.026446483105130980e+00
1.026443378662336148e+00
1.026440164783183562e+00
1.026436840277723750e+00
1.026433403954104540e+00
1.026429854618999604e+00
1.026426191078041228e+00
1.026422412136260176e+00
1.026418516598529562e+00
1.026414503270016709e+00
1.026410370956636342e+00
1.026406118465514439e+00
1.026401744605450528e+00
1.026397248187390643e+00
1.026392628024901166e+00
1.026387882934649554e+00
1.026383011736888617e+00
1.026378013255943689e+00
1.026372886320706002e+00
1.026367629765128520e+00
1.026362242428726423e+00
1.026356723157079598e+00
1.026351070802339116e+00
1.026345284223737941e+00
1.026339362288101409e+00
1.026333303870363700e+00
1.026327107854083209e+00
1.026320773131964792e+00
1.026314298606376907e+00
1.026307683189877196e+00
1.026300925805735398e+00
1.026294025388458042e+00
1.026286980884314470e+00
1.026279791251862861e+00
1.026272455462477140e+00
1.026264972500872119e+00
1.026257341365630849e+00
1.026249561069728422e+00
1.026241630641057112e+00
1.026233549122948396e+00
1.026225315574694985e+00
1.026216929072069073e+00
1.026208388707840147e+00
1.026199693592288131e+00
1.026190842853716756e+00
1.026181835638958262e+00
1.026172671113880774e+00
1.026163348463887459e+00
1.026153866894411681e+00
1.026144225631409279e+00
1.026134423921844174e+00
1.026124461034170210e+00
1.026114336258804105e+00
1.026104048908595745e+00
1.026093598319290034e+00
1.026082983849982755e+00
1.026072204883567540e+00
1.026061260827178412e+00
1.026050151112619879e+00
1.026038875196793487e+00
1.026027432562113040e+00
1.026015822716909609e+00
1.026004045195830328e+00
1.025992099560225856e+00
1.025979985398526306e+00
1.025967702326609832e+00
1.025955249988157680e+00
1.025942628054999251e+00
1.025929836227446268e+00
1.025916874234613640e+00
1.025903741834730099e+00
1.025890438815434180e+00
1.025876964994059559e+00
1.025863320217906827e+00
1.025849504364500397e+00
1.025835517341833425e+00
1.025821359088598950e+00
1.025807029574406393e+00
1.025792528799981618e+00
1.025777856797357224e+00
1.025763013630041964e+00
1.025747999393180399e+00
1.025732814213693000e+00
1.025717458250404057e+00
1.025701931694150248e+00
1.025686234767877014e+00
1.025670367726716270e+00
1.025654330858048580e+00
1.025638124481549340e+00
1.025621748949216538e+00
1.025605204645386515e+00
1.025588491986725970e+00
1.025571611422213980e+00
1.025554563433102251e+00
1.025537348532861159e+00
1.025519967267107591e+00
1.025502420213515453e+00
1.025484707981710875e+00
1.025466831213148300e+00
1.025448790580970382e+00
1.025430586789851883e+00
1.025412220575824485e+00
1.025393692706086934e+00
1.025375003978798105e+00
1.025356155222851395e+00
1.025337147297634921e+00
1.025317981092774389e+00
1.025298657527859980e+00
1.025279177552156584e+00
1.025259542144298930e+00
1.025239752311971397e+00
1.025219809091570067e+00
1.025199713547852776e+00
1.025179466773572079e+00
1.025159069889094443e+00
1.025138524042004118e+00
1.025117830406693908e+00
1.025096990183942847e+00
1.025076004600476987e+00
1.025054874908521318e+00
1.025033602385336806e+00
1.025012188332744323e+00
1.024990634076638374e+00
1.024968940966488606e+00
1.024947110374828219e+00
1.024925143696735041e+00
1.024903042349298410e+00
1.024880807771080260e+00
1.024858441421562683e+00
1.024835944780589037e+00
1.024813319347794849e+00
1.024790566642032275e+00
1.024767688200785898e+00
1.024744685579580761e+00
1.024721560351385730e+00
1.024698314106008201e+00
1.024674948449484813e+00
1.024651465003466821e+00
1.024627865404599492e+00
1.024604151303899702e+00
1.024580324366127337e+00
1.024556386269154906e+00
1.024532338703335821e+00
1.024508183370865799e+00
1.024483921985149149e+00
1.024459556270159499e+00
1.024435087959799429e+00
1.024410518797265190e+00
1.024385850534405229e+00
1.024361084931082910e+00
1.024336223754542807e+00
1.024311268778773432e+00
1.024286221783877071e+00
