1.000603444564682754e+00
1.000676312364642495e+00
1.000794565139439429e+00
1.000932557669544254e+00
1.001086255489427312e+00
1.001253604283037113e+00
1.001429999997614839e+00
1.001610602704468000e+00
1.001789614663874062e+00
1.001964587484868607e+00
1.002141218166542336e+00
1.002325317230775781e+00
1.002515651347177794e+00
1.002707811894209655e+00
1.002896445496048949e+00
1.003077223304498444e+00
1.003253755076496168e+00
1.003434533638061232e+00
1.003621979681318832e+00
1.003812321429694121e+00
1.004000288074668568e+00
1.004180214314374098e+00
1.004351995210174486e+00
1.004523931249634794e+00
1.004702323770277683e+00
1.004885382015698214e+00
1.005068029878412261e+00
1.005244247065182783e+00
1.005410537677942528e+00
1.005572497097203089e+00
1.005739103319911454e+00
1.005911915638563414e+00
1.006086547252242447e+00
1.006257145868873160e+00
1.006418138127116446e+00
1.006571039565232750e+00
1.006725160134216202e+00
1.006885995516102694e+00
1.007050903935440278e+00
1.007214370615138854e+00
1.007370107311459151e+00
1.007515677058404169e+00
1.007658155568895708e+00
1.007806200029658150e+00
1.007960231785880900e+00
1.008115375334326824e+00
1.008265442741347773e+00
1.008405298658006544e+00
1.008538041650696160e+00
1.008673423946012448e+00
1.008815779807268775e+00
1.008961688225052278e+00
1.009105336461112445e+00
1.009240423895002348e+00
1.009365772859972754e+00
1.009489621062378717e+00
1.009619880434838635e+00
1.009755827957700802e+00
1.009892218804475217e+00
1.010022664794656633e+00
1.010142727260972428e+00
1.010257028599279128e+00
1.010375350807755090e+00
1.010500732218649667e+00
1.010629099086842064e+00
1.010754413608178304e+00
1.010870555558296857e+00
1.010977745939354744e+00
1.011085090463957892e+00
1.011199486038643736e+00
1.011319155390858260e+00
1.011438568951060546e+00
1.011551231330052314e+00
1.011653618578484570e+00
1.011751775884199400e+00
1.011855174908347976e+00
1.011965535034331731e+00
1.012078256367182849e+00
1.012187113805235850e+00
1.012286348100490230e+00
1.012377667414214200e+00
1.012470747986268460e+00
1.012571293832588815e+00
1.012676601446859115e+00
1.012780910238019860e+00
1.012877709497525647e+00
1.012964584394565382e+00
1.013048852164707192e+00
1.013139378595842910e+00
1.013236607119517130e+00
1.013335521716236087e+00
1.013429739144160902e+00
1.013514049199016220e+00
1.013591681115514120e+00
1.013672573298785462e+00
1.013761127370791826e+00
1.013853854070977611e+00
1.013944794690549323e+00
1.014027533788798952e+00
1.014100933310098984e+00
1.014173380451895312e+00
1.014252880464148188e+00
1.014338688898496210e+00
1.014425462377421816e+00
1.014506696237654326e+00
1.014577925376276113e+00
1.014643874010836111e+00
1.014714430206195450e+00
1.014792644356306450e+00
1.014874380606233917e+00
1.014953502963979570e+00
1.015023826722476041e+00
1.015085621774635793e+00
1.015148098009493127e+00
1.015218192136902342e+00
1.015294091294453027e+00
1.015370191300606795e+00
1.015439919911021338e+00
1.015499753297316676e+00
1.015555822652652651e+00
1.015617661814361750e+00
1.015686976753272575e+00
1.015759113200316310e+00
1.015827774614689538e+00
1.015887166728732138e+00
1.015939052110992780e+00
1.015993181775251664e+00
1.016055268849513693e+00
1.016122570459025987e+00
1.016189267531976803e+00
1.016248797397631964e+00
1.016298762734489269e+00
1.016346553803474162e+00
1.016401068526491036e+00
1.016462724033674103e+00
1.016526458021207890e+00
1.016585834076563000e+00
1.016635627667620501e+00
1.016679124269069145e+00
1.016726313408045090e+00
1.016781586188177933e+00
1.016841415174581265e+00
1.016899795650331395e+00
1.016950278592029022e+00
1.016991755302761424e+00
1.017032672886927003e+00
1.017081046207286787e+00
1.017136098786736387e+00
1.017192448960640760e+00
1.017243552914559146e+00
1.017284946963378678e+00
1.017321410047183683e+00
1.017362860987315987e+00
1.017412327308030440e+00
1.017465638846612563e+00
1.017516623727345415e+00
1.017559078356202740e+00
1.017593309678100244e+00
1.017628573920278168e+00
1.017671800476017463e+00
1.017721143369805237e+00
1.017770967546476779e+00
1.017814673014542315e+00
1.017848749621625304e+00
1.017879378975340643e+00
1.017916108090296312e+00
1.017960613128498171e+00
1.018008210626166088e+00
1.018052576485805716e+00
1.018087909783400802e+00
1.018116014399243818e+00
1.018146673989162032e+00
1.018185582132799638e+00
1.018229964749298944e+00
1.018273978380753952e+00
1.018311042239468112e+00
1.018338782109774021e+00
1.018364632155153604e+00
1.018397488667384998e+00
1.018437736154066187e+00
1.018480288497172870e+00
1.018518688609565848e+00
1.018547715659356978e+00
1.018570697759633159e+00
1.018597643777839235e+00
1.018632917154592921e+00
1.018672962905799562e+00
1.018711757294950004e+00
1.018742841532575438e+00
1.018765136977862085e+00
1.018787126568794221e+00
1.018816811629549290e+00
1.018853383316399963e+00
1.018891441103935591e+00
1.018924426224244062e+00
1.018947887482490655e+00
1.018966645327518350e+00
1.018990625588001020e+00
1.019022823595107319e+00
1.019059046045823536e+00
1.019093106237381363e+00
1.019118798220676858e+00
1.019136463726050490e+00
1.019155385855351259e+00
1.019182471513507604e+00
1.019215844713369901e+00
1.019249855614264622e+00
1.019277894136239926e+00
1.019296470034845470e+00
1.019311803321977461e+00
1.019333437126202835e+00
1.019363013854448274e+00
1.019395831278655962e+00
1.019425553613980240e+00
1.019446384332793443e+00
1.019460164838362992e+00
1.019476696398097459e+00
1.019501643991565398e+00
1.019532207085990905e+00
1.019562530440814019e+00
1.019586027547089602e+00
1.019600350269600497e+00
1.019612966533702814e+00
1.019632759573210423e+00
1.019660080849535078e+00
1.019689829281410276e+00
1.019715538472140803e+00
1.019731998300224207e+00
1.019742575333260071e+00
1.019757286930516482e+00
1.019780464365488859e+00
1.019808530208280661e+00
1.019835450922772058e+00
1.019854766237339394e+00
1.019865428565790211e+00
1.019875948788253828e+00
1.019894307823309809e+00
1.019919666057841567e+00
1.019946610945036802e+00
1.019968576422654705e+00
1.019981128002624526e+00
1.019989123845143730e+00
1.020002489612743313e+00
1.020024187050644571e+00
1.020050004293411750e+00
1.020073746046558982e+00
1.020089209294880783e+00
1.020096770556043086e+00
1.020105734172208845e+00
1.020122981099367721e+00
1.020146607791985627e+00
1.020170954418918363e+00
1.020189405677882410e+00
1.020198493694447928e+00
1.020204473868652872e+00
1.020216881199238701e+00
1.020237324807673485e+00
1.020261087299875413e+00
1.020281825088570127e+00
1.020293749349001411e+00
1.020298738649743964e+00
1.020306608178831453e+00
1.020322993139781254e+00
1.020345069066656452e+00
1.020366971974068893e+00
1.020382112616948111e+00
1.020388170410661655e+00
1.020392644860458553e+00
1.020404403988541819e+00
1.020423767575884488e+00
1.020445622106976202e+00
1.020463494140779304e+00
1.020472186395879666e+00
1.020475103488379887e+00
1.020482269028384792e+00
1.020497982280248239e+00
1.020518645527586088e+00
1.020538217186987451e+00
1.020550237389254544e+00
1.020553690546744274e+00
1.020557113960704587e+00
1.020568467304388216e+00
1.020586881815388480e+00
1.020606934551089084e+00
1.020622053483420277e+00
1.020627822328350476e+00
1.020629136567879236e+00
1.020635920387406248e+00
1.020651102740374849e+00
1.020670454870182597e+00
1.020687773871552961e+00
1.020696861013600687e+00
1.020698128231283253e+00
1.020700899980681697e+00
1.020712031134676234e+00
1.020729592119800522e+00
1.020747914130842648e+00
1.020760377568931343e+00
1.020763538087929856e+00
1.020763686028701933e+00
1.020770347444553749e+00
1.020785099166881871e+00
1.020803209884078688e+00
1.020818328861587077e+00
1.020824676127544350e+00
1.020824167772788726e+00
1.020826631923436700e+00
1.020837674174979393e+00
1.020854447450360691e+00
1.020871079737503351e+00
1.020880979919759568e+00
1.020881855882871392e+00
1.020881238093845900e+00
1.020887978748710623e+00
1.020902366929533844e+00
1.020919277668069558e+00
1.020932231122269496e+00
1.020936043934921322e+00
1.020934158814342574e+00
1.020936604612735499e+00
1.020947648840095923e+00
1.020963674625805950e+00
1.020978633010140246e+00
1.020986065487051064e+00
1.020984989134600340e+00
1.020983966805013132e+00
1.020990936362498047e+00
1.021005000799439344e+00
1.021020727656156923e+00
1.021031539736921845e+00
1.021033039977696788e+00
1.021030160865039171e+00
1.021032824003239803e+00
1.021043925819205445e+00
1.021059221684525786e+00
1.021072501862245741e+00
1.021077572978533965e+00
1.021074882745081069e+00
1.021073774593869166e+00
1.021081076765110618e+00
1.021094834501854454e+00
1.021109370923355186e+00
1.021118063126959186e+00
1.021117491172121916e+00
1.021113979651727455e+00
1.021117044492133363e+00
1.021128230515071067e+00
1.021142793476641941e+00
1.021154376440679634e+00
1.021157209404043531e+00
1.021153245988722924e+00
1.021152325903065927e+00
1.021160024630519025e+00
1.021173473311349778e+00
1.021186792887258221e+00
1.021193391510562876e+00
1.021191006194022144e+00
1.021187197347030562e+00
1.021190800152036893e+00
1.021202073323001169e+00
1.021215881440655782e+00
1.021225739357383366e+00
1.021226478698828544e+00
1.021221579920312372e+00
1.021221075638006903e+00
1.021229201205000159e+00
1.021242321443875944e+00
1.021254381087351337e+00
1.021258924191081219e+00
1.021255000877355767e+00
1.021251198284035766e+00
1.021255431362733779e+00
1.021266775273470095e+00
1.021279789072351729e+00
1.021287891579927276e+00
1.021286705861214061e+00
1.021281200748015205e+00
1.021281293776275856e+00
1.021289848594221450e+00
1.021302605580030498e+00
1.021313349290001282e+00
1.021315892867587838e+00
1.021310719883602891e+00
1.021307191343243215e+00
1.021312107913845413e+00
1.021323490161462066e+00
1.021335654178983754e+00
1.021341974955749743e+00
1.021339057653333215e+00
1.021333260216328753e+00
1.021334087053552109e+00
1.021343050900642480e+00
1.021355395479724315e+00
1.021364758783899429e+00
1.021365381821206508e+00
1.021359255551288703e+00
1.021356229836042351e+00
1.021361849322694582e+00
1.021373223957817933e+00
1.021384468670710977e+00
1.021388992019603759e+00
1.021384560601148017e+00
1.021378763715557358e+00
1.021380418319365768e+00
1.021389752855531796e+00
1.021401622345636140e+00
1.021409537422143909e+00
1.021408345566369835e+00
1.021401564559466735e+00
1.021399229424076127e+00
1.021405542868869754e+00
1.021416852052760227e+00
1.021427096383673350e+00
1.021429823504344192e+00
1.021424116803293813e+00
1.021418586591533284e+00
1.021421123924037611e+00
1.021430776373981164e+00
1.021442095366839276e+00
1.021448496738938783e+00
1.021445624364163640e+00
1.021438482833615824e+00
1.021436984401577153e+00
1.021443959678248969e+00
1.021455134708929791e+00
1.021464289244744528e+00
1.021465243829245750e+00
1.021458517907028130e+00
1.021453488962091205e+00
1.021456929351760801e+00
1.021466835319480904e+00
1.021477516718265921e+00
1.021482347317149930e+00
1.021477957866804065e+00
1.021470738978293324e+00
1.021470182519174319e+00
1.021477769077679287e+00
1.021488730983279192e+00
1.021496701959534237e+00
1.021495934754758972e+00
1.021488457513626935e+00
1.021484129236038374e+00
1.021488463235079358e+00
1.021498548682043372e+00
1.021508495193027555e+00
1.021511712497857438e+00
1.021505997087473805e+00
1.021498966427558219e+00
1.021499418434082429e+00
1.021507551372952571e+00
1.021518211298614087e+00
1.021524905317587884e+00
1.021522497346023961e+00
1.021514542214704946e+00
1.021511076456527167e+00
1.021516269850498482e+00
1.021526452331837920e+00
1.021535558586364578e+00
1.021537140489809925e+00
1.021530314855577437e+00
1.021523714450153886e+00
1.021525205824535654e+00
1.021533809167274764e+00
1.021544068795935845e+00
1.021549398153396959e+00
1.021545462364549905e+00
1.021537301421023392e+00
1.021534821540016402e+00
1.021540820183603593e+00
1.021551009490894391e+00
1.021559164915430751e+00
1.021559114937313328e+00
1.021551414909206645e+00
1.021545458118550798e+00
1.021547988195671275e+00
1.021556977327332971e+00
1.021566729571168342e+00
1.021570617975134709e+00
1.021565299200903443e+00
1.021557196119374122e+00
1.021555787448131802e+00
1.021562521651449451e+00
1.021572620055008151e+00
1.021579712535188200e+00
1.021578064021444465e+00
1.021569739779252028e+00
1.021564607335681218e+00
1.021568148416907906e+00
1.021577431710843697e+00
1.021586561887714906e+00
1.021588950272086738e+00
1.021582423467668477e+00
1.021574626678254605e+00
1.021574338311887598e+00
1.021581726574090077e+00
1.021591628889422676e+00
1.021597549190781162e+00
1.021594368188198265e+00
1.021585677621582366e+00
1.021581514999766460e+00
1.021586017053392137e+00
1.021595496783171297e+00
1.021603884451689037e+00
1.021604736530469681e+00
1.021597203387448971e+00
1.021589939816540227e+00
1.021590787526270638e+00
1.021598739494909758e+00
1.021608333213555708e+00
1.021612980031111562e+00
1.021608366611959973e+00
1.021599568149633264e+00
1.021596484370947078e+00
1.021601879574906890e+00
1.021611452261716124e+00
1.021618973831201149e+00
1.021618281015768570e+00
1.021609965128605690e+00
1.021603434846108716e+00
1.021605404845872478e+00
1.021613823461067216e+00
1.021622989182858321e+00
1.021626274601083129e+00
1.021620362514017444e+00
1.021611707810283098e+00
1.021609775684843235e+00
1.021615982538880418e+00
1.021625538929103350e+00
1.021632071088939497e+00
1.021629856406976788e+00
1.021620997253754215e+00
1.021615369292748321e+00
1.021618422532979853e+00
1.021627205389015192e+00
1.021635817769859900e+00
1.021637672834618815e+00
1.021630627466691088e+00
1.021622354334556171e+00
1.021621612043147831e+00
1.021628538850036794e+00
1.021637963748726508e+00
1.021643387677951598e+00
1.021639708386589351e+00
1.021630554447080730e+00
1.021625963984693408e+00
1.021630040630030489e+00
1.021639080651225218e+00
1.021647010038893022e+00
1.021647390086148688e+00
1.021639404825329667e+00
1.021631730783818082e+00
1.021632184605335114e+00
1.021639732201790718e+00
1.021648904402285840e+00
1.021653110629100247e+00
1.021648059298630784e+00
1.021638860675662785e+00
1.021635407674366114e+00
1.021640431441786623e+00
1.021649617023774770e+00
1.021656731895828951e+00
1.021655621259035751e+00
1.021646912440254962e+00
1.021640029200612254e+00
1.021641657110090584e+00
1.021649720807708661e+00
1.021658513353239872e+00
1.021661407043012781e+00
1.021655110989465376e+00
1.021646111921479472e+00
1.021643861231326111e+00
1.021649743316585202e+00
1.021658958127536820e+00
1.021665128372829301e+00
1.021662544107438508e+00
1.021653344803781671e+00
1.021647413957418760e+00
1.021650169766858962e+00
1.021658640536039275e+00
1.021666921525182570e+00
1.021668427895443321e+00
1.021661046948216134e+00
1.021652478600710623e+00
1.021651461420908458e+00
1.021658103813265495e+00
1.021667226479622048e+00
1.021672327480360742e+00
1.021668321798168133e+00
1.021658874780045467e+00
1.021654024873396072e+00
1.021657842570440344e+00
1.021666607563713969e+00
1.021674241669009220e+00
1.021674311173415672e+00
1.021666033868045886e+00
1.021658107768942392e+00
1.021658324270305673e+00
1.021665622336155765e+00
1.021674526251167947e+00
1.021678443630959388e+00
1.021673104821043676e+00
1.021663655048148822e+00
1.021659980139331125e+00
1.021664778099101945e+00
1.021673720663985652e+00
1.021680571474085975e+00
1.021679184375131832e+00
1.021670222754276658e+00
1.021663125194501198e+00
1.021664548024023400e+00
1.021672392319361133e+00
1.021680945807629470e+00
1.021683580619744625e+00
1.021677032334752599e+00
1.021667819366822494e+00
1.021665379059897072e+00
1.021671063857125361e+00
1.021680063231582558e+00
1.021685996454119838e+00
1.021683166421716304e+00
1.021673749705483747e+00
1.021667637363633530e+00
1.021670215700188233e+00
1.021678493044166025e+00
1.021686560090882656e+00
1.021687834141294715e+00
1.021680233035681340e+00
1.021671483747183640e+00
1.021670304597659396e+00
1.021676774218656325e+00
1.021685705131950339e+00
1.021690592609715509e+00
1.021686369037912323e+00
1.021676736485398251e+00
1.021671733457344633e+00
1.021675397271357699e+00
1.021683991176472794e+00
1.021691432887196438e+00
1.021691293831238134e+00
1.021682825641798242e+00
1.021674747602571376e+00
1.021674825691256672e+00
1.021681972026086349e+00
1.021690704441206465e+00
1.021694428842655267e+00
1.021688897661489737e+00
1.021679290986985178e+00
1.021675487310810704e+00
1.021680151501964451e+00
1.021688942110048348e+00
1.021695619007665812e+00
1.021694044838000082e+00
1.021684919089819399e+00
1.021677694929564950e+00
1.021678999322290782e+00
1.021686709896870049e+00
1.021695109125354328e+00
1.021697569079618617e+00
1.021690851941509770e+00
1.021681507669649935e+00
1.021678959337261494e+00
1.021684527476961035e+00
1.021693391193000622e+00
1.021699166385271695e+00
1.021696168947385797e+00
1.021686612546178319e+00
1.021680395558068222e+00
1.021682872317586144e+00
1.021691031297785157e+00
1.021698958693016746e+00
1.021700074060548857e+00
1.021692325888711839e+00
1.021683468031622688e+00
1.021682198376456352e+00
1.021688565854796060e+00
1.021697374900214506e+00
1.021702118066673881e+00
1.021697745294303461e+00
1.021687995326575837e+00
1.021682906487090037e+00
1.021686482888430891e+00
1.021694971451538203e+00
1.021702285843544278e+00
1.021702002758770655e+00
1.021693407748850202e+00
1.021685241164918878e+00
1.021685243419130362e+00
1.021692299877196897e+00
1.021700921997415801e+00
1.021704514052986124e+00
1.021698850701352468e+00
1.021689146805171200e+00
1.021685273296807139e+00
1.021689861919719888e+00
1.021698558142263291e+00
1.021705118117729238e+00
1.021703413420069317e+00
1.021694179678878101e+00
1.021686884428399722e+00
1.021688125164139871e+00
1.021695756171979053e+00
1.021704054727490485e+00
1.021706392929668583e+00
1.021699559687348380e+00
1.021690136376979030e+00
1.021687531601497056e+00
1.021693034027120861e+00
1.021701812480832139e+00
1.021707479538688235e+00
1.021704364227995487e+00
1.021694717310869027e+00
1.021688444260983708e+00
1.021690867380180556e+00
1.021698955393116393e+00
1.021706790038291679e+00
1.021707793226371397e+00
1.021699944194850440e+00
1.021691023520992170e+00
1.021689708489182280e+00
1.021696018401658357e+00
1.021704749678819413e+00
1.021709392207100997e+00
1.021704913616774402e+00
1.021695089285296731e+00
1.021689957138362193e+00
1.021693488061547583e+00
1.021701912750798469e+00
1.021709140861384757e+00
1.021708754462330448e+00
1.021700073096008410e+00
1.021691857999579067e+00
1.021691823887987960e+00
1.021698829463083324e+00
1.021707379865422372e+00
1.021710877793771122e+00
1.021705120261027222e+00
1.021695356823891121e+00
1.021691450652893352e+00
1.021696000380979186e+00
1.021704638488076800e+00
1.021711117438810046e+00
1.021709317855485910e+00
1.021700011547411080e+00
1.021692680220161131e+00
1.021693891807172738e+00
1.021701477349505005e+00
1.021709708968908892e+00
1.021711958860896718e+00
1.021705042777027117e+00
1.021695573396943946e+00
1.021692944672586645e+00
1.021698413449822151e+00
1.021707138356996447e+00
1.021712728677231841e+00
1.021709526695477654e+00
1.021699820271483539e+00
1.021693521773627156e+00
1.021695921418064756e+00
1.021703968280815111e+00
1.021711739674791009e+00
1.021712659946420576e+00
1.021704739178230792e+00
1.021695784525839201e+00
1.021694452518453922e+00
1.021700732898813690e+00
1.021709414136694694e+00
1.021713983487202437e+00
1.021709426396397724e+00
1.021699554840213464e+00
1.021694406146781864e+00
1.021697917959369040e+00
1.021706304843503332e+00
1.021713472464728545e+00
1.021713008362472364e+00
1.021704266139711548e+00
1.021696027751267444e+00
1.021695982095531363e+00
1.021702961296283796e+00
1.021711464222889498e+00
1.021714892045622936e+00
1.021709064254274990e+00
1.021699265026830394e+00
1.021695349583757295e+00
1.021699883466077763e+00
1.021708486249495618e+00
1.021714906728991679e+00
1.021713034682827370e+00
1.021703678138698335e+00
1.021696332789254758e+00
1.021697536922308913e+00
1.021705098427999614e+00
1.021713284306648095e+00
1.021715466909355774e+00
1.021708488940918924e+00
1.021698994276746264e+00
1.021696362048674978e+00
1.021701817329291551e+00
1.021710508618749680e+00
1.021716041928436347e+00
1.021712772917164669e+00
1.021703026546049831e+00
1.021696721886405035e+00
1.021699117021623415e+00
1.021707141473827019e+00
1.021714868151883948e+00
1.021715723912103524e+00
1.021707749774654728e+00
1.021698779335859619e+00
1.021697448226236649e+00
1.021703716698004083e+00
1.021712365325525118e+00
1.021716878760979164e+00
1.021712260386114624e+00
1.021702358742174521e+00
1.021697210369088005e+00
1.021700719655863399e+00
1.021709085127004979e+00
1.021716208473384846e+00
1.021715682794158031e+00
1.021706895820996053e+00
1.021698650064593039e+00
1.021698608493786686e+00
1.021705576737975463e+00
1.021714047435650752e+00
1.021717420268504206e+00
1.021711537320517005e+00
1.021701717320984582e+00
1.021697807359243537e+00
1.021702339904339230e+00
1.021710921707053465e+00
1.021717297906256317e+00
1.021715367538955421e+00
1.021705974889157487e+00
1.021698629458045460e+00
1.021699839808421384e+00
1.021707390770626445e+00
1.021715544250939800e+00
1.021717672810599442e+00
1.021710646215226115e+00
1.021701139431409278e+00
1.021698516607175478e+00
1.021703971088821827e+00
1.021712641314453052e+00
1.021718130040838668e+00
1.021714806413300369e+00
1.021705032497935095e+00
1.021698733881950538e+00
1.021701136471326432e+00
1.021709150326044924e+00
1.021716843968660360e+00
1.021717646836163507e+00
1.021709630976911143e+00
1.021700656292939824e+00
1.021699337376427152e+00
1.021705605057042554e+00
1.021714232065400019e+00
1.021718700476246244e+00
1.021714031724232807e+00
1.021704110882993399e+00
1.021698973517375375e+00
1.021702490751304371e+00
1.021710845154792047e+00
1.021717934456338739e+00
1.021717357401725756e+00
1.021708535917926319e+00
1.021700292912078201e+00
1.021700265313076450e+00
1.021707232338106675e+00
1.021715680432339957e+00
1.021719007826782821e+00
1.021713079314827022e+00
1.021703248107536544e+00
1.021699352984960285e+00
1.021703893364321880e+00
1.021712463248244607e+00
1.021718804131133584e+00
1.021716824409707014e+00
1.021707404661110763e+00
1.021700068018551733e+00
1.021701293242093911e+00
1.021708842191678901e+00
1.021716971704887511e+00
1.021719054606254673e+00
1.021711987828129775e+00
1.021702477324223590e+00
1.021699872097270090e+00
1.021705333813884176e+00
1.021713990914132397e+00
1.021719442916052767e+00
1.021716072562653954e+00
1.021706279027807973e+00
1.021699994229332553e+00
1.021702411852106085e+00
1.021710422583998357e+00
1.021718090577536486e+00
1.021718847920193296e+00
1.021710797777630297e+00
1.021701826223202492e+00
1.021700526672799203e+00
1.021706800600776344e+00
1.021715412943942303e+00
1.021719843224313085e+00
1.021715131045390024e+00
1.021705197979671853e+00
1.021700078431597936e+00
1.021703610249658611e+00
1.021711960134283448e+00
1.021719021862918186e+00
1.021718399914064657e+00
1.021709550475358608e+00
1.021701316691629557e+00
1.021701309342762265e+00
1.021708281314967603e+00
1.021716712896302948e+00
1.021720000904450476e+00
1.021714032956259732e+00
1.021704196674623644e+00
1.021700322353566781e+00
1.021704876378780158e+00
1.021713440080025848e+00
1.021719751318223013e+00
1.021717727950028465e+00
1.021708286881469085e+00
1.021700964702060066e+00
1.021702210292435797e+00
1.021709762630516050e+00
1.021717873509472074e+00
1.021719916069884881e+00
1.021712814515605583e+00
1.021703305683238749e+00
1.021700723270079436e+00
1.021706197309559361e+00
1.021714846306415403e+00
1.021720266555366852e+00
1.021716854507543015e+00
1.021707046446470368e+00
1.021700780436220812e+00
1.021703217897700577e+00
1.021711230235633483e+00
1.021718877247978829e+00
1.021719593742099974e+00
1.021711514088990969e+00
1.021702550399010700e+00
1.021701274775090429e+00
1.021707559403211008e+00
1.021716161475165974e+00
1.021720557984575617e+00
1.021715806818942474e+00
1.021705866015396813e+00
1.021700768633710954e+00
1.021704319237216163e+00
1.021712668740598406e+00
1.021719706980892539e+00
1.021719044254993936e+00
1.021710171075531859e+00
1.021701950666620062e+00
1.021701967551283285e+00
1.021708948365543490e+00
1.021717367275520871e+00
1.021720619722616075e+00
1.021714616260331443e+00
1.021704778852980500e+00
1.021700929133017466e+00
1.021705500475332151e+00
1.021714061611054936e+00
1.021720346778037802e+00
1.021718283392619497e+00
1.021708824724518738e+00
1.021701520644438199e+00
1.021702790078036216e+00
1.021710349208990731e+00
1.021718444809438742e+00
1.021720450388439172e+00
1.021713317525232867e+00
1.021703813834878627e+00
1.021701257550369668e+00
1.021706747118701575e+00
1.021715391170938902e+00
1.021720782793417381e+00
1.021717332255262178e+00
1.021707512950742247e+00
1.021701268906653581e+00
1.021703729238090830e+00
1.021711746154880363e+00
1.021719375115054618e+00
1.021720053714950449e+00
1.021711947618026972e+00
1.021702994837384804e+00
1.021701746027656510e+00
1.021708044153434525e+00
1.021716638709265101e+00
1.021721004184299009e+00
1.021716216864562377e+00
1.021706271216964890e+00
1.021701198773374397e+00
1.021704770803114171e+00
1.021713122518145056e+00
1.021720139825024631e+00
1.021719438924354684e+00
1.021710544717225888e+00
1.021702340348932481e+00
1.021702383979113282e+00
1.021709376074228626e+00
1.021717784712671051e+00
1.021721003996244326e+00
1.021714967527616924e+00
