1.000603444564682754e+00
1.000677450837629490e+00
1.000800018986381268e+00
1.000944348932190753e+00
1.001101425308553061e+00
1.001266920064384447e+00
1.001438284190371952e+00
1.001613825133133684e+00
1.001792335420832902e+00
1.001972913531686160e+00
1.002154864958311631e+00
1.002337642005235452e+00
1.002520804581195080e+00
1.002703993428609497e+00
1.002886911234270428e+00
1.003069308988109753e+00
1.003250975961389901e+00
1.003431732241792496e+00
1.003611423104523004e+00
1.003789914717006404e+00
1.003967090820742758e+00
1.004142850134602138e+00
1.004317104294712770e+00
1.004489776196624273e+00
1.004660798641707764e+00
1.004830113215887444e+00
1.004997669347726497e+00
1.005163423506554077e+00
1.005327338511286861e+00
1.005489382927827524e+00
1.005649530538241576e+00
1.005807759868820206e+00
1.005964053767044675e+00
1.006118399019646059e+00
1.006270786005611484e+00
1.006421208379243870e+00
1.006569662779362551e+00
1.006716148561498381e+00
1.006860667550529165e+00
1.007003223811673731e+00
1.007143823438145569e+00
1.007282474354050716e+00
1.007419186131359723e+00
1.007553969819960260e+00
1.007686837789949497e+00
1.007817803585430161e+00
1.007946881789166138e+00
1.008074087897517401e+00
1.008199438205126697e+00
1.008322949698863713e+00
1.008444639960561773e+00
1.008564527078100959e+00
1.008682629564408906e+00
1.008798966283951160e+00
1.008913556386305421e+00
1.009026419246401129e+00
1.009137574411028027e+00
1.009247041551206925e+00
1.009354840420031429e+00
1.009460990815588932e+00
1.009565512548573407e+00
1.009668425414217641e+00
1.009769749168172304e+00
1.009869503505974375e+00
1.009967708045758306e+00
1.010064382313870635e+00
1.010159545733075426e+00
1.010253217613034771e+00
1.010345417142782587e+00
1.010436163384916597e+00
1.010525475271254692e+00
1.010613371599722532e+00
1.010699871032255670e+00
1.010784992093519907e+00
1.010868753170274470e+00
1.010951172511223461e+00
1.011032268227212594e+00
1.011112058291660398e+00
1.011190560541115779e+00
1.011267792675864197e+00
1.011343772260512086e+00
1.011418516724499561e+00
1.011492043362500315e+00
1.011564369334686520e+00
1.011635511666842291e+00
1.011705487250320612e+00
1.011774312841849044e+00
1.011842005063193550e+00
1.011908580400697311e+00
1.011974055204716949e+00
1.012038445688976385e+00
1.012101767929866947e+00
1.012164037865720179e+00
1.012225271296077311e+00
1.012285483880985382e+00
1.012344691140337538e+00
1.012402908453285288e+00
1.012460151057737345e+00
1.012516434049960834e+00
1.012571772384299518e+00
1.012626180873011705e+00
1.012679674186240719e+00
1.012732266852111485e+00
1.012783973256953907e+00
1.012834807645649482e+00
1.012884784122088488e+00
1.012933916649731092e+00
1.012982219052255495e+00
1.013029705014281134e+00
1.013076388082147172e+00
1.013122281664732727e+00
1.013167399034299088e+00
1.013211753327336151e+00
1.013255357545395530e+00
1.013298224555894578e+00
1.013340367092875560e+00
1.013381797757704650e+00
1.013422529019700757e+00
1.013462573216677765e+00
1.013501942555400381e+00
1.013540649111938308e+00
1.013578704831919808e+00
1.013616121530680036e+00
1.013652910893303893e+00
1.013689084474568292e+00
1.013724653698783618e+00
1.013759629859543043e+00
1.013794024119387016e+00
1.013827847509390256e+00
1.013861110928683473e+00
1.013893825143919125e+00
1.013926000788694548e+00
1.013957648362945996e+00
1.013988778232320920e+00
1.014019400627551803e+00
1.014049525643833549e+00
1.014079163240222625e+00
1.014108323239073073e+00
1.014137015325513369e+00
1.014165249046980577e+00
1.014193033812821554e+00
1.014220378893968100e+00
1.014247293422695151e+00
1.014273786392472454e+00
1.014299866657908833e+00
1.014325542934803259e+00
1.014350823800299839e+00
1.014375717693152934e+00
1.014400232914107303e+00
1.014424377626390594e+00
1.014448159856321974e+00
1.014471587494039095e+00
1.014494668294336766e+00
1.014517409877626175e+00
1.014539819731006487e+00
1.014561905209447668e+00
1.014583673537089670e+00
1.014605131808647753e+00
1.014626286990926385e+00
1.014647145924441496e+00
1.014667715325141994e+00
1.014688001786236082e+00
1.014708011780114161e+00
1.014727751660366550e+00
1.014747227663896245e+00
1.014766445913121595e+00
1.014785412418263366e+00
1.014804133079716841e+00
1.014822613690503861e+00
1.014840859938799467e+00
1.014858877410530713e+00
1.014876671592041646e+00
1.014894247872820232e+00
1.014911611548281245e+00
1.014928767822600886e+00
1.014945721811593815e+00
1.014962478545629487e+00
1.014979042972577572e+00
1.014995419960778467e+00
1.015011614302026688e+00
1.015027630714564255e+00
1.015043473846071187e+00
1.015059148276647338e+00
1.015074658521776252e+00
1.015090009035260366e+00
1.015105204212123358e+00
1.015120248391463864e+00
1.015135145859260124e+00
1.015149900851110010e+00
1.015164517554901336e+00
1.015179000113406449e+00
1.015193352626789114e+00
1.015207579155021911e+00
1.015221683720201495e+00
1.015235670308764160e+00
1.015249542873588151e+00
1.015263305335982524e+00
1.015276961587560756e+00
1.015290515491989343e+00
1.015303970886617391e+00
1.015317331583977856e+00
1.015330601373165109e+00
1.015343784021086160e+00
1.015356883273587085e+00
1.015369902856455564e+00
1.015382846476300172e+00
1.015395717821313992e+00
1.015408520561917438e+00
1.015421258351292710e+00
1.015433934825808127e+00
1.015446553605339641e+00
1.015459118293492669e+00
1.015471632477733532e+00
1.015484099729429213e+00
1.015496523603808487e+00
1.015508907639845804e+00
1.015521255360074981e+00
1.015533570270338970e+00
1.015545855859482316e+00
1.015558115598990785e+00
1.015570352942585242e+00
1.015582571325774230e+00
1.015594774165373249e+00
1.015606964858992267e+00
1.015619146784501048e+00
1.015631323299472033e+00
1.015643497740610801e+00
1.015655673423172978e+00
1.015667853640377150e+00
1.015680041662812449e+00
1.015692240737845697e+00
1.015704454089035202e+00
1.015716684915546786e+00
1.015728936391580906e+00
1.015741211665810440e+00
1.015753513860828683e+00
1.015765846072614886e+00
1.015778211370015782e+00
1.015790612794241099e+00
1.015803053358381058e+00
1.015815536046940748e+00
1.015828063815395366e+00
1.015840639589765226e+00
1.015853266266211641e+00
1.015865946710654111e+00
1.015878683758409284e+00
1.015891480213848341e+00
1.015904338850079247e+00
1.015917262408648103e+00
1.015930253599260258e+00
1.015943315099526068e+00
1.015956449554721974e+00
1.015969659577576234e+00
1.015982947748072185e+00
1.015996316613271055e+00
1.016009768687155868e+00
1.016023306450491104e+00
1.016036932350704136e+00
1.016050648801782641e+00
1.016064458184191110e+00
1.016078362844802463e+00
1.016092365096850747e+00
1.016106467219895837e+00
1.016120671459807001e+00
1.016134980028763124e+00
1.016149395105264031e+00
1.016163918834163127e+00
1.016178553326707368e+00
1.016193300660597876e+00
1.016208162880059218e+00
1.016223141995925339e+00
1.016238239985733482e+00
1.016253458793836773e+00
1.016268800331521671e+00
1.016284266477140541e+00
1.016299859076253309e+00
1.016315579941777791e+00
1.016331430854150675e+00
1.016347413561497603e+00
1.016363529779807262e+00
1.016379781193117893e+00
1.016396169453705811e+00
1.016412696182282360e+00
1.016429362968194194e+00
1.016446171369628892e+00
1.016463122913824790e+00
1.016480219097281035e+00
1.016497461385972745e+00
1.016514851215565951e+00
1.016532389991633201e+00
1.016550079089869385e+00
1.016567919856306457e+00
1.016585913607528369e+00
1.016604061630879574e+00
1.016622365184677079e+00
1.016640825498410727e+00
1.016659443772948812e+00
1.016678221180729480e+00
1.016697158865953909e+00
1.016716257944769941e+00
1.016735519505449492e+00
1.016754944608559974e+00
1.016774534287127274e+00
1.016794289546790964e+00
1.016814211365951515e+00
1.016834300695906634e+00
1.016854558460982716e+00
1.016874985558650746e+00
1.016895582859638214e+00
1.016916351208026370e+00
1.016937291421339484e+00
1.016958404290622120e+00
1.016979690580507079e+00
1.017001151029270911e+00
1.017022786348877883e+00
1.017044597225015945e+00
1.017066584317116273e+00
1.017088748258365705e+00
1.017111089655706291e+00
1.017133609089822199e+00
1.017156307115117286e+00
1.017179184259680014e+00
1.017202241025237708e+00
1.017225477887098384e+00
1.017248895294083466e+00
1.017272493668447852e+00
1.017296273405789986e+00
1.017320234874950602e+00
1.017344378417901263e+00
1.017368704349623343e+00
1.017393212957975690e+00
1.017417904503552517e+00
1.017442779219531968e+00
1.017467837311516465e+00
1.017493078957360630e+00
1.017518504306993421e+00
1.017544113482229839e+00
1.017569906576575312e+00
1.017595883655020739e+00
1.017622044753830224e+00
1.017648389880322579e+00
1.017674919012643064e+00
1.017701632099530018e+00
1.017728529060074383e+00
1.017755609783472792e+00
1.017782874128775106e+00
1.017810321924626393e+00
1.017837952969001591e+00
1.017865767028938828e+00
1.017893763840265642e+00
1.017921943107320537e+00
1.017950304502672321e+00
1.017978847666835218e+00
1.018007572207981104e+00
1.018036477701647069e+00
1.018065563690443209e+00
1.018094829683757085e+00
1.018124275157455738e+00
1.018153899553588815e+00
1.018183702280086589e+00
1.018213682710462198e+00
1.018243840183510773e+00
1.018274174003010568e+00
1.018304683437421865e+00
1.018335367719590767e+00
1.018366226046452550e+00
1.018397257578735893e+00
1.018428461440672450e+00
1.018459836719706857e+00
1.018491382466210515e+00
1.018523097693198487e+00
1.018554981376054380e+00
1.018587032452252350e+00
1.018619249821093087e+00
1.018651632343437363e+00
1.018684178841451349e+00
1.018716888098355922e+00
1.018749758858182863e+00
1.018782789825538826e+00
1.018815979665379068e+00
1.018849327002786298e+00
1.018882830422761288e+00
1.018916488470022141e+00
1.018950299648813784e+00
1.018984262422727438e+00
1.019018375214531424e+00
1.019052636406014845e+00
1.019087044337841697e+00
1.019121597309418092e+00
1.019156293578773909e+00
1.019191131362457092e+00
1.019226108835442179e+00
1.019261224131055688e+00
1.019296475340913943e+00
1.019331860514879340e+00
1.019367377661032581e+00
1.019403024745660913e+00
1.019438799693266340e+00
1.019474700386589827e+00
1.019510724666655044e+00
1.019546870332832977e+00
1.019583135142923203e+00
1.019619516813258908e+00
1.019656013018830354e+00
1.019692621393432752e+00
1.019729339529831691e+00
1.019766164979954981e+00
1.019803095255107372e+00
1.019840127826205478e+00
1.019877260124040008e+00
1.019914489539560876e+00
1.019951813424188725e+00
1.019989229090148886e+00
1.020026733810834196e+00
1.020064324821193136e+00
1.020101999318143271e+00
1.020139754461012904e+00
1.020177587372010031e+00
1.020215495136719497e+00
1.020253474804624805e+00
1.020291523389664112e+00
1.020329637870808881e+00
1.020367815192675387e+00
1.020406052266161989e+00
1.020444345969120370e+00
1.020482693147048980e+00
1.020521090613823123e+00
1.020559535152451680e+00
1.020598023515860042e+00
1.020636552427710342e+00
1.020675118583243890e+00
1.020713718650158697e+00
1.020752349269512083e+00
1.020791007056657484e+00
1.020829688602205465e+00
1.020868390473020249e+00
1.020907109213237796e+00
1.020945841345317628e+00
1.020984583371124188e+00
1.021023331773029286e+00
1.021062083015050082e+00
1.021100833544009934e+00
1.021139579790727225e+00
1.021178318171228838e+00
1.021217045087993380e+00
1.021255756931214620e+00
1.021294450080092453e+00
1.021333120904146963e+00
1.021371765764555795e+00
1.021410381015513069e+00
1.021448963005609389e+00
1.021487508079235607e+00
1.021526012578001019e+00
1.021564472842176219e+00
1.021602885212149481e+00
1.021641246029900696e+00
1.021679551640493067e+00
1.021717798393577459e+00
1.021755982644910521e+00
1.021794100757886792e+00
1.021832149105078358e+00
1.021870124069788499e+00
1.021908022047610665e+00
1.021945839447997439e+00
1.021983572695832621e+00
1.022021218233009510e+00
1.022058772520012759e+00
1.022096232037500885e+00
1.022133593287888331e+00
1.022170852796928875e+00
1.022208007115294137e+00
1.022245052820148548e+00
1.022281986516718533e+00
1.022318804839854156e+00
1.022355504455582764e+00
1.022392082062651308e+00
1.022428534394057342e+00
1.022464858218564920e+00
1.022501050342208284e+00
1.022537107609775564e+00
1.022573026906276272e+00
1.022608805158389256e+00
1.022644439335886446e+00
1.022679926453036181e+00
1.022715263569981659e+00
1.022750447794092299e+00
1.022785476281288464e+00
1.022820346237335309e+00
1.022855054919109108e+00
1.022889599635828706e+00
1.022923977750254121e+00
1.022958186679852499e+00
1.022992223897923214e+00
1.023026086934691214e+00
1.023059773378355075e+00
1.023093280876102185e+00
1.023126607135074861e+00
1.023159749923300055e+00
1.023192707070571528e+00
1.023225476469289852e+00
1.023258056075254663e+00
1.023290443908410285e+00
1.023322638053544065e+00
1.023354636660937178e+00
1.023386437946962380e+00
1.023418040194635559e+00
1.023449441754112232e+00
1.023480641043135630e+00
1.023511636547429937e+00
1.023542426821041351e+00
1.023573010486626522e+00
1.023603386235685475e+00
1.023633552828739912e+00
1.023663509095459112e+00
1.023693253934728098e+00
1.023722786314663180e+00
1.023752105272568436e+00
1.023781209914841117e+00
1.023810099416817998e+00
1.023838773022567317e+00
1.023867230044626320e+00
1.023895469863681962e+00
1.023923491928196761e+00
1.023951295753980029e+00
1.023978880923705370e+00
1.024006247086371335e+00
1.024033393956711890e+00
1.024060321314549160e+00
1.024087029004097538e+00
1.024113516933212953e+00
1.024139785072590625e+00
1.024165833454913077e+00
1.024191662173945527e+00
1.024217271383584427e+00
1.024242661296855594e+00
1.024267832184863725e+00
1.024292784375697041e+00
1.024317518253283321e+00
1.024342034256201739e+00
1.024366332876451846e+00
1.024390414658176818e+00
1.024414280196344951e+00
1.024437930135391639e+00
1.024461365167820937e+00
1.024484586032766043e+00
1.024507593514514259e+00
1.024530388440994866e+00
1.024552971682230584e+00
1.024575344148756839e+00
1.024597506790005719e+00
1.024619460592659070e+00
1.024641206578972508e+00
1.024662745805066999e+00
1.024684079359196698e+00
1.024705208359986131e+00
1.024726133954644069e+00
1.024746857317153648e+00
1.024767379646437604e+00
1.024787702164503767e+00
1.024807826114571441e+00
1.024827752759175148e+00
1.024847483378253710e+00
1.024867019267223345e+00
1.024886361735033447e+00
1.024905512102210370e+00
1.024924471698888784e+00
1.024943241862831034e+00
1.024961823937437622e+00
1.024980219269747916e+00
1.024998429208435979e+00
1.025016455101796398e+00
1.025034298295729895e+00
1.025051960131721618e+00
1.025069441944820303e+00
1.025086745061613680e+00
1.025103870798205419e+00
1.025120820458194748e+00
1.025137595330655182e+00
1.025154196688121466e+00
1.025170625784577405e+00
1.025186883853454134e+00
1.025202972105631716e+00
1.025218891727452064e+00
1.025234643878741636e+00
1.025250229690842785e+00
1.025265650264660433e+00
1.025280906668720071e+00
1.025295999937240410e+00
1.025310931068223130e+00
1.025325701021557512e+00
1.025340310717143932e+00
1.025354761033038020e+00
1.025369052803612346e+00
1.025383186817742764e+00
1.025397163817015178e+00
1.025410984493956512e+00
1.025424649490292772e+00
1.025438159395231974e+00
1.025451514743773496e+00
1.025464716015049405e+00
1.025477763630692429e+00
1.025490657953238571e+00
1.025503399284559025e+00
1.025515987864328071e+00
1.025528423868526495e+00
1.025540707407978314e+00
1.025552838526930799e+00
1.025564817201666923e+00
1.025576643339163985e+00
1.025588316775791320e+00
1.025599837276052417e+00
1.025611204531369003e+00
1.025622418158915972e+00
1.025633477700500729e+00
1.025644382621490935e+00
1.025655132309795992e+00
1.025665726074897588e+00
1.025676163146935549e+00
1.025686442675848520e+00
1.025696563730571054e+00
1.025706525298289984e+00
1.025716326283759194e+00
1.025725965508678561e+00
1.025735441711133511e+00
1.025744753545101196e+00
1.025753899580023054e+00
1.025762878300444880e+00
1.025771688105728607e+00
1.025780327309833817e+00
1.025788794141174298e+00
1.025797086742549880e+00
1.025805203171152868e+00
1.025813141398656647e+00
1.025820899311381540e+00
1.025828474710544835e+00
1.025835865312594075e+00
1.025843068749624276e+00
1.025850082569884858e+00
1.025856904238372946e+00
1.025863531137519491e+00
1.025869960567965311e+00
1.025876189749430845e+00
1.025882215821682930e+00
1.025888035845595514e+00
1.025893646804309611e+00
1.025899045604492965e+00
1.025904229077699181e+00
1.025909193981829226e+00
1.025913937002696175e+00
1.025918454755692544e+00
1.025922743787564428e+00
1.025926800578290665e+00
1.025930621543068355e+00
1.025934203034405634e+00
1.025937541344323689e+00
1.025940632706664468e+00
1.025943473299509190e+00
1.025946059247705433e+00
1.025948386625501918e+00
1.025950451459291868e+00
1.025952249730465837e+00
1.025953777378372234e+00
1.025955030303383975e+00
1.025956004370071728e+00
1.025956695410484620e+00
1.025957099227531977e+00
1.025957211598470753e+00
1.025957028278491556e+00
1.025956545004405918e+00
1.025955757498429710e+00
1.025954661472063156e+00
1.025953252630061208e+00
1.025951526674494296e+00
1.025949479308897461e+00
1.025947106242500961e+00
1.025944403194541943e+00
1.025941365898651592e+00
1.025937990107316455e+00
1.025934271596405267e+00
1.025930206169761938e+00
1.025925789663854282e+00
1.025921017952480252e+00
1.025915886951520584e+00
1.025910392623732958e+00
1.025904530983587470e+00
1.025898298102129846e+00
1.025891690111871313e+00
1.025884703211696891e+00
1.025877333671783909e+00
1.025869577838529612e+00
1.025861432139470786e+00
1.025852893088198936e+00
1.025843957289254593e+00
1.025834621442999861e+00
1.025824882350456324e+00
1.025814736918103431e+00
1.025804182162626699e+00
1.025793215215611065e+00
1.025781833328167192e+00
1.025770033875484266e+00
1.025757814361300646e+00
1.025745172422284135e+00
1.025732105832311003e+00
1.025718612506640870e+00
1.025704690505969685e+00
1.025690338040362581e+00
1.025675553473051504e+00
1.025660335324089401e+00
1.025644682273858077e+00
1.025628593166415747e+00
1.025612067012677819e+00
1.025595102993428709e+00
1.025577700462146913e+00
1.025559858947647118e+00
1.025541578156524025e+00
1.025522857975396551e+00
1.025503698472943537e+00
1.025484099901726065e+00
1.025464062699789070e+00
1.025443587492043562e+00
1.025422675091413049e+00
1.025401326499752130e+00
1.025379542908526620e+00
1.025357325699252309e+00
1.025334676443693915e+00
1.025311596903815570e+00
1.025288089031488603e+00
1.025264154967947317e+00
1.025239797043001388e+00
1.025215017773996262e+00
1.025189819864527507e+00
1.025164206202911821e+00
1.025138179860408894e+00
1.025111744089206578e+00
1.025084902320163804e+00
1.025057658160322127e+00
1.025030015390183458e+00
1.025001977960765753e+00
1.024973549990435995e+00
1.024944735761531334e+00
1.024915539716771296e+00
1.024885966455471475e+00
1.024856020729563832e+00
1.024825707439433575e+00
1.024795031629579967e+00
1.024763998484111038e+00
1.024732613322082209e+00
1.024700881592686574e+00
1.024668808870309755e+00
1.024636400849457285e+00
1.024603663339570092e+00
1.024570602259731178e+00
1.024537223633283922e+00
1.024503533582366899e+00
1.024469538322380746e+00
1.024435244156393976e+00
1.024400657469507925e+00
1.024365784723182848e+00
1.024330632449545364e+00
1.024295207245680572e+00
1.024259515767929285e+00
1.024223564726196356e+00
1.024187360878280550e+00
1.024150911024240385e+00
1.024114222000805263e+00
1.024077300675842128e+00
1.024040153942885167e+00
1.024002788715745238e+00
1.023965211923198559e+00
1.023927430503774438e+00
1.023889451400640027e+00
1.023851281556595882e+00
1.023812927909190762e+00
1.023774397385958101e+00
1.023735696899782388e+00
1.023696833344404533e+00
1.023657813590064469e+00
1.023618644479293405e+00
1.023579332822854182e+00
1.023539885395835292e+00
1.023500308933901648e+00
1.023460610129705461e+00
1.023420795629455871e+00
1.023380872029652000e+00
1.023340845873978111e+00
1.023300723650363064e+00
1.023260511788199434e+00
1.023220216655729597e+00
1.023179844557586149e+00
1.023139401732496845e+00
1.023098894351142985e+00
1.023058328514174109e+00
1.023017710250371692e+00
1.022977045514964267e+00
1.022936340188082660e+00
1.022895600073361777e+00
1.022854830896672285e+00
1.022814038304991291e+00
1.022773227865394929e+00
1.022732405064178174e+00
1.022691575306090339e+00
1.022650743913684934e+00
1.022609916126778096e+00
1.022569097102008495e+00
1.022528291912498055e+00
1.022487505547602371e+00
1.022446742912751727e+00
1.022406008829374047e+00
1.022365308034894893e+00
1.022324645182812075e+00
1.022284024842837091e+00
1.022243451501102296e+00
1.022202929560424689e+00
1.022162463340627436e+00
1.022122057078909130e+00
1.022081714930263896e+00
1.022041440967940362e+00
1.022001239183943255e+00
1.021961113489569861e+00
1.021921067715980458e+00
1.021881105614797391e+00
1.021841230858733462e+00
1.021801447042243849e+00
1.021761757682200678e+00
1.021722166218590244e+00
1.021682676015224889e+00
1.021643290360477518e+00
1.021604012468025013e+00
1.021564845477612948e+00
1.021525792455825865e+00
1.021486856396878196e+00
1.021448040223408515e+00
1.021409346787289119e+00
1.021370778870446028e+00
1.021332339185686111e+00
1.021294030377536632e+00
1.021255855023092796e+00
1.021217815632874615e+00
1.021179914651693998e+00
1.021142154459532492e+00
1.021104537372426124e+00
1.021067065643362692e+00
1.021029741463189477e+00
1.020992566961529402e+00
1.020955544207712506e+00
1.020918675211714532e+00
1.020881961925109938e+00
1.020845406242039566e+00
1.020809010000184536e+00
1.020772774981761666e+00
1.020736702914526450e+00
1.020700795472792910e+00
1.020665054278468098e+00
1.020629480902099484e+00
1.020594076863940769e+00
1.020558843635029245e+00
1.020523782638282029e+00
1.020488895249606287e+00
1.020454182799026999e+00
1.020419646571827821e+00
1.020385287809711272e+00
1.020351107711973127e+00
1.020317107436691684e+00
1.020283288101935026e+00
1.020249650786981821e+00
1.020216196533556108e+00
1.020182926347079633e+00
1.020149841197934837e+00
1.020116942022743167e+00
1.020084229725655156e+00
1.020051705179651158e+00
1.020019369227856076e+00
1.019987222684860306e+00
1.019955266338051558e+00
1.019923500948953787e+00
1.019891927254572117e+00
1.019860545968742205e+00
1.019829357783484713e+00
1.019798363370359340e+00
1.019767563381820397e+00
1.019736958452570397e+00
1.019706549200908974e+00
1.019676336230079583e+00
1.019646320129604655e+00
1.019616501476613646e+00
1.019586880837158871e+00
1.019557458767518465e+00
1.019528235815480022e+00
1.019499212521609799e+00
1.019470389420498169e+00
1.019441767041983304e+00
1.019413345912348445e+00
1.019385126555493404e+00
1.019357109494072100e+00
1.019329295250601231e+00
1.019301684348532078e+00
1.019274277313285904e+00
1.019247074673249820e+00
1.019220076960730914e+00
1.019193284712869074e+00
1.019166698472500965e+00
1.019140318788980704e+00
1.019114146218949024e+00
1.019088181327052922e+00
1.019062424686615120e+00
1.019036876880247799e+00
1.019011538500415037e+00
1.018986410149938404e+00
1.018961492442447936e+00
1.018936786002776707e+00
1.018912291467298559e+00
1.018888009484209434e+00
1.018863940713751859e+00
1.018840085828383257e+00
1.018816445512887192e+00
1.018793020464431098e+00
1.018769811392566282e+00
1.018746819019178851e+00
1.018724044078382462e+00
1.018701487316364229e+00
1.018679149491178659e+00
1.018657031372496080e+00
1.018635133741299992e+00
1.018613457389545562e+00
1.018592003119771494e+00
1.018570771744674808e+00
1.018549764086646103e+00
1.018528980977269738e+00
1.018508423256790030e+00
1.018488091773549709e+00
1.018467987383396611e+00
1.018448110949068619e+00
1.018428463339552614e+00
1.018409045429425230e+00
1.018389858098176060e+00
1.018370902229514652e+00
1.018352178710667744e+00
1.018333688431662276e+00
1.018315432284607081e+00
1.018297411162964572e+00
1.018279625960824220e+00
1.018262077572171354e+00
1.018244766890163522e+00
1.018227694806408401e+00
1.018210862210246370e+00
1.018194269988046408e+00
1.018177919022507760e+00
1.018161810191976269e+00
1.018145944369774014e+00
1.018130322423542955e+00
1.018114945214608325e+00
1.018099813597356462e+00
1.018084928418634627e+00
1.018070290517171017e+00
1.018055900723014773e+00
1.018041759856998851e+00
1.018027868730228214e+00
1.018014228143587774e+00
1.018000838887278103e+00
1.017987701740374007e+00
1.017974817470409299e+00
1.017962186832986449e+00
1.017949810571412650e+00
1.017937689416359426e+00
1.017925824085551767e+00
1.017914215283478141e+00
1.017902863701130922e+00
1.017891770015767916e+00
1.017880934890702083e+00
1.017870358975113465e+00
1.017860042903886431e+00
1.017849987297472225e+00
1.017840192761770624e+00
1.017830659888038447e+00
1.017821389252818731e+00
1.017812381417889878e+00
1.017803636930237232e+00
1.017795156322043537e+00
1.017786940110700034e+00
1.017778988798833772e+00
1.017771302874353134e+00
1.017763882810512222e+00
1.017756729065987908e+00
1.017749842084973544e+00
1.017743222297286199e+00
1.017736870118487236e+00
1.017730785950014649e+00
1.017724970179327837e+00
1.017719423180061034e+00
1.017714145312186513e+00
1.017709136922186897e+00
1.017704398343235672e+00
1.017699929895380828e+00
1.017695731885738253e+00
1.017691804608688466e+00
1.017688148346074462e+00
1.017684763367407541e+00
1.017681649930070265e+00
1.017678808279523395e+00
1.017676238649513731e+00
1.017673941262277948e+00
1.017671916328749315e+00
1.017670164048760650e+00
1.017668684611242380e+00
1.017667478194421271e+00
1.017666544966012276e+00
1.017665885083404831e+00
1.017665498693846260e+00
1.017665385934616973e+00
1.017665546933199883e+00
1.017665981807442055e+00
1.017666690665709250e+00
1.017667673607031809e+00
1.017668930721241427e+00
1.017670462089101502e+00
1.017672267782422590e+00
1.017674347864174322e+00
1.017676702388582877e+00
1.017679331401219578e+00
1.017682234939078612e+00
1.017685413030645414e+00
1.017688865695949296e+00
1.017692592946611407e+00
1.017696594785876041e+00
1.017700871208633284e+00
1.017705422201428567e+00
1.017710247742461327e+00
1.017715347801572578e+00
1.017720722340220041e+00
1.017726371311441724e+00
1.017732294659807302e+00
1.017738492321361266e+00
1.017744964223549431e+00
1.017751710285138333e+00
1.017758730416121082e+00
1.017766024517615664e+00
1.017773592481745482e+00
1.017781434191517231e+00
1.017789549520682124e+00
1.017797938333590446e+00
1.017806600485033020e+00
1.017815535820075556e+00
1.017824744173880802e+00
1.017834225371522905e+00
1.017843979227790685e+00
1.017854005546984464e+00
1.017864304122700903e+00
1.017874874737612290e+00
1.017885717163234283e+00
1.017896831159688986e+00
1.017908216475456484e+00
1.017919872847122154e+00
1.017931799999114872e+00
1.017943997643437459e+00
1.017956465479392003e+00
1.017969203193297201e+00
1.017982210458199477e+00
1.017995486933578775e+00
1.018009032265046354e+00
1.018022846084040811e+00
1.018036928007512998e+00
1.018051277637611829e+00
1.018065894561359652e+00
1.018080778350325843e+00
1.018095928560296626e+00
1.018111344730936452e+00
1.018127026385450051e+00
1.018142973030236487e+00
1.018159184154542984e+00
1.018175659230110996e+00
1.018192397710824260e+00
1.018209399032348195e+00
1.018226662611769973e+00
1.018244187847234361e+00
1.018261974117577795e+00
1.018280020781958228e+00
1.018298327179485208e+00
1.018316892628846171e+00
1.018335716427931636e+00
1.018354797853457505e+00
1.018374136160588250e+00
1.018393730582555223e+00
1.018413580330278734e+00
1.018433684591983468e+00
1.018454042532817461e+00
1.018474653294468846e+00
1.018495515994782163e+00
1.018516629727374889e+00
1.018537993561253518e+00
1.018559606540429430e+00
1.018581467683537189e+00
1.018603575983451082e+00
1.018625930406903191e+00
1.018648529894103261e+00
1.018671373358359222e+00
1.018694459685698384e+00
1.018717787734492841e+00
1.018741356335084003e+00
1.018765164289410441e+00
1.018789210370638854e+00
1.018813493322797026e+00
1.018838011860409898e+00
1.018862764668139187e+00
1.018887750400425674e+00
1.018912967681136594e+00
1.018938415103216588e+00
1.018964091228342639e+00
1.018989994586585235e+00
1.019016123676071972e+00
1.019042476962660260e+00
1.019069052879612691e+00
1.019095849827279965e+00
1.019122866172790465e+00
1.019150100249745616e+00
1.019177550357923900e+00
1.019205214762992417e+00
1.019233091696224891e+00
1.019261179354229885e+00
1.019289475898687236e+00
1.019317979456094481e+00
1.019346688117521715e+00
1.019375599938378008e+00
1.019404712938188018e+00
1.019434025100379060e+00
1.019463534372081259e+00
1.019493238663938817e+00
1.019523135849933482e+00
1.019553223767222017e+00
1.019583500215987648e+00
1.019613962959302622e+00
1.019644609723010520e+00
1.019675438195618344e+00
1.019706446028206814e+00
1.019737630834357756e+00
1.019768990190096591e+00
1.019800521633851043e+00
1.019832222666430699e+00
1.019864090751021468e+00
1.019896123313202008e+00
1.019928317740975476e+00
1.019960671384826600e+00
1.019993181557792949e+00
1.020025845535561082e+00
1.020058660556584229e+00
1.020091623822218629e+00
1.020124732496886288e+00
1.020157983708257055e+00
1.020191374547456675e+00
1.020224902069298389e+00
1.020258563292535836e+00
1.020292355200145495e+00
1.020326274739630668e+00
1.020360318823353207e+00
1.020394484328889462e+00
1.020428768099415517e+00
1.020463166944115319e+00
1.020497677638620093e+00
1.020532296925471982e+00
1.020567021514618311e+00
1.020601848083931840e+00
1.020636773279760767e+00
1.020671793717507159e+00
1.020706905982233348e+00
1.020742106629298984e+00
1.020777392185026944e+00
1.020812759147397442e+00
1.020848203986773672e+00
1.020883723146654987e+00
1.020919313044462040e+00
1.020954970072349477e+00
1.020990690598049033e+00
1.021026470965743504e+00
1.021062307496968469e+00
1.021098196491543098e+00
1.021134134228533163e+00
1.021170116967239583e+00
1.021206140948217378e+00
1.021242202394323284e+00
1.021278297511790889e+00
1.021314422491333973e+00
1.021350573509276494e+00
1.021386746728710770e+00
1.021422938300680761e+00
1.021459144365391536e+00
1.021495361053445183e+00
1.021531584487099131e+00
1.021567810781551788e+00
1.021604036046246167e+00
1.021640256386202594e+00
1.021676467903368302e+00
1.021712666697988769e+00
1.021748848870000614e+00
1.021785010520442238e+00
1.021821147752882908e+00
1.021857256674868708e+00
1.021893333399384485e+00
1.021929374046330441e+00
1.021965374744014499e+00
1.022001331630653320e+00
1.022037240855889095e+00
1.022073098582313211e+00
1.022108900987000579e+00
1.022144644263050184e+00
1.022180324621134062e+00
1.022215938291048065e+00
1.022251481523270167e+00
1.022286950590515442e+00
1.022322341789296374e+00
1.022357651441480941e+00
1.022392875895846931e+00
1.022428011529633141e+00
1.022463054750087030e+00
1.022498001996002159e+00
1.022532849739249627e+00
1.022567594486298415e+00
1.022602232779723952e+00
1.022636761199704925e+00
1.022671176365502532e+00
1.022705474936926873e+00
1.022739653615781341e+00
1.022773709147292820e+00
1.022807638321513446e+00
1.022841437974707945e+00
1.022875104990710327e+00
1.022908636302258145e+00
1.022942028892297461e+00
1.022975279795262260e+00
1.023008386098319011e+00
1.023041344942583919e+00
1.023074153524303975e+00
1.023106809096005376e+00
1.023139308967604855e+00
1.023171650507483932e+00
1.023203831143525644e+00
1.023235848364109302e+00
1.023267699719066837e+00
1.023299382820594960e+00
1.023330895344124247e+00
1.023362235029144474e+00
1.023393399679983329e+00
1.023424387166539606e+00
1.023455195424967545e+00
1.023485822458315209e+00
1.023516266337109570e+00
1.023546525199895196e+00
1.023576597253720299e+00
1.023606480774571725e+00
1.023636174107757313e+00
1.023665675668235853e+00
1.023694983940893088e+00
1.023724097480766204e+00
1.023753014913209025e+00
1.023781734934010146e+00
1.023810256309449107e+00
1.023838577876301947e+00
1.023866698541789688e+00
1.023894617283471531e+00
1.023922333149084540e+00
1.023949845256325153e+00
1.023977152792576728e+00
1.024004255014582920e+00
1.024031151248064431e+00
1.024057840887281579e+00
1.024084323394542029e+00
1.024110598299656782e+00
1.024136665199337104e+00
1.024162523756545262e+00
1.024188173699785986e+00
1.024213614822350182e+00
1.024238846981504469e+00
1.024263870097630980e+00
1.024288684153317641e+00
1.024313289192396503e+00
1.024337685318935431e+00
1.024361872696181397e+00
1.024385851545456472e+00
1.024409622145007859e+00
1.024433184828813514e+00
1.024456539985341141e+00
1.024479688056267435e+00
1.024502629535151588e+00
1.024525364966071272e+00
1.024547894942215986e+00
1.024570220104441542e+00
1.024592341139789475e+00
1.024614258779966702e+00
1.024635973799791211e+00
1.024657487015603774e+00
1.024678799283647024e+00
1.024699911498410776e+00
1.024720824590949597e+00
1.024741539527168843e+00
1.024762057306084273e+00
1.024782378958055018e+00
1.024802505542989017e+00
1.024822438148526693e+00
1.024842177888202643e+00
1.024861725899580911e+00
1.024881083342376709e+00
1.024900251396554163e+00
1.024919231260408070e+00
1.024938024148630333e+00
1.024956631290360853e+00
1.024975053927222879e+00
1.024993293311349030e+00
1.025011350703394442e+00
1.025029227370539697e+00
1.025046924584485986e+00
1.025064443619443377e+00
1.025081785750111774e+00
1.025098952249658524e+00
1.025115944387691158e+00
1.025132763428228566e+00
1.025149410627671287e+00
1.025165887232771578e+00
1.025182194478605924e+00
1.025198333586547328e+00
1.025214305762246036e+00
1.025230112193610044e+00
1.025245754048796254e+00
1.025261232474207862e+00
1.025276548592497505e+00
1.025291703500583740e+00
1.025306698267678396e+00
1.025321533933322593e+00
1.025336211505440742e+00
1.025350731958404760e+00
1.025365096231117601e+00
1.025379305225111004e+00
1.025393359802661886e+00
1.025407260784929164e+00
1.025421008950109680e+00
1.025434605031615876e+00
1.025448049716276344e+00
1.025461343642560141e+00
1.025474487398826851e+00
1.025487481521602628e+00
1.025500326493882453e+00
1.025513022743464120e+00
1.025525570641309336e+00
1.025537970499938334e+00
1.025550222571854242e+00
1.025562327048004541e+00
1.025574284056275598e+00
1.025586093660024734e+00
1.025597755856647364e+00
1.025609270576187892e+00
1.025620637679986569e+00
1.025631856959370758e+00
1.025642928134388621e+00
1.025653850852586979e+00
1.025664624687836479e+00
1.025675249139203160e+00
1.025685723629869539e+00
1.025696047506106545e+00
1.025706220036295191e+00
1.025716240410006863e+00
1.025726107737132686e+00
1.025735821047074392e+00
1.025745379287990033e+00
1.025754781326102760e+00
1.025764025945067992e+00
1.025773111845406760e+00
1.025782037644001221e+00
1.025790801873660119e+00
1.025799402982748187e+00
1.025807839334889060e+00
1.025816109208738558e+00
1.025824210797830593e+00
1.025832142210499676e+00
1.025839901469880466e+00
1.025847486513982165e+00
1.025854895195848826e+00
1.025862125283797610e+00
1.025869174461741640e+00
1.025876040329599892e+00
1.025882720403790582e+00
1.025889212117817584e+00
1.025895512822943889e+00
1.025901619788958108e+00
1.025907530205035112e+00
1.025913241180689717e+00
1.025918749746828951e+00
1.025924052856901580e+00
1.025929147388145335e+00
1.025934030142936049e+00
1.025938697850239389e+00
1.025943147167162728e+00
1.025947374680613811e+00
1.025951376909062240e+00
1.025955150304408203e+00
1.025958691253956889e+00
1.025961996082500605e+00
1.025965061054509686e+00
1.025967882376428442e+00
1.025970456199083669e+00
1.025972778620199977e+00
1.025974845687023240e+00
1.025976653399054195e+00
1.025978197710890161e+00
1.025979474535173352e+00
1.025980479745648211e+00
1.025981209180323983e+00
1.025981658644743444e+00
1.025981823915356195e+00
1.025981700742993663e+00
1.025981284856446685e+00
1.025980571966142119e+00
1.025979557767916273e+00
1.025978237946885585e+00
1.025976608181407235e+00
1.025974664147131454e+00
1.025972401521140887e+00
1.025969815986172318e+00
1.025966903234921457e+00
1.025963658974420767e+00
1.025960078930492791e+00
1.025956158852270761e+00
1.025951894516782481e+00
1.025947281733595728e+00
1.025942316349514272e+00
1.025936994253327406e+00
1.025931311380597899e+00
1.025925263718491021e+00
1.025918847310635984e+00
1.025912058262009374e+00
1.025904892743840335e+00
1.025897346998528192e+00
1.025889417344562737e+00
1.025881100181447625e+00
1.025872391994609778e+00
1.025863289360295028e+00
1.025853788950439327e+00
1.025843887537507992e+00
1.025833581999293642e+00
1.025822869323667952e+00
1.025811746613274789e+00
1.025800211090160952e+00
1.025788260100331639e+00
1.025775891118225758e+00
1.025763101751100415e+00
1.025749889743316157e+00
1.025736252980514962e+00
1.025722189493684766e+00
1.025707697463094981e+00
1.025692775222104114e+00
1.025677421260823285e+00
1.025661634229630526e+00
1.025645412942529644e+00
1.025628756380343010e+00
1.025611663693730247e+00
1.025594134206028407e+00
1.025576167415903406e+00
1.025557762999808498e+00
1.025538920814239363e+00
1.025519640897784690e+00
1.025499923472960706e+00
1.025479768947830772e+00
1.025459177917396492e+00
1.025438151164763445e+00
1.025416689662073999e+00
1.025394794571201640e+00
1.025372467244208163e+00
1.025349709223555283e+00
1.025326522242074656e+00
1.025302908222688547e+00
1.025278869277885141e+00
1.025254407708944715e+00
1.025229526004917346e+00
1.025204226841355037e+00
1.025178513078796705e+00
1.025152387761006478e+00
1.025125854112976409e+00
1.025098915538683819e+00
1.025071575618617281e+00
1.025043838107072336e+00
1.025015706929218284e+00
1.024987186177949372e+00
1.024958280110515929e+00
1.024928993144953004e+00
1.024899329856305386e+00
1.024869294972661216e+00
1.024838893370999537e+00
1.024808130072863310e+00
1.024777010239863895e+00
1.024745539169029662e+00
1.024713722288005391e+00
1.024681565150115325e+00
1.024649073429299007e+00
1.024616252914931636e+00
1.024583109506539191e+00
1.024549649208420066e+00
1.024515878124184765e+00
1.024481802451226775e+00
1.024447428475131261e+00
1.024412762564040680e+00
1.024377811162983321e+00
1.024342580788179413e+00
1.024307078021334139e+00
1.024271309503933303e+00
1.024235281931548114e+00
1.024199002048163054e+00
1.024162476640538166e+00
1.024125712532615085e+00
1.024088716579977465e+00
1.024051495664377587e+00
1.024014056688335117e+00
1.023976406569823361e+00
1.023938552237043886e+00
1.023900500623306176e+00
1.023862258662013414e+00
1.023823833281767959e+00
1.023785231401596052e+00
1.023746459926306418e+00
1.023707525741982538e+00
1.023668435711615254e+00
1.023629196670883257e+00
1.023589815424081007e+00
1.023550298740202313e+00
1.023510653349177124e+00
1.023470885938270847e+00
1.023431003148641771e+00
1.023391011572061249e+00
1.023350917747796185e+00
1.023310728159655847e+00
1.023270449233199653e+00
1.023230087333109051e+00
1.023189648760716164e+00
1.023149139751697856e+00
1.023108566473920567e+00
1.023067935025442798e+00
1.023027251432669704e+00
1.022986521648653557e+00
1.022945751551540994e+00
1.022904946943161919e+00
1.022864113547751419e+00
1.022823257010810227e+00
1.022782382898087539e+00
1.022741496694691055e+00
1.022700603804314046e+00
1.022659709548575879e+00
1.022618819166471349e+00
1.022577937813924587e+00
1.022537070563439121e+00
1.022496222403844746e+00
1.022455398240128321e+00
1.022414602893350954e+00
1.022373841100643332e+00
1.022333117515272782e+00
1.022292436706780050e+00
1.022251803161179806e+00
1.022211221281222215e+00
1.022170695386706907e+00
1.022130229714850014e+00
1.022089828420699842e+00
1.022049495577591394e+00
1.022009235177644415e+00
1.021969051132298301e+00
1.021928947272877197e+00
1.021888927351187526e+00
1.021848995040143482e+00
1.021809153934416070e+00
1.021769407551106790e+00
1.021729759330440190e+00
1.021690212636476858e+00
1.021650770757842164e+00
1.021611436908471893e+00
1.021572214228371411e+00
1.021533105784388828e+00
1.021494114570998590e+00
1.021455243511098843e+00
1.021416495456818119e+00
1.021377873190332908e+00
1.021339379424694771e+00
1.021301016804667228e+00
1.021262787907571967e+00
1.021224695244146607e+00
1.021186741259406894e+00
1.021148928333525108e+00
1.021111258782713360e+00
1.021073734860118654e+00
1.021036358756729712e+00
1.020999132602292470e+00
1.020962058466236666e+00
1.020925138358618200e+00
1.020888374231066598e+00
1.020851767977750679e+00
1.020815321436354672e+00
1.020779036389068972e+00
1.020742914563591119e+00
1.020706957634146317e+00
1.020671167222518161e+00
1.020635544899095803e+00
1.020600092183936214e+00
1.020564810547842427e+00
1.020529701413455115e+00
1.020494766156364141e+00
1.020460006106230999e+00
1.020425422547931227e+00
1.020391016722711264e+00
1.020356789829361066e+00
1.020322743025403156e+00
1.020288877428295216e+00
1.020255194116652886e+00
1.020221694131480561e+00
1.020188378477422830e+00
1.020155248124026581e+00
1.020122304007016867e+00
1.020089547029585653e+00
1.020056978063692998e+00
1.020024597951378453e+00
1.019992407506081555e+00
1.019960407513973877e+00
1.019928598735294401e+00
1.019896981905696443e+00
1.019865557737594797e+00
1.019834326921519319e+00
1.019803290127469619e+00
1.019772448006269983e+00
1.019741801190921171e+00
1.019711350297952679e+00
1.019681095928765657e+00
1.019651038670971399e+00
1.019621179099718500e+00
1.019591517779009582e+00
1.019562055263004030e+00
1.019532792097304075e+00
1.019503728820225108e+00
1.019474865964040688e+00
1.019446204056209337e+00
1.019417743620574024e+00
1.019389485178532340e+00
1.019361429250180251e+00
1.019333576355419435e+00
1.019305927015033753e+00
1.019278481751726639e+00
1.019251241091118310e+00
1.019224205562704988e+00
1.019197375700772845e+00
1.019170752045266415e+00
1.019144335142610824e+00
1.019118125546486731e+00
1.019092123818552187e+00
1.019066330529115216e+00
1.019040746257751984e+00
1.019015371593873009e+00
1.018990207137232762e+00
1.018965253498383294e+00
1.018940511299075036e+00
1.018915981172595853e+00
1.018891663764058819e+00
1.018867559730628702e+00
1.018843669741694491e+00
1.018819994478986635e+00
1.018796534636635887e+00
1.018773290921179075e+00
1.018750264051511811e+00
1.018727454758787232e+00
1.018704863786263459e+00
1.018682491889103314e+00
1.018660339834122297e+00
1.018638408399492601e+00
1.018616698374403828e+00
1.018595210558676190e+00
1.018573945762339950e+00
1.018552904805172243e+00
1.018532088516199252e+00
1.018511497733166404e+00
1.018491133301976159e+00
1.018470996076099144e+00
1.018451086915959092e+00
1.018431406688293350e+00
1.018411956265496521e+00
1.018392736524941888e+00
1.018373748348292862e+00
1.018354992620796651e+00
1.018336470230572610e+00
1.018318182067889710e+00
1.018300129024441780e+00
1.018282311992617872e+00
1.018264731864775063e+00
1.018247389532510594e+00
1.018230285885940223e+00
1.018213421812981911e+00
1.018196798198648390e+00
1.018180415924350157e+00
1.018164275867209145e+00
1.018148378899387918e+00
1.018132725887432422e+00
1.018117317691632273e+00
1.018102155165399259e+00
1.018087239154664481e+00
1.018072570497297047e+00
1.018058150022541408e+00
1.018043978550480677e+00
1.018030056891519930e+00
1.018016385845895044e+00
1.018002966203205295e+00
1.017989798741969487e+00
1.017976884229210288e+00
1.017964223420059655e+00
1.017951817057395569e+00
1.017939665871497423e+00
1.017927770579734048e+00
1.017916131886272613e+00
1.017904750481814835e+00
1.017893627043359173e+00
1.017882762233986105e+00
1.017872156702670505e+00
1.017861811084115331e+00
1.017851725998612178e+00
1.017841902051923153e+00
1.017832339835186062e+00
1.017823039924841355e+00
1.017814002882580837e+00
1.017805229255317245e+00
1.017796719575173370e+00
1.017788474359490714e+00
1.017780494110855471e+00
1.017772779317145826e+00
1.017765330451589456e+00
1.017758147972843918e+00
1.017751232325087019e+00
1.017744583938124059e+00
1.017738203227506188e+00
1.017732090594662964e+00
1.017726246427044678e+00
1.017720671098276686e+00
1.017715364968321046e+00
1.017710328383647500e+00
1.017705561677414439e+00
1.017701065169651198e+00
1.017696839167452350e+00
1.017692883965170658e+00
1.017689199844619585e+00
1.017685787075273574e+00
1.017682645914474993e+00
1.017679776607638420e+00
1.017677179388458697e+00
