1.000603444564682754e+00
1.000677447825569333e+00
1.000800002176916781e+00
1.000944295813762208e+00
1.001101300282692286e+00
1.001266675942873885e+00
1.001437863301347653e+00
1.001613160059510399e+00
1.001791349632302541e+00
1.001971522021287697e+00
1.002152974902643656e+00
1.002335153433473014e+00
1.002517611031052969e+00
1.002699982571373383e+00
1.002881965458582769e+00
1.003063305939682959e+00
1.003243789041492473e+00
1.003423231070774246e+00
1.003601473958086299e+00
1.003778380942906390e+00
1.003953833242654081e+00
1.004127727448508534e+00
1.004299973461654005e+00
1.004470492834203865e+00
1.004639217415510988e+00
1.004806088230949968e+00
1.004971054539399722e+00
1.005134073029543718e+00
1.005295107125232512e+00
1.005454126377538948e+00
1.005611105926554671e+00
1.005766026019980774e+00
1.005918871578532103e+00
1.006069631800417863e+00
1.006218299798844473e+00
1.006364872267797139e+00
1.006509349172353573e+00
1.006651733460572462e+00
1.006792030794626758e+00
1.006930249299320623e+00
1.007066399326537187e+00
1.007200493234450267e+00
1.007332545180581018e+00
1.007462570927956325e+00
1.007590587663769632e+00
1.007716613830045516e+00
1.007840668965879871e+00
1.007962773560883818e+00
1.008082948919477806e+00
1.008201217035709973e+00
1.008317600478266796e+00
1.008432122285341404e+00
1.008544805869014294e+00
1.008655674928781609e+00
1.008764753373850187e+00
1.008872065253798578e+00
1.008977634697179937e+00
1.009081485857628246e+00
1.009183642867011343e+00
1.009284129795158691e+00
1.009382970615683828e+00
1.009480189177412335e+00
1.009575809180923933e+00
1.009669854159716884e+00
1.009762347465510413e+00
1.009853312257208868e+00
1.009942771493063329e+00
1.010030747925586336e+00
1.010117264098793211e+00
1.010202342347371829e+00
1.010286004797403159e+00
1.010368273368292380e+00
1.010449169775592626e+00
1.010528715534444455e+00
1.010606931963383026e+00
1.010683840188295157e+00
1.010759461146353289e+00
1.010833815589770701e+00
1.010906924089270742e+00
1.010978807037174132e+00
1.011049484650052621e+00
1.011118976970913241e+00
1.011187303870900056e+00
1.011254485050526286e+00
1.011320540040458127e+00
1.011385488201893335e+00
1.011449348726580322e+00
1.011512140636540380e+00
1.011573882783550538e+00
1.011634593848454999e+00
1.011694292340368895e+00
1.011752996595836729e+00
1.011810724778003490e+00
1.011867494875850815e+00
1.011923324703542626e+00
1.011978231899921088e+00
1.012032233928176650e+00
1.012085348075716595e+00
1.012137591454242980e+00
1.012188981000040178e+00
1.012239533474471820e+00
1.012289265464668020e+00
1.012338193384392016e+00
1.012386333475053357e+00
1.012433701806847441e+00
1.012480314279982974e+00
1.012526186625964497e+00
1.012571334408898460e+00
1.012615773026782406e+00
1.012659517712748425e+00
1.012702583536222667e+00
1.012744985403982501e+00
1.012786738061071556e+00
1.012827856091566447e+00
1.012868353919163411e+00
1.012908245807589092e+00
1.012947545860812149e+00
1.012986268023066572e+00
1.013024426078683149e+00
1.013062033651735749e+00
1.013099104205517520e+00
1.013135651041861207e+00
1.013171687300318258e+00
1.013207225957225788e+00
1.013242279824675851e+00
1.013276861549418539e+00
1.013310983611724669e+00
1.013344658324228487e+00
1.013377897830785024e+00
1.013410714105360544e+00
1.013443118950987154e+00
1.013475123998796690e+00
1.013506740707164733e+00
1.013537980360974977e+00
1.013568854071029257e+00
1.013599372773608787e+00
1.013629547230209926e+00
1.013659388027454034e+00
1.013688905577184496e+00
1.013718110116756055e+00
1.013747011709519530e+00
1.013775620245499276e+00
1.013803945442270482e+00
1.013831996846026318e+00
1.013859783832839367e+00
1.013887315610105366e+00
1.013914601218170564e+00
1.013941649532133837e+00
1.013968469263815564e+00
1.013995068963890356e+00
1.014021457024174122e+00
1.014047641680057232e+00
1.014073631013080012e+00
1.014099432953638580e+00
1.014125055283819021e+00
1.014150505640347699e+00
1.014175791517652137e+00
1.014200920271028483e+00
1.014225899119900021e+00
1.014250735151168481e+00
1.014275435322641528e+00
1.014300006466538173e+00
1.014324455293051042e+00
1.014348788393971024e+00
1.014373012246352346e+00
1.014397133216215829e+00
1.014421157562283238e+00
1.014445091439720059e+00
1.014468940903890282e+00
1.014492711914103840e+00
1.014516410337346297e+00
1.014540041951981664e+00
1.014563612451415020e+00
1.014587127447702741e+00
1.014610592475099882e+00
1.014634012993532508e+00
1.014657394391982992e+00
1.014680741991777824e+00
1.014704061049768846e+00
1.014727356761393251e+00
1.014750634263609896e+00
1.014773898637696625e+00
1.014797154911904364e+00
1.014820408063961121e+00
1.014843663023418774e+00
1.014866924673838433e+00
1.014890197854808607e+00
1.014913487363796829e+00
1.014936797957830317e+00
1.014960134355004318e+00
1.014983501235821706e+00
1.015006903244360270e+00
1.015030344989276356e+00
1.015053831044639976e+00
1.015077365950612043e+00
1.015100954213966400e+00
1.015124600308460412e+00
1.015148308675060118e+00
1.015172083722032825e+00
1.015195929824902699e+00
1.015219851326286449e+00
1.015243852535614666e+00
1.015267937728742798e+00
1.015292111147462872e+00
1.015316376998925296e+00
1.015340739454975161e+00
1.015365202651412169e+00
1.015389770687185500e+00
1.015414447623524730e+00
1.015439237483019452e+00
1.015464144248652278e+00
1.015489171862792084e+00
1.015514324226154841e+00
1.015539605196734696e+00
1.015565018588718171e+00
1.015590568171375274e+00
1.015616257667946609e+00
1.015642090754514060e+00
1.015668071058876132e+00
1.015694202159417969e+00
1.015720487583987142e+00
1.015746930808773207e+00
1.015773535257197269e+00
1.015800304298811296e+00
1.015827241248208335e+00
1.015854349363947362e+00
1.015881631847493916e+00
1.015909091842170930e+00
1.015936732432133338e+00
1.015964556641351324e+00
1.015992567432616678e+00
1.016020767706561578e+00
1.016049160300696252e+00
1.016077747988461955e+00
1.016106533478300822e+00
1.016135519412740384e+00
1.016164708367493397e+00
1.016194102850573655e+00
1.016223705301422697e+00
1.016253518090052044e+00
1.016283543516197208e+00
1.016313783808482807e+00
1.016344241123598113e+00
1.016374917545485257e+00
1.016405815084534314e+00
1.016436935676787057e+00
1.016468281183151134e+00
1.016499853388618702e+00
1.016531654001494811e+00
1.016563684652627364e+00
1.016595946894648606e+00
1.016628442201215954e+00
1.016661171966260824e+00
1.016694137503240780e+00
1.016727340044394134e+00
1.016760780740000314e+00
1.016794460657641341e+00
1.016828380781466867e+00
1.016862542011462978e+00
1.016896945162721666e+00
1.016931590964715859e+00
1.016966480060573996e+00
1.017001613006360383e+00
1.017036990270355989e+00
1.017072612232344131e+00
1.017108479182899927e+00
1.017144591322682201e+00
1.017180948761730930e+00
1.017217551518769358e+00
1.017254399520511221e+00
1.017291492600974623e+00
1.017328830500802361e+00
1.017366412866590242e+00
1.017404239250224496e+00
1.017442309108226084e+00
1.017480621801110985e+00
1.017519176592755592e+00
1.017557972649779874e+00
1.017597009040943412e+00
1.017636284736555208e+00
1.017675798607902582e+00
1.017715549426698729e+00
1.017755535864547367e+00
1.017795756492431813e+00
1.017836209780226486e+00
1.017876894096233276e+00
1.017917807706745004e+00
1.017958948775638195e+00
1.018000315363995822e+00
1.018041905429762695e+00
1.018083716827437923e+00
1.018125747307801587e+00
1.018167994517682029e+00
1.018210455999766451e+00
1.018253129192450146e+00
1.018296011429738357e+00
1.018339099941190318e+00
1.018382391851918811e+00
1.018425884182641017e+00
1.018469573849783760e+00
1.018513457665648492e+00
1.018557532338636662e+00
1.018601794473536604e+00
1.018646240571875694e+00
1.018690867032342240e+00
1.018735670151275752e+00
1.018780646123227385e+00
1.018825791041600093e+00
1.018871100899361615e+00
1.018916571589836728e+00
1.018962198907583883e+00
1.019007978549350657e+00
1.019053906115118480e+00
1.019099977109232391e+00
1.019146186941619625e+00
1.019192530929100782e+00
1.019239004296791595e+00
1.019285602179598627e+00
1.019332319623811767e+00
1.019379151588791554e+00
1.019426092948753526e+00
1.019473138494653819e+00
1.019520282936171363e+00
1.019567520903789992e+00
1.019614846950982479e+00
1.019662255556494257e+00
1.019709741126726854e+00
1.019757297998223011e+00
1.019804920440252172e+00
1.019852602657493446e+00
1.019900338792819605e+00
1.019948122930178780e+00
1.019995949097572296e+00
1.020043811270125778e+00
1.020091703373258829e+00
1.020139619285941546e+00
1.020187552844044276e+00
1.020235497843771544e+00
1.020283448045183894e+00
1.020331397175800348e+00
1.020379338934277902e+00
1.020427266994170301e+00
1.020475175007756308e+00
1.020523056609937473e+00
1.020570905422198749e+00
1.020618715056633041e+00
1.020666479120016845e+00
1.020714191217940048e+00
1.020761844958982589e+00
1.020809433958928647e+00
1.020856951845023008e+00
1.020904392260252092e+00
1.020951748867654274e+00
1.020999015354647987e+00
1.021046185437373577e+00
1.021093252865042933e+00
1.021140211424290900e+00
1.021187054943519357e+00
1.021233777297235967e+00
1.021280372410366954e+00
1.021326834262552996e+00
1.021373156892410039e+00
1.021419334401755030e+00
1.021465360959785240e+00
1.021511230807208959e+00
1.021556938260317349e+00
1.021602477714993018e+00
1.021647843650646648e+00
1.021693030634077459e+00
1.021738033323249528e+00
1.021782846470976169e+00
1.021827464928510176e+00
1.021871883649029034e+00
1.021916097691012215e+00
1.021960102221501909e+00
1.022003892519245838e+00
1.022047463977709292e+00
1.022090812107958824e+00
1.022133932541406942e+00
1.022176821032414029e+00
1.022219473460744377e+00
1.022261885833869233e+00
1.022304054289113973e+00
1.022345975095644732e+00
1.022387644656290506e+00
1.022429059509199156e+00
1.022470216329319115e+00
1.022511111929709005e+00
1.022551743262670731e+00
1.022592107420700724e+00
1.022632201637262206e+00
1.022672023287371834e+00
1.022711569888002270e+00
1.022750839098298670e+00
1.022789828719607108e+00
1.022828536695315593e+00
1.022866961110506345e+00
1.022905100191420669e+00
1.022942952304733755e+00
1.022980515956644076e+00
1.023017789791774490e+00
1.023054772591889705e+00
1.023091463274425461e+00
1.023127860890839624e+00
1.023163964624780764e+00
1.023199773790077094e+00
1.023235287828550444e+00
1.023270506307657479e+00
1.023305428917959059e+00
1.023340055470423282e+00
1.023374385893563110e+00
1.023408420230415672e+00
1.023442158635361920e+00
1.023475601370796406e+00
1.023508748803644952e+00
1.023541601401742440e+00
1.023574159730063826e+00
1.023606424446825924e+00
1.023638396299454412e+00
1.023670076120426042e+00
1.023701464822988072e+00
1.023732563396763995e+00
1.023763372903245372e+00
1.023793894471179078e+00
1.023824129291852403e+00
1.023854078614284679e+00
1.023883743740326313e+00
1.023913126019674102e+00
1.023942226844808623e+00
1.023971047645854116e+00
1.023999589885373762e+00
1.024027855053100566e+00
1.024055844660609838e+00
1.024083560235942603e+00
1.024111003318180835e+00
1.024138175451982491e+00
1.024165078182083466e+00
1.024191713047768015e+00
1.024218081577315864e+00
1.024244185282434438e+00
1.024270025652673777e+00
1.024295604149839445e+00
1.024320922202401229e+00
1.024345981199908273e+00
1.024370782487414200e+00
1.024395327359916896e+00
1.024419617056822940e+00
1.024443652756437562e+00
1.024467435570486806e+00
1.024490966538681658e+00
1.024514246623325242e+00
1.024537276703970212e+00
1.024560057572136529e+00
1.024582589926085419e+00
1.024604874365669493e+00
1.024626911387251482e+00
1.024648701378708449e+00
1.024670244614520165e+00
1.024691541250953186e+00
1.024712591321343513e+00
1.024733394731486724e+00
1.024753951255140016e+00
1.024774260529645931e+00
1.024794322051680195e+00
1.024814135173135465e+00
1.024833699097143835e+00
1.024853012874247904e+00
1.024872075398727489e+00
1.024890885405084884e+00
1.024909441464707083e+00
1.024927741982696539e+00
1.024945785194894432e+00
1.024963569165092458e+00
1.024981091782447118e+00
1.024998350759103394e+00
1.025015343628032261e+00
1.025032067741099340e+00
1.025048520267359375e+00
1.025064698191599621e+00
1.025080598313127922e+00
1.025096217244823471e+00
1.025111551412452027e+00
1.025126597054256461e+00
1.025141350220834857e+00
1.025155806775305045e+00
1.025169962393775780e+00
1.025183812566121677e+00
1.025197352597078781e+00
1.025210577607662543e+00
1.025223482536920860e+00
1.025236062144024629e+00
1.025248311010708679e+00
1.025260223544064653e+00
1.025271793979697588e+00
1.025283016385248658e+00
1.025293884664292277e+00
1.025304392560611788e+00
1.025314533662859073e+00
1.025324301409604733e+00
1.025333689094777512e+00
1.025342689873501190e+00
1.025351296768329368e+00
1.025359502675880830e+00
1.025367300373873691e+00
1.025374682528562786e+00
1.025381641702575841e+00
1.025388170363149332e+00
1.025394260890758469e+00
1.025399905588141092e+00
1.025405096689708140e+00
1.025409826371334043e+00
1.025414086760522814e+00
1.025417869946939398e+00
1.025421167993295635e+00
1.025423972946582163e+00
1.025426276849633389e+00
1.025428071753009096e+00
1.025429349727182693e+00
1.025430102875013905e+00
1.025430323344491912e+00
1.025430003341728291e+00
1.025429135144178439e+00
1.025427711114070162e+00
1.025425723712015902e+00
1.025423165510779944e+00
1.025420029209180406e+00
1.025416307646092040e+00
1.025411993814526745e+00
1.025407080875752719e+00
1.025401562173431591e+00
1.025395431247730915e+00
1.025388681849384476e+00
1.025381307953662446e+00
1.025373303774218314e+00
1.025364663776772378e+00
1.025355382692599848e+00
1.025345455531779360e+00
1.025334877596172589e+00
1.025323644492086128e+00
1.025311752142587185e+00
1.025299196799428936e+00
1.025285975054546217e+00
1.025272083851090699e+00
1.025257520493959795e+00
1.025242282659788895e+00
1.025226368406367161e+00
1.025209776181446042e+00
1.025192504830902296e+00
1.025174553606228667e+00
1.025155922171318013e+00
1.025136610608512910e+00
1.025116619423895870e+00
1.025095949551795727e+00
1.025074602358482245e+00
1.025052579645040041e+00
1.025029883649392071e+00
1.025006517047469812e+00
1.024982482953510576e+00
1.024957784919476644e+00
1.024932426933591989e+00
1.024906413417991047e+00
1.024879749225485082e+00
1.024852439635444146e+00
1.024824490348811290e+00
1.024795907482251245e+00
1.024766697561453554e+00
1.024736867513605931e+00
1.024706424659062698e+00
1.024675376702223195e+00
1.024643731721661899e+00
1.024611498159528011e+00
1.024578684810256046e+00
1.024545300808620274e+00
1.024511355617173658e+00
1.024476859013113028e+00
1.024441821074611791e+00
1.024406252166670361e+00
1.024370162926526273e+00
1.024333564248679274e+00
1.024296467269577793e+00
1.024258883352019645e+00
1.024220824069317803e+00
1.024182301189289213e+00
1.024143326658111253e+00
1.024103912584106046e+00
1.024064071221503669e+00
1.024023814954232225e+00
1.023983156279789863e+00
1.023942107793248679e+00
1.023900682171434484e+00
1.023858892157334610e+00
1.023816750544774390e+00
1.023774270163406053e+00
1.023731463864050006e+00
1.023688344504426917e+00
1.023644924935314116e+00
1.023601217987157419e+00
1.023557236457170783e+00
1.023512993096944435e+00
1.023468500600587916e+00
1.023423771593428011e+00
1.023378818621270891e+00
1.023333654140252236e+00
1.023288290507272658e+00
1.023242739971036208e+00
1.023197014663684845e+00
1.023151126593037086e+00
1.023105087635423960e+00
1.023058909529115823e+00
1.023012603868333592e+00
1.022966182097836629e+00
1.022919655508063297e+00
1.022873035230822847e+00
1.022826332235508673e+00
1.022779557325824262e+00
1.022732721136991429e+00
1.022685834133427285e+00
1.022638906606858411e+00
1.022591948674859363e+00
1.022544970279775534e+00
1.022497981188018379e+00
1.022450990989701936e+00
1.022404009098593747e+00
1.022357044752355559e+00
1.022310107013050029e+00
1.022263204767886347e+00
1.022216346730182801e+00
1.022169541440518525e+00
1.022122797268056438e+00
1.022076122412013621e+00
1.022029524903257380e+00
1.021983012606008101e+00
1.021936593219634037e+00
1.021890274280514710e+00
1.021844063163963590e+00
1.021797967086191194e+00
1.021751993106299938e+00
1.021706148128294966e+00
1.021660438903104762e+00
1.021614872030600640e+00
1.021569453961608698e+00
1.021524190999907322e+00
1.021479089304206278e+00
1.021434154890103141e+00
1.021389393632013975e+00
1.021344811265079144e+00
1.021300413387039141e+00
1.021256205460083999e+00
1.021212192812677166e+00
1.021168380641352957e+00
1.021124774012492686e+00
1.021081377864079265e+00
1.021038197007436699e+00
1.020995236128953598e+00
1.020952499791798918e+00
1.020909992437629921e+00
1.020867718388298817e+00
1.020825681847560951e+00
1.020783886902788096e+00
1.020742337526692189e+00
1.020701037579061055e+00
1.020659990808510775e+00
1.020619200854259390e+00
1.020578671247921898e+00
1.020538405415333916e+00
1.020498406678398862e+00
1.020458678256970231e+00
1.020419223270765396e+00
1.020380044741310499e+00
1.020341145593925747e+00
1.020302528659742247e+00
1.020264196677759028e+00
1.020226152296936029e+00
1.020188398078326397e+00
1.020150936497244309e+00
1.020113769945469873e+00
1.020076900733493552e+00
1.020040331092794128e+00
1.020004063178149956e+00
1.019968099069987755e+00
1.019932440776759819e+00
1.019897090237354975e+00
1.019862049323536191e+00
1.019827319842406599e+00
1.019792903538901285e+00
1.019758802098299277e+00
1.019725017148760404e+00
1.019691550263877033e+00
1.019658402965242239e+00
1.019625576725033289e+00
1.019593072968600911e+00
1.019560893077068542e+00
1.019529038389934694e+00
1.019497510207674207e+00
1.019466309794337278e+00
1.019435438380140280e+00
1.019404897164044588e+00
1.019374687316322303e+00
1.019344809981098887e+00
1.019315266278873366e+00
1.019286057309006122e+00
1.019257184152178031e+00
1.019228647872802762e+00
1.019200449521401985e+00
1.019172590136924406e+00
1.019145070749015058e+00
1.019117892380219548e+00
1.019091056048126109e+00
1.019064562767435067e+00
1.019038413551949906e+00
1.019012609416491966e+00
1.018987151378721867e+00
1.018962040460875240e+00
1.018937277691400523e+00
1.018912864106493288e+00
1.018888800751532875e+00
1.018865088682403997e+00
1.018841728966712434e+00
1.018818722684883049e+00
1.018796070931143660e+00
1.018773774814387689e+00
1.018751835458919119e+00
1.018730254005075553e+00
1.018709031609728033e+00
1.018688169446662073e+00
1.018667668706835006e+00
1.018647530598515427e+00
1.018627756347303182e+00
1.018608347196032771e+00
1.018589304404563967e+00
1.018570629249461179e+00
1.018552323023564909e+00
1.018534387035462396e+00
1.018516822608855676e+00
1.018499631081837720e+00
1.018482813806078191e+00
1.018466372145924392e+00
1.018450307477424932e+00
1.018434621187277456e+00
1.018419314671711096e+00
1.018404389335306970e+00
1.018389846589760728e+00
1.018375687852598244e+00
1.018361914545845792e+00
1.018348528094662475e+00
1.018335529925940897e+00
1.018322921466880748e+00
1.018310704143542189e+00
1.018298879379383681e+00
1.018287448593788724e+00
1.018276413200588149e+00
1.018265774606581076e+00
1.018255534210059876e+00
1.018245693399343121e+00
1.018236253551320525e+00
1.018227216030011650e+00
1.018218582185147492e+00
1.018210353350767372e+00
1.018202530843846709e+00
1.018195115962946984e+00
1.018188109986897016e+00
1.018181514173503555e+00
1.018175329758294945e+00
1.018169557953297222e+00
1.018164199945845505e+00
1.018159256897431142e+00
1.018154729942581938e+00
1.018150620187780131e+00
1.018146928710417010e+00
1.018143656557780385e+00
1.018140804746080930e+00
1.018138374259510259e+00
1.018136366049334995e+00
1.018134781033023462e+00
1.018133620093405467e+00
1.018132884077861622e+00
1.018132573797545293e+00
1.018132690026629872e+00
1.018133233501587576e+00
1.018134204920490671e+00
1.018135604942338679e+00
1.018137434186408896e+00
1.018139693231627563e+00
1.018142382615960129e+00
1.018145502835821503e+00
1.018149054345499849e+00
1.018153037556599028e+00
1.018157452837490151e+00
1.018162300512776230e+00
1.018167580862769039e+00
1.018173294122968864e+00
1.018179440483556020e+00
1.018186020088885257e+00
1.018193033036983497e+00
1.018200479379049117e+00
1.018208359118955020e+00
1.018216672212747254e+00
1.018225418568144303e+00
1.018234598044030381e+00
1.018244210449948950e+00
1.018254255545584241e+00
1.018264733040241232e+00
1.018275642592315622e+00
1.018286983808756707e+00
1.018298756244516934e+00
1.018310959401997007e+00
1.018323592730473903e+00
1.018336655625521781e+00
1.018350147428418007e+00
1.018364067425536978e+00
1.018378414847731506e+00
1.018393188869699095e+00
1.018408388609337578e+00
1.018424013127081640e+00
1.018440061425230692e+00
1.018456532447259422e+00
1.018473425077115468e+00
1.018490738138504437e+00
1.018508470394158039e+00
1.018526620545092243e+00
1.018545187229853877e+00
1.018564169023748800e+00
1.018583564438066746e+00
1.018603371919288181e+00
1.018623589848285604e+00
1.018644216539513536e+00
1.018665250240190723e+00
1.018686689129473910e+00
1.018708531317628729e+00
1.018730774845190812e+00
1.018753417682127349e+00
1.018776457726993767e+00
1.018799892806090845e+00
1.018823720672621391e+00
1.018847939005849801e+00
1.018872545410264507e+00
1.018897537414747756e+00
1.018922912471750486e+00
1.018948667956478094e+00
1.018974801166085964e+00
1.019001309318890325e+00
1.019028189553591535e+00
1.019055438928516466e+00
1.019083054420880652e+00
1.019111032926070415e+00
1.019139371256952087e+00
1.019168066143204321e+00
1.019197114230681045e+00
1.019226512080805946e+00
1.019256256169999819e+00
1.019286342889144326e+00
1.019316768543084395e+00
1.019347529350173698e+00
1.019378621441860311e+00
1.019410040862324118e+00
1.019441783568157955e+00
1.019473845428104930e+00
1.019506222222848368e+00
1.019538909644858382e+00
1.019571903298300386e+00
1.019605198699003124e+00
1.019638791274493972e+00
1.019672676364101083e+00
1.019706849219125466e+00
1.019741305003087017e+00
1.019776038792042261e+00
1.019811045574986030e+00
1.019846320254325533e+00
1.019881857646441681e+00
1.019917652482335013e+00
1.019953699408354453e+00
1.019989992987018423e+00
1.020026527697926344e+00
1.020063297938758495e+00
1.020100298026377583e+00
1.020137522198018676e+00
1.020174964612581281e+00
1.020212619352018901e+00
1.020250480422828510e+00
1.020288541757640388e+00
1.020326797216912773e+00
1.020365240590725531e+00
1.020403865600680193e+00
1.020442665901902357e+00
1.020481635085149330e+00
1.020520766679020142e+00
1.020560054152271245e+00
1.020599490916234142e+00
1.020639070327338693e+00
1.020678785689734802e+00
1.020718630258018900e+00
1.020758597240057686e+00
1.020798679799912900e+00
1.020838871060861131e+00
1.020879164108508874e+00
1.020919551994000862e+00
1.020960027737318976e+00
1.021000584330667316e+00
1.021041214741945202e+00
1.021081911918299001e+00
1.021122668789753440e+00
1.021163478272919534e+00
1.021204333274771114e+00
1.021245226696489539e+00
1.021286151437372780e+00
1.021327100398799592e+00
1.021368066488251625e+00
1.021409042623380836e+00
1.021450021736122649e+00
1.021490996776847515e+00
1.021531960718545573e+00
1.021572906561037719e+00
1.021613827335210889e+00
1.021654716107266214e+00
1.021695565982980725e+00
1.021736370111966385e+00
1.021777121691935575e+00
1.021817813972948574e+00
1.021858440261650181e+00
1.021898993925483445e+00
1.021939468396874551e+00
1.021979857177381046e+00
1.022020153841799228e+00
1.022060352042222675e+00
1.022100445512042377e+00
1.022140428069890250e+00
1.022180293623506708e+00
1.022220036173537627e+00
1.022259649817246707e+00
1.022299128752140351e+00
1.022338467279494845e+00
1.022377659807787387e+00
1.022416700856013216e+00
1.022455585056893490e+00
1.022494307159962146e+00
1.022532862034527978e+00
1.022571244672505486e+00
1.022609450191110270e+00
1.022647473835414322e+00
1.022685310980751883e+00
1.022722957134978961e+00
1.022760407940575433e+00
1.022797659176587048e+00
1.022834706760407331e+00
1.022871546749389626e+00
1.022908175342289505e+00
1.022944588880536632e+00
1.022980783849326336e+00
1.023016756878536881e+00
1.023052504743461766e+00
1.023088024365363502e+00
1.023123312811840435e+00
1.023158367297007709e+00
1.023193185181494158e+00
1.023227763972250681e+00
1.023262101322168549e+00
1.023296195029514966e+00
1.023330043037176340e+00
1.023363643431717929e+00
1.023396994442255403e+00
1.023430094439141680e+00
1.023462941932469894e+00
1.023495535570394965e+00
1.023527874137274418e+00
1.023559956551630457e+00
1.023591781863937067e+00
1.023623349254234371e+00
1.023654658029571785e+00
1.023685707621284635e+00
1.023716497582107365e+00
1.023747027583125968e+00
1.023777297410572995e+00
1.023807306962472019e+00
1.023837056245132437e+00
1.023866545369497949e+00
1.023895774547358251e+00
1.023924744087423733e+00
1.023953454391267393e+00
1.023981905949145732e+00
1.024010099335691315e+00
1.024038035205495412e+00
1.024065714288576512e+00
1.024093137385742036e+00
1.024120305363851902e+00
1.024147219150983501e+00
1.024173879731507864e+00
1.024200288141082993e+00
1.024226445461562829e+00
1.024252352815838485e+00
1.024278011362604879e+00
1.024303422291070298e+00
1.024328586815603792e+00
1.024353506170335049e+00
1.024378181603703419e+00
1.024402614372971421e+00
1.024426805738700041e+00
1.024450756959194964e+00
1.024474469284931022e+00
1.024497943952955792e+00
1.024521182181284296e+00
1.024544185163282828e+00
1.024566954062054780e+00
1.024589490004830239e+00
1.024611794077364912e+00
1.024633867318355041e+00
1.024655710713876289e+00
1.024677325191845734e+00
1.024698711616521596e+00
1.024719870783037612e+00
1.024740803411985812e+00
1.024761510144047039e+00
1.024781991534679637e+00
1.024802248048869213e+00
1.024822280055950108e+00
1.024842087824496151e+00
1.024861671517297568e+00
1.024881031186420710e+00
1.024900166768363707e+00
1.024919078079311152e+00
1.024937764810494256e+00
1.024956226523663805e+00
1.024974462646683904e+00
1.024992472469250293e+00
1.025010255138743887e+00
1.025027809656220423e+00
1.025045134872554220e+00
1.025062229484727805e+00
1.025079092032290973e+00
1.025095720893985707e+00
1.025112114284547848e+00
1.025128270251693730e+00
1.025144186673299984e+00
1.025159861254784310e+00
1.025175291526690735e+00
1.025190474842496702e+00
1.025205408376640870e+00
1.025220089122786282e+00
1.025234513892321786e+00
1.025248679313116362e+00
1.025262581828530806e+00
1.025276217696692527e+00
1.025289582990051240e+00
1.025302673595212211e+00
1.025315485213065037e+00
1.025328013359210644e+00
1.025340253364697807e+00
1.025352200377074308e+00
1.025363849361764723e+00
1.025375195103778614e+00
1.025386232209759552e+00
1.025396955110380315e+00
1.025407358063093355e+00
1.025417435155240975e+00
1.025427180307534103e+00
1.025436587277902767e+00
1.025445649665726933e+00
1.025454360916450147e+00
1.025462714326581759e+00
1.025470703049090826e+00
1.025478320099197038e+00
1.025485558360557325e+00
1.025492410591854142e+00
1.025498869433784321e+00
1.025504927416448275e+00
1.025510576967140874e+00
1.025515810418538898e+00
1.025520620017287943e+00
1.025524997932978577e+00
1.025528936267511959e+00
1.025532427064847152e+00
1.025535462321121472e+00
1.025538033995140985e+00
1.025540134019222727e+00
1.025541754310386633e+00
1.025542886781879659e+00
1.025543523355020081e+00
1.025543655971347112e+00
1.025543276605057841e+00
1.025542377275716843e+00
1.025540950061216261e+00
1.025538987110966804e+00
1.025536480659296146e+00
1.025533423039035608e+00
1.025529806695262280e+00
1.025525624199178587e+00
1.025520868262096430e+00
1.025515531749497278e+00
1.025509607695139991e+00
1.025503089315182415e+00
1.025495970022287207e+00
1.025488243439673930e+00
1.025479903415086325e+00
1.025470944034637899e+00
1.025461359636498981e+00
1.025451144824389260e+00
1.025440294480836290e+00
1.025428803780165765e+00
1.025416668201179604e+00
1.025403883539489414e+00
1.025390445919462934e+00
1.025376351805747710e+00
1.025361598014328912e+00
1.025346181723093997e+00
1.025330100481856466e+00
1.025313352221810526e+00
1.025295935264377789e+00
1.025277848329415153e+00
1.025259090542748774e+00
1.025239661443008377e+00
1.025219560987725487e+00
1.025198789558678047e+00
1.025177347966449215e+00
1.025155237454181467e+00
1.025132459700504928e+00
1.025109016821624586e+00
1.025084911372547980e+00
1.025060146347446022e+00
1.025034725179134076e+00
1.025008651737672416e+00
1.024981930328077162e+00
1.024954565687148822e+00
1.024926562979421529e+00
1.024897927792233432e+00
1.024868666129940653e+00
1.024838784407279046e+00
1.024808289441897502e+00
1.024777188446081233e+00
1.024745489017687472e+00
1.024713199130326213e+00
1.024680327122812873e+00
1.024646881687923283e+00
1.024612871860495655e+00
1.024578307004909705e+00
1.024543196801989353e+00
1.024507551235371849e+00
1.024471380577387958e+00
1.024434695374498938e+00
1.024397506432346949e+00
1.024359824800458618e+00
1.024321661756659951e+00
1.024283028791256767e+00
1.024243937591025944e+00
1.024204400023077000e+00
1.024164428118634174e+00
1.024124034056791421e+00
1.024083230148295609e+00
1.024042028819402983e+00
1.024000442595862870e+00
1.023958484087079235e+00
1.023916165970490288e+00
1.023873500976216544e+00
1.023830501872017074e+00
1.023787181448595707e+00
1.023743552505294030e+00
1.023699627836206716e+00
1.023655420216749157e+00
1.023610942390712486e+00
1.023566207057822197e+00
1.023521226861833444e+00
1.023476014379175458e+00
1.023430582108164844e+00
1.023384942458798630e+00
1.023339107743139964e+00
1.023293090166298880e+00
1.023246901818014809e+00
1.023200554664841055e+00
1.023154060542924570e+00
1.023107431151382141e+00
1.023060678046259664e+00
1.023013812635063857e+00
1.022966846171858402e+00
1.022919789752902542e+00
1.022872654312820373e+00
1.022825450621277499e+00
1.022778189280147965e+00
1.022730880721147262e+00
1.022683535203908756e+00
1.022636162814479999e+00
1.022588773464213618e+00
1.022541376889026576e+00
1.022493982649005151e+00
1.022446600128325667e+00
1.022399238535468102e+00
1.022351906903698593e+00
1.022304614091789521e+00
1.022257368784961651e+00
1.022210179496017668e+00
1.022163054566645357e+00
1.022116002168873994e+00
1.022069030306655080e+00
1.022022146817554766e+00
1.021975359374535319e+00
1.021928675487811189e+00
1.021882102506761925e+00
1.021835647621889276e+00
1.021789317866805380e+00
1.021743120120239379e+00
1.021697061108052695e+00
1.021651147405256976e+00
1.021605385438021374e+00
1.021559781485668950e+00
1.021514341682653537e+00
1.021469072020515068e+00
1.021423978349809136e+00
1.021379066382010814e+00
1.021334341691390257e+00
1.021289809716861896e+00
1.021245475763805866e+00
1.021201345005866568e+00
1.021157422486724586e+00
1.021113713121853728e+00
1.021070221700256297e+00
1.021026952886185502e+00
1.020983911220860296e+00
1.020941101124170025e+00
1.020898526896379277e+00
1.020856192719833411e+00
1.020814102660667633e+00
1.020772260670530063e+00
1.020730670588310574e+00
1.020689336141892722e+00
1.020648260949921671e+00
1.020607448523596528e+00
1.020566902268487119e+00
1.020526625486379402e+00
1.020486621377152847e+00
1.020446893040687142e+00
1.020407443478806409e+00
1.020368275597255181e+00
1.020329392207713459e+00
1.020290796029848401e+00
1.020252489693401543e+00
1.020214475740316207e+00
1.020176756626901327e+00
1.020139334726031466e+00
1.020102212329385694e+00
1.020065391649720654e+00
1.020028874823179610e+00
1.019992663911633901e+00
1.019956760905057491e+00
1.019921167723933042e+00
1.019885886221685967e+00
1.019850918187146460e+00
1.019816265347036399e+00
1.019781929368480444e+00
1.019747911861535794e+00
1.019714214381743478e+00
1.019680838432693637e+00
1.019647785468603018e+00
1.019615056896905791e+00
1.019582654080847472e+00
1.019550578342087066e+00
1.019518830963294764e+00
1.019487413190750313e+00
1.019456326236933608e+00
1.019425571283100851e+00
1.019395149481850060e+00
1.019365061959664143e+00
1.019335309819429325e+00
1.019305894142927382e+00
1.019276815993289897e+00
1.019248076417416771e+00
1.019219676448349432e+00
1.019191617107594983e+00
1.019163899407394158e+00
1.019136524352932227e+00
1.019109492944481277e+00
1.019082806179474332e+00
1.019056465054501981e+00
1.019030470567227287e+00
1.019004823718216990e+00
1.018979525512679452e+00
1.018954576962106895e+00
1.018929979085819504e+00
1.018905732912403161e+00
1.018881839481042384e+00
1.018858299842738235e+00
1.018835115061416552e+00
1.018812286214916263e+00
1.018789814395860915e+00
1.018767700712409852e+00
1.018745946288888593e+00
1.018724552266296879e+00
1.018703519802695689e+00
1.018682850073473034e+00
1.018662544271489168e+00
1.018642603607104569e+00
1.018623029308090011e+00
1.018603822619423172e+00
1.018584984802974880e+00
1.018566517137087679e+00
1.018548420916048691e+00
1.018530697449466338e+00
1.018513348061551138e+00
1.018496374090304801e+00
1.018479776886626276e+00
1.018463557813338305e+00
1.018447718244140265e+00
1.018432259562491948e+00
1.018417183160436057e+00
1.018402490437365193e+00
1.018388182798736441e+00
1.018374261654744650e+00
1.018360728418954197e+00
1.018347584506899661e+00
1.018334831334661184e+00
1.018322470317414963e+00
1.018310502867971090e+00
1.018298930395299173e+00
1.018287754303048409e+00
1.018276975988066102e+00
1.018266596838921068e+00
1.018256618234433475e+00
1.018247041542216902e+00
1.018237868117233491e+00
1.018229099300372642e+00
1.018220736417044581e+00
1.018212780775802573e+00
1.018205233666992005e+00
1.018198096361424554e+00
1.018191370109086336e+00
1.018185056137876909e+00
1.018179155652382040e+00
1.018173669832679540e+00
1.018168599833181975e+00
1.018163946781513562e+00
1.018159711777424370e+00
1.018155895891738716e+00
1.018152500165341312e+00
1.018149525608195827e+00
1.018146973198402971e+00
1.018144843881287676e+00
1.018143138568523787e+00
1.018141858137289191e+00
1.018141003429451796e+00
1.018140575250788604e+00
1.018140574370229201e+00
1.018141001519131672e+00
1.018141857390580718e+00
1.018143142638712639e+00
1.018144857878062748e+00
1.018147003682932761e+00
1.018149580586782177e+00
1.018152589081632753e+00
1.018156029617492964e+00
1.018159902601796230e+00
1.018164208398853132e+00
1.018168947329313401e+00
1.018174119669640776e+00
1.018179725651593426e+00
1.018185765461712355e+00
1.018192239240816477e+00
1.018199147083497902e+00
1.018206489037623674e+00
1.018214265103834615e+00
1.018222475235045721e+00
1.018231119335944790e+00
1.018240197262486380e+00
1.018249708821382438e+00
1.018259653769588269e+00
1.018270031813778953e+00
1.018280842609821990e+00
1.018292085762238397e+00
1.018303760823654702e+00
1.018315867294247834e+00
1.018328404621172911e+00
1.018341372197985706e+00
1.018354769364049561e+00
1.018368595403928989e+00
1.018382849546772828e+00
1.018397530965680087e+00
1.018412638777057566e+00
1.018428172039956614e+00
1.018444129755402106e+00
1.018460510865703439e+00
1.018477314253753985e+00
1.018494538742314992e+00
1.018512183093286394e+00
1.018530246006965845e+00
1.018548726121293546e+00
1.018567622011084417e+00
1.018586932187251159e+00
1.018606655096012670e+00
1.018626789118095566e+00
1.018647332567925057e+00
1.018668283692806709e+00
1.018689640672101326e+00
1.018711401616394951e+00
1.018733564566661531e+00
1.018756127493423591e+00
1.018779088295907798e+00
1.018802444801203411e+00
1.018826194763418957e+00
1.018850335862838463e+00
1.018874865705086341e+00
1.018899781820294725e+00
1.018925081662277243e+00
1.018950762607714999e+00
1.018976821955349221e+00
1.019003256925191891e+00
1.019030064657746593e+00
1.019057242213250003e+00
1.019084786570930712e+00
1.019112694628291349e+00
1.019140963200412919e+00
1.019169589019285782e+00
1.019198568733171051e+00
1.019227898905989971e+00
1.019257576016749267e+00
1.019287596459001577e+00
1.019317956540344294e+00
1.019348652481960826e+00
1.019379680418202927e+00
1.019411036396223214e+00
1.019442716375652314e+00
1.019474716228331967e+00
1.019507031738099201e+00
1.019539658600629117e+00
1.019572592423335866e+00
1.019605828725338226e+00
1.019639362937487137e+00
1.019673190402462293e+00
1.019707306374938893e+00
1.019741706021826122e+00
1.019776384422580229e+00
1.019811336569596660e+00
1.019846557368680351e+00
1.019882041639599057e+00
1.019917784116719517e+00
1.019953779449732423e+00
1.019990022204464442e+00
1.020026506863780824e+00
1.020063227828580166e+00
1.020100179418884201e+00
1.020137355875023299e+00
1.020174751358918108e+00
1.020212359955460890e+00
1.020250175673997450e+00
1.020288192449908315e+00
1.020326404146293164e+00
1.020364804555757399e+00
1.020403387402304407e+00
1.020442146343326417e+00
1.020481074971705038e+00
1.020520166818013053e+00
1.020559415352820798e+00
1.020598813989105125e+00
1.020638356084762721e+00
1.020678034945226464e+00
1.020717843826180138e+00
1.020757775936376399e+00
1.020797824440551560e+00
1.020837982462437621e+00
1.020878243087870230e+00
1.020918599367988788e+00
1.020959044322527820e+00
1.020999570943194934e+00
1.021040172197136275e+00
1.021080841030481690e+00
1.021121570371970932e+00
1.021162353136653156e+00
1.021203182229658779e+00
1.021244050550038640e+00
1.021284950994667096e+00
1.021325876462202853e+00
1.021366819857104868e+00
1.021407774093697096e+00
1.021448732100277645e+00
1.021489686823266130e+00
1.021530631231387209e+00
1.021571558319878115e+00
1.021612461114723036e+00
1.021653332676899506e+00
1.021694166106638102e+00
1.021734954547685259e+00
1.021775691191562530e+00
1.021816369281821180e+00
1.021856982118275692e+00
1.021897523061221502e+00
1.021937985535620985e+00
1.021978363035255688e+00
1.022018649126836376e+00
1.022058837454065561e+00
1.022098921741644073e+00
1.022138895799214353e+00
1.022178753525240902e+00
1.022218488910807244e+00
1.022258096043338726e+00
1.022297569110232285e+00
1.022336902402393832e+00
1.022376090317674624e+00
1.022415127364199261e+00
1.022454008163581562e+00
1.022492727454022088e+00
1.022531280093279316e+00
1.022569661061512036e+00
1.022607865463985188e+00
1.022645888533636249e+00
1.022683725633493745e+00
1.022721372258948769e+00
1.022758824039868619e+00
1.022796076742553240e+00
1.022833126271528226e+00
1.022869968671172192e+00
1.022906600127172716e+00
1.022943016967810648e+00
1.022979215665068109e+00
1.023015192835557308e+00
1.023050945241270382e+00
1.023086469790145614e+00
1.023121763536449347e+00
1.023156823680974492e+00
1.023191647571048080e+00
1.023226232700356952e+00
1.023260576708582281e+00
1.023294677380847784e+00
1.023328532646980094e+00
1.023362140580581503e+00
1.023395499397916630e+00
1.023428607456616346e+00
1.023461463254192738e+00
1.023494065426376221e+00
1.023526412745271230e+00
1.023558504117331402e+00
1.023590338581161552e+00
1.023621915305145347e+00
1.023653233584902233e+00
1.023684292840577159e+00
1.023715092613967315e+00
1.023745632565485453e+00
1.023775912470970439e+00
1.023805932218341042e+00
1.023835691804102943e+00
1.023865191329710100e+00
1.023894430997786653e+00
1.023923411108210502e+00
1.023952132054069875e+00
1.023980594317488224e+00
1.024008798465332326e+00
1.024036745144800253e+00
1.024064435078898549e+00
1.024091869061814819e+00
1.024119047954186623e+00
1.024145972678274230e+00
1.024172644213046546e+00
1.024199063589176006e+00
1.024225231883959086e+00
1.024251150216158202e+00
1.024276819740778111e+00
1.024302241643776368e+00
1.024327417136718488e+00
1.024352347451377376e+00
1.024377033834291684e+00
1.024401477541276417e+00
1.024425679831904024e+00
1.024449641963952828e+00
1.024473365187831497e+00
1.024496850740984621e+00
1.024520099842287868e+00
