1.000603444564682754e+00
1.000677409837828824e+00
1.000799788677573243e+00
1.000943615436076239e+00
1.001099685603480616e+00
1.001263499410605995e+00
1.001432350479146027e+00
1.001604400090111202e+00
1.001778306108474625e+00
1.001953045598940939e+00
1.002127817764990603e+00
1.002301985203753354e+00
1.002475035579358131e+00
1.002646555177528764e+00
1.002816209885536658e+00
1.002983731087121466e+00
1.003148904956471910e+00
1.003311564176514237e+00
1.003471581420507519e+00
1.003628864130188258e+00
1.003783350251842066e+00
1.003935004681022036e+00
1.004083816231634785e+00
1.004229794993767078e+00
1.004372969981568886e+00
1.004513387000647295e+00
1.004651106685687134e+00
1.004786202674875062e+00
1.004918759899274150e+00
1.005048872973540952e+00
1.005176644680112918e+00
1.005302184542884225e+00
1.005425607488964701e+00
1.005547032598817392e+00
1.005666581946121685e+00
1.005784379529323980e+00
1.005900550297061713e+00
1.006015219269520866e+00
1.006128510757307026e+00
1.006240547678567188e+00
1.006351450973947514e+00
1.006461339117527887e+00
1.006570327720265112e+00
1.006678529220780938e+00
1.006786052656686969e+00
1.006893003508168682e+00
1.006999483604330559e+00
1.007105591081959961e+00
1.007211420385880629e+00
1.007317062300017829e+00
1.007422603998632926e+00
1.007528129107856829e+00
1.007633717768647852e+00
1.007739446693499907e+00
1.007845389210577647e+00
1.007951615290391789e+00
1.008058191551552518e+00
1.008165181243526831e+00
1.008272644205596480e+00
1.008380636802359342e+00
1.008489211837098720e+00
1.008598418445167066e+00
1.008708301970187016e+00
1.008818903826380620e+00
1.008930261350699631e+00
1.009042407648696793e+00
1.009155371438216875e+00
1.009269176895089437e+00
1.009383843505006872e+00
1.009499385925757942e+00
1.009615813863911971e+00
1.009733131969952513e+00
1.009851339755721167e+00
1.009970431537851709e+00
1.010090396410654456e+00
1.010211218251645615e+00
1.010332875762568028e+00
1.010455342548364666e+00
1.010578587236091064e+00
1.010702573635203105e+00
1.010827260940043271e+00
1.010952603974662356e+00
1.011078553479344944e+00
1.011205056437428418e+00
1.011332056440143567e+00
1.011459494086364153e+00
1.011587307413301051e+00
1.011715432353347044e+00
1.011843803211523340e+00
1.011972353157286841e+00
1.012101014723867820e+00
1.012229720307855185e+00
1.012358402661425849e+00
1.012486995369451082e+00
1.012615433303718504e+00
1.012743653046682235e+00
1.012871593277487214e+00
1.012999195113509332e+00
1.013126402401289816e+00
1.013253161951507053e+00
1.013379423713492766e+00
1.013505140885740730e+00
1.013630269959867825e+00
1.013754770696499108e+00
1.013878606032592389e+00
1.014001741920731892e+00
1.014124147101903572e+00
1.014245792814195690e+00
1.014366652440750638e+00
1.014486701101102284e+00
1.014605915190793795e+00
1.014724271874845263e+00
1.014841748541292610e+00
1.014958322221602316e+00
1.015073968985317876e+00
1.015188663316832773e+00
1.015302377482685703e+00
1.015415080898276257e+00
1.015526739503407772e+00
1.015637315156525000e+00
1.015746765058013645e+00
1.015855041213358678e+00
1.015962089947373137e+00
1.016067851481037065e+00
1.016172259582730719e+00
1.016275241305739652e+00
1.016376716823827131e+00
1.016476599376367584e+00
1.016574795333941905e+00
1.016671204394395733e+00
1.016765719918077515e+00
1.016858229409295600e+00
1.016948615148903112e+00
1.017036754980358060e+00
1.017122523248593202e+00
1.017205791887589417e+00
1.017286431648769085e+00
1.017364313458242853e+00
1.017439309886704946e+00
1.017511296711488544e+00
1.017580154546158688e+00
1.017645770509177483e+00
1.017708039899869243e+00
1.017766867847292644e+00
1.017822170895928968e+00
1.017873878491452277e+00
1.017921934330408895e+00
1.017966297539491194e+00
1.018006943653252172e+00
1.018043865363551070e+00
1.018077073019618917e+00
1.018106594864217396e+00
1.018132476998663716e+00
1.018154783077249492e+00
1.018173593739391425e+00
1.018189005795433477e+00
1.018201131188959163e+00
1.018210095764509493e+00
1.018216037874405844e+00
1.018219106861824708e+00
1.018219461459161757e+00
1.018217268141115239e+00
1.018212699470787630e+00
1.018205932474678388e+00
1.018197147078834242e+00
1.018186524633976742e+00
1.018174246552348894e+00
1.018160493073656081e+00
1.018145442172053494e+00
1.018129268610915794e+00
1.018112143147300586e+00
1.018094231883748257e+00
1.018075695761423649e+00
1.018056690185658475e+00
1.018037364772710784e+00
1.018017863204957019e+00
1.017998323180760778e+00
1.017978876444812997e+00
1.017959648884748880e+00
1.017940760680233758e+00
1.017922326491407237e+00
1.017904455674472519e+00
1.017887252513327123e+00
1.017870816457306038e+00
1.017855242356379808e+00
1.017840620686438324e+00
1.017827037758555209e+00
1.017814575907380004e+00
1.017803313654962238e+00
1.017793325847416774e+00
1.017784683762820386e+00
1.017777455189629254e+00
1.017771704475668226e+00
1.017767492548416364e+00
1.017764876907867766e+00
1.017763911593696946e+00
1.017764647128829969e+00
1.017767130441808998e+00
1.017771404770563937e+00
1.017777509550382931e+00
1.017785480289004729e+00
1.017795348431869806e+00
1.017807141220666622e+00
1.017820881548378464e+00
1.017836587814126670e+00
1.017854273781162444e+00
1.017873948441433640e+00
1.017895615890197947e+00
1.017919275214193675e+00
1.017944920396889108e+00
1.017972540244316049e+00
1.018002118334926820e+00
1.018033632996803384e+00
1.018067057315371837e+00
1.018102359174535509e+00
1.018139501333809704e+00
1.018178441543658774e+00
1.018219132700727059e+00
1.018261523044105443e+00
1.018305556393118039e+00
1.018351172426391615e+00
1.018398307001197267e+00
1.018446892511219337e+00
1.018496858280055761e+00
1.018548130986898004e+00
1.018600635119988995e+00
1.018654293452669224e+00
1.018709027536080836e+00
1.018764758201966547e+00
1.018821406068478375e+00
1.018878892041522377e+00
1.018937137803932913e+00
1.018996066284697521e+00
1.019055602100544355e+00
1.019115671962479208e+00
1.019176205040273508e+00
1.019237133278489527e+00
1.019298391658338465e+00
1.019359918400495113e+00
1.019421655104903124e+00
1.019483546824596187e+00
1.019545542071577549e+00
1.019607592753839054e+00
1.019669654043630302e+00
1.019731684178096121e+00
1.019793644194356919e+00
1.019855497602012662e+00
1.019917209996893392e+00
1.019978748620667064e+00
1.020040081871611104e+00
1.020101178772534478e+00
1.020162008402423215e+00
1.020222539298961006e+00
1.020282738839599856e+00
1.020342572609373111e+00
1.020402003764138144e+00
1.020460992398431577e+00
1.020519494927595305e+00
1.020577463494311221e+00
1.020634845410138825e+00
1.020691582643065587e+00
1.020747611362453622e+00
1.020802861553044005e+00
1.020857256709848171e+00
1.020910713625760913e+00
1.020963142283532576e+00
1.021014445863288600e+00
1.021064520876039161e+00
1.021113257432513244e+00
1.021160539655175281e+00
1.021206246239366289e+00
1.021250251167152623e+00
1.021292424574665514e+00
1.021332633770473564e+00
1.021370744398903962e+00
1.021406621738280673e+00
1.021440132119854294e+00
1.021471144448939050e+00
1.021499531805521332e+00
1.021525173097616035e+00
1.021547954737046293e+00
1.021567772304364130e+00
1.021584532167456150e+00
1.021598153017231780e+00
1.021608567283756042e+00
1.021615722397434922e+00
1.021619581862413639e+00
1.021620126113187865e+00
1.021617353130522377e+00
1.021611278798911338e+00
1.021601936994838145e+00
1.021589379402675135e+00
1.021573675062913189e+00
1.021554909665161048e+00
1.021533184605657008e+00
1.021508615835557743e+00
1.021481332531689823e+00
1.021451475625582805e+00
1.021419196229242932e+00
1.021384653997228442e+00
1.021348015464174086e+00
1.021309452395060546e+00
1.021269140182451185e+00
1.021227256320812238e+00
1.021183978983209784e+00
1.021139485720388373e+00
1.021093952296782126e+00
1.021047551672658260e+00
1.021000453136522435e+00
1.020952821587367332e+00
1.020904816962363792e+00
1.020856593802313306e+00
1.020808300944588076e+00
1.020760081331378633e+00
1.020712071919790187e+00
1.020664403679653720e+00
1.020617201664698825e+00
1.020570585142971609e+00
1.020524667772924055e+00
1.020479557812435933e+00
1.020435358349029986e+00
1.020392167540713491e+00
1.020350078858112131e+00
1.020309181319844161e+00
1.020269559714388929e+00
1.020231294802954158e+00
1.020194463499073390e+00
1.020159139021791450e+00
1.020125391020359817e+00
1.020093285669293248e+00
1.020062885733486135e+00
1.020034250603805370e+00
1.020007436304184445e+00
1.019982495471760453e+00
1.019959477311999985e+00
1.019938427531087433e+00
1.019919388248116787e+00
1.019902397889815404e+00
1.019887491070695429e+00
1.019874698461643581e+00
1.019864046650070799e+00
1.019855557994822970e+00
1.019849250479137437e+00
1.019845137565003945e+00
1.019843228052344841e+00
1.019843525946502183e+00
1.019846030337548726e+00
1.019850735294971056e+00
1.019857629781266484e+00
1.019866697587950455e+00
1.019877917297387526e+00
1.019891262273707078e+00
1.019906700685855538e+00
1.019924195565556690e+00
1.019943704902579462e+00
1.019965181779269425e+00
1.019988574545775517e+00
1.020013827036772458e+00
1.020040878829814313e+00
1.020069665544676818e+00
1.020100119182253628e+00
1.020132168500715641e+00
1.020165739425792806e+00
1.020200755491167621e+00
1.020237138304161517e+00
1.020274808031116587e+00
1.020313683896194590e+00
1.020353684686724272e+00
1.020394729257790623e+00
1.020436737028430851e+00
1.020479628461659072e+00
1.020523325520559466e+00
1.020567752092863323e+00
1.020612834376780409e+00
1.020658501221360481e+00
1.020704684415312036e+00
1.020751318918979189e+00
1.020798343035055789e+00
1.020845698514569300e+00
1.020893330595678217e+00
1.020941187973859687e+00
1.020989222703101884e+00
1.021037390028736835e+00
1.021085648153535086e+00
1.021133957939614589e+00
1.021182282549593756e+00
1.021230587031229931e+00
1.021278837850527532e+00
1.021327002378989324e+00
1.021375048341309988e+00
1.021422943230396063e+00
1.021470653697145847e+00
1.021518144922937577e+00
1.021565379983285782e+00
1.021612319211610442e+00
1.021658919572558499e+00
1.021705134054788910e+00
1.021750911093601832e+00
1.021796194034231720e+00
1.021840920647018702e+00
1.021885022706002122e+00
1.021928425642705474e+00
1.021971048286966832e+00
1.022012802706585344e+00
1.022053594157221301e+00
1.022093321153401124e+00
1.022131875670542200e+00
1.022169143486631571e+00
1.022205004670479145e+00
1.022239334221333618e+00
1.022272002862055107e+00
1.022302877985012515e+00
1.022331824746427031e+00
1.022358707301070480e+00
1.022383390165150896e+00
1.022405739690967819e+00
1.022425625632633839e+00
1.022442922778033392e+00
1.022457512618364373e+00
1.022469285023310359e+00
1.022478139887327053e+00
1.022483988710834790e+00
1.022486756079540093e+00
1.022486381005704548e+00
1.022482818097108392e+00
1.022476038522660113e+00
1.022466030748121923e+00
1.022452801021062951e+00
1.022436373590791980e+00
1.022416790656361929e+00
1.022394112043514713e+00
1.022368414619276411e+00
1.022339791460479486e+00
1.022308350799436383e+00
1.022274214775980683e+00
1.022237518029877723e+00
1.022198406170991225e+00
1.022157034166441880e+00
1.022113564684315801e+00
1.022068166432302583e+00
1.022021012527144057e+00
1.021972278927126165e+00
1.021922142955344004e+00
1.021870781936361272e+00
1.021818371963477468e+00
1.021765086808383405e+00
1.021711096979746269e+00
1.021656568932443498e+00
1.021601664424899747e+00
1.021546540018341442e+00
1.021491346708864434e+00
1.021436229680963592e+00
1.021381328169613356e+00
1.021326775417005894e+00
1.021272698709646320e+00
1.021219219481513951e+00
1.021166453469413149e+00
1.021114510907339179e+00
1.021063496747604660e+00
1.021013510897584409e+00
1.020964648462128865e+00
1.020916999982976581e+00
1.020870651667785456e+00
1.020825685602683830e+00
1.020782179943496626e+00
1.020740209081954841e+00
1.020699843784326433e+00
1.020661151300866099e+00
1.020624195445402060e+00
1.020589036645130232e+00
1.020555731961369839e+00
1.020524335082578560e+00
1.020494896291388454e+00
1.020467462407786297e+00
1.020442076710860180e+00
1.020418778841750029e+00
1.020397604690620241e+00
1.020378586270614729e+00
1.020361751581858378e+00
1.020347124468665267e+00
1.020334724473203503e+00
1.020324566688928458e+00
1.020316661617176379e+00
1.020311015030370250e+00
1.020307627845335130e+00
1.020306496010264574e+00
1.020307610408877963e+00
1.020310956785297485e+00
1.020316515693097781e+00
1.020324262471875354e+00
1.020334167254497881e+00
1.020346195007943768e+00
1.020360305610333640e+00
1.020376453966326924e+00
1.020394590162584381e+00
1.020414659664411250e+00
1.020436603554054411e+00
1.020460358810391543e+00
1.020485858628969789e+00
1.020513032780529183e+00
1.020541808005273721e+00
1.020572108439309567e+00
1.020603856068814874e+00
1.020636971206715149e+00
1.020671372985901826e+00
1.020706979862402441e+00
1.020743710121388759e+00
1.020781482378525062e+00
1.020820216068929698e+00
1.020859831915961635e+00
1.020900252372131334e+00
1.020941402024721167e+00
1.020983207959117900e+00
1.021025600073457884e+00
1.021068511338884433e+00
1.021111878000564799e+00
1.021155639715525476e+00
1.021199739624347513e+00
1.021244124354801164e+00
1.021288743956523692e+00
1.021333551766889780e+00
1.021378504209216498e+00
1.021423560525414498e+00
1.021468682446094789e+00
1.021513833801987348e+00
1.021558980081305412e+00
1.021604087938399630e+00
1.021649124659706365e+00
1.021694057593595772e+00
1.021738853551291015e+00
1.021783478186559346e+00
1.021827895362392269e+00
1.021872066513378918e+00
1.021915950012981966e+00
1.021959500555389866e+00
1.022002668562107086e+00
1.022045399623891182e+00
1.022087633989064326e+00
1.022129306109595515e+00
1.022170344256627228e+00
1.022210670217278849e+00
1.022250199084564271e+00
1.022288839152055484e+00
1.022326491924466563e+00
1.022363052254573468e+00
1.022398408615777576e+00
1.022432443518121126e+00
1.022465034073638313e+00
1.022496052714561010e+00
1.022525368065068996e+00
1.022552845964044721e+00
1.022578350632630251e+00
1.022601745976448040e+00
1.022622897008138132e+00
1.022641671371600225e+00
1.022657940945092658e+00
1.022671583496338465e+00
1.022682484359227040e+00
1.022690538098729229e+00
1.022695650128520706e+00
1.022697738244669141e+00
1.022696734038746946e+00
1.022692584155011630e+00
1.022685251358873559e+00
1.022674715387761335e+00
1.022660973560606923e+00
1.022644041128351278e+00
1.022623951354913130e+00
1.022600755325657751e+00
1.022574521488265997e+00
1.022545334938648853e+00
1.022513296471839972e+00
1.022478521424297293e+00
1.022441138339458488e+00
1.022401287492464395e+00
1.022359119312588716e+00
1.022314792742973655e+00
1.022268473576801506e+00
1.022220332807173726e+00
1.022170545024831734e+00
1.022119286893749646e+00
1.022066735729770137e+00
1.022013068202158648e+00
1.021958459172496614e+00
1.021903080679977149e+00
1.021847101077109521e+00
1.021790684315296627e+00
1.021733989375784635e+00
1.021677169838217214e+00
1.021620373576455965e+00
1.021563742569425504e+00
1.021507412813501769e+00
1.021451514322274434e+00
1.021396171199329572e+00
1.021341501769935434e+00
1.021287618758069726e+00
1.021234629496064805e+00
1.021182636155163692e+00
1.021131735986442912e+00
1.021082021562796038e+00
1.021033581013975455e+00
1.020986498247961727e+00
1.020940853153213368e+00
1.020896721777549754e+00
1.020854176480569642e+00
1.020813286057537184e+00
1.020774115833630979e+00
1.020736727728263959e+00
1.020701180289912635e+00
1.020667528702502214e+00
1.020635824764894339e+00
1.020606116845435896e+00
1.020578449813855482e+00
1.020552864953042649e+00
1.020529399853455477e+00
1.020508088293043070e+00
1.020488960105704557e+00
1.020472041041399214e+00
1.020457352621114033e+00
1.020444911989974113e+00
1.020434731771848291e+00
1.020426819928873741e+00
1.020421179629377617e+00
1.020417809127719178e+00
1.020416701659594416e+00
1.020417845356345499e+00
1.020421223181768422e+00
1.020426812894827506e+00
1.020434587041533003e+00
1.020444512979027607e+00
1.020456552934641881e+00
1.020470664102312242e+00
1.020486798778301507e+00
1.020504904537638202e+00
1.020524924452063775e+00
1.020546797349600077e+00
1.020570458115074519e+00
1.020595838030152969e+00
1.020622865150562886e+00
1.020651464717340140e+00
1.020681559598080046e+00
1.020713070753340279e+00
1.020745917722584828e+00
1.020780019123371130e+00
1.020815293156903891e+00
1.020851658112627680e+00
1.020889032864225054e+00
1.020927337349235131e+00
1.020966493024533461e+00
1.021006423290093057e+00
1.021047053873810118e+00
1.021088313170678052e+00
1.021130132530260415e+00
1.021172446487175201e+00
1.021215192930200466e+00
1.021258313206553581e+00
1.021301752158912723e+00
1.021345458093787739e+00
1.021389382680875979e+00
1.021433480784071257e+00
1.021477710225765945e+00
1.021522031487028137e+00
1.021566407347103356e+00
1.021610802466503820e+00
1.021655182918690397e+00
1.021699515676039560e+00
1.021743768056406987e+00
1.021787907137194473e+00
1.021831899144364231e+00
1.021875708824364182e+00
1.021919298807437482e+00
1.021962628971279763e+00
1.022005655814483882e+00
1.022048331849712444e+00
1.022090605026976462e+00
1.022132418197860382e+00
1.022173708631912481e+00
1.022214407596751862e+00
1.022254440013668608e+00
1.022293724200568743e+00
1.022332171714030125e+00
1.022369687301898811e+00
1.022406168977254337e+00
1.022441508223636664e+00
1.022475590340131912e+00
1.022508294933188733e+00
1.022539496559900840e+00
1.022569065524878695e+00
1.022596868829803274e+00
1.022622771271291420e+00
1.022646636678891330e+00
1.022668329280935540e+00
1.022687715181731738e+00
1.022704663929285385e+00
1.022719050148626074e+00
1.022730755211996634e+00
1.022739668913880351e+00
1.022745691116288658e+00
1.022748733328082027e+00
1.022748720181530846e+00
1.022745590769968960e+00
1.022739299812339464e+00
1.022729818613673736e+00
1.022717135795094379e+00
1.022701257772592021e+00
1.022682208970495665e+00
1.022660031762909538e+00
1.022634786144165586e+00
1.022606549137191401e+00
1.022575413956244850e+00
1.022541488947390942e+00
1.022504896336077884e+00
1.022465770815910391e+00
1.022424258016075838e+00
1.022380512886694293e+00
1.022334698041639678e+00
1.022286982097182939e+00
1.022237538042259253e+00
1.022186541672514437e+00
1.022134170115738705e+00
1.022080600471195755e+00
1.022026008579931977e+00
1.021970567937720453e+00
1.021914448757065497e+00
1.021857817179883110e+00
1.021800834638203259e+00
1.021743657356648516e+00
1.021686435987505748e+00
1.021629315367002633e+00
1.021572434379836469e+00
1.021515925918049961e+00
1.021459916919940092e+00
1.021404528474713080e+00
1.021349875979019828e+00
1.021296069332207956e+00
1.021243213158065988e+00
1.021191407041934784e+00
1.021140745773265968e+00
1.021091319584986667e+00
1.021043214382317377e+00
1.020996511954978203e+00
1.020951290167952497e+00
1.020907623127166097e+00
1.020865581317515147e+00
1.020825231711689707e+00
1.020786637849111056e+00
1.020749859885082378e+00
1.020714954610913550e+00
1.020681975446338097e+00
1.020650972405987122e+00
1.020621992042056725e+00
1.020595077365594516e+00
1.020570267749049354e+00
1.020547598812908907e+00
1.020527102299383815e+00
1.020508805936209074e+00
1.020492733293727916e+00
1.020478903638500690e+00
1.020467331786765186e+00
1.020458027961133496e+00
1.020450997653981506e+00
1.020446241501032691e+00
1.020443755168668698e+00
1.020443529258525217e+00
1.020445549232877669e+00
1.020449795364288592e+00
1.020456242712848960e+00
1.020464861134168677e+00
1.020475615321031482e+00
1.020488464881289747e+00
1.020503364454179884e+00
1.020520263866731003e+00
1.020539108331383726e+00
1.020559838685259679e+00
1.020582391670812550e+00
1.020606700256800448e+00
1.020632693997684859e+00
1.020660299428709283e+00
1.020689440493052214e+00
1.020720038996598689e+00
1.020752015085089948e+00
1.020785287737665525e+00
1.020819775270203511e+00
1.020855395841320012e+00
1.020892067953535598e+00
1.020929710941870461e+00
1.020968245442080313e+00
1.021007593830839610e+00
1.021047680630460919e+00
1.021088432871170237e+00
1.021129780404544052e+00
1.021171656162437769e+00
1.021213996356563181e+00
1.021256740614797653e+00
1.021299832051298040e+00
1.021343217268509740e+00
1.021386846290209593e+00
1.021430672425751585e+00
1.021474652066680644e+00
1.021518744417847735e+00
1.021562911166059351e+00
1.021607116090131218e+00
1.021651324617006695e+00
1.021695503329287824e+00
1.021739619430211965e+00
1.021783640172683416e+00
1.021827532259550253e+00
1.021871261222836669e+00
1.021914790790160232e+00
1.021958082247055533e+00
1.022001093804412175e+00
1.022043779980729816e+00
1.022086091009347442e+00
1.022127972281274388e+00
1.022169363834659173e+00
1.022210199902297223e+00
1.022250408528858845e+00
1.022289911269671503e+00
1.022328622982892510e+00
1.022366451726694159e+00
1.022403298772623037e+00
1.022439058745530094e+00
1.022473619899344044e+00
1.022506864536462778e+00
1.022538669576593229e+00
1.022568907278497363e+00
1.022597446115272479e+00
1.022624151800532788e+00
1.022648888459217531e+00
1.022671519932776718e+00
1.022691911204302695e+00
1.022709929924889627e+00
1.022725448018277472e+00
1.022738343336846656e+00
1.022748501338469840e+00
1.022755816750782198e+00
1.022760195187329302e+00
1.022761554678924600e+00
1.022759827083603135e+00
1.022754959339847503e+00
1.022746914530387574e+00
1.022735672727781431e+00
1.022721231598131997e+00
1.022703606745494209e+00
1.022682831786577484e+00
1.022658958152970365e+00
1.022632054625955744e+00
1.022602206616743725e+00
1.022569515212211622e+00
1.022534096012723825e+00
1.022496077793977554e+00
1.022455601028879446e+00
1.022412816308024830e+00
1.022367882698388630e+00
1.022320966079338866e+00
1.022272237493173863e+00
1.022221871544249927e+00
1.022170044876614670e+00
1.022116934755205930e+00
1.022062717770366502e+00
1.022007568679973888e+00
1.021951659398122603e+00
1.021895158134261905e+00
1.021838228682148797e+00
1.021781029854038625e+00
1.021723715052273107e+00
1.021666431967878541e+00
1.021609322393894903e+00
1.021552522139936858e+00
1.021496161033795591e+00
1.021440362995746476e+00
1.021385246171433447e+00
1.021330923109801336e+00
1.021277500973364116e+00
1.021225081769129073e+00
1.021173762589661527e+00
1.021123635855012868e+00
1.021074789547535611e+00
1.021027307432889053e+00
1.020981269261813207e+00
1.020936750948451932e+00
1.020893824722150844e+00
1.020852559250690073e+00
1.020813019733859406e+00
1.020775267967109379e+00
1.020739362375727044e+00
1.020705358020597586e+00
1.020673306577107198e+00
1.020643256289158529e+00
1.020615251900583775e+00
1.020589334566507356e+00
1.020565541747393334e+00
1.020543907088681923e+00
1.020524460289027546e+00
1.020507226960262415e+00
1.020492228482290598e+00
1.020479481856200188e+00
1.020468999558948209e+00
1.020460789403042856e+00
1.020454854404703182e+00
1.020451192664018514e+00
1.020449797260652325e+00
1.020450656168630399e+00
1.020453752193707597e+00
1.020459062936714956e+00
1.020466560786144061e+00
1.020476212943007166e+00
1.020487981480722839e+00
1.020501823442415912e+00
1.020517690977559289e+00
1.020535531519354944e+00
1.020555288003642147e+00
1.020576899129409298e+00
1.020600299660248567e+00
1.020625420765268743e+00
1.020652190397138170e+00
1.020680533704069859e+00
1.020710373471707566e+00
1.020741630590043192e+00
1.020774224539739317e+00
1.020808073891544598e+00
1.020843096811910211e+00
1.020879211567475853e+00
1.020916337020780773e+00
1.020954393109419378e+00
1.020993301300879619e+00
1.021032985015493111e+00
1.021073370010288972e+00
1.021114384717048962e+00
1.021155960528530304e+00
1.021198032027590408e+00
1.021240537154837202e+00
1.021283417311390940e+00
1.021326617394339609e+00
1.021370085763523061e+00
1.021413774139307673e+00
1.021457637432036769e+00
1.021501633504824147e+00
1.021545722872288620e+00
1.021589868338704132e+00
1.021634034579842254e+00
1.021678187673526805e+00
1.021722294584613167e+00
1.021766322610715649e+00
1.021810238795600956e+00
1.021854009317704648e+00
1.021897598861747580e+00
1.021940969981937952e+00
1.021984082465725585e+00
1.022026892707573520e+00
1.022069353102682765e+00
1.022111411471071651e+00
1.022153010522851346e+00
1.022194087375925875e+00
1.022234573137682290e+00
1.022274392562438461e+00
1.022313463796509225e+00
1.022351698222652150e+00
1.022389000415304450e+00
1.022425268217431737e+00
1.022460392948848940e+00
1.022494259754578749e+00
1.022526748100077265e+00
1.022557732418001741e+00
1.022587082908588574e+00
1.022614666492650315e+00
1.022640347912746162e+00
1.022663990974244985e+00
1.022685459913926342e+00
1.022704620879482995e+00
1.022721343499042534e+00
1.022735502515672135e+00
1.022746979458054373e+00
1.022755664315238677e+00
1.022761457180840106e+00
1.022764269830437556e+00
1.022764027195372183e+00
1.022760668696836461e+00
1.022754149406102764e+00
1.022744441000032811e+00
1.022731532485563921e+00
1.022715430672573644e+00
1.022696160381197261e+00
1.022673764377045158e+00
1.022648303035552875e+00
1.022619853744534124e+00
1.022588510061558598e+00
1.022554380649677519e+00
1.022517588020975365e+00
1.022478267122138185e+00
1.022436563799557607e+00
1.022392633183257349e+00
1.022346638029188348e+00
1.022298747058187685e+00
1.022249133327349124e+00
1.022197972665845889e+00
1.022145442202719412e+00
1.022091719009012856e+00
1.022036978871211144e+00
1.021981395207523402e+00
1.021925138133313649e+00
1.021868373677192521e+00
1.021811263145034010e+00
1.021753962625581602e+00
1.021696622628419648e+00
1.021639387842865787e+00
1.021582397004810572e+00
1.021525782857580555e+00
1.021469672192508504e+00
1.021414185954927945e+00
1.021359439401740676e+00
1.021305542297409996e+00
1.021252599136182049e+00
1.021200709379432858e+00
1.021149967698250283e+00
1.021100464212644887e+00
1.021052284720054271e+00
1.021005510907116332e+00
1.020960220539905094e+00
1.020916487629004221e+00
1.020874382566891114e+00
1.020833972236085296e+00
1.020795320087406477e+00
1.020758486188454661e+00
1.020723527243090789e+00
1.020690496583239959e+00
1.020659444134798033e+00
1.020630416359787684e+00
1.020603456177183954e+00
1.020578602865070295e+00
1.020555891946944627e+00
1.020535355065144367e+00
1.020517019844456197e+00
1.020500909749081808e+00
1.020487043936205263e+00
1.020475437109485295e+00
1.020466099375863411e+00
1.020459036109144790e+00
1.020454247823850302e+00
1.020451730062883033e+00
1.020451473302550260e+00
1.020453462878463835e+00
1.020457678935778656e+00
1.020464096407093457e+00
1.020472685021177384e+00
1.020483409345418924e+00
1.020496228864573141e+00
1.020511098097968805e+00
1.020527966756847427e+00
1.020546779942923754e+00
1.020567478388604066e+00
1.020589998738569371e+00
1.020614273871646160e+00
1.020640233261050911e+00
1.020667803370243876e+00
1.020696908080761967e+00
1.020727469147563404e+00
1.020759406676618131e+00
1.020792639618752329e+00
1.020827086273128792e+00
1.020862664793223740e+00
1.020899293687793641e+00
1.020936892309096455e+00
1.020975381320573305e+00
1.021014683136307388e+00
1.021054722324855168e+00
1.021095425970477422e+00
1.021136723985398120e+00
1.021178549367432797e+00
1.021220838398166464e+00
1.021263530777784645e+00
1.021306569693653632e+00
1.021349901820766792e+00
1.021393477253214499e+00
1.021437249366872413e+00
1.021481174614496501e+00
1.021525212255378179e+00
1.021569324022611802e+00
1.021613473731865618e+00
1.021657626836327548e+00
1.021701749933199288e+00
1.021745810227774109e+00
1.021789774961730846e+00
1.021833610812840964e+00
1.021877283273812331e+00
1.021920756018513732e+00
1.021963990264304289e+00
1.022006944139700835e+00
1.022049572067078582e+00
1.022091824170590968e+00
1.022133645719934369e+00
1.022174976621005982e+00
1.022215750964865721e+00
1.022255896646684592e+00
1.022295335066517818e+00
1.022333980923738617e+00
1.022371742116739757e+00
1.022408519759060663e+00
1.022444208322307091e+00
1.022478695915111313e+00
1.022511864705864637e+00
1.022543591495007620e+00
1.022573748440271046e+00
1.022602203935432552e+00
1.022628823639871509e+00
1.022653471652563706e+00
1.022676011820174313e+00
1.022696309164715212e+00
1.022714231411958830e+00
1.022729650597564710e+00
1.022742444723902189e+00
1.022752499437000973e+00
1.022759709690128194e+00
1.022763981358422392e+00
1.022765232767894217e+00
1.022763396102205791e+00
1.022758418651940504e+00
1.022750263873744681e+00
1.022738912230652053e+00
1.022724361790071423e+00
1.022706628562149556e+00
1.022685746568280596e+00
1.022661767637159658e+00
1.022634760933639919e+00
1.022604812233380400e+00
1.022572022963539329e+00
1.022536509036215513e+00
1.022498399506697631e+00
1.022457835092595468e+00
1.022414966592469998e+00
1.022369953243575713e+00
1.022322961057796187e+00
1.022274161172919804e+00
1.022223728253231823e+00
1.022171838969243574e+00
1.022118670581490196e+00
1.022064399648035415e+00
1.022009200869853585e+00
