1.000603444564682754e+00
1.000676121607713576e+00
1.000797426965996717e+00
1.000942901269175511e+00
1.001101051788797491e+00
1.001266218240290051e+00
1.001439408731472636e+00
1.001618202412083214e+00
1.001796903260792959e+00
1.001979308991264084e+00
1.002166214952420198e+00
1.002350431047378754e+00
1.002535475004381560e+00
1.002724549252920649e+00
1.002911052027948280e+00
1.003095704218161188e+00
1.003283511459777788e+00
1.003470495795431683e+00
1.003653240608276098e+00
1.003837821457386426e+00
1.004023659471013019e+00
1.004203855081091001e+00
1.004384215484053433e+00
1.004567226943590796e+00
1.004744860887029079e+00
1.004920615567452602e+00
1.005099298804660535e+00
1.005274517879973351e+00
1.005445623640460528e+00
1.005618954756528405e+00
1.005791510828763613e+00
1.005958144399625276e+00
1.006125677362179394e+00
1.006294774404058678e+00
1.006457405119456805e+00
1.006619161640277760e+00
1.006783721827064326e+00
1.006943025673383563e+00
1.007099317065293320e+00
1.007258400696390055e+00
1.007414801590458708e+00
1.007566063623084318e+00
1.007719176448214737e+00
1.007872465977756704e+00
1.008019258571605459e+00
1.008166390263002254e+00
1.008315799494543530e+00
1.008458901815119546e+00
1.008600392982280880e+00
1.008744977104289120e+00
1.008885167644962166e+00
1.009021533676978777e+00
1.009160596696482948e+00
1.009298169422320202e+00
1.009429984143039860e+00
1.009563299469748987e+00
1.009697857486587358e+00
1.009825831688639264e+00
1.009953600298425513e+00
1.010084289449329820e+00
1.010209296625122155e+00
1.010331991350835290e+00
1.010457939509065817e+00
1.010580652942126623e+00
1.010698847360717689e+00
1.010819541279939671e+00
1.010940002305241503e+00
1.011054325194678860e+00
1.011169725390578478e+00
1.011287321537485795e+00
1.011398571793503010e+00
1.011509010312530599e+00
1.011622823400496918e+00
1.011731862250430547e+00
1.011837872714418385e+00
1.011947128228658510e+00
1.012054421489172906e+00
1.012156592813754585e+00
1.012260952929679103e+00
1.012366264614444233e+00
1.012465276373580414e+00
1.012564854611660792e+00
1.012667394522696718e+00
1.012764102362750718e+00
1.012859323403852541e+00
1.012958166865120413e+00
1.013053335174541214e+00
1.013144759164378739e+00
1.013239266823537044e+00
1.013333098587007042e+00
1.013421327405174210e+00
1.013511333121760893e+00
1.013603333687021824e+00
1.013689109418607348e+00
1.013774855481361925e+00
1.013864116716023389e+00
1.013948307135948301e+00
1.014030282110678138e+00
1.014115934372555650e+00
1.014199129356119666e+00
1.014277901715192609e+00
1.014359467680366222e+00
1.014441585287128689e+00
1.014517785488598278e+00
1.014595259313742837e+00
1.014675588637989678e+00
1.014750021546615422e+00
1.014823750589670448e+00
1.014901332593459271e+00
1.014974813497403039e+00
1.015045324069486554e+00
1.015119397549503422e+00
1.015192279030529887e+00
1.015260144088497629e+00
1.015330404808545639e+00
1.015402327374999469e+00
1.015468227016881553e+00
1.015534811709236873e+00
1.015604905452154760e+00
1.015669684159659081e+00
1.015733020483976734e+00
1.015800342662368294e+00
1.015864687985312820e+00
1.015925318837404667e+00
1.015989256078817737e+00
1.016053245179259434e+00
1.016111758809765675e+00
1.016172176911608105e+00
1.016235204687171656e+00
1.016292344676448911e+00
1.016349501834840963e+00
1.016410605251154120e+00
1.016467206756097807e+00
1.016521585441117592e+00
1.016579899367391349e+00
1.016636450924751411e+00
1.016688599425767947e+00
1.016743680893470447e+00
1.016799974957058650e+00
1.016850517738074888e+00
1.016902389511353366e+00
1.016957625393225317e+00
1.017007364168033057e+00
1.017056382773958045e+00
1.017109573219721064e+00
1.017159265459058659e+00
1.017205944249746974e+00
1.017256351403081016e+00
1.017306232949699574e+00
1.017351128125975945e+00
1.017398485525417229e+00
1.017448081935362847e+00
1.017491875246279598e+00
1.017536343722858394e+00
1.017584720458669434e+00
1.017628240222673064e+00
1.017670249812657524e+00
1.017716461652081072e+00
1.017760312821452073e+00
1.017800389927947524e+00
1.017843860039092219e+00
1.017887998306123976e+00
1.017926722721613331e+00
1.017967353984726708e+00
1.018011077579734414e+00
1.018049197092933511e+00
1.018087266416830783e+00
1.018129574771444279e+00
1.018167887740991429e+00
1.018203873311749330e+00
1.018243921030226318e+00
1.018282813740806869e+00
1.018317248458189272e+00
1.018354636064536356e+00
1.018393785013330666e+00
1.018427294747399792e+00
1.018462078605466115e+00
1.018500609660690781e+00
1.018533994234860129e+00
1.018566543304894711e+00
1.018603458427735031e+00
1.018637413984980977e+00
1.018668232059483092e+00
1.018702829850535840e+00
1.018737478991707190e+00
1.018767112941606934e+00
1.018799171869824161e+00
1.018833938141163742e+00
1.018863078112596465e+00
1.018892787472249761e+00
1.018926688809602465e+00
1.018956145743710628e+00
1.018983941051488706e+00
1.019016045662937575e+00
1.019046340012654595e+00
1.019072736132924151e+00
1.019102513910969954e+00
1.019133487211084876e+00
1.019159064056193387e+00
1.019186460299027708e+00
1.019217328811942380e+00
1.019242842486113743e+00
1.019268156361339717e+00
1.019297898630187049e+00
1.019324107630386722e+00
1.019347816143831409e+00
1.019375619877410877e+00
1.019402809038065794e+00
1.019425436328045720e+00
1.019450952832686053e+00
1.019478692976556022e+00
1.019500874364448251e+00
1.019524197574900759e+00
1.019551556492459987e+00
1.019574090559339563e+00
1.019595604647975495e+00
1.019621588786589594e+00
1.019645107016503127e+00
1.019665309975104517e+00
1.019689264727543287e+00
1.019713780545073334e+00
1.019733217857069718e+00
1.019754971579021952e+00
1.019779818783767222e+00
1.019799194806072951e+00
1.019818968229667666e+00
1.019843132433895239e+00
1.019863238288637231e+00
1.019881474729625648e+00
1.019904050695836339e+00
1.019925320438506589e+00
1.019942528272818283e+00
1.019963039920263270e+00
1.019985208070018246e+00
1.020001975468934008e+00
1.020020413830969863e+00
1.020042627979760308e+00
1.020059721698564958e+00
1.020076410348623730e+00
1.020097642446772479e+00
1.020115776914895633e+00
1.020131194103048200e+00
1.020150675361966019e+00
1.020170034681745275e+00
1.020184702252974418e+00
1.020202139447340173e+00
1.020222198269441272e+00
1.020236767686275137e+00
1.020252294522638437e+00
1.020272076094332014e+00
1.020287343236235600e+00
1.020301360555921022e+00
1.020319888470780700e+00
1.020336415986588863e+00
1.020349419188230522e+00
1.020366093056397139e+00
1.020383788923140855e+00
1.020396329337810215e+00
1.020411030121262552e+00
1.020429149377712674e+00
1.020441949219078825e+00
1.020454930416436312e+00
1.020472439443451673e+00
1.020486265552876581e+00
1.020497979384421328e+00
1.020514009869165184e+00
1.020529207413448436e+00
1.020540160216225845e+00
1.020554294728561961e+00
1.020570497648986663e+00
1.020581292504104898e+00
1.020593569194201411e+00
1.020609868098778517e+00
1.020621282107164074e+00
1.020632049495838523e+00
1.020647421741949223e+00
1.020660119452927450e+00
1.020669858394370300e+00
1.020683586340972226e+00
1.020697651354821822e+00
1.020706886974877659e+00
1.020718735214146911e+00
1.020733554471879190e+00
1.020742958806482914e+00
1.020753101267457108e+00
1.020767665221967269e+00
1.020778027375648822e+00
1.020786881501753118e+00
1.020800241154037336e+00
1.020812049715900338e+00
1.020820110596055930e+00
1.020831724618048275e+00
1.020844785320910830e+00
1.020852615977354105e+00
1.020862418685509532e+00
1.020875917545757350e+00
1.020884258952034163e+00
1.020892536297855813e+00
1.020905431695587229e+00
1.020915019838285476e+00
1.020922232735691493e+00
1.020933701250510417e+00
1.020944789369309103e+00
1.020951445674934899e+00
1.020961130896090641e+00
1.020973258159788566e+00
1.020979980559112210e+00
1.020987967471245872e+00
1.021000177868604197e+00
1.021007750742621401e+00
1.021014411842435798e+00
1.021025698242681745e+00
1.021034729118459605e+00
1.021040548218497879e+00
1.021050249496687545e+00
1.021060721469706944e+00
1.021066231508817923e+00
1.021074170577512819e+00
1.021085390616379929e+00
1.021091286248380303e+00
1.021097676267641141e+00
1.021108612455690734e+00
1.021115669652897129e+00
1.021120943333278408e+00
1.021130682441699022e+00
1.021139309977766363e+00
1.021143963671478971e+00
1.021152026270409241e+00
1.021161930718523791e+00
1.021166543619518752e+00
1.021172916678366960e+00
1.021183224007933710e+00
1.021188554256530878e+00
1.021193554606976805e+00
1.021203225104809986e+00
1.021209969801917916e+00
1.021214065950574401e+00
1.021222327216106063e+00
1.021230644700089618e+00
1.021234349005934572e+00
1.021240906386651659e+00
1.021250246724501487e+00
1.021254204437748836e+00
1.021259188331946843e+00
1.021268558492587797e+00
1.021273556023820861e+00
1.021277360904772946e+00
1.021285778025132096e+00
1.021292358205719841e+00
1.021295470729661314e+00
1.021302333889582803e+00
1.021310379671414026e+00
1.021313344438877113e+00
1.021318534153114133e+00
1.021327280073192956e+00
1.021330814425896349e+00
1.021334581173022116e+00
1.021342982586596060e+00
1.021347841507009413e+00
1.021350631238832518e+00
1.021357817672948531e+00
1.021364324599884910e+00
1.021366636342263767e+00
1.021372191695340215e+00
1.021379957533417704e+00
1.021382390136761575e+00
1.021386352456254532e+00
1.021394451841155071e+00
1.021397777098120407e+00
1.021400491785949605e+00
1.021407895965149581e+00
1.021412763437533622e+00
1.021414705213191887e+00
1.021420697582198667e+00
1.021427168419863030e+00
1.021428857017767644e+00
1.021433204359343261e+00
1.021440645499397171e+00
1.021442750334108140e+00
1.021445626399761775e+00
1.021453017049146039e+00
1.021456319800149837e+00
1.021458138536163407e+00
1.021464527890137752e+00
1.021469499225860167e+00
1.021470750104537029e+00
1.021475599913236554e+00
1.021482023808589989e+00
1.021483266595183625e+00
1.021486513528957918e+00
1.021493559778793081e+00
1.021495532996133271e+00
1.021497462440776216e+00
1.021504082850135831e+00
1.021507511819168545e+00
1.021508580755156270e+00
1.021513953529440411e+00
1.021519071616608709e+00
1.021519783408336490e+00
1.021523556213663086e+00
1.021529882836016423e+00
1.021530858703031619e+00
1.021533118605794765e+00
1.021539685770710193e+00
1.021541706158048513e+00
1.021542824450874409e+00
1.021548622785947824e+00
1.021552281042874544e+00
1.021552737437281699e+00
1.021557109831215948e+00
1.021562368649802766e+00
1.021562693256608867e+00
1.021565466897664143e+00
1.021571616530631665e+00
1.021572503336814153e+00
1.021573892916377124e+00
1.021579893890102397e+00
1.021582112034822964e+00
1.021582548297282678e+00
1.021587488838235025e+00
1.021591430010378776e+00
1.021591405618098358e+00
1.021594811638876443e+00
1.021600162963339553e+00
1.021600256081023339e+00
1.021602118505715806e+00
1.021607992973701196e+00
1.021608960406314548e+00
1.021609596832655287e+00
1.021614951500058766e+00
1.021617479864329159e+00
1.021617356196326654e+00
1.021621422922679212e+00
1.021625651814449753e+00
1.021625277827333811e+00
1.021627767723255253e+00
1.021633129988674504e+00
1.021633151199723644e+00
1.021634197992529636e+00
1.021639691757117330e+00
1.021640891021686093e+00
1.021640889029509225e+00
1.021645532119475952e+00
1.021648438244365575e+00
1.021647871332740154e+00
1.021651068867081902e+00
1.021655545928382924e+00
1.021654957708766798e+00
1.021656595734508510e+00
1.021661864215253068e+00
1.021661972453996592e+00
1.021662303953585482e+00
1.021667314610799959e+00
1.021668867346687826e+00
1.021668337193657017e+00
1.021672223456089768e+00
1.021675527468191014e+00
1.021674632403654304e+00
1.021676984999605686e+00
1.021681633636770226e+00
1.021680973082309762e+00
1.021681834966584823e+00
1.021686892581340267e+00
1.021687237400380255e+00
1.021686955492609350e+00
1.021691392790734287e+00
1.021693381786035637e+00
1.021692429076869413e+00
1.021695535633951657e+00
1.021699212068559071e+00
1.021698107205564865e+00
1.021699656629082131e+00
1.021704372373027692e+00
1.021703786188028484e+00
1.021703956287227655e+00
1.021708684337840456e+00
1.021709394784498626e+00
1.021708599950244878e+00
1.021712392514406043e+00
1.021714856116418435e+00
1.021713584019362742e+00
1.021715910292848140e+00
1.021719893451050520e+00
1.021718704322067905e+00
1.021719507263804561e+00
1.021724168014578549e+00
1.021723801345529203e+00
1.021723369390729497e+00
1.021727657416043655e+00
1.021728831083380973e+00
1.021727620688529736e+00
1.021730719970710410e+00
1.021733650941253790e+00
1.021732164341148108e+00
1.021733730340811608e+00
1.021737922139963395e+00
1.021736782316506664e+00
1.021736907551368034e+00
1.021741384231890759e+00
1.021741370620776745e+00
1.021740428298925529e+00
1.021744182159093572e+00
1.021745876831630984e+00
1.021744345571330870e+00
1.021746727073538530e+00
1.021750075565379445e+00
1.021748485641537751e+00
1.021749329429160191e+00
1.021753608829802484e+00
1.021752656352952870e+00
1.021752181556770278e+00
1.021756348445296281e+00
1.021756798269531030e+00
1.021755436395132222e+00
1.021758583859947667e+00
1.021760813273818957e+00
1.021759055992710552e+00
1.021760718331949480e+00
1.021764398054567202e+00
1.021762825158503585e+00
1.021762999986287834e+00
1.021767233275152620e+00
1.021766602633918941e+00
1.021765610840627891e+00
1.021769354723721435e+00
1.021770344741706138e+00
1.021768652050014214e+00
1.021771145582432094e+00
1.021773879638186999e+00
1.021771995681318490e+00
1.021772958337283432e+00
1.021776854887273878e+00
1.021775427776986378e+00
1.021774998978580706e+00
1.021779050236560682e+00
1.021778861337607314e+00
1.021777437458676108e+00
1.021780664745398859e+00
1.021782230918360401e+00
1.021780295215200418e+00
1.021782112194996373e+00
1.021785281022509650e+00
1.021783378315588298e+00
1.021783678795896044e+00
1.021787659311234275e+00
1.021786509792320663e+00
1.021785551312305973e+00
1.021789292289700501e+00
1.021789638848878745e+00
1.021787867157187168e+00
1.021790508348240145e+00
1.021792643045490889e+00
1.021790554581107457e+00
1.021791695671598887e+00
1.021795196531629646e+00
1.021793393229794678e+00
1.021793083997907914e+00
1.021797007454580353e+00
1.021796260940282419e+00
1.021794851608717192e+00
1.021798170125116645e+00
1.021799110037753699e+00
1.021797073615725360e+00
1.021799085007760954e+00
1.021801738553508532e+00
1.021799594398121291e+00
1.021800080902355745e+00
1.021803786949098125e+00
1.021802208977632631e+00
1.021801354112042093e+00
1.021805081565539508e+00
1.021804845426526276e+00
1.021803065586132098e+00
1.021805871652157638e+00
1.021807421183190012e+00
1.021805203817809149e+00
1.021806566871690247e+00
1.021809652622645670e+00
1.021807560027362394e+00
1.021807430850531162e+00
1.021811200984343193e+00
1.021809975007666793e+00
1.021808646506981333e+00
1.021812050452234111e+00
1.021812402736372638e+00
1.021810332219878159e+00
1.021812561423611321e+00
1.021814693900709337e+00
1.021812383908131228e+00
1.021813103076655294e+00
1.021816504988226182e+00
1.021814581641022013e+00
1.021813890050741414e+00
1.021817579193333270e+00
1.021816822043828843e+00
1.021815096043694693e+00
1.021818068009042513e+00
1.021819048916916328e+00
1.021816767262506920e+00
1.021818381497212824e+00
1.021821030133842179e+00
1.021818724550659141e+00
1.021818824368217360e+00
1.021822406141741135e+00
1.021820776000829323e+00
1.021819586085489284e+00
1.021823055137655478e+00
1.021822861918407988e+00
1.021820815599143506e+00
1.021823271261659283e+00
1.021824878832476191e+00
1.021822467904116571e+00
1.021823454026136835e+00
1.021826517922554078e+00
1.021824324923495508e+00
1.021823846830095528e+00
1.021827461925110869e+00
1.021826246687807416e+00
1.021824629509283211e+00
1.021827754124593923e+00
1.021828187599712834e+00
1.021825897812588479e+00
1.021827779350832799e+00
1.021829969631715240e+00
1.021827517735609758e+00
1.021827884993834479e+00
1.021831237293279404e+00
1.021829274923397701e+00
1.021828273878152116e+00
1.021831775711983692e+00
1.021831083429992182e+00
1.021829113317620052e+00
1.021831790635432835e+00
1.021832874028198557e+00
1.021830418337124513e+00
1.021831694291938541e+00
1.021834385348707519e+00
1.021831991001854956e+00
1.021831767953409909e+00
1.021835265320053754e+00
1.021833655659848406e+00
1.021832196426577077e+00
1.021835447971622735e+00
1.021835361269874287e+00
1.021833113172292418e+00
1.021835265920948643e+00
1.021836980156851205e+00
1.021834440100436447e+00
1.021835103459741267e+00
1.021838182201677991e+00
1.021835955391396489e+00
1.021835186620196900e+00
1.021838679356839918e+00
1.021837538710502979e+00
1.021835691940491397e+00
1.021838573830354147e+00
1.021839140262367662e+00
1.021836689140827703e+00
1.021838267017252999e+00
1.021840552310619321e+00
1.021838017602235471e+00
1.021838082948390625e+00
1.021841413796656273e+00
1.021839473100336182e+00
1.021838215689280460e+00
1.021841557787369403e+00
1.021840984820103326e+00
1.021838823563533394e+00
1.021841239912850030e+00
1.021842466232594893e+00
1.021839888929063855e+00
1.021840867706179878e+00
1.021843628648987590e+00
1.021841200268888361e+00
1.021840700580360917e+00
1.021844135214896587e+00
1.021842600391625222e+00
1.021840920068439740e+00
1.021843978353021098e+00
1.021844042766591576e+00
1.021841640415596775e+00
1.021843521918043285e+00
1.021845372882316916e+00
1.021842751880357003e+00
1.021843131044364306e+00
1.021846244151475513e+00
1.021844034257613831e+00
1.021843017530214670e+00
1.021846405043671080e+00
1.021845386203317885e+00
1.021843353449458203e+00
1.021846014933363245e+00
1.021846749026558587e+00
1.021844179549771248e+00
1.021845483957944944e+00
1.021847885236553788e+00
1.021845312700523811e+00
1.021845112406259748e+00
1.021848435217538098e+00
1.021846562617127141e+00
1.021845088195505458e+00
1.021848284903585258e+00
1.021847870508800105e+00
1.021845557431154461e+00
1.021847734179637257e+00
1.021849128681617591e+00
1.021846469260231149e+00
1.021847179855390975e+00
1.021850024078130303e+00
1.021847604017223965e+00
1.021846861807250928e+00
1.021850242834380307e+00
1.021848824153938962e+00
1.021846958783864778e+00
1.021849836817861235e+00
1.021850083124614006e+00
1.021847562113349817e+00
1.021849193361195951e+00
1.021851197747000395e+00
1.021848532841124424e+00
1.021848655734356903e+00
1.021851810655738380e+00
1.021849657335399453e+00
1.021848424656741194e+00
1.021851713491086944e+00
1.021850851622585932e+00
1.021848665697353553e+00
1.021851119527152463e+00
1.021852043533161947e+00
1.021849388363699429e+00
1.021850440182339170e+00
1.021852966790700590e+00
1.021850391752696652e+00
1.021849952712908127e+00
1.021853270670247671e+00
1.021851502460564554e+00
1.021849840861753123e+00
1.021852897643831248e+00
1.021852669949930625e+00
1.021850234882583752e+00
1.021852185201014951e+00
1.021853762071178284e+00
1.021851051194294424e+00
1.021851514439219732e+00
1.021854445356936703e+00
1.021852067435117251e+00
1.021851108534471475e+00
1.021854436518750076e+00
1.021853165849960110e+00
1.021851143005165330e+00
1.021853846363847573e+00
1.021854295151171099e+00
1.021851682840484221e+00
1.021853077744061311e+00
1.021855242556218402e+00
1.021852563237436451e+00
1.021852450608137008e+00
1.021855646359286052e+00
1.021853581511887654e+00
1.021852157525474425e+00
1.021855347150119275e+00
1.021854668556923862e+00
1.021852354774913874e+00
1.021854607452536534e+00
1.021855734433530838e+00
1.021853019209056468e+00
1.021853833151360469e+00
1.021856486095050975e+00
1.021853937332861451e+00
1.021853280114285667e+00
1.021856589397317050e+00
1.021854954607278820e+00
1.021853129096471635e+00
1.021856045618912079e+00
1.021856024471766045e+00
1.021853490699275557e+00
1.021855222452229262e+00
1.021856987743956058e+00
1.021854250146184029e+00
1.021854481474204768e+00
1.021857495457167087e+00
1.021855187629094441e+00
1.021854032256814593e+00
1.021857302056686345e+00
1.021856204328611906e+00
1.021854045724261972e+00
1.021856575236809839e+00
1.021857239468465295e+00
1.021854557620615944e+00
1.021855725528870718e+00
1.021858050720862776e+00
1.021855381454809475e+00
1.021855049303824980e+00
1.021858279077652920e+00
1.021856329120449436e+00
1.021854733454627295e+00
1.021857818771241266e+00
1.021857343107590577e+00
1.021854921615377609e+00
1.021856975723992589e+00
1.021858311874731973e+00
1.021855557547349580e+00
1.021856144361691587e+00
1.021858918667118088e+00
1.021856420567711865e+00
1.021855561535878198e+00
1.021858853634464825e+00
1.021857375978464599e+00
1.021855405314933574e+00
1.021858177628914399e+00
1.021858376582778227e+00
1.021855762930026224e+00
1.021857280691620407e+00
1.021859234422142881e+00
1.021856490955173280e+00
1.021856502324958171e+00
1.021859590802839168e+00
1.021857376973875908e+00
1.021856041592303255e+00
1.021859244395257882e+00
1.021858339297779583e+00
1.021856062618178740e+00
1.021858416250104096e+00
1.021859303073509029e+00
1.021856569717089158e+00
1.021857517161485873e+00
1.021859997519496410e+00
1.021857359492995165e+00
1.021856820751741335e+00
1.021860073786681644e+00
1.021858261177402527e+00
1.021856510061647683e+00
1.021859483175377559e+00
1.021859224961237711e+00
1.021856712369560771e+00
1.021858568186045035e+00
1.021860114476801584e+00
1.021857338956471573e+00
1.021857706938343657e+00
1.021860593337967860e+00
1.021858167352969637e+00
1.021857120128212504e+00
1.021860383489559876e+00
1.021859082660073081e+00
1.021856982513990264e+00
1.021859604577737723e+00
1.021860032270912821e+00
1.021857354568378451e+00
1.021858661000458746e+00
1.021860798638423162e+00
1.021858067682904991e+00
1.021857868889840315e+00
1.021861019852569719e+00
1.021858921070979864e+00
1.021857419643669385e+00
1.021860544402830806e+00
1.021859847515047104e+00
1.021857467671819286e+00
1.021859641818216868e+00
1.021860753825904577e+00
1.021857984561340693e+00
1.021858716436820247e+00
1.021861342919173410e+00
1.021858755213560066e+00
1.021858020877139950e+00
1.021861283786252184e+00
1.021859628001013709e+00
1.021857735355739649e+00
1.021860586810039440e+00
1.021860556449536217e+00
1.021857966965504794e+00
1.021859623551817364e+00
1.021861376885126571e+00
1.021858596176013823e+00
1.021858752184083396e+00
1.021861738316850898e+00
1.021859403906250297e+00
1.021858180336664645e+00
1.021861401531160229e+00
1.021860294023538618e+00
1.021858077933713194e+00
1.021860542657134774e+00
1.021861203754495184e+00
1.021858475860132343e+00
1.021859572633972535e+00
1.021861886154526555e+00
1.021859184572158741e+00
1.021858784122955832e+00
1.021861983191803436e+00
1.021860018394149305e+00
1.021858363219803500e+00
1.021861397661462778e+00
1.021860921182190740e+00
1.021858451174762816e+00
1.021860441532795205e+00
1.021861777643322977e+00
1.021858986550636672e+00
1.021859506899381875e+00
1.021862267593390161e+00
1.021859747945429220e+00
1.021858827821549909e+00
1.021862085541228149e+00
1.021860603672068102e+00
1.021858581831827539e+00
1.021861301462589466e+00
1.021861505923631119e+00
1.021858852137193407e+00
1.021860308065787759e+00
1.021862262097655627e+00
1.021859491074668114e+00
1.021859441201802277e+00
1.021862512477121676e+00
1.021860287691329860e+00
1.021858898490165535e+00
1.021862063040452462e+00
1.021861162660445022e+00
1.021858842679315149e+00
1.021861142634022945e+00
1.021862038478137391e+00
1.021859272994292578e+00
1.021860161397485367e+00
1.021862640042191295e+00
1.021859983803050653e+00
1.021859389490143322e+00
1.021862620693643642e+00
1.021860807142687122e+00
1.021859009400349905e+00
1.021861940733611140e+00
1.021861693949292604e+00
1.021859145459403040e+00
1.021860947610680359e+00
1.021862503695916136e+00
1.021859703968349020e+00
1.021860016494006596e+00
1.021862897314583130e+00
1.021860462589313956e+00
1.021859365786255802e+00
1.021862602265410258e+00
1.021861309364556103e+00
1.021859169557402858e+00
1.021861747084990224e+00
1.021862190359574152e+00
1.021859483800547475e+00
1.021860737631877125e+00
1.021862883370878272e+00
1.021860136306864675e+00
1.021859886319620436e+00
1.021863026556121046e+00
1.021860928370576627e+00
1.021859383529091225e+00
1.021862476509919571e+00
1.021861794677109359e+00
1.021859381812304068e+00
1.021861509713661853e+00
1.021862638788839428e+00
1.021859847575356861e+00
1.021860528908822285e+00
1.021863159751233319e+00
1.021860564335643984e+00
1.021859783611414718e+00
1.021863029964157565e+00
1.021861383482772778e+00
1.021859453587646627e+00
1.021862269011308166e+00
1.021862258599522955e+00
1.021859642414680858e+00
1.021861252212499682e+00
1.021863021561996154e+00
1.021860225952997636e+00
1.021860334356928801e+00
1.021863319575620377e+00
1.021860986040853625e+00
1.021859721282470268e+00
1.021862919997468921e+00
1.021861829259931964e+00
1.021859581930476324e+00
1.021862007373472991e+00
1.021862690802180840e+00
1.021859942348337436e+00
1.021860992943771196e+00
1.021863319206784304e+00
1.021860610126616997e+00
1.021860165751973248e+00
1.021863357667808447e+00
1.021861402150924247e+00
1.021859711204057497e+00
1.021862717686584432e+00
1.021862263612332233e+00
1.021859768139952385e+00
1.021861717174676443e+00
1.021863075454334080e+00
1.021860270005161331e+00
1.021860745841951967e+00
1.021863514226900360e+00
1.021860994869251194e+00
1.021860035087578833e+00
1.021863279037351635e+00
1.021861814110001099e+00
1.021859761947458978e+00
1.021862449017698626e+00
1.021862679251797079e+00
1.021860005580268460e+00
1.021861419405640792e+00
