1.000603444564682754e+00
1.000677281099322968e+00
1.000799945754342613e+00
1.000944351250504738e+00
1.001102195606343503e+00
1.001268603931800838e+00
1.001441811229189405e+00
1.001619546729191068e+00
1.001801185775990533e+00
1.001985335358989593e+00
1.002171567506651595e+00
1.002359039251824235e+00
1.002547219187792882e+00
1.002735749587038150e+00
1.002923912651456195e+00
1.003111818229457608e+00
1.003298587655060636e+00
1.003484750608698350e+00
1.003669340552979072e+00
1.003853205332869702e+00
1.004035366910246641e+00
1.004216847430940529e+00
1.004396714323383399e+00
1.004576005343615019e+00
1.004753871123855502e+00
1.004931215675180400e+00
1.005107306145947232e+00
1.005282788052250798e+00
1.005457090655623276e+00
1.005630512551129785e+00
1.005802710191433302e+00
1.005973595821890054e+00
1.006143127943898818e+00
1.006310851666619710e+00
1.006477085708366248e+00
1.006641082756971617e+00
1.006803531295908272e+00
1.006963500611815610e+00
1.007121991330688582e+00
1.007278000923321537e+00
1.007432724651252220e+00
1.007585176689479667e+00
1.007736597066631656e+00
1.007886075044126084e+00
1.008034743316233994e+00
1.008181805465920178e+00
1.008328153211167866e+00
1.008473143421116713e+00
1.008617324368996204e+00
1.008760259541007454e+00
1.008902094146118866e+00
1.009042666773209085e+00
1.009181714596605106e+00
1.009319417594503498e+00
1.009455158987462298e+00
1.009589493940506122e+00
1.009721552791631005e+00
1.009852239947238273e+00
1.009980552693067413e+00
1.010107652578200454e+00
1.010232511172660885e+00
1.010356407823170155e+00
1.010478365416841218e+00
1.010599625544984281e+00
1.010719311465062109e+00
1.010838481416834078e+00
1.010956396516614397e+00
1.011073811850550230e+00
1.011190170842654723e+00
1.011305842642843400e+00
1.011420513714386349e+00
1.011534133462782314e+00
1.011646700964952794e+00
1.011757770514726040e+00
1.011867707622546630e+00
1.011975751900760168e+00
1.012082642192450699e+00
1.012187419018122370e+00
1.012291135423868393e+00
1.012392751657298806e+00
1.012493515998859284e+00
1.012592403750858017e+00
1.012690706620323677e+00
1.012787478411776521e+00
1.012883900046164465e+00
1.012979145631567546e+00
1.013074149822404735e+00
1.013168246159240393e+00
1.013262018973677847e+00
1.013355013176001407e+00
1.013447401469993014e+00
1.013539007000098024e+00
1.013629584018896912e+00
1.013719299688693010e+00
1.013807542482862534e+00
1.013894858619750039e+00
1.013980371911214595e+00
1.014064984033811623e+00
1.014147676030975109e+00
1.014229614867442120e+00
1.014309749714669806e+00
1.014389373779150727e+00
1.014467485119501688e+00
1.014545346246632729e+00
1.014622055783525933e+00
1.014698697623504398e+00
1.014774509405621750e+00
1.014850273938159742e+00
1.014925411893578211e+00
1.015000319278982488e+00
1.015074659619052966e+00
1.015148405036270907e+00
1.015221531311111036e+00
1.015293608078544629e+00
1.015364978690715292e+00
1.015434888506137057e+00
1.015504058414774091e+00
1.015571524864958608e+00
1.015638330511613008e+00
1.015703423604472855e+00
1.015768051637379044e+00
1.015831173018110212e+00
1.015894088279034158e+00
1.015955832177809270e+00
1.016017602487410576e+00
1.016078553584154776e+00
1.016139642629348749e+00
1.016200182767905691e+00
1.016260783709350690e+00
1.016320968468234165e+00
1.016380934748221998e+00
1.016440481700426224e+00
1.016499384585290322e+00
1.016557785265511660e+00
1.016615085966756205e+00
1.016671808973340863e+00
1.016727082804250504e+00
1.016781790393319618e+00
1.016834908836520501e+00
1.016887594896064728e+00
1.016938787323232285e+00
1.016989779182613240e+00
1.017039554337461738e+00
1.017089384740684332e+00
1.017138352968463444e+00
1.017187560179444006e+00
1.017236226655272358e+00
1.017285157893039971e+00
1.017333755270773743e+00
1.017382439987394305e+00
1.017430853410904001e+00
1.017478991856444637e+00
1.017526806055734312e+00
1.017573885127759592e+00
1.017620546283162675e+00
1.017666046740286490e+00
1.017711083726413834e+00
1.017754696879173970e+00
1.017797911737357675e+00
1.017839672157914377e+00
1.017881217935104665e+00
1.017921497864419766e+00
1.017961814990417269e+00
1.018001191494931845e+00
1.018040836915900194e+00
1.018079891225554201e+00
1.018119330661109823e+00
1.018158451939259912e+00
1.018197888622586422e+00
1.018237144299151575e+00
1.018276442131172743e+00
1.018315558168369384e+00
1.018354291005218570e+00
1.018392756514497899e+00
1.018430374540596706e+00
1.018467641290278891e+00
1.018503694895112055e+00
1.018539396276038067e+00
1.018573723960006561e+00
1.018607820623508076e+00
1.018640619947366099e+00
1.018673410947516178e+00
1.018705168249020243e+00
1.018737169843896728e+00
1.018768486596295819e+00
1.018800234424244611e+00
1.018831619823352463e+00
1.018863469631299701e+00
1.018895168639635029e+00
1.018927163195692653e+00
1.018959074262888009e+00
1.018990923633638523e+00
1.019022637698820066e+00
1.019053827539938339e+00
1.019084783850738862e+00
1.019114779080727784e+00
1.019144485427441404e+00
1.019172949572689557e+00
1.019201177854956786e+00
1.019228113673657621e+00
1.019254986734850155e+00
1.019280739939075087e+00
1.019306676578974891e+00
1.019331809592928906e+00
1.019357358487212650e+00
1.019382451704998749e+00
1.019408083463362980e+00
1.019433536434603216e+00
1.019459467785687190e+00
1.019485363527781630e+00
1.019511472951723396e+00
1.019537550243904800e+00
1.019563418892518225e+00
1.019589169312186350e+00
1.019614241252574383e+00
1.019639104624885384e+00
1.019662909902089076e+00
1.019686495115963210e+00
1.019708843069919268e+00
1.019731081067446699e+00
1.019752140421209319e+00
1.019773304725427820e+00
1.019793541790994462e+00
1.019814134480802714e+00
1.019834144067168102e+00
1.019854700463662223e+00
1.019874998223396556e+00
1.019895885287601889e+00
1.019916731448933467e+00
1.019938008567001564e+00
1.019959318503796730e+00
1.019980709515521999e+00
1.020002084582650959e+00
1.020023078292115803e+00
1.020043955271440428e+00
1.020064005123588524e+00
1.020083874947229186e+00
1.020102620519676817e+00
1.020121228486516207e+00
1.020138643739109785e+00
1.020156085194223738e+00
1.020172491577046259e+00
1.020189165756733018e+00
1.020205112908741274e+00
1.020221562042330499e+00
1.020237631377294285e+00
1.020254332954655174e+00
1.020270936605994105e+00
1.020288123319191165e+00
1.020305362656693138e+00
1.020322930668162043e+00
1.020340560678177022e+00
1.020358102109268472e+00
1.020375620675199269e+00
1.020392577394578781e+00
1.020409416278972303e+00
1.020425301654064087e+00
1.020441048671492101e+00
1.020455645867878847e+00
1.020470204901975375e+00
1.020483655982274751e+00
1.020497276912480267e+00
1.020510029736151125e+00
1.020523201887563403e+00
1.020535845945701681e+00
1.020549105691504144e+00
1.020562164586710896e+00
1.020575891776186239e+00
1.020589642928154905e+00
1.020603915788182992e+00
1.020618294010061877e+00
1.020632852993191619e+00
1.020647473126278015e+00
1.020661813467346857e+00
1.020676113177635180e+00
1.020689680161317003e+00
1.020703136691441637e+00
1.020715548803366124e+00
1.020727883404121572e+00
1.020739087901992193e+00
1.020750370183390432e+00
1.020760665623454688e+00
1.020771276390536109e+00
1.020781200564989888e+00
1.020791676463062236e+00
1.020801812692740285e+00
1.020812639069450523e+00
1.020823413235677268e+00
1.020834840143741040e+00
1.020846373636495219e+00
1.020858316906792185e+00
1.020870383171613494e+00
1.020882448438661605e+00
1.020894554367118623e+00
1.020906184120368154e+00
1.020917756199499316e+00
1.020928449760291290e+00
1.020939057134703010e+00
1.020948573514857127e+00
1.020958094702715480e+00
1.020966550563311648e+00
1.020975212767385898e+00
1.020983038183489899e+00
1.020991318483723154e+00
1.020999098053482435e+00
1.021007534304747111e+00
1.021015800116240158e+00
1.021024785751446062e+00
1.021033833338722108e+00
1.021043466628557495e+00
1.021053251718628152e+00
1.021063291524696215e+00
1.021073444464506208e+00
1.021083394702441804e+00
1.021093356368812266e+00
1.021102656492909988e+00
1.021111892646807462e+00
1.021120141993865360e+00
1.021128351502930798e+00
1.021135471874301537e+00
1.021142699546484955e+00
1.021148967160272480e+00
1.021155575699956408e+00
1.021161516637899114e+00
1.021168037168182829e+00
1.021174236732219853e+00
1.021181162616769722e+00
1.021188060761895944e+00
1.021195659962861768e+00
1.021203398900419668e+00
1.021211608029960694e+00
1.021219981034480417e+00
1.021228420907918988e+00
1.021236945712412414e+00
1.021245061414719268e+00
1.021253161196779446e+00
1.021260439850693036e+00
1.021267666737519120e+00
1.021273844505137252e+00
1.021280052656530213e+00
1.021285221391471154e+00
1.021290615658144274e+00
1.021295187681255712e+00
1.021300232781395367e+00
1.021304787590128882e+00
1.021310022660581796e+00
1.021315100721183589e+00
1.021320932826766725e+00
1.021326848049111113e+00
1.021333396038707431e+00
1.021340125860611181e+00
1.021347168121863991e+00
1.021354359739143680e+00
1.021361410454691310e+00
1.021368509636660260e+00
1.021375004142189180e+00
1.021381466788105374e+00
1.021386986659032381e+00
1.021392490394819497e+00
1.021396932722446582e+00
1.021401498013202014e+00
1.021405116768534516e+00
1.021409088099901830e+00
1.021412397338797184e+00
1.021416299928299853e+00
1.021419886553380785e+00
1.021424221482760686e+00
1.021428539381305622e+00
1.021433592596564299e+00
1.021438805119674331e+00
1.021444534637871548e+00
1.021450455769289611e+00
1.021456498767489229e+00
1.021462658440461579e+00
1.021468464116669805e+00
1.021474283732270560e+00
1.021479328452469026e+00
1.021484344396155208e+00
1.021488342425583840e+00
1.021492385179015194e+00
1.021495403844693950e+00
1.021498655932830069e+00
1.021501089533892737e+00
1.021504002904421116e+00
1.021506425330907186e+00
1.021509539901841013e+00
1.021512499580700561e+00
1.021516235779107440e+00
1.021520064931580096e+00
1.021524562383630874e+00
1.021529260616787838e+00
1.021534318010794085e+00
1.021539550376144856e+00
1.021544693420071370e+00
1.021549911950002443e+00
1.021554573283038003e+00
1.021559225368791513e+00
1.021562969951784972e+00
1.021566712899900420e+00
1.021569413659112691e+00
1.021572243862779450e+00
1.021574132429464710e+00
1.021576375857217833e+00
1.021577953760580026e+00
1.021580129151712146e+00
1.021581984316866976e+00
1.021584599966560258e+00
1.021587199856904160e+00
1.021590559543440691e+00
1.021594088737041606e+00
1.021598172266380722e+00
1.021602466097825346e+00
1.021606927952241506e+00
1.021611529686428099e+00
1.021615824481577395e+00
1.021620155080890768e+00
1.021623749696178418e+00
1.021627330927217692e+00
1.021629918552135585e+00
1.021632557779166950e+00
1.021634181384801110e+00
1.021636038725644902e+00
1.021637074211628526e+00
1.021638588319122576e+00
1.021639603337456847e+00
1.021641314276068968e+00
1.021642864654319638e+00
1.021645205788843214e+00
1.021647641833593356e+00
1.021650773593846040e+00
1.021654117364653169e+00
1.021657859334461849e+00
1.021661794570171145e+00
1.021665685073376517e+00
1.021669671284781478e+00
1.021673141550108799e+00
1.021676618854447272e+00
1.021679218277748769e+00
1.021681824500007885e+00
1.021683402317317357e+00
1.021685109983233808e+00
1.021685875328281146e+00
1.021686991520741383e+00
1.021687432817741437e+00
1.021688469137292943e+00
1.021689174658279686e+00
1.021690645998965863e+00
1.021692096309301245e+00
1.021694323999686294e+00
1.021696724856252292e+00
1.021699710731436506e+00
1.021702919317904357e+00
1.021706335966496404e+00
1.021709909876182598e+00
1.021713218514861854e+00
1.021716579501657840e+00
1.021719238707169852e+00
1.021721894968910416e+00
1.021723577621792112e+00
1.021725313918271372e+00
1.021726038763200783e+00
1.021726992679791168e+00
1.021727116790313694e+00
1.021727713102511093e+00
1.021727797193958676e+00
1.021728575397791605e+00
1.021729182048694895e+00
1.021730587919961852e+00
1.021732085187236905e+00
1.021734299866257079e+00
1.021736732422906080e+00
1.021739596857638599e+00
1.021742667838668961e+00
1.021745733943677292e+00
1.021748911448183250e+00
1.021751610240166031e+00
1.021754328271224921e+00
1.021756194576984189e+00
1.021758072271907958e+00
1.021758932080434334e+00
1.021759918271378798e+00
1.021759958030021842e+00
1.021760340507669396e+00
1.021760034910349280e+00
1.021760317417964803e+00
1.021760254339516560e+00
1.021760957674746173e+00
1.021761630219243822e+00
1.021763092878563928e+00
1.021764727828067265e+00
1.021766973803163392e+00
1.021769450575715554e+00
1.021772171250998174e+00
1.021775062659980415e+00
1.021777726943990938e+00
1.021780456684513672e+00
1.021782515974637207e+00
1.021784579677262217e+00
1.021785687280147181e+00
1.021786847586884983e+00
1.021786998129318835e+00
1.021787369943583323e+00
1.021786901216028998e+00
1.021786894813997426e+00
1.021786359846082348e+00
1.021786513378843964e+00
1.021786480778850148e+00
1.021787251823764286e+00
1.021788106974212962e+00
1.021789697190121249e+00
1.021791507436593083e+00
1.021793779499081456e+00
1.021796267979307782e+00
1.021798788272939573e+00
1.021801432698071999e+00
1.021803633156442626e+00
1.021805862518440300e+00
1.021807264357589728e+00
1.021808679871768044e+00
1.021809086259765742e+00
1.021809613222889546e+00
1.021809187714638467e+00
1.021809094195286205e+00
1.021808297095867513e+00
1.021808078218390481e+00
1.021807496207046695e+00
1.021807677912535350e+00
1.021807815995190438e+00
1.021808753482272625e+00
1.021809859223923755e+00
1.021811598673329158e+00
1.021813574016294135e+00
1.021815826203569921e+00
1.021818259984885291e+00
1.021820502524860341e+00
1.021822821465768971e+00
1.021824499653568363e+00
1.021826187784645290e+00
1.021826936069707426e+00
1.021827734389511688e+00
1.021827523381353853e+00
1.021827523951658323e+00
1.021826671683581544e+00
1.021826269634257267e+00
1.021825320664585757e+00
1.021825051978843213e+00
1.021824580167626229e+00
1.021824913548365465e+00
1.021825321105329420e+00
1.021826478456155929e+00
1.021827855373750982e+00
1.021829721373481714e+00
1.021831811313438365e+00
1.021833967616699201e+00
1.021836258855848500e+00
1.021838139387417632e+00
1.021840056967633803e+00
1.021841170267198784e+00
1.021842298233458735e+00
1.021842425070796256e+00
1.021842665341348155e+00
1.021841946169566473e+00
1.021841546652519916e+00
1.021840426710477701e+00
1.021839873121955566e+00
1.021838937055632002e+00
1.021838759671166219e+00
1.021838523693751499e+00
1.021839093881762750e+00
1.021839826027116871e+00
1.021841212112033048e+00
1.021842837058332121e+00
1.021844769724771673e+00
1.021846893064682238e+00
1.021848859587287883e+00
1.021850912103588360e+00
1.021852352720427293e+00
1.021853807791228919e+00
1.021854338806694518e+00
1.021854916263497115e+00
1.021854484376745198e+00
1.021854253284732561e+00
1.021853156295409182e+00
1.021852495981517617e+00
1.021851269169501641e+00
1.021850712595405275e+00
1.021849934253236780e+00
1.021849960520923251e+00
1.021850049129549909e+00
1.021850900048369315e+00
1.021851968153028478e+00
1.021853550609104211e+00
1.021855362847662096e+00
1.021857274501976054e+00
1.021859330615571659e+00
1.021861008417939809e+00
1.021862730531468255e+00
1.021863671269228835e+00
1.021864627008695958e+00
1.021864589486056296e+00
1.021864657560843659e+00
1.021863758930590338e+00
1.021863166656086452e+00
1.021861836409041935e+00
1.021861059290954721e+00
1.021859879177442698e+00
1.021859450982841810e+00
1.021858947685819752e+00
1.021859255369096386e+00
1.021859717020476399e+00
1.021860850941725518e+00
1.021862225103781441e+00
1.021863936311731003e+00
1.021865846007308232e+00
1.021867632342404519e+00
1.021869513414777497e+00
1.021870811083704034e+00
1.021872127198643287e+00
1.021872535080577959e+00
1.021872985393454503e+00
1.021872426403047651e+00
1.021872056845252619e+00
1.021870808082678828e+00
1.021869981525262316e+00
1.021868568176429903e+00
1.021867813688471349e+00
1.021866817630966207e+00
1.021866623949958974e+00
1.021866479335594935e+00
1.021867107785622064e+00
1.021867949563144418e+00
1.021869329383080283e+00
1.021870943562120271e+00
1.021872689103782816e+00
1.021874587745005059e+00
1.021876139987516474e+00
1.021877743314643761e+00
1.021878588216881045e+00
1.021879448198425466e+00
1.021879323052446775e+00
1.021879295382223773e+00
1.021878293863977216e+00
1.021877584849895992e+00
1.021876120027351842e+00
1.021875194161113942e+00
1.021873844013116539e+00
1.021873237687846325e+00
1.021872538597881075e+00
1.021872653729862357e+00
1.021872913511450154e+00
1.021873862336690975e+00
1.021875051531863976e+00
1.021876605865612575e+00
1.021878365554425905e+00
1.021880034670571646e+00
1.021881806728146769e+00
1.021883023816470892e+00
1.021884263137211590e+00
1.021884610387484571e+00
1.021884995964617682e+00
1.021884372660740947e+00
1.021883927181578500e+00
1.021882589278586329e+00
1.021881658518544178e+00
1.021880120293943151e+00
1.021879228550482521e+00
1.021878074600541364e+00
1.021877719455172917e+00
1.021877398966934747e+00
1.021877860824495832e+00
1.021878530954603459e+00
1.021879761502075379e+00
1.021881229979283212e+00
1.021882860899608669e+00
1.021884652923125358e+00
1.021886130206003385e+00
1.021887665103232479e+00
1.021888464809031394e+00
1.021889279668836137e+00
1.021889118058227908e+00
1.021889045782716554e+00
1.021887992907720477e+00
1.021887218407619979e+00
1.021885670253266598e+00
1.021884646208987224e+00
1.021883176100962132e+00
1.021882440651140644e+00
1.021881593879805372e+00
1.021881563245569335e+00
1.021881666851117476e+00
1.021882474939865171e+00
1.021883522493879148e+00
1.021884962243409412e+00
1.021886613468514282e+00
1.021888206420653589e+00
1.021889910172400828e+00
1.021891087507756479e+00
1.021892290855377361e+00
1.021892618830652522e+00
1.021892981147052515e+00
1.021892335602415436e+00
1.021891856253088537e+00
1.021890471578966952e+00
1.021889478623286607e+00
1.021887857381598597e+00
1.021886869464526226e+00
1.021885598090851666e+00
1.021885120824395976e+00
1.021884662875778726e+00
1.021884995274185748e+00
1.021885529878621135e+00
1.021886646127345699e+00
1.021888003036554249e+00
1.021889552749939423e+00
1.021891271088261943e+00
1.021892706228063830e+00
1.021894205423454549e+00
1.021894993090419979e+00
1.021895796149308033e+00
1.021895632084298899e+00
1.021895549375309464e+00
1.021894479893164398e+00
1.021893674569841703e+00
1.021892077932192722e+00
1.021890990077618078e+00
1.021889434074272573e+00
1.021888602681779279e+00
1.021887640696482302e+00
1.021887495606558005e+00
1.021887473417075531e+00
1.021888169963396376e+00
1.021889104178677732e+00
1.021890456734696473e+00
1.021892026266680853e+00
1.021893569445953664e+00
1.021895231058529641e+00
1.021896395035180483e+00
1.021897588925503753e+00
1.021897924801941970e+00
1.021898291294468075e+00
1.021897651690258479e+00
1.021897166786694511e+00
1.021895764138109453e+00
1.021894737584615909e+00
1.021893061941994585e+00
1.021892005852266028e+00
1.021890644601887388e+00
1.021890071786636600e+00
1.021889502164253116e+00
1.021889729741895403e+00
1.021890152572607402e+00
1.021891177235397130e+00
1.021892444556814272e+00
1.021893934412808180e+00
1.021895600030198192e+00
1.021897013955979538e+00
1.021898498387618037e+00
1.021899295472920910e+00
1.021900108460351841e+00
1.021899964470088129e+00
1.021899894142932919e+00
1.021898831577894740e+00
1.021898019005111014e+00
1.021896397785895694e+00
1.021895269681759810e+00
1.021893651181742912e+00
1.021892746496420923e+00
1.021891691362380783e+00
1.021891452844780446e+00
1.021891325071536683e+00
1.021891929198505355e+00
1.021892768400522566e+00
1.021894051253232405e+00
1.021895556041374276e+00
1.021897066079077820e+00
1.021898702033346318e+00
1.021899869421507567e+00
1.021901070827142322e+00
1.021901432315466707e+00
1.021901821051146797e+00
1.021901206299256515e+00
1.021900734998578253e+00
1.021899334131387782e+00
1.021898293656057888e+00
1.021896583430315975e+00
1.021895478488966891e+00
1.021894046346448981e+00
1.021893396101095863e+00
1.021892732241329815e+00
1.021892871377793055e+00
1.021893198013149817e+00
1.021894145698617251e+00
1.021895337376092838e+00
1.021896780737629129e+00
1.021898406668975356e+00
1.021899812422055298e+00
1.021901295198342829e+00
1.021902115379712539e+00
1.021902952315395297e+00
1.021902843290567020e+00
1.021902800607890516e+00
1.021901761024730959e+00
1.021900957415261324e+00
1.021899328260877926e+00
1.021898176315706008e+00
1.021896511671112062e+00
1.021895549394817193e+00
1.021894416324860888e+00
1.021894098640614867e+00
1.021893878807232259e+00
1.021894403015812580e+00
1.021895158969023276e+00
1.021896383091492222e+00
1.021897833614318740e+00
1.021899320699922065e+00
1.021900941075948976e+00
1.021902122273872671e+00
1.021903341843083179e+00
1.021903740374378478e+00
1.021904163203182669e+00
1.021903586066447822e+00
1.021903141454881148e+00
1.021901756140644935e+00
1.021900715522785719e+00
1.021898984728453641e+00
1.021897844541421740e+00
1.021896354864651357e+00
1.021895639760945329e+00
1.021894893628412682e+00
1.021894955294853968e+00
1.021895195962407854e+00
1.021896075970418316e+00
1.021897200679529050e+00
1.021898605663936532e+00
1.021900199728242198e+00
1.021901605148283876e+00
1.021903094206158435e+00
1.021903946012234554e+00
1.021904815808493128e+00
1.021904751575870796e+00
1.021904746794571217e+00
1.021903741318449743e+00
1.021902958017152585e+00
1.021901332785881245e+00
1.021900168697401190e+00
1.021898469630470263e+00
1.021897460909010569e+00
1.021896260631710796e+00
1.021895873619256490e+00
1.021895570882964233e+00
1.021896023350377547e+00
1.021896703533841544e+00
1.021897875635184860e+00
1.021899278130889988e+00
1.021900748219864319e+00
1.021902358881650041e+00
1.021903560077205508e+00
1.021904804272053990e+00
1.021905247112374626e+00
1.021905711758439583e+00
1.021905180918653899e+00
1.021904772056721811e+00
1.021903412105664932e+00
1.021902381228947609e+00
1.021900640057242349e+00
1.021899474474383451e+00
1.021897936933524598e+00
1.021897165915242489e+00
1.021896345902455483e+00
1.021896337542180122e+00
1.021896498980440660e+00
1.021897317145421313e+00
1.021898380118143823e+00
1.021899751403438028e+00
1.021901317991257274e+00
1.021902727484835349e+00
1.021904227339055948e+00
1.021905115879158554e+00
1.021906024051190798e+00
1.021906011064219966e+00
1.021906051106796109e+00
1.021905087575566862e+00
1.021904332693154061e+00
1.021902720070972936e+00
1.021901552424304693e+00
1.021899827608736100e+00
1.021898780596483203e+00
1.021897520904745615e+00
1.021897071512698929e+00
1.021896692181687438e+00
1.021897078263681369e+00
1.021897687358235274e+00
1.021898811356019898e+00
1.021900169279723603e+00
1.021901625535746483e+00
1.021903229557890924e+00
1.021904454139459739e+00
1.021905726630738087e+00
1.021906218259728050e+00
1.021906729683956794e+00
1.021906251088319451e+00
1.021905884341735682e+00
1.021904556918347140e+00
1.021903543071643217e+00
1.021901799177104886e+00
1.021900615564947490e+00
1.021899037401940991e+00
1.021898217031364409e+00
1.021897329192655191e+00
1.021897255942788130e+00
1.021897342610789572e+00
1.021898102499546379e+00
1.021899106710084215e+00
1.021900446709021804e+00
1.021901987944246581e+00
1.021903403634254470e+00
1.021904916514041251e+00
1.021905844601648905e+00
1.021906794377904770e+00
1.021906836813608610e+00
1.021906926352120548e+00
1.021906010387292785e+00
1.021905289858962229e+00
1.021903696406172291e+00
1.021902531708934969e+00
1.021900787794003174e+00
1.021899708667316276e+00
1.021898395421604544e+00
1.021897888702071100e+00
1.021897437219150717e+00
1.021897760424357759e+00
1.021898301277590182e+00
1.021899379253731865e+00
1.021900694223877526e+00
1.021902137955773338e+00
1.021903736550453523e+00
1.021904986023625561e+00
1.021906288597071999e+00
1.021906831603198507e+00
1.021907392887854815e+00
1.021906970622593835e+00
1.021906650525596039e+00
1.021905361001727464e+00
1.021904369722615780e+00
1.021902629057396039e+00
1.021901433124624337e+00
1.021899819970336187e+00
1.021898955237355189e+00
1.021898004090283862e+00
1.021897869575803863e+00
1.021897884439829429e+00
1.021898588131310515e+00
1.021899535068603315e+00
1.021900844694122235e+00
1.021902361191833641e+00
1.021903783667569954e+00
1.021905310258520050e+00
1.021906279144517260e+00
1.021907272191338700e+00
1.021907372665833869e+00
1.021907514828848340e+00
1.021906650533755956e+00
1.021905968809296628e+00
1.021904399642745709e+00
1.021903242999942396e+00
1.021901485278448707e+00
1.021900378897030226e+00
1.021899016680525074e+00
1.021898456438343317e+00
1.021897936024484199e+00
1.021898198652581691e+00
1.021898672911489836e+00
1.021899705739683029e+00
1.021900978159794970e+00
1.021902409437624337e+00
1.021904002564482106e+00
1.021905277155361169e+00
1.021906610308155550e+00
1.021907205977817146e+00
1.021907818908540211e+00
1.021907455773413353e+00
1.021907185596416578e+00
1.021905938112053214e+00
1.021904973741349920e+00
1.021903241103800042e+00
1.021902037444315070e+00
1.021900393856490785e+00
1.021899488711715653e+00
1.021898477765659230e+00
1.021898284623748321e+00
1.021898229677487890e+00
1.021898878279051459e+00
1.021899768458857771e+00
1.021901047632122639e+00
1.021902539002052634e+00
1.021903967817908043e+00
1.021905507755445086e+00
1.021906517615810417e+00
1.021907554519347894e+00
1.021907714563427660e+00
1.021907911405762759e+00
1.021907101829206077e+00
