1.000603444564682754e+00
1.000678100079055222e+00
1.000801574830830099e+00
1.000946555070022725e+00
1.001105294031234827e+00
1.001271742976775236e+00
1.001444488828111989e+00
1.001623338504136651e+00
1.001802867485068749e+00
1.001985596904714226e+00
1.002172100506492303e+00
1.002356455901417309e+00
1.002542845939078386e+00
1.002731195332005054e+00
1.002916820845229484e+00
1.003104007874840553e+00
1.003290949728841586e+00
1.003475874071912077e+00
1.003662303270143275e+00
1.003846100503458683e+00
1.004028949231051238e+00
1.004213375446819656e+00
1.004393314865966058e+00
1.004573138143998623e+00
1.004754271212267680e+00
1.004930245362163355e+00
1.005106585816434972e+00
1.005283204128691654e+00
1.005455298891569704e+00
1.005628090938466723e+00
1.005799337898470203e+00
1.005967519432703128e+00
1.006136746852261288e+00
1.006302323213607686e+00
1.006466380279208206e+00
1.006631738277550481e+00
1.006791872845604896e+00
1.006951626186171067e+00
1.007112462129715613e+00
1.007267691269632781e+00
1.007423221550150183e+00
1.007578790155946535e+00
1.007729642376017143e+00
1.007881255195731462e+00
1.008031075688565537e+00
1.008177822077619190e+00
1.008325745013960439e+00
1.008469813517542724e+00
1.008612462896365081e+00
1.008756550576101807e+00
1.008895317081544452e+00
1.009033860609363398e+00
1.009173579297751200e+00
1.009307731576019496e+00
1.009442378761472803e+00
1.009577090351437612e+00
1.009707247379076467e+00
1.009838383552541075e+00
1.009967708584310175e+00
1.010094190426730210e+00
1.010222074298877448e+00
1.010346095731016636e+00
1.010468945501723947e+00
1.010593433835138111e+00
1.010712663514506726e+00
1.010831908177724170e+00
1.010952468431942641e+00
1.011067624396799092e+00
1.011183504091058172e+00
1.011299516047078129e+00
1.011411217351068093e+00
1.011524125038326449e+00
1.011635242084486297e+00
1.011743792763892813e+00
1.011853965846873260e+00
1.011960305226531132e+00
1.012065737808941046e+00
1.012172997931918061e+00
1.012275093295379680e+00
1.012377439787579991e+00
1.012481229581104092e+00
1.012579799174554651e+00
1.012679308367511855e+00
1.012779006956401773e+00
1.012874648320453819e+00
1.012971704596631550e+00
1.013066984203551346e+00
1.013159971261681003e+00
1.013254779383317761e+00
1.013345780369085736e+00
1.013436126838401563e+00
1.013528466517224835e+00
1.013615735194198564e+00
1.013703473029483826e+00
1.013792758679603612e+00
1.013877006114924706e+00
1.013962388466200348e+00
1.014047996767610593e+00
1.014129793688888670e+00
1.014213192362060312e+00
1.014294812620787578e+00
1.014374400143500665e+00
1.014455984523664700e+00
1.014533777928116942e+00
1.014611150406223405e+00
1.014690657630955783e+00
1.014765180406187461e+00
1.014840369641550666e+00
1.014917186980699881e+00
1.014989140247683164e+00
1.015062402715869228e+00
1.015135905828836282e+00
1.015205831582756790e+00
1.015277524797516095e+00
1.015347420685617674e+00
1.015415527020170572e+00
1.015485784016559201e+00
1.015552254238411223e+00
1.015618517353625849e+00
1.015687033483433144e+00
1.015750642935229209e+00
1.015815095588447292e+00
1.015881233189303234e+00
1.015942671590519542e+00
1.016005573439151100e+00
1.016068709472064846e+00
1.016128489354914510e+00
1.016190182690808186e+00
1.016250043226066158e+00
1.016308340497247276e+00
1.016368921799588154e+00
1.016425709019219692e+00
1.016482483751838473e+00
1.016541608078324721e+00
1.016595894994300586e+00
1.016651182575064816e+00
1.016708190106456744e+00
1.016760654253924478e+00
1.016814717797131618e+00
1.016868989529793321e+00
1.016920113906412126e+00
1.016973279952448017e+00
1.017024562725468817e+00
1.017074492467927138e+00
1.017126821146121962e+00
1.017175338315047473e+00
1.017224019791559408e+00
1.017275127712169214e+00
1.017321460133731481e+00
1.017368933221269200e+00
1.017418141403947152e+00
1.017462953933688574e+00
1.017509485564988436e+00
1.017556181857761421e+00
1.017599928186087910e+00
1.017645828727550494e+00
1.017689782455453162e+00
1.017732578617702721e+00
1.017777872201544032e+00
1.017819328454263594e+00
1.017861109638460215e+00
1.017905376386958993e+00
1.017944923620796915e+00
1.017985735999804353e+00
1.018028280771235972e+00
1.018066570730218778e+00
1.018106685313755477e+00
1.018146905522540502e+00
1.018184362927445630e+00
1.018224073445767264e+00
1.018261762486857291e+00
1.018298476034510847e+00
1.018337771004079739e+00
1.018373196150867965e+00
1.018409092349793266e+00
1.018447517379542422e+00
1.018481274372523115e+00
1.018516407350471775e+00
1.018553254063323532e+00
1.018585981093847126e+00
1.018620626035409149e+00
1.018655303970470882e+00
1.018687397182659105e+00
1.018721830645330506e+00
1.018754158683293998e+00
1.018785681246539010e+00
1.018819856516439026e+00
1.018850124429863779e+00
1.018880996612188783e+00
1.018914426754540692e+00
1.018943237166709093e+00
1.018973522539816878e+00
1.019005488779783697e+00
1.019033465867920540e+00
1.019063443720643836e+00
1.019093370117846398e+00
1.019120881886612651e+00
1.019150810992791589e+00
1.019178543161270767e+00
1.019205629094688259e+00
1.019235427898819824e+00
1.019261278291237804e+00
1.019287854773935464e+00
1.019317005757532257e+00
1.019341583389436146e+00
1.019367724742535231e+00
1.019395501476337174e+00
1.019419416023302105e+00
1.019445405397066295e+00
1.019471248691767418e+00
1.019494840489107990e+00
1.019520918189225522e+00
1.019544701470087134e+00
1.019567988169182371e+00
1.019594038188182505e+00
1.019616096629665680e+00
1.019638992983409764e+00
1.019664469162016474e+00
1.019685417584009546e+00
1.019708009768685253e+00
1.019732180663073695e+00
1.019752613715217304e+00
1.019775188322193493e+00
1.019797513552914037e+00
1.019817744388957115e+00
1.019840522497127200e+00
1.019860904203575114e+00
1.019880930483251014e+00
1.019903762020592186e+00
1.019922557994055623e+00
1.019942294961779794e+00
1.019964607046357274e+00
1.019982437216508941e+00
1.020001983796406941e+00
1.020023042497406163e+00
1.020040485917186546e+00
1.020060131542315673e+00
1.020079417171733338e+00
1.020096760306105743e+00
1.020116705998995510e+00
1.020134150134833995e+00
1.020151372463064643e+00
1.020171434472721073e+00
1.020187417266926300e+00
1.020204436502997414e+00
1.020224017114046200e+00
1.020239162800036459e+00
1.020256091289319489e+00
1.020274456494369986e+00
1.020289327907077714e+00
1.020306457151066271e+00
1.020323109656844363e+00
1.020337967063959628e+00
1.020355477137325551e+00
1.020370378507609477e+00
1.020385184978342519e+00
1.020402858840173455e+00
1.020416411181014560e+00
1.020431088722861812e+00
1.020448305685032198e+00
1.020461136617545561e+00
1.020475811452888681e+00
1.020491839724473326e+00
1.020504495196639771e+00
1.020519459960357977e+00
1.020533826171550640e+00
1.020546540744828423e+00
1.020561953624621765e+00
1.020574649701039949e+00
1.020587371760463213e+00
1.020602982827584437e+00
1.020614432278874606e+00
1.020627089793770370e+00
1.020642257223788318e+00
1.020653090040424482e+00
1.020665823356795787e+00
1.020679819754826800e+00
1.020690564290690716e+00
1.020703666097456441e+00
1.020716043379495730e+00
1.020726908987383830e+00
1.020740514616777395e+00
1.020751295285908133e+00
1.020762217350247081e+00
1.020776044413369998e+00
1.020785672699634938e+00
1.020796586668590411e+00
1.020809974023987543e+00
1.020819081179556109e+00
1.020830141573751293e+00
1.020842368295720615e+00
1.020851464349589177e+00
1.020862962709502719e+00
1.020873607207179123e+00
1.020882876819077634e+00
1.020894924644062618e+00
1.020904040067106777e+00
1.020913407268359663e+00
1.020925690176675005e+00
1.020933740674309753e+00
1.020943149765648927e+00
1.020954989109404298e+00
1.020962606014936824e+00
1.020972225563452351e+00
1.020982908861548077e+00
1.020990583142302288e+00
1.021000702237126356e+00
1.021009835457342030e+00
1.021017727627298921e+00
1.021028432969362187e+00
1.021036099845985534e+00
1.021044124202715953e+00
1.021055069938171966e+00
1.021061753636512748e+00
1.021069864573179942e+00
1.021080356357866314e+00
1.021086687056699915e+00
1.021095066896674286e+00
1.021104402580649717e+00
1.021110851461242586e+00
1.021119785461254370e+00
1.021127599507828165e+00
1.021134303531002097e+00
1.021143852659294637e+00
1.021150259209558930e+00
1.021157124537684258e+00
1.021166912054544351e+00
1.021172412300668242e+00
1.021179404534101609e+00
1.021188722215562006e+00
1.021193943908196289e+00
1.021201258690407121e+00
1.021209416523014113e+00
1.021214810362600200e+00
1.021222727679076847e+00
1.021229389441826285e+00
1.021235069485486369e+00
1.021243623685622826e+00
1.021248933646276447e+00
1.021254799504169863e+00
1.021263583623523985e+00
1.021268059939739459e+00
1.021274089415908026e+00
1.021282383177829045e+00
1.021286649875909225e+00
1.021293051365684157e+00
1.021300178622951860e+00
1.021304665272198875e+00
1.021311712010910977e+00
1.021317366571438345e+00
1.021322165040226437e+00
1.021329863934133275e+00
1.021334219821109501e+00
1.021339224737208839e+00
1.021347139339563004e+00
1.021350730554233088e+00
1.021355932808023503e+00
1.021363332629012355e+00
1.021366778167348999e+00
1.021372398217319954e+00
1.021378622633584365e+00
1.021382330339893230e+00
1.021388633167224391e+00
1.021393406629434342e+00
1.021397446969212641e+00
1.021404411285398162e+00
1.021407937118587350e+00
1.021412201293420363e+00
1.021419361996681374e+00
1.021422188872475267e+00
1.021426681630090094e+00
1.021433299868766298e+00
1.021436040447561311e+00
1.021440993509961093e+00
1.021446425771592281e+00
1.021449465644628907e+00
1.021455134222405858e+00
1.021459136120399958e+00
1.021462525209590133e+00
1.021468859148750408e+00
1.021471662780701006e+00
1.021475290401168579e+00
1.021481796858235036e+00
1.021483964348838258e+00
1.021487849765503775e+00
1.021493783387589671e+00
1.021495919765679439e+00
1.021500305061457059e+00
1.021505040963517130e+00
1.021507509112066003e+00
1.021512638208897705e+00
1.021515963597179999e+00
1.021518793827330462e+00
1.021524587122150329e+00
1.021526762266815158e+00
1.021529843525809556e+00
1.021535781432238554e+00
1.021537380655325622e+00
1.021540747273322225e+00
1.021546079803355767e+00
1.021547699222479899e+00
1.021551602644761081e+00
1.021555724985864666e+00
1.021557704398718958e+00
1.021562375748401585e+00
1.021565107042794462e+00
1.021567458154353014e+00
1.021572787887607969e+00
1.021574415911157496e+00
1.021577028792342468e+00
1.021582471662233704e+00
1.021583581644843752e+00
1.021586506126107352e+00
1.021591309376435497e+00
1.021592487267246829e+00
1.021595983068278368e+00
1.021599563331269334e+00
1.021601125547907607e+00
1.021605409499361183e+00
1.021607618111600058e+00
1.021609558826160669e+00
1.021614491047304396e+00
1.021615642559739134e+00
1.021617854424789584e+00
1.021622865171187833e+00
1.021623554402405265e+00
1.021626103069449787e+00
1.021630438679292485e+00
1.021631240180564948e+00
1.021634392472715369e+00
1.021637492320765617e+00
1.021638698920171562e+00
1.021642655906591868e+00
1.021644403699321746e+00
1.021645993173984079e+00
1.021650584339315992e+00
1.021651320611030478e+00
1.021653189612619972e+00
1.021657821955212375e+00
1.021658149768038815e+00
1.021660379974470123e+00
1.021664300779784762e+00
1.021664782090701884e+00
1.021667646180995259e+00
1.021670318788028942e+00
1.021671222713782079e+00
1.021674904558889097e+00
1.021676245138353867e+00
1.021677534258841336e+00
1.021681832511714294e+00
1.021682206730910369e+00
1.021683783066894557e+00
1.021688082782234552e+00
1.021688100579358993e+00
1.021690061924426463e+00
1.021693613172754755e+00
1.021693822751981173e+00
1.021696446323745011e+00
1.021698737552476866e+00
1.021699384286957724e+00
1.021702835361164574e+00
1.021703815220100342e+00
1.021704847744816291e+00
1.021708894048062088e+00
1.021708952430885997e+00
1.021710279451378822e+00
1.021714285477283157e+00
1.021714037812133213e+00
1.021715773210661204e+00
1.021718993632194872e+00
1.021718973254709173e+00
1.021721397407392429e+00
1.021723346845870850e+00
1.021723775444258298e+00
1.021727033681553820e+00
1.021727693202922449e+00
1.021728506768438294e+00
1.021732335899603328e+00
1.021732118663471134e+00
1.021733233841244814e+00
1.021736979245825294e+00
1.021736504769260589e+00
1.021738051387392598e+00
1.021740974132660407e+00
1.021740759814666166e+00
1.021743019972253919e+00
1.021744661839294688e+00
1.021744905833649852e+00
1.021748003619635803e+00
1.021748377951586129e+00
1.021749004949920270e+00
1.021752646369773032e+00
1.021752188580323795e+00
1.021753124355024189e+00
1.021756637180880389e+00
1.021755969464062330e+00
1.021757359531457077e+00
1.021760012986257404e+00
1.021759635788796361e+00
1.021761762487589875e+00
1.021763126417832179e+00
1.021763214601991931e+00
1.021766179543930786e+00
1.021766299356830832e+00
1.021766767695378331e+00
1.021770246300639506e+00
1.021769578603293205e+00
1.021770363110507063e+00
1.021773667105141836e+00
1.021772835349691988e+00
1.021774096859378034e+00
1.021776505348159558e+00
1.021775992070647732e+00
1.021778011637736849e+00
1.021779123357634766e+00
1.021779080464226830e+00
1.021781936054507955e+00
1.021781828191474339e+00
1.021782161947018874e+00
1.021785498718789320e+00
1.021784647966430981e+00
1.021785305663182486e+00
1.021788420907198125e+00
1.021787450554260790e+00
1.021788607861841669e+00
1.021790792251166646e+00
1.021790166026532276e+00
1.021792101160697630e+00
1.021792983067152383e+00
1.021792830348436265e+00
1.021795596533208839e+00
1.021795284565872874e+00
1.021795504544431132e+00
1.021798717104055676e+00
1.021797706892633384e+00
1.021798259091106775e+00
1.021801202535920883e+00
1.021800115785934437e+00
1.021801190119956182e+00
1.021803168333804024e+00
1.021802449136991253e+00
1.021804319403816219e+00
1.021804991057181811e+00
1.021804746781414197e+00
1.021807440446080628e+00
1.021806945147284651e+00
1.021807069361434728e+00
1.021810172445408949e+00
1.021809023569076436e+00
1.021809488890180750e+00
1.021812274816795263e+00
1.021811091071526345e+00
1.021812100966560610e+00
1.021813888424922823e+00
1.021813093506194203e+00
1.021814915758804343e+00
1.021815394301604840e+00
1.021815074176219085e+00
1.021817709559043497e+00
1.021817049303687108e+00
1.021817093378541763e+00
1.021820099243541557e+00
1.021818830080441387e+00
1.021819224838265150e+00
1.021821865248008887e+00
1.021820601485796454e+00
1.021821563149128531e+00
1.021823173140669061e+00
1.021822317394455393e+00
1.021824106130574172e+00
1.021824406642551697e+00
1.021824024174677437e+00
1.021826613218969282e+00
1.021825804323431841e+00
1.021825781841601888e+00
1.021828700609870078e+00
1.021827327448791900e+00
1.021827665976110744e+00
1.021830170923400116e+00
1.021828842017635131e+00
1.021829769639524432e+00
1.021831213638156211e+00
1.021830309917232782e+00
1.021832077582273346e+00
1.021832213381385746e+00
1.021831780185236127e+00
1.021834332839560933e+00
1.021833389849106988e+00
1.021833312643952718e+00
1.021836152598241787e+00
1.021834689915340988e+00
1.021834984839283145e+00
1.021837362715361630e+00
1.021835981705151220e+00
1.021836887721534026e+00
1.021838175655656045e+00
1.021837235039315450e+00
1.021838992284112457e+00
1.021838975181998066e+00
1.021838501241520980e+00
1.021841025716259788e+00
1.021839961648697503e+00
1.021839840054044046e+00
1.021842607890164789e+00
1.021841068583781542e+00
1.021841331059601954e+00
1.021843588835085193e+00
1.021842167155892156e+00
1.021843062471249564e+00
1.021844202953240188e+00
1.021843234976981485e+00
1.021844990877606829e+00
1.021844831396870878e+00
1.021844325290914179e+00
1.021846828278339281e+00
1.021845654831059935e+00
1.021845497894390942e+00
1.021848198938281715e+00
1.021846594528755370e+00
1.021846834438538520e+00
1.021848977871451236e+00
1.021847525552366909e+00
1.021848419729340485e+00
1.021849420251787599e+00
1.021848433104901144e+00
1.021850195350895163e+00
1.021849902910474617e+00
1.021849372006593093e+00
1.021851858870526097e+00
1.021850586596952493e+00
1.021850402262015844e+00
1.021853040657156653e+00
1.021851381457453689e+00
1.021851607579483456e+00
1.021853641394414369e+00
1.021852167227657038e+00
1.021853068648948426e+00
1.021853935753041398e+00
1.021852936449437088e+00
1.021854711505746582e+00
1.021854294579570110e+00
1.021853745201592556e+00
1.021856220141702076e+00
1.021854858602172733e+00
1.021854653865925444e+00
1.021857232735942533e+00
1.021855527997934221e+00
1.021855748151503818e+00
1.021857676194546372e+00
1.021856187881813316e+00
1.021857103888952345e+00
1.021857843309530445e+00
1.021856837836212728e+00
1.021858631083211399e+00
1.021858097336470816e+00
1.021857534910030729e+00
1.021860001104927473e+00
1.021858558996150190e+00
1.021858340044109248e+00
1.021860861634541262e+00
1.021859119674902949e+00
1.021859340844486486e+00
1.021861166217787442e+00
1.021859670497261785e+00
1.021860607509997187e+00
1.021861224300935511e+00
1.021860217747720290e+00
1.021862033602875197e+00
1.021861390009430215e+00
1.021860819188887159e+00
1.021863278921402163e+00
1.021861764187861343e+00
1.021861536511152302e+00
1.021864002313610964e+00
1.021862230622582191e+00
1.021862459064558193e+00
1.021864184243584495e+00
1.021862687000671510e+00
1.021863650620049135e+00
1.021864149262957433e+00
1.021863145936338757e+00
1.021864987960423576e+00
1.021864240904188037e+00
1.021863665683707456e+00
1.021866120451089932e+00
1.021864540381128839e+00
1.021864308877914018e+00
1.021866719739246587e+00
1.021864925074863706e+00
1.021865166409381409e+00
1.021866793345415969e+00
1.021865299709696862e+00
1.021866294807286080e+00
1.021866679305941883e+00
1.021865682829438349e+00
1.021867553819621577e+00
1.021866709182242428e+00
1.021866132993249909e+00
1.021868583604486735e+00
1.021866944913278008e+00
1.021866713976715246e+00
1.021869070195262630e+00
1.021867258665184242e+00
1.021867517955261873e+00
1.021869048165149785e+00
1.021867562595550893e+00
1.021868593390825586e+00
1.021868867353276533e+00
1.021867880756138991e+00
1.021869782827829365e+00
1.021868846064508896e+00
1.021868271861316568e+00
1.021870718523338883e+00
1.021869027424522791e+00
1.021868801018998907e+00
1.021871102429644074e+00
1.021869279562275690e+00
1.021869561381830938e+00
1.021870996026617462e+00
1.021869522386413154e+00
1.021870592513904663e+00
1.021870759223821867e+00
1.021869785019609234e+00
1.021871719678582702e+00
1.021870695883559499e+00
1.021870126218605179e+00
1.021872568612821386e+00
1.021870830880266645e+00
1.021870612607329143e+00
1.021872858656708294e+00
1.021871029463027103e+00
1.021871337955237546e+00
1.021872677909033911e+00
1.021871219532005437e+00
1.021872332099564407e+00
1.021872394578137166e+00
1.021871434834394243e+00
1.021873403040455486e+00
1.021872297003388663e+00
1.021871734093277695e+00
1.021874171443609036e+00
1.021872392464501011e+00
1.021872185619669526e+00
1.021874375432683557e+00
1.021872544459927479e+00
1.021872883387085817e+00
1.021874129297281719e+00
1.021872689046126714e+00
1.021873846685407150e+00
1.021873807744867246e+00
1.021872864144934834e+00
1.021874866368157608e+00
1.021873682622459256e+00
1.021873128405812903e+00
1.021875559539216827e+00
1.021873744359493408e+00
1.021873551980954975e+00
1.021875684419539576e+00
1.021873855797752473e+00
1.021874228583617539e+00
1.021875380923389809e+00
1.021873961241319240e+00
1.021875166151445802e+00
1.021875028441144195e+00
1.021874102338971246e+00
1.021876138609417062e+00
1.021874881473439745e+00
1.021874337661401455e+00
1.021876761061738748e+00
1.021874914424759639e+00
1.021874739334823090e+00
1.021876813049814370e+00
1.021874990532110061e+00
1.021875400297627579e+00
1.021876459411578342e+00
1.021875062367914477e+00
1.021876316353168113e+00
1.021876082399025609e+00
1.021875174867751035e+00
1.021877244819455743e+00
1.021875918431331076e+00
1.021875386551498899e+00
1.021877800407485326e+00
1.021875926786724786e+00
1.021875771626816531e+00
1.021877785103646241e+00
1.021875972100968033e+00
1.021876421694150494e+00
1.021877387837817341e+00
1.021876015168320162e+00
1.021877319670600359e+00
1.021876991908662546e+00
1.021876103783648349e+00
1.021878206693580760e+00
1.021876815040432929e+00
1.021876296474898860e+00
1.021878698722817891e+00
1.021876802349299229e+00
1.021876669609211197e+00
1.021878621208109905e+00
1.021876820819183518e+00
1.021877312839866381e+00
1.021878186213784900e+00
1.021876839356361533e+00
1.021878195483109319e+00
1.021877776287877237e+00
1.021876908204816470e+00
1.021879043027450251e+00
1.021877589969646172e+00
1.021877085987773270e+00
1.021879474349562944e+00
1.021877559234689148e+00
1.021877451276739901e+00
1.021879339268055187e+00
1.021877554305182567e+00
1.021878091125319798e+00
1.021878871904259967e+00
1.021877552030662883e+00
1.021878960578873397e+00
1.021878452287023897e+00
1.021877604715689003e+00
1.021879770113778507e+00
1.021878259404819467e+00
1.021877771191336048e+00
1.021880143208605318e+00
1.021878213162999094e+00
1.021878132241712756e+00
1.021879954836913296e+00
1.021878187848199726e+00
1.021878771628306426e+00
1.021879459986257732e+00
1.021878168030315059e+00
1.021879629507217890e+00
1.021879034437282119e+00
1.021878207711428566e+00
1.021880402083518824e+00
1.021878837386141381e+00
1.021878366065082089e+00
1.021880719129574455e+00
1.021878777778482128e+00
1.021878726056345776e+00
1.021880481435224031e+00
1.021878734723781879e+00
1.021879367426086871e+00
1.021879963557515092e+00
1.021878700240391735e+00
1.021880214881324633e+00
1.021879535349840662e+00
1.021878729693740384e+00
1.021880951198896881e+00
1.021879336097887947e+00
1.021878882752869977e+00
1.021881214133826266e+00
1.021879264929600684e+00
1.021879244489414917e+00
1.021880930823962252e+00
1.021879206464579415e+00
1.021879889863399837e+00
1.021880394001251968e+00
1.021879159854186758e+00
1.021880727638134090e+00
1.021879965972740001e+00
1.021879181524760760e+00
1.021881428104952416e+00
1.021879766117144372e+00
1.021879331808413838e+00
1.021881638677255788e+00
1.021879684909374530e+00
1.021879697763660388e+00
1.021881313239031197e+00
1.021879613092746553e+00
1.021880348782539416e+00
1.021880761213423305e+00
1.021879556598331185e+00
1.021881177261551699e+00
1.021880335811438334e+00
1.021879572645038259e+00
1.021881842045551103e+00
1.021880136627407953e+00
1.021879722406050073e+00
1.021882001858738009e+00
1.021880046661770347e+00
1.021880094759650026e+00
1.021881637592589653e+00
1.021879963319562101e+00
1.021880752721061825e+00
1.021881073797973327e+00
1.021879898926255414e+00
1.021881571974364356e+00
1.021880653118452997e+00
1.021879911260913598e+00
1.021882201049124639e+00
1.021880455602283577e+00
1.021880062521936861e+00
1.021882311599319637e+00
1.021880357959202179e+00
1.021880443191117482e+00
1.021881911646177699e+00
1.021880264717180298e+00
1.021881109081978822e+00
1.021881339234908648e+00
1.021880194184754398e+00
1.021881918903576603e+00
1.021880925056742662e+00
1.021880204505910994e+00
1.021882512088700068e+00
1.021880729963784429e+00
1.021880359090156620e+00
1.021882574796576071e+00
1.021880625555509070e+00
1.021880749756104212e+00
1.021882142159923124e+00
1.021880523866752100e+00
1.021881424280629558e+00
1.021881564025324041e+00
1.021880448757748416e+00
1.021882224223212843e+00
1.021881157840826226e+00
1.021880458580095574e+00
1.021882781220129432e+00
1.021880965719101475e+00
1.021880618137543495e+00
1.021882797457919434e+00
1.021880855318155090e+00
1.021881020267594309e+00
1.021882335021479182e+00
1.021880746486514724e+00
1.021881703871784897e+00
1.021881753816901384e+00
1.021880668190711106e+00
1.021882493278013282e+00
1.021881356859027701e+00
1.021880678870747960e+00
1.021883013701823106e+00
1.021881168079111335e+00
1.021880844900466379e+00
1.021882984816040896e+00
1.021881052342789253e+00
1.021881259766758809e+00
1.021882495357767873e+00
1.021880937542885226e+00
1.021881952659978943e+00
1.021881913512840745e+00
1.021880857298685275e+00
1.021882730690896413e+00
1.021881526779684357e+00
1.021880870057152002e+00
1.021883214098752379e+00
1.021881341561344803e+00
1.021881043926258670e+00
1.021883141429154929e+00
1.021881221052803213e+00
1.021881472621395393e+00
1.021882627632086038e+00
1.021881101347082099e+00
1.021882174795558651e+00
1.021882047366666546e+00
1.021881020260299477e+00
1.021882940456580346e+00
1.021881671643675160e+00
1.021881036201830462e+00
1.021883386373019231e+00
1.021881490079692867e+00
1.021881219161541843e+00
1.021883271268252624e+00
1.021881365286060106e+00
1.021881662611720643e+00
1.021882735728704361e+00
1.021881241639365889e+00
1.021882373858508775e+00
1.021882159064959605e+00
1.021881160699800839e+00
1.021883126023338750e+00
1.021881794945220356e+00
1.021881180830151337e+00
1.021883533962889778e+00
1.021881617022714295e+00
1.021881374029285361e+00
1.021883377793195713e+00
1.021881488370602442e+00
1.021881833005295892e+00
1.021882823026706966e+00
1.021881361662630106e+00
1.021882552931764110e+00
1.021882251799686836e+00
1.021881281758758808e+00
1.021883290364522967e+00
1.021881899702567154e+00
1.021881306999898875e+00
1.021883659851869242e+00
1.021881725322105527e+00
1.021881511496143258e+00
1.021883464019159860e+00
1.021881593190825388e+00
1.021881986622549698e+00
1.021882892464536674e+00
1.021881464226776393e+00
1.021882714665416803e+00
1.021882328331525258e+00
1.021881386158813854e+00
1.021883436041210569e+00
