1.000603444564682754e+00
1.000677148765663160e+00
1.000798281336023665e+00
1.000938724971839555e+00
1.001088106976063763e+00
1.001241327438407325e+00
1.001395858940256067e+00
1.001550838648601172e+00
1.001706545749422972e+00
1.001863951369734274e+00
1.002024308483664417e+00
1.002188813982153537e+00
1.002358367424607266e+00
1.002533431415008947e+00
1.002713988739256212e+00
1.002899588153970178e+00
1.003089463489795108e+00
1.003282695607978336e+00
1.003478370614780291e+00
1.003675683072771552e+00
1.003873947964380120e+00
1.004072516908535828e+00
1.004270630291521638e+00
1.004467264236821311e+00
1.004661041813053934e+00
1.004850268480789621e+00
1.005033120934574864e+00
1.005207967869726104e+00
1.005373743012017762e+00
1.005530251160108968e+00
1.005678295694710345e+00
1.005819578289055549e+00
1.005956409152937159e+00
1.006091328961953968e+00
1.006226749768727835e+00
1.006364682454864212e+00
1.006506570572151649e+00
1.006653223566606803e+00
1.006804837576593670e+00
1.006961092968898352e+00
1.007121310642627110e+00
1.007284633205267177e+00
1.007450183162423851e+00
1.007617151178052506e+00
1.007784788328729197e+00
1.007952310416204922e+00
1.008118756314935194e+00
1.008282864274543611e+00
1.008443034051301979e+00
1.008597426070957148e+00
1.008744210308333500e+00
1.008881921804916093e+00
1.009009824472699268e+00
1.009128159679135051e+00
1.009238185102012464e+00
1.009341986856020945e+00
1.009442133094485827e+00
1.009541281485115682e+00
1.009641838613592579e+00
1.009745721067771385e+00
1.009854224834441316e+00
1.009967991439679080e+00
1.010087058709007612e+00
1.010210983418850850e+00
1.010339012539017922e+00
1.010470263233062882e+00
1.010603862039319178e+00
1.010739001790131208e+00
1.010874901704947870e+00
1.011010691670742645e+00
1.011145272259113881e+00
1.011277217815485852e+00
1.011404786670532019e+00
1.011526078013869290e+00
1.011639329240480611e+00
1.011743289227660547e+00
1.011837554954233775e+00
1.011922751550085042e+00
1.012000485086936630e+00
1.012073083869415857e+00
1.012143219342306555e+00
1.012213520563192137e+00
1.012286265065850399e+00
1.012363178207588144e+00
1.012445338021215280e+00
1.012533172520972746e+00
1.012626537817549632e+00
1.012724861709097812e+00
1.012827323636960708e+00
1.012933026168660655e+00
1.013041108937006829e+00
1.013150771352888890e+00
1.013261201969619885e+00
1.013371447664570990e+00
1.013480281860838161e+00
1.013586140272408898e+00
1.013687181961984596e+00
1.013781501117757111e+00
1.013867463002293690e+00
1.013944079471081228e+00
1.014011302611758314e+00
1.014070127668205368e+00
1.014122463237806082e+00
1.014170815503695255e+00
1.014217893119884639e+00
1.014266240754950754e+00
1.014317966267134885e+00
1.014374578228772084e+00
1.014436924735007572e+00
1.014505220582728295e+00
1.014579150984643796e+00
1.014658032507961938e+00
1.014740996009078078e+00
1.014827143207300164e+00
1.014915630911086941e+00
1.015005659092043988e+00
1.015096373579579492e+00
1.015186727449217896e+00
1.015275365828809839e+00
1.015360601246757977e+00
1.015440528327339553e+00
1.015513286580267627e+00
1.015577423516303979e+00
1.015632256128570887e+00
1.015678106956176885e+00
1.015716324253293834e+00
1.015749075936564161e+00
1.015778991185555702e+00
1.015808763896800304e+00
1.015840814082774379e+00
1.015877053726059298e+00
1.015918761526591663e+00
1.015966554317764725e+00
1.016020442960007486e+00
1.016079959472023564e+00
1.016144330933325346e+00
1.016212659149215769e+00
1.016284056253270673e+00
1.016357695987477161e+00
1.016432768383835672e+00
1.016508361341001532e+00
1.016583322419301272e+00
1.016656168740434740e+00
1.016725108126979915e+00
1.016788208496117729e+00
1.016843705376776041e+00
1.016890378730757494e+00
1.016927883925852205e+00
1.016956918064810145e+00
1.016979155898940501e+00
1.016996977313685324e+00
1.017013081493538751e+00
1.017030101689111454e+00
1.017050300599555701e+00
1.017075375533016857e+00
1.017106368949781681e+00
1.017143671183409204e+00
1.017187103638854673e+00
1.017236066396721927e+00
1.017289719848142315e+00
1.017347154575107826e+00
1.017407500627383943e+00
1.017469944121484726e+00
1.017533651450381882e+00
1.017597636533423389e+00
1.017660631699300211e+00
1.017721030788762082e+00
1.017776960896014327e+00
1.017826505214566080e+00
1.017868046355382194e+00
1.017900641741898982e+00
1.017924308299737568e+00
1.017940110203334303e+00
1.017950013355713335e+00
1.017956559004390638e+00
1.017962465542768591e+00
1.017970265085102355e+00
1.017982036579342608e+00
1.017999249694878650e+00
1.018022709576844154e+00
1.018052589585639822e+00
1.018088539944969728e+00
1.018129852016429693e+00
1.018175641734076819e+00
1.018225003264876527e+00
1.018277087663179259e+00
1.018331084706132650e+00
1.018386121128048050e+00
1.018441121307227526e+00
1.018494696056315707e+00
1.018545126241731769e+00
1.018590488135742600e+00
1.018628925867268720e+00
1.018659019088490103e+00
1.018680140823881919e+00
1.018692681786561138e+00
1.018698054648865758e+00
1.018698473993226106e+00
1.018696590489421627e+00
1.018695094352288333e+00
1.018696381709000676e+00
1.018702327159123122e+00
1.018714165058032473e+00
1.018732466912579682e+00
1.018757202755183222e+00
1.018787872772004777e+00
1.018823683583937711e+00
1.018863727089499349e+00
1.018907111926888209e+00
1.018953008562454521e+00
1.019000597991981838e+00
1.019048949903396117e+00
1.019096885249023199e+00
1.019142891568026510e+00
1.019185153269007271e+00
1.019221731444993173e+00
1.019250879348141847e+00
1.019271420776852288e+00
1.019283074131463129e+00
1.019286604890523140e+00
1.019283745794845597e+00
1.019276912654222045e+00
1.019268814258900369e+00
1.019262069695883177e+00
1.019258909966891391e+00
1.019260990138549872e+00
1.019269306335469860e+00
1.019284204301814878e+00
1.019305467787637198e+00
1.019332469955596787e+00
1.019364356233701807e+00
1.019400212024122787e+00
1.019439166808852715e+00
1.019480404291164488e+00
1.019523081261017650e+00
1.019566192763697421e+00
1.019608445378779926e+00
1.019648207157550557e+00
1.019683589171759497e+00
1.019712678183688936e+00
1.019733885845169219e+00
1.019746322550890483e+00
1.019750072281686348e+00
1.019746265187398304e+00
1.019736917351474759e+00
1.019724595457041749e+00
1.019712017291910744e+00
1.019701692819185546e+00
1.019695664209680830e+00
1.019695356657717600e+00
1.019701529345738544e+00
1.019714313767555280e+00
1.019733327098153675e+00
1.019757839377654296e+00
1.019786956893657504e+00
1.019819772401679314e+00
1.019855437855515579e+00
1.019893139895717615e+00
1.019931993715844420e+00
1.019970903211939728e+00
1.020008453834053253e+00
1.020042904318056776e+00
1.020072322189329972e+00
1.020094864998050355e+00
1.020109151418515436e+00
1.020114614425585264e+00
1.020111713320257296e+00
1.020101922351159818e+00
1.020087497672359955e+00
1.020071105477077245e+00
1.020055426737132231e+00
1.020042829416754726e+00
1.020035148187014906e+00
1.020033572384195564e+00
1.020038629324973467e+00
1.020050250940357728e+00
1.020067909521432004e+00
1.020090795874450063e+00
1.020117996814001282e+00
1.020148622078852707e+00
1.020181843063372673e+00
1.020216835641552189e+00
1.020252655213097048e+00
1.020288100406000487e+00
1.020321634074493167e+00
1.020351422732334701e+00
1.020375526446139824e+00
1.020392221565244562e+00
1.020400379770109112e+00
1.020399784433284829e+00
1.020391268965523235e+00
1.020376621680528340e+00
1.020358290872886542e+00
1.020338991566279052e+00
1.020321326224027159e+00
1.020307493044845248e+00
1.020299105208900103e+00
1.020297114229856694e+00
1.020301824152369585e+00
1.020312984818821045e+00
1.020329946662240195e+00
1.020351844295107169e+00
1.020377761607941025e+00
1.020406830441219936e+00
1.020438234269691158e+00
1.020471121979449336e+00
1.020504471372519317e+00
1.020536965280495867e+00
1.020566948647758654e+00
1.020592519933908981e+00
1.020611773298137459e+00
1.020623153033084485e+00
1.020625825086623806e+00
1.020619941460510827e+00
1.020606697537327356e+00
1.020588157624203740e+00
1.020566911519897868e+00
1.020545674547459924e+00
1.020526933640460987e+00
1.020512694469910997e+00
1.020504339136545369e+00
1.020502583189784929e+00
1.020507519316190770e+00
1.020518735132692978e+00
1.020535482894608270e+00
1.020556862407974830e+00
1.020581967473388918e+00
1.020609952555076916e+00
1.020640002040968053e+00
1.020671220080434205e+00
1.020702490652329431e+00
1.020732374914600449e+00
1.020759111326177582e+00
1.020780761294374894e+00
1.020795498832051340e+00
1.020801984431928489e+00
1.020799712847970220e+00
1.020789212374809685e+00
1.020772017876594884e+00
1.020750425298436737e+00
1.020727114509457634e+00
1.020704755943247388e+00
1.020685688971495697e+00
1.020671708821106360e+00
1.020663961121816232e+00
1.020662931006348195e+00
1.020668514822246964e+00
1.020680159732560766e+00
1.020697043402680304e+00
1.020718249791304766e+00
1.020742891273342057e+00
1.020770140972894202e+00
1.020799169901237091e+00
1.020829019254574810e+00
1.020858465683815552e+00
1.020885948345409577e+00
1.020909617672626002e+00
1.020927535233177030e+00
1.020938003261314009e+00
1.020939943682338757e+00
1.020933206126241277e+00
1.020918691836116610e+00
1.020898243413157935e+00
1.020874339756850269e+00
1.020849700320282327e+00
1.020826909685846218e+00
1.020808132730268047e+00
1.020794940969061759e+00
1.020788242199051954e+00
1.020788300236484147e+00
1.020794832914591055e+00
1.020807170023872112e+00
1.020824437326461442e+00
1.020845718747109609e+00
1.020870149439871533e+00
1.020896913046455134e+00
1.020925150618554600e+00
1.020953822823530199e+00
1.020981589281320101e+00
1.021006773085021635e+00
1.021027462131118391e+00
1.021041760583744740e+00
1.021048148002662082e+00
1.021045847842876331e+00
1.021035080856362187e+00
1.021017107022036186e+00
1.020994037207344274e+00
1.020968482258650223e+00
1.020943153153492933e+00
1.020920512457417662e+00
1.020902528660021291e+00
1.020890540731943741e+00
1.020885221151896394e+00
1.020886624887986205e+00
1.020894311473530491e+00
1.020907517004703058e+00
1.020925336293163621e+00
1.020946865284644289e+00
1.020971261562205079e+00
1.020997707468346505e+00
1.021025296174600694e+00
1.021052892017193736e+00
1.021079032676716292e+00
1.021101937891158995e+00
1.021119665207604221e+00
1.021130407715975075e+00
1.021132870095277312e+00
1.021126610342294683e+00
1.021112225887360836e+00
1.021091311065570384e+00
1.021066199640550121e+00
1.021039582982923521e+00
1.021014119115835284e+00
1.020992117501650309e+00
1.020975333219716230e+00
1.020964868083457988e+00
1.020961165488809996e+00
1.020964087131756237e+00
1.020973056310843230e+00
1.020987238904063066e+00
1.021005717186137751e+00
1.021027606959141965e+00
1.021052083447015590e+00
1.021078312890504547e+00
1.021105322376851365e+00
1.021131867006783711e+00
1.021156363274909218e+00
1.021176947293688686e+00
1.021191684471139283e+00
1.021198905408239321e+00
1.021197584267495184e+00
1.021187637853780972e+00
1.021170034826488049e+00
1.021146670527520950e+00
1.021120052326786709e+00
1.021092901978521317e+00
1.021067784465432116e+00
1.021046830193500732e+00
1.021031568447937854e+00
1.021022863297866623e+00
1.021020938834683367e+00
1.021025481811625557e+00
1.021035802555130267e+00
1.021051019154440631e+00
1.021070216496883010e+00
1.021092533584093687e+00
1.021117154388422765e+00
1.021143212111451648e+00
1.021169650386777317e+00
1.021195106150436960e+00
1.021217881822193085e+00
1.021236056595811847e+00
1.021247746943541035e+00
1.021251469930790190e+00
1.021246508065994707e+00
1.021233151224633540e+00
1.021212723092148167e+00
1.021187379289322905e+00
1.021159749569249264e+00
1.021132538617092411e+00
1.021108183173594419e+00
1.021088613660473321e+00
1.021075125582068477e+00
1.021068348523626490e+00
1.021068300372632631e+00
1.021074513562981068e+00
1.021086209161026881e+00
1.021102478005736058e+00
1.021122418886477146e+00
1.021145192794665757e+00
1.021169979994479782e+00
1.021195862557509049e+00
1.021221685272647450e+00
1.021245962943347463e+00
1.021266897859979261e+00
1.021282545605734171e+00
1.021291120539479014e+00
1.021291373457295482e+00
1.021282926676945202e+00
1.021266446638153358e+00
1.021243585890739825e+00
1.021216714084723698e+00
1.021188532063881826e+00
1.021161683754226779e+00
1.021138447556781959e+00
1.021120537803559714e+00
1.021109012403438321e+00
1.021104273394606299e+00
1.021106148597268559e+00
1.021114038475441355e+00
1.021127098181941806e+00
1.021144409156915067e+00
1.021165091093014121e+00
1.021188321368500906e+00
1.021213261244168891e+00
1.021238923492736372e+00
1.021264041772844244e+00
1.021287010597267342e+00
1.021305953116353304e+00
1.021318940480414827e+00
1.021324333694835662e+00
1.021321160749662837e+00
1.021309406241988516e+00
1.021290105685060734e+00
1.021265205643610674e+00
1.021237240006873215e+00
1.021208930984639718e+00
1.021182822556313319e+00
1.021161009799136155e+00
1.021144979430630872e+00
1.021135551925189011e+00
1.021132912201209608e+00
1.021136716811056999e+00
1.021146257653295919e+00
1.021160646102607261e+00
1.021178968663464026e+00
1.021200368413515580e+00
1.021224029498392083e+00
1.021249076923105070e+00
1.021274437044645822e+00
1.021298724279323888e+00
1.021320221164095710e+00
1.021336999643061239e+00
1.021347190388173898e+00
1.021349349823494013e+00
1.021342820741746316e+00
1.021327962318787419e+00
1.021306161015457903e+00
1.021279615517224126e+00
1.021250972587962380e+00
1.021222928987209455e+00
1.021197894495933234e+00
1.021177760865109141e+00
1.021163780013297995e+00
1.021156538943766900e+00
1.021156019145378790e+00
1.021161726889819210e+00
1.021172869211279366e+00
1.021188533795879483e+00
1.021207822723193326e+00
1.021229900400599799e+00
1.021253944683561565e+00
1.021279026114845445e+00
1.021303969715454674e+00
1.021327267685387508e+00
1.021347105804107036e+00
1.021361539246434580e+00
1.021368805501338350e+00
1.021367703118003956e+00
1.021357919591236563e+00
1.021340190132761450e+00
1.021316224273598916e+00
1.021288425766744279e+00
1.021259503136772384e+00
1.021232084795393957e+00
1.021208417184765072e+00
1.021190173496931308e+00
1.021178367790870567e+00
1.021173361197063034e+00
1.021174948432154839e+00
1.021182508079238271e+00
1.021195185486768242e+00
1.021212061917519121e+00
1.021232261193319113e+00
1.021254962660777643e+00
1.021279322146464663e+00
1.021304337658169636e+00
1.021328721275427176e+00
1.021350845962043952e+00
1.021368823014980221e+00
1.021380730978678653e+00
1.021384963060056439e+00
1.021380602456898101e+00
1.021367702026924951e+00
1.021347363517469908e+00
1.021321583245681230e+00
1.021292919806219057e+00
1.021264094206887352e+00
1.021237628213981008e+00
1.021215580882895768e+00
1.021199396143342986e+00
1.021189851070680721e+00
1.021187091968834171e+00
1.021190746019752904e+00
1.021200087629918762e+00
1.021214222274157146e+00
1.021232238555558780e+00
1.021253283669673273e+00
1.021276541591602527e+00
1.021301128604553465e+00
1.021325953376332807e+00
1.021349607804287851e+00
1.021370355171453914e+00
1.021386261460807354e+00
1.021395473266363707e+00
1.021396588055716315e+00
1.021389009987611285e+00
1.021373167612625865e+00
1.021350509205071866e+00
1.021323274874035958e+00
1.021294126605371222e+00
1.021265751730812132e+00
1.021240532056664208e+00
1.021220320147384175e+00
1.021206324262198706e+00
1.021199089138162153e+00
1.021198560511719311e+00
1.021204219355681175e+00
1.021215259562003652e+00
1.021230766350932351e+00
1.021249845393766398e+00
1.021271664378078370e+00
1.021295398288757816e+00
1.021320105595376670e+00
1.021344591229284671e+00
1.021367324968172507e+00
1.021386476925460585e+00
1.021400103323390152e+00
1.021406466529367174e+00
1.021404414360074231e+00
1.021393700230743828e+00
1.021375127810624450e+00
1.021350462358357802e+00
1.021322139985157085e+00
1.021292875180783044e+00
1.021265279509330215e+00
1.021241566622120178e+00
1.021223368213722171e+00
1.021211654551013037e+00
1.021206746280366007e+00
1.021208405733113000e+00
1.021215990485325076e+00
1.021228636900699538e+00
1.021245426607838125e+00
1.021265487681757733e+00
1.021288001148112468e+00
1.021312116860277674e+00
1.021336817545833942e+00
1.021360793518918619e+00
1.021382396585371222e+00
1.021399727252089606e+00
1.021410873049178214e+00
1.021414261100611842e+00
1.021409031094636433e+00
1.021395304524496783e+00
1.021374248688899034e+00
1.021347908172524299e+00
1.021318864492686274e+00
1.021289835852924544e+00
1.021263320649863804e+00
1.021241341257649982e+00
1.021225298606778464e+00
1.021215926554666087e+00
1.021213333313949256e+00
1.021217117471590274e+00
1.021226536804115792e+00
1.021240691613140239e+00
1.021258672988244243e+00
1.021279632197243048e+00
1.021302752629573929e+00
1.021327141271344052e+00
1.021351688658852286e+00
1.021374964155727927e+00
1.021395212408468423e+00
1.021410494706885608e+00
1.021418975247173400e+00
1.021419294156101998e+00
1.021410917952675579e+00
1.021394344553634648e+00
1.021371083032713845e+00
1.021343413273759770e+00
1.021314010724952315e+00
1.021285551832371352e+00
1.021260389450663775e+00
1.021240336462026832e+00
1.021226557393486445e+00
1.021219555015404845e+00
1.021219239926149713e+00
1.021225068615066789e+00
1.021236222658333137e+00
1.021251785422877534e+00
1.021270866397190336e+00
1.021292636346713412e+00
1.021316266875500256e+00
1.021340803808584052e+00
1.021365031657862632e+00
1.021387397963284149e+00
1.021406058020206453e+00
1.021419070542517904e+00
1.021424724485890945e+00
1.021421918381078431e+00
1.021410472223253763e+00
1.021391257750437376e+00
1.021366094655004275e+00
1.021337449663457519e+00
1.021308041547372092e+00
1.021280463731089050e+00
1.021256896275904769e+00
1.021238929038861487e+00
1.021227488555128460e+00
1.021222855400010676e+00
1.021224760213595317e+00
1.021232540399369615e+00
1.021245324101666574e+00
1.021262193794640449e+00
1.021282281867653019e+00
1.021304770684563046e+00
1.021328803553699593e+00
1.021353347394756250e+00
1.021377070574580825e+00
1.021398304144574887e+00
1.021415138892531438e+00
1.021425672913616634e+00
1.021428368921921015e+00
1.021422424308025656e+00
1.021408029494443426e+00
1.021386416584321166e+00
1.021359676918517145e+00
1.021330413167582218e+00
1.021301339166247324e+00
1.021274928826689354e+00
1.021253167214935420e+00
1.021237412070452155e+00
1.021228354221536794e+00
1.021226064308923265e+00
1.021230113082585822e+00
1.021239742517900950e+00
1.021254048421961436e+00
1.021272124702819806e+00
1.021293126601565238e+00
1.021316236466127458e+00
1.021340551388215223e+00
1.021364943327549568e+00
1.021387959110973132e+00
1.021407825382060874e+00
1.021422600012101611e+00
1.021430466462075692e+00
1.021430109084221272e+00
1.021421057677893485e+00
1.021403879440894835e+00
1.021380143180418143e+00
1.021352166894610169e+00
1.021322637758906415e+00
1.021294219918650548e+00
1.021269236342567499e+00
1.021249459768033940e+00
1.021236010939185590e+00
1.021229350971248895e+00
1.021229355939570649e+00
1.021235458651589934e+00
1.021246829163628078e+00
1.021262549557206523e+00
1.021281733312742634e+00
1.021303554025246862e+00
1.021327179375753902e+00
1.021351641960261070e+00
1.021375705546281765e+00
1.021397795637390526e+00
1.021416053576327254e+00
1.021428542015986540e+00
1.021433578185366287e+00
1.021430112719451166e+00
1.021418032777264617e+00
1.021398277707554758e+00
1.021372720304461357e+00
1.021343856169399267e+00
1.021314406705869482e+00
1.021286945951727532e+00
1.021263619621099572e+00
1.021245975426066099e+00
1.021234896253637725e+00
1.021230623034922402e+00
1.021232855414826002e+00
1.021240911445059130e+00
1.021253911785487523e+00
1.021270940192375631e+00
1.021291133384045313e+00
1.021313674682613470e+00
1.021337700256042202e+00
1.021362160683886300e+00
1.021385702215946711e+00
1.021406635573950838e+00
1.021423042915065027e+00
1.021433034477188029e+00
1.021435110205019869e+00
1.021428526340981247e+00
1.021413542456010237e+00
1.021391454650983244e+00
1.021364399487549646e+00
1.021334999034527069e+00
1.021305961232219950e+00
1.021279734438543585e+00
1.021258265823765443e+00
1.021242869774891648e+00
1.021234194302058196e+00
1.021232273006554170e+00
1.021236649559806864e+00
1.021246550949007403e+00
1.021261069133436283e+00
1.021279301129463413e+00
1.021300406010372086e+00
1.021323564595071565e+00
1.021347863469149519e+00
1.021372155575137830e+00
1.021394965219555750e+00
1.021414501701863875e+00
1.021428820765942103e+00
1.021436126792469423e+00
1.021435149885001614e+00
1.021425483976549753e+00
1.021407765389721778e+00
1.021383621550386867e+00
1.021355406899576934e+00
1.021325818628168625e+00
1.021297507206498700e+00
1.021272764825003954e+00
1.021253323648557476e+00
1.021240260614701301e+00
1.021233995514772452e+00
1.021234370526624469e+00
1.021240795574413607e+00
1.021252429971240883e+00
1.021268355047392440e+00
1.021287688409419303e+00
1.021309606196955322e+00
1.021333271602568482e+00
1.021357703404055517e+00
1.021381644313441139e+00
1.021403498025937218e+00
1.021421392825161423e+00
1.021433396764157120e+00
1.021437857015318418e+00
1.021433777659781938e+00
1.021421113534836334e+00
1.021400871076333594e+00
1.021374974811019465e+00
1.021345947475269300e+00
1.021316511483545408e+00
1.021289220280352295e+00
1.021266184512805708e+00
1.021248909470644062e+00
1.021238234499573405e+00
1.021234361329986351e+00
1.021236959314562931e+00
1.021245327966886496e+00
1.021258581174299351e+00
1.021275804376839513e+00
1.021296138598589920e+00
1.021318767709926023e+00
1.021342820129069739e+00
1.021367229568582724e+00
1.021390620014335004e+00
1.021411282315752844e+00
1.021427291116786984e+00
1.021436770384565484e+00
1.021438258911183894e+00
1.021431072884738001e+00
1.021415541173489316e+00
1.021393023011230916e+00
1.021365698619568718e+00
1.021336207720474620e+00
1.021307250866155814e+00
1.021281249827663107e+00
1.021260113324288010e+00
1.021245112254858700e+00
1.021236852042373133e+00
1.021235329794592861e+00
1.021240062865804710e+00
1.021250264056424939e+00
1.021265022098454045e+00
1.021283437371390823e+00
1.021304672605753083e+00
1.021327906581363409e+00
1.021352214761456878e+00
1.021376430645897004e+00
1.021399056068138300e+00
1.021418283678878103e+00
1.021432168412801378e+00
1.021438937226521571e+00
1.021437367467203039e+00
1.021427117992673939e+00
1.021408894025337410e+00
1.021384380446037410e+00
1.021355966453305175e+00
1.021326357559032338e+00
1.021298189217354047e+00
1.021273721981971416e+00
1.021254647045758190e+00
1.021241997538400392e+00
1.021236152276117970e+00
1.021236920175273344e+00
1.021243689074305960e+00
1.021255608303982321e+00
1.021271758948871788e+00
1.021291262841826031e+00
1.021313298353245358e+00
1.021337023607243655e+00
1.021361442979101142e+00
1.021385277838160466e+00
1.021406910336184026e+00
1.021424456628970523e+00
1.021435991653062203e+00
1.021439894185814268e+00
1.021435223052617580e+00
1.021422001216558240e+00
1.021401301612301804e+00
1.021375099091747618e+00
1.021345941783188271e+00
1.021316551514268145e+00
1.021289459962271717e+00
1.021266742018256402e+00
1.021249860297279044e+00
1.021239610730917402e+00
1.021236156307896881e+00
1.021239136799156455e+00
1.021247833988680798e+00
1.021261355683625416e+00
1.021278789379198138e+00
1.021299280350078664e+00
1.021322012581725502e+00
1.021346106126854281e+00
1.021370477317776748e+00
1.021393727760836700e+00
1.021414128931275478e+00
1.021429749113329954e+00
1.021438727604224717e+00
1.021439643640242423e+00
1.021431874395514861e+00
1.021415818115424923e+00
1.021392896243961790e+00
1.021365331075202221e+00
1.021335778245987758e+00
1.021306929454173229e+00
1.021281178883565399e+00
1.021260396275482707e+00
1.021245808927893961e+00
1.021237979926716388e+00
1.021236870445929146e+00
1.021241972288455813e+00
1.021252484860071474e+00
1.021267494262991793e+00
1.021286104463694500e+00
1.021307481646038351e+00
1.021330802023799667e+00
1.021355129323247013e+00
1.021379277197566715e+00
1.021401725091404700e+00
1.021420649744142040e+00
1.021434106630895622e+00
1.021440346944518351e+00
1.021438196735901416e+00
1.021427380517385908e+00
1.021408672117922301e+00
1.021383812660944690e+00
1.021355224402467066e+00
1.021325619496389336e+00
1.021297617069641728e+00
1.021273445211830833e+00
1.021254753770630685e+00
1.021242532088501243e+00
1.021237118373441222e+00
1.021238288928171922e+00
1.021245410303775358e+00
1.021257622596049242e+00
1.021274007123442962e+00
1.021293690014579703e+00
1.021315851531757080e+00
1.021339644140407454e+00
1.021364057238309142e+00
1.021387790593255795e+00
1.021409205119371055e+00
1.021426405816848737e+00
1.021437476013100198e+00
1.021440827744041657e+00
1.021435575833467890e+00
1.021421811750923725e+00
1.021400674277500364e+00
1.021374187145251078e+00
1.021344922128376798e+00
1.021315598892278631e+00
1.021288726204800046e+00
1.021266342541655714e+00
1.021249867615831697e+00
1.021240054093153216e+00
1.021237026696832251e+00
1.021240396335853173e+00
1.021249427869820536e+00
1.021263223700330514e+00
1.021280873721062354e+00
1.021301527372724838e+00
1.021324368302412466e+00
1.021348507578254461e+00
1.021372843655701690e+00
1.021395955680043155e+00
1.021416096293349174e+00
1.021431328610878264e+00
1.021439808875144850e+00
1.021440158342548088e+00
1.021431816159314110e+00
1.021415249958683491e+00
1.021391942415261767e+00
1.021364156282801527e+00
1.021334561382356565e+00
1.021305839118599845e+00
1.021280355119682737e+00
1.021259939650344561e+00
1.021245776318990162e+00
1.021238386145105759e+00
1.021237694944219898e+00
1.021243169739677548e+00
1.021253997326907470e+00
1.021269261754209179e+00
1.021288070769533096e+00
1.021309593779168079e+00
1.021333003889110191e+00
1.021357352477827440e+00
1.021381432971290026e+00
1.021403702548169479e+00
1.021422322816889494e+00
1.021435351173797024e+00
1.021441064711140267e+00
1.021438339609942014e+00
1.021426966704427564e+00
