1.000603444564682754e+00
1.000677445292283085e+00
1.000799988025048881e+00
1.000944251037949595e+00
1.001101194760604329e+00
1.001266469656800329e+00
1.001437507246615954e+00
1.001612596855531834e+00
1.001790514054982317e+00
1.001970341549915711e+00
1.002151370296752830e+00
1.002333039326189557e+00
1.002514896519231868e+00
1.002696571786028557e+00
1.002877758105571004e+00
1.003058197807082497e+00
1.003237672475139730e+00
1.003415995422538565e+00
1.003593006012869271e+00
1.003768565330438456e+00
1.003942552839444557e+00
1.004114863774146382e+00
1.004285407072354586e+00
1.004454103715254121e+00
1.004620885373160633e+00
1.004785693283399617e+00
1.004948477305834142e+00
1.005109195115642784e+00
1.005267811503242736e+00
1.005424297758765295e+00
1.005578631124013578e+00
1.005730794298927311e+00
1.005880774992609528e+00
1.006028565511266182e+00
1.006174162377140746e+00
1.006317565973871453e+00
1.006458780214733562e+00
1.006597812231038169e+00
1.006734672078612558e+00
1.006869372460784007e+00
1.007001928466690455e+00
1.007132357324054484e+00
1.007260678165798895e+00
1.007386911810056684e+00
1.007511080553260552e+00
1.007633207976094347e+00
1.007753318762124373e+00
1.007871438528975538e+00
1.007987593671910487e+00
1.008101811219646704e+00
1.008214118702239093e+00
1.008324544030792413e+00
1.008433115388738033e+00
1.008539861134348570e+00
1.008644809714116297e+00
1.008747989586564087e+00
1.008849429156007949e+00
1.008949156715743367e+00
1.009047200400081223e+00
1.009143588144626236e+00
1.009238347654155987e+00
1.009331506377442178e+00
1.009423091488332425e+00
1.009513129872410264e+00
1.009601648118557016e+00
1.009688672514735597e+00
1.009774229047350147e+00
1.009858343403552849e+00
1.009941040975901760e+00
1.010022346868818754e+00
1.010102285906332220e+00
1.010180882640648869e+00
1.010258161361137663e+00
1.010334146103377462e+00
1.010408860657960428e+00
1.010482328578812705e+00
1.010554573190832528e+00
1.010625617596712100e+00
1.010695484682846423e+00
1.010764197124283559e+00
1.010831777388705666e+00
1.010898247739472566e+00
1.010963630237778688e+00
1.011027946744008421e+00
1.011091218918384715e+00
1.011153468221026586e+00
1.011214715911528783e+00
1.011274983048189968e+00
1.011334290487004628e+00
1.011392658880535977e+00
1.011450108676769766e+00
1.011506660118043799e+00
1.011562333240131117e+00
1.011617147871538780e+00
1.011671123633069769e+00
1.011724279937677995e+00
1.011776635990631501e+00
1.011828210789984972e+00
1.011879023127343569e+00
1.011929091588900764e+00
1.011978434556705331e+00
1.012027070210118840e+00
1.012075016527417048e+00
1.012122291287474107e+00
1.012168912071484073e+00
1.012214896264659325e+00
1.012260261057858157e+00
1.012305023449092678e+00
1.012349200244873071e+00
1.012392808061356675e+00
1.012435863325267693e+00
1.012478382274572430e+00
1.012520380958892963e+00
1.012561875239657683e+00
1.012602880789988502e+00
1.012643413094339806e+00
1.012683487447902042e+00
1.012723118955795698e+00
1.012762322532083648e+00
1.012801112898632727e+00
1.012839504583862293e+00
1.012877511921413287e+00
1.012915149048780883e+00
1.012952429905945584e+00
1.012989368234040954e+00
1.013025977574093961e+00
1.013062271265872560e+00
1.013098262446869846e+00
1.013133964051452285e+00
1.013169388810195137e+00
1.013204549249427933e+00
1.013239457691001766e+00
1.013274126252293295e+00
1.013308566846453651e+00
1.013342791182905600e+00
1.013376810768089387e+00
1.013410636906461937e+00
1.013444280701735645e+00
1.013477753058358299e+00
1.013511064683221052e+00
1.013544226087585987e+00
1.013577247589220853e+00
1.013610139314730763e+00
1.013642911202071284e+00
1.013675573003229857e+00
1.013708134287066187e+00
1.013740604442290305e+00
1.013772992680572749e+00
1.013805308039766651e+00
1.013837559387235743e+00
1.013869755423268959e+00
1.013901904684571420e+00
1.013934015547823364e+00
1.013966096233287928e+00
1.013998154808461338e+00
1.014030199191751969e+00
1.014062237156176494e+00
1.014094276333059819e+00
1.014126324215732566e+00
1.014158388163207025e+00
1.014190475403824232e+00
1.014222593038861753e+00
1.014254748046085730e+00
1.014286947283239870e+00
1.014319197491454716e+00
1.014351505298573208e+00
1.014383877222371444e+00
1.014416319673672850e+00
1.014448838959337795e+00
1.014481441285121965e+00
1.014514132758393306e+00
1.014546919390697521e+00
1.014579807100163933e+00
1.014612801713744350e+00
1.014645908969276755e+00
1.014679134517369352e+00
1.014712483923100095e+00
1.014745962667525703e+00
1.014779576148997275e+00
1.014813329684285392e+00
1.014847228509504262e+00
1.014881277780844027e+00
1.014915482575108108e+00
1.014949847890056045e+00
1.014984378644557594e+00
1.015019079678560532e+00
1.015053955752875048e+00
1.015089011548783171e+00
1.015124251667475219e+00
1.015159680629321937e+00
1.015195302872988758e+00
1.015231122754397752e+00
1.015267144545546785e+00
1.015303372433193463e+00
1.015339810517408736e+00
1.015376462810013702e+00
1.015413333232901838e+00
1.015450425616257979e+00
1.015487743696682266e+00
1.015525291115226825e+00
1.015563071415348073e+00
1.015601088040793076e+00
1.015639344333414185e+00
1.015677843530929048e+00
1.015716588764628003e+00
1.015755583057037725e+00
1.015794829319545345e+00
1.015834330349988601e+00
1.015874088830223787e+00
1.015914107323666826e+00
1.015954388272823028e+00
1.015994933996801741e+00
1.016035746688828123e+00
1.016076828413749134e+00
1.016118181105546192e+00
1.016159806564850054e+00
1.016201706456469012e+00
1.016243882306929525e+00
1.016286335502036398e+00
1.016329067284453158e+00
1.016372078751307528e+00
1.016415370851826427e+00
1.016458944385001395e+00
1.016502799997291540e+00
1.016546938180362680e+00
1.016591359268872008e+00
1.016636063438294713e+00
1.016681050702806122e+00
1.016726320913208248e+00
1.016771873754923616e+00
1.016817708746040161e+00
1.016863825235428509e+00
1.016910222400922326e+00
1.016956899247576818e+00
1.017003854605999846e+00
1.017051087130768972e+00
1.017098595298931318e+00
1.017146377408598257e+00
1.017194431577632230e+00
1.017242755742438165e+00
1.017291347656858580e+00
1.017340204891180155e+00
1.017389324831258879e+00
1.017438704677764205e+00
1.017488341445553113e+00
1.017538231963176720e+00
1.017588372872524349e+00
1.017638760628613026e+00
1.017689391499527307e+00
1.017740261566513871e+00
1.017791366724237978e+00
1.017842702681206912e+00
1.017894264960366169e+00
1.017946048899873279e+00
1.017998049654055936e+00
1.018050262194558631e+00
1.018102681311682911e+00
1.018155301615926378e+00
1.018208117539726842e+00
1.018261123339412766e+00
1.018314313097366197e+00
1.018367680724404201e+00
1.018421219962377888e+00
1.018474924386995495e+00
1.018528787410872383e+00
1.018582802286809530e+00
1.018636962111300281e+00
1.018691259828275353e+00
1.018745688233074320e+00
1.018800239976657362e+00
1.018854907570046819e+00
1.018909683389006560e+00
1.018964559678950721e+00
1.019019528560084709e+00
1.019074582032777565e+00
1.019129711983155495e+00
1.019184910188922100e+00
1.019240168325395768e+00
1.019295477971758235e+00
1.019350830617513415e+00
1.019406217669146963e+00
1.019461630456979684e+00
1.019517060242209006e+00
1.019572498224126988e+00
1.019627935547509079e+00
1.019683363310162960e+00
1.019738772570625507e+00
1.019794154355998073e+00
1.019849499669909010e+00
1.019904799500589876e+00
1.019960044829052448e+00
1.020015226637354555e+00
1.020070335916938742e+00
1.020125363677029773e+00
1.020180300953078545e+00
1.020235138815231757e+00
1.020289868376816012e+00
1.020344480802819032e+00
1.020398967318350003e+00
1.020453319217063060e+00
1.020507527869529252e+00
1.020561584731534577e+00
1.020615481352292964e+00
1.020669209382551790e+00
1.020722760582575273e+00
1.020776126829987529e+00
1.020829300127458872e+00
1.020882272610217800e+00
1.020935036553370256e+00
1.020987584379012159e+00
1.021039908663118556e+00
1.021092002142190758e+00
1.021143857719648107e+00
1.021195468471951973e+00
1.021246827654439304e+00
1.021297928706861757e+00
1.021348765258609292e+00
1.021399331133608479e+00
1.021449620354885512e+00
1.021499627148777289e+00
1.021549345948784548e+00
1.021598771399055527e+00
1.021647898357492146e+00
1.021696721898466276e+00
1.021745237315144994e+00
1.021793440121414598e+00
1.021841326053397836e+00
1.021888891070560135e+00
1.021936131356400823e+00
1.021983043318728246e+00
1.022029623589511438e+00
1.022075869024314132e+00
1.022121776701305995e+00
1.022167343919852200e+00
1.022212568198683780e+00
1.022257447273652531e+00
1.022301979095069591e+00
1.022346161824634336e+00
1.022389993831958499e+00
1.022433473690690153e+00
1.022476600174241135e+00
1.022519372251132319e+00
1.022561789079953876e+00
1.022603850003958259e+00
1.022645554545288604e+00
1.022686902398854514e+00
1.022727893425863899e+00
1.022768527647023085e+00
1.022808805235413177e+00
1.022848726509058670e+00
1.022888291923193638e+00
1.022927502062243921e+00
1.022966357631534207e+00
1.023004859448732873e+00
1.023043008435049916e+00
1.023080805606200183e+00
1.023118252063142997e+00
1.023155348982617729e+00
1.023192097607483309e+00
1.023228499236878974e+00
1.023264555216223171e+00
1.023300266927057667e+00
1.023335635776760233e+00
1.023370663188133634e+00
1.023405350588890705e+00
1.023439699401047953e+00
1.023473711030244093e+00
1.023507386854995538e+00
1.023540728215911022e+00
1.023573736404873369e+00
1.023606412654208153e+00
1.023638758125853254e+00
1.023670773900546394e+00
1.023702460967047090e+00
1.023733820211404577e+00
1.023764852406294557e+00
1.023795558200436329e+00
1.023825938108108513e+00
1.023855992498782008e+00
1.023885721586881514e+00
1.023915125421701378e+00
1.023944203877485304e+00
1.023972956643693699e+00
1.024001383215470407e+00
1.024029482884337261e+00
1.024057254729122235e+00
1.024084697607152927e+00
1.024111810145723833e+00
1.024138590733866705e+00
1.024165037514437326e+00
1.024191148376541571e+00
1.024216920948322951e+00
1.024242352590130523e+00
1.024267440388090922e+00
1.024292181148103609e+00
1.024316571390284869e+00
1.024340607343881882e+00
1.024364284942677283e+00
1.024387599820912209e+00
1.024410547309745123e+00
1.024433122434276200e+00
1.024455319911155016e+00
1.024477134146799751e+00
1.024498559236248774e+00
1.024519588962666150e+00
1.024540216797533265e+00
1.024560435901535893e+00
1.024580239126182235e+00
1.024599619016165919e+00
1.024618567812498604e+00
1.024637077456435064e+00
1.024655139594204067e+00
1.024672745582572819e+00
1.024689886495257163e+00
1.024706553130194653e+00
1.024722736017698921e+00
1.024738425429506217e+00
1.024753611388726116e+00
1.024768283680708603e+00
1.024782431864833310e+00
1.024796045287226676e+00
1.024809113094411694e+00
1.024821624247890028e+00
1.024833567539652268e+00
1.024844931608614784e+00
1.024855704957970293e+00
1.024865875973444584e+00
1.024875432942439213e+00
1.024884364074047483e+00
1.024892657519911321e+00
1.024900301395904378e+00
1.024907283804597613e+00
1.024913592858481604e+00
1.024919216703901848e+00
1.024924143545664412e+00
1.024928361672261978e+00
1.024931859481670982e+00
1.024934625507658126e+00
1.024936648446539422e+00
1.024937917184324032e+00
1.024938420824169416e+00
1.024938148714082065e+00
1.024937090474774770e+00
1.024935236027608054e+00
1.024932575622525599e+00
1.024929099865893534e+00
1.024924799748156978e+00
1.024919666671212815e+00
1.024913692475409643e+00
1.024906869466067905e+00
1.024899190439426233e+00
1.024890648707911245e+00
1.024881238124628613e+00
1.024870953106973737e+00
1.024859788659262971e+00
1.024847740394282614e+00
1.024834804553662604e+00
1.024820978026973695e+00
1.024806258369461265e+00
1.024790643818322078e+00
1.024774133307442492e+00
1.024756726480520630e+00
1.024738423702491907e+00
1.024719226069198186e+00
1.024699135415231943e+00
1.024678154319909940e+00
1.024656286111322201e+00
1.024633534868426121e+00
1.024609905421150602e+00
1.024585403348497126e+00
1.024560034974622003e+00
1.024533807362902227e+00
1.024506728307996717e+00
1.024478806325917368e+00
1.024450050642144339e+00
1.024420471177826641e+00
1.024390078534112458e+00
1.024358883974676449e+00
1.024326899406509561e+00
1.024294137359051282e+00
1.024260610961754026e+00
1.024226333920174703e+00
1.024191320490698054e+00
1.024155585454003425e+00
1.024119144087394684e+00
1.024082012136115161e+00
1.024044205783773975e+00
1.024005741622025845e+00
1.023966636619626946e+00
1.023926908091017829e+00
1.023886573664561261e+00
1.023845651250584243e+00
1.023804159009356951e+00
1.023762115319145405e+00
1.023719538744477520e+00
1.023676448004746220e+00
1.023632861943280847e+00
1.023588799497004320e+00
1.023544279666793955e+00
1.023499321488649194e+00
1.023453944005768390e+00
1.023408166241628336e+00
1.023362007174145383e+00
1.023315485710994732e+00
1.023268620666151207e+00
1.023221430737705662e+00
1.023173934487005887e+00
1.023126150319147998e+00
1.023078096464853814e+00
1.023029790963740027e+00
1.022981251648990675e+00
1.022932496133428959e+00
1.022883541796971274e+00
1.022834405775447042e+00
1.022785104950754143e+00
1.022735655942314192e+00
1.022686075099781711e+00
1.022636378496963871e+00
1.022586581926890670e+00
1.022536700897980655e+00
1.022486750631238950e+00
1.022436746058417611e+00
1.022386701821075494e+00
1.022336632270464563e+00
1.022286551468171156e+00
1.022236473187443817e+00
1.022186410915131516e+00
1.022136377854168110e+00
1.022086386926529755e+00
1.022036450776604211e+00
1.021986581774899649e+00
1.021936792022043461e+00
1.021887093353002651e+00
1.021837497341479439e+00
1.021788015304427866e+00
1.021738658306648340e+00
1.021689437165416381e+00
1.021640362455108919e+00
1.021591444511796620e+00
1.021542693437770488e+00
1.021494119105981202e+00
1.021445731164371873e+00
1.021397539040083124e+00
1.021349551943526279e+00
1.021301778872307331e+00
1.021254228615004145e+00
1.021206909754791781e+00
1.021159830672915270e+00
1.021112999552018286e+00
1.021066424379329707e+00
1.021020112949716507e+00
1.020974072868617188e+00
1.020928311554859969e+00
1.020882836243382830e+00
1.020837653987869409e+00
1.020792771663309839e+00
1.020748195968504302e+00
1.020703933428522170e+00
1.020659990397131400e+00
1.020616373059208826e+00
1.020573087433149340e+00
1.020530139373279077e+00
1.020487534572293242e+00
1.020445278563717917e+00
1.020403376724414057e+00
1.020361834277128121e+00
1.020320656293095762e+00
1.020279847694704589e+00
1.020239413258222427e+00
1.020199357616592639e+00
1.020159685262297167e+00
1.020120400550293738e+00
1.020081507701020573e+00
1.020043010803473482e+00
1.020004913818349790e+00
1.019967220581259770e+00
1.019929934805998695e+00
1.019893060087880610e+00
1.019856599907124295e+00
1.019820557632290958e+00
1.019784936523767227e+00
1.019749739737288330e+00
1.019714970327494807e+00
1.019680631251520531e+00
1.019646725372604035e+00
1.019613255463715173e+00
1.019580224211200647e+00
1.019547634218431087e+00
1.019515488009452575e+00
1.019483788032634841e+00
1.019452536664309239e+00
1.019421736212393181e+00
1.019391388919994812e+00
1.019361496968992808e+00
1.019332062483585100e+00
1.019303087533801833e+00
1.019274574138977485e+00
1.019246524271175236e+00
1.019218939858558048e+00
1.019191822788701351e+00
1.019165174911839999e+00
1.019138998044045730e+00
1.019113293970323575e+00
1.019088064447627007e+00
1.019063311207780043e+00
1.019039035960303430e+00
1.019015240395134025e+00
1.018991926185234487e+00
1.018969094989083501e+00
1.018946748453041895e+00
1.018924888213587288e+00
1.018903515899408863e+00
1.018882633133359139e+00
1.018862241534258306e+00
1.018842342718537797e+00
1.018822938301729319e+00
1.018804029899784025e+00
1.018785619130227360e+00
1.018767707613138729e+00
1.018750296971958180e+00
1.018733388834117237e+00
1.018716984831488537e+00
1.018701086600662720e+00
1.018685695783041467e+00
1.018670814024758675e+00
1.018656442976421994e+00
1.018642584292684727e+00
1.018629239631645866e+00
1.018616410654086923e+00
1.018604099022544673e+00
1.018592306400229353e+00
1.018581034449791423e+00
1.018570284831946005e+00
1.018560059203955648e+00
1.018550359217986756e+00
1.018541186519338337e+00
1.018532542744557734e+00
1.018524429519447327e+00
1.018516848456968438e+00
1.018509801155057737e+00
1.018503289194353290e+00
1.018497314135848431e+00
1.018491877518474809e+00
1.018486980856624147e+00
1.018482625637618266e+00
1.018478813319128262e+00
1.018475545326559040e+00
1.018472823050397658e+00
1.018470647843535914e+00
1.018469021018572729e+00
1.018467943845099644e+00
1.018467417546978560e+00
1.018467443299611919e+00
1.018468022227213332e+00
1.018469155400081538e+00
1.018470843831880135e+00
1.018473088476927080e+00
1.018475890227498404e+00
1.018479249911145690e+00
1.018483168288030871e+00
1.018487646048281459e+00
1.018492683809364419e+00
1.018498282113484699e+00
1.018504441425003293e+00
1.018511162127881731e+00
1.018518444523148769e+00
1.018526288826392623e+00
1.018534695165277615e+00
1.018543663577085479e+00
1.018553194006280638e+00
1.018563286302101467e+00
1.018573940216175311e+00
1.018585155400157483e+00
1.018596931403392691e+00
1.018609267670605334e+00
1.018622163539606440e+00
1.018635618239029927e+00
1.018649630886088620e+00
1.018664200484355797e+00
1.018679325921569845e+00
1.018695005967462208e+00
1.018711239271610669e+00
1.018728024361318152e+00
1.018745359639513737e+00
1.018763243382685868e+00
1.018781673738837767e+00
1.018800648725476599e+00
1.018820166227629276e+00
1.018840223995893357e+00
1.018860819644521243e+00
1.018881950649539236e+00
1.018903614346908570e+00
1.018925807930724403e+00
1.018948528451462110e+00
1.018971772814267762e+00
1.018995537777301674e+00
1.019019819950135908e+00
1.019044615792206843e+00
1.019069921611333918e+00
1.019095733562300765e+00
1.019122047645508733e+00
1.019148859705705235e+00
1.019176165430790038e+00
1.019203960350710148e+00
1.019232239836441511e+00
1.019260999099066423e+00
1.019290233188953065e+00
1.019319936995040976e+00
1.019350105244237525e+00
1.019380732500933640e+00
1.019411813166642977e+00
1.019443341479771004e+00
1.019475311515519955e+00
1.019507717185934581e+00
1.019540552240099540e+00
1.019573810264485125e+00
1.019607484683459742e+00
1.019641568759962702e+00
1.019676055596351549e+00
1.019710938135428346e+00
1.019746209161645378e+00
1.019781861302502923e+00
1.019817887030139758e+00
1.019854278663121505e+00
1.019891028368434593e+00
1.019928128163686498e+00
1.019965569919517367e+00
1.020003345362231473e+00
1.020041446076643377e+00
1.020079863509149032e+00
1.020118588971020257e+00
1.020157613641928585e+00
1.020196928573694040e+00
1.020236524694267288e+00
1.020276392811937827e+00
1.020316523619777538e+00
1.020356907700308291e+00
1.020397535530402688e+00
1.020438397486406412e+00
1.020479483849490387e+00
1.020520784811218329e+00
1.020562290479334333e+00
1.020603990883762524e+00
1.020645875982812756e+00
1.020687935669589930e+00
1.020730159778595159e+00
1.020772538092517445e+00
1.020815060349201886e+00
1.020857716248789515e+00
1.020900495461020352e+00
1.020943387632683885e+00
1.020986382395212111e+00
1.021029469372402243e+00
1.021072638188252224e+00
1.021115878474906147e+00
1.021159179880685386e+00
1.021202532078199887e+00
1.021245924772519409e+00
1.021289347709396722e+00
1.021332790683519232e+00
1.021376243546778362e+00
1.021419696216543826e+00
1.021463138683914806e+00
1.021506561021947146e+00
1.021549953393824595e+00
1.021593306060968320e+00
1.021636609391060713e+00
1.021679853865969712e+00
1.021723030089553896e+00
1.021766128795333906e+00
1.021809140854009534e+00
1.021852057280809412e+00
1.021894869242651938e+00
1.021937568065105051e+00
1.021980145239125726e+00
1.022022592427564547e+00
1.022064901471418263e+00
1.022107064395818554e+00
1.022149073415737908e+00
1.022190920941401515e+00
1.022232599583392298e+00
1.022274102157431530e+00
1.022315421688829939e+00
1.022356551416591763e+00
1.022397484797164413e+00
1.022438215507821102e+00
1.022478737449671105e+00
1.022519044750284767e+00
1.022559131765929497e+00
1.022598993083407626e+00
1.022638623521491930e+00
1.022678018131953248e+00
1.022717172200175328e+00
1.022756081245355553e+00
1.022794741020287557e+00
1.022833147510726182e+00
1.022871296934332097e+00
1.022909185739199422e+00
1.022946810601964351e+00
1.022984168425498330e+00
1.023021256336190454e+00
1.023058071680819303e+00
1.023094612023023764e+00
1.023130875139369955e+00
1.023166859015030683e+00
1.023202561839075653e+00
1.023237981999384427e+00
1.023273118077186794e+00
1.023307968841244753e+00
1.023342533241679009e+00
1.023376810403452852e+00
1.023410799619525413e+00
1.023444500343680286e+00
1.023477912183046845e+00
1.023511034890319804e+00
1.023543868355694775e+00
1.023576412598526719e+00
1.023608667758729496e+00
1.023640634087924717e+00
1.023672311940357016e+00
1.023703701763586160e+00
1.023734804088971773e+00
1.023765619521966430e+00
1.023796148732224243e+00
1.023826392443548450e+00
1.023856351423686473e+00
1.023886026473987965e+00
1.023915418418941847e+00
1.023944528095607431e+00
1.023973356342952945e+00
1.024001903991116791e+00
1.024030171850609294e+00
1.024058160701465381e+00
1.024085871282369276e+00
1.024113304279762549e+00
1.024140460316951273e+00
1.024167339943231614e+00
1.024193943623044500e+00
1.024220271725181597e+00
1.024246324512052109e+00
1.024272102129030859e+00
1.024297604593905398e+00
1.024322831786433685e+00
1.024347783438034787e+00
1.024372459121626777e+00
1.024396858241629182e+00
1.024420980024149497e+00
1.024444823507371982e+00
1.024468387532162295e+00
1.024491670732915249e+00
1.024514671528654830e+00
1.024537388114414860e+00
1.024559818452913884e+00
1.024581960266545355e+00
1.024603811029706879e+00
1.024625367961486067e+00
1.024646628018724082e+00
1.024667587889479980e+00
1.024688243986918046e+00
1.024708592443638100e+00
1.024728629106472333e+00
1.024748349531772407e+00
1.024767748981209259e+00
1.024786822418106702e+00
1.024805564504336797e+00
1.024823969597795426e+00
1.024842031750485827e+00
1.024859744707229847e+00
1.024877101905034449e+00
1.024894096473133231e+00
1.024910721233728284e+00
1.024926968703453234e+00
1.024942831095583040e+00
1.024958300323005833e+00
1.024973368001987239e+00
1.024988025456736729e+00
1.025002263724805296e+00
1.025016073563324692e+00
1.025029445456108856e+00
1.025042369621633753e+00
1.025054836021907612e+00
1.025066834372243996e+00
1.025078354151948590e+00
1.025089384615929911e+00
1.025099914807233947e+00
1.025109933570514942e+00
1.025119429566433205e+00
1.025128391286989071e+00
1.025136807071777678e+00
1.025144665125163446e+00
1.025151953534361393e+00
1.025158660288407741e+00
1.025164773298004706e+00
1.025170280416215496e+00
1.025175169459983326e+00
1.025179428232443790e+00
1.025183044545995958e+00
1.025186006246097570e+00
1.025188301235731014e+00
1.025189917500505032e+00
1.025190843134330398e+00
1.025191066365619630e+00
1.025190575583944330e+00
1.025189359367089104e+00
1.025187406508434318e+00
1.025184706044584892e+00
1.025181247283180497e+00
1.025177019830796121e+00
1.025172013620850642e+00
1.025166218941437224e+00
1.025159626462982310e+00
1.025152227265639926e+00
1.025144012866322951e+00
1.025134975245276747e+00
1.025125106872091463e+00
1.025114400731055087e+00
1.025102850345743333e+00
1.025090449802747550e+00
1.025077193774435624e+00
1.025063077540651957e+00
1.025048097009251258e+00
1.025032248735378015e+00
1.025015529939390602e+00
1.024997938523348306e+00
1.024979473085970483e+00
1.024960132935991197e+00
1.024939918103832781e+00
1.024918829351527894e+00
1.024896868180834364e+00
1.024874036839480418e+00
1.024850338325495880e+00
1.024825776389594711e+00
1.024800355535572027e+00
1.024774081018699157e+00
1.024746958842103872e+00
1.024718995751132899e+00
1.024690199225708920e+00
1.024660577470692058e+00
1.024630139404286044e+00
1.024598894644516145e+00
1.024566853493834806e+00
1.024534026921910979e+00
1.024500426546673726e+00
1.024466064613684058e+00
1.024430953973924918e+00
1.024395108060102810e+00
1.024358540861568301e+00
1.024321266897957994e+00
1.024283301191682760e+00
1.024244659239381683e+00
1.024205356982469617e+00
1.024165410776911589e+00
1.024124837362359486e+00
1.024083653830788032e+00
1.024041877594767946e+00
1.023999526355521050e+00
1.023956618070887448e+00
1.023913170923351768e+00
1.023869203288255036e+00
1.023824733702329404e+00
1.023779780832677400e+00
1.023734363446321627e+00
1.023688500380439015e+00
1.023642210513384443e+00
1.023595512736612978e+00
1.023548425927584882e+00
1.023500968923744203e+00
1.023453160497642234e+00
1.023405019333274435e+00
1.023356564003683911e+00
1.023307812949882933e+00
1.023258784461119841e+00
1.023209496656529716e+00
1.023159967468174614e+00
1.023110214625484904e+00
1.023060255641103256e+00
1.023010107798111079e+00
1.022959788138627424e+00
1.022909313453744584e+00
1.022858700274771770e+00
1.022807964865739550e+00
1.022757123217122643e+00
1.022706191040719359e+00
1.022655183765641684e+00
1.022604116535339003e+00
1.022553004205604132e+00
1.022501861343481977e+00
1.022450702227019059e+00
1.022399540845777999e+00
1.022348390902050319e+00
1.022297265812689648e+00
1.022246178711502473e+00
1.022195142452123839e+00
1.022144169611310049e+00
1.022093272492587079e+00
1.022042463130194534e+00
1.021991753293258975e+00
1.021941154490154435e+00
1.021890677972987493e+00
1.021840334742169176e+00
1.021790135551027490e+00
1.021740090910421950e+00
1.021690211093328804e+00
1.021640506139366078e+00
1.021590985859234690e+00
1.021541659839053429e+00
1.021492537444572468e+00
1.021443627825252332e+00
1.021394939918198297e+00
1.021346482451947590e+00
1.021298263950102259e+00
1.021250292734813270e+00
1.021202576930116734e+00
1.021155124465128239e+00
1.021107943077101954e+00
1.021061040314368284e+00
1.021014423539154947e+00
1.020968099930307238e+00
1.020922076485923480e+00
1.020876360025910534e+00
1.020830957194483801e+00
1.020785874462616816e+00
1.020741118130461977e+00
1.020696694329747967e+00
1.020652609026174273e+00
1.020608868021812166e+00
1.020565476957519868e+00
1.020522441315390161e+00
1.020479766421232171e+00
1.020437457447102014e+00
1.020395519413883179e+00
1.020353957193928629e+00
1.020312775513763981e+00
1.020271978956859726e+00
1.020231571966473183e+00
1.020191558848559055e+00
1.020151943774752823e+00
1.020112730785426081e+00
1.020073923792805815e+00
1.020035526584166741e+00
1.019997542825081815e+00
1.019959976062735363e+00
1.019922829729292602e+00
1.019886107145318466e+00
1.019849811523243277e+00
1.019813945970871938e+00
1.019778513494925543e+00
1.019743517004617406e+00
1.019708959315251073e+00
1.019674843151838983e+00
1.019641171152736003e+00
1.019607945873280297e+00
1.019575169789437075e+00
1.019542845301442568e+00
1.019510974737435349e+00
1.019479560357080539e+00
1.019448604355170263e+00
1.019418108865203898e+00
1.019388075962936568e+00
1.019358507669895220e+00
1.019329405956852508e+00
1.019300772747255390e+00
1.019272609920602646e+00
1.019244919315763998e+00
1.019217702734235065e+00
1.019190961943323481e+00
1.019164698679257519e+00
1.019138914650212335e+00
1.019113611539245623e+00
1.019088791007138006e+00
1.019064454695129296e+00
1.019040604227544833e+00
1.019017241214304814e+00
1.018994367253309719e+00
1.018971983932695613e+00
1.018950092832951348e+00
1.018928695528895867e+00
1.018907793591501187e+00
1.018887388589567955e+00
1.018867482091233789e+00
1.018848075665324870e+00
1.018829170882533885e+00
1.018810769316429887e+00
1.018792872544291850e+00
1.018775482147768141e+00
1.018758599713356361e+00
1.018742226832704656e+00
1.018726365102737397e+00
1.018711016125601887e+00
1.018696181508438325e+00
1.018681862862978793e+00
1.018668061804973268e+00
1.018654779953452216e+00
1.018642018929823978e+00
1.018629780356816728e+00
1.018618065857268995e+00
1.018606877052772308e+00
1.018596215562177720e+00
1.018586082999969111e+00
1.018576480974510368e+00
1.018567411086176211e+00
1.018558874925374003e+00
1.018550874070462076e+00
1.018543410085575029e+00
1.018536484518363538e+00
1.018530098897654668e+00
1.018524254731042689e+00
1.018518953502417723e+00
1.018514196669439542e+00
1.018509985660961181e+00
1.018506321874414144e+00
1.018503206673158967e+00
1.018500641383807359e+00
1.018498627293521475e+00
1.018497165647299640e+00
1.018496257645249425e+00
1.018495904439853827e+00
1.018496107133237238e+00
1.018496866774432963e+00
1.018498184356657621e+00
1.018500060814593766e+00
1.018502497021684938e+00
1.018505493787445371e+00
1.018509051854788794e+00
1.018513171897371450e+00
1.018517854516961307e+00
1.018523100240822821e+00
1.018528909519129000e+00
1.018535282722395685e+00
1.018542220138938248e+00
1.018549721972355160e+00
1.018557788339033765e+00
1.018566419265682921e+00
1.018575614686888731e+00
1.018585374442696478e+00
1.018595698276214989e+00
1.018606585831247635e+00
1.018618036649945102e+00
1.018630050170483248e+00
1.018642625724764939e+00
1.018655762536144538e+00
1.018669459717176817e+00
1.018683716267387851e+00
1.018698531071072333e+00
1.018713902895111767e+00
1.018729830386820190e+00
1.018746312071811211e+00
1.018763346351895027e+00
1.018780931502997644e+00
1.018799065673111404e+00
1.018817746880272601e+00
1.018836973010568414e+00
1.018856741816179579e+00
1.018877050913453264e+00
1.018897897781013473e+00
1.018919279757911411e+00
1.018941194041814491e+00
1.018963637687239743e+00
1.018986607603836969e+00
1.019010100554716747e+00
1.019034113154837051e+00
1.019058641869444282e+00
1.019083683012577568e+00
1.019109232745635918e+00
1.019135287076018859e+00
1.019161841855837469e+00
1.019188892780707567e+00
1.019216435388625719e+00
1.019244465058934512e+00
1.019272977011383752e+00
1.019301966305289131e+00
1.019331427838798154e+00
1.019361356348267744e+00
1.019391746407757537e+00
1.019422592428647967e+00
1.019453888659384022e+00
1.019485629185359343e+00
1.019517807928936204e+00
1.019550418649615153e+00
1.019583454944357648e+00
1.019616910248068553e+00
1.019650777834240518e+00
1.019685050815774430e+00
1.019719722145973062e+00
1.019754784619717025e+00
1.019790230874831449e+00
1.019826053393642740e+00
1.019862244504735393e+00
1.019898796384909101e+00
1.019935701061347899e+00
1.019972950413995827e+00
1.020010536178150851e+00
1.020048449947276836e+00
1.020086683176036679e+00
1.020125227183552585e+00
1.020164073156888840e+00
1.020203212154766614e+00
1.020242635111505924e+00
1.020282332841198958e+00
1.020322296042114107e+00
1.020362515301328266e+00
1.020402981099587603e+00
1.020443683816396607e+00
1.020484613735331614e+00
1.020525761049573266e+00
1.020567115867660801e+00
1.020608668219454396e+00
1.020650408062310666e+00
1.020692325287456459e+00
1.020734409726562930e+00
1.020776651158502357e+00
1.020819039316291033e+00
1.020861563894202684e+00
1.020904214555041101e+00
1.020946980937571968e+00
1.020989852664090591e+00
1.021032819348123954e+00
1.021075870602250912e+00
1.021118996046027405e+00
1.021162185314005377e+00
1.021205428063831189e+00
1.021248713984409529e+00
1.021292032804115513e+00
1.021335374299044085e+00
1.021378728301277183e+00
1.021422084707156008e+00
1.021465433485537977e+00
1.021508764686027249e+00
1.021552068447154626e+00
1.021595335004499727e+00
1.021638554698725665e+00
1.021681717983521809e+00
1.021724815433427747e+00
1.021767837751526020e+00
1.021810775776984759e+00
1.021853620492434001e+00
1.021896363031156385e+00
1.021938994684080448e+00
1.021981506906555426e+00
1.022023891324891576e+00
1.022066139742656254e+00
1.022108244146701539e+00
1.022150196712918291e+00
1.022191989811692014e+00
1.022233616013059621e+00
1.022275068091539563e+00
1.022316339030636456e+00
1.022357422027000196e+00
1.022398310494231133e+00
1.022438998066322213e+00
1.022479478600727187e+00
1.022519746181046907e+00
1.022559795119327042e+00
1.022599619957959005e+00
1.022639215471179197e+00
1.022678576666160133e+00
1.022717698783691009e+00
1.022756577298443936e+00
1.022795207918822502e+00
1.022833586586390897e+00
1.022871709474887147e+00
1.022909572988814464e+00
1.022947173761615147e+00
1.022984508653431268e+00
1.023021574748449458e+00
1.023058369351838026e+00
1.023094889986278844e+00
1.023131134388100216e+00
1.023167100503014293e+00
1.023202786481469451e+00
1.023238190673620540e+00
1.023273311623930315e+00
1.023308148065402934e+00
1.023342698913468851e+00
1.023376963259520878e+00
1.023410940364118282e+00
1.023444629649866044e+00
1.023478030693983465e+00
1.023511143220570796e+00
1.023543967092587437e+00
1.023576502303554570e+00
1.023608748968992455e+00
1.023640707317609255e+00
1.023672377682251167e+00
1.023703760490629167e+00
1.023734856255834824e+00
1.023765665566661820e+00
1.023796189077743168e+00
1.023826427499523462e+00
1.023856381588074127e+00
1.023886052134774793e+00
1.023915439955866091e+00
1.023944545881897650e+00
1.023973370747077727e+00
1.024001915378547567e+00
1.024030180585588923e+00
1.024058167148784726e+00
1.024085875809146895e+00
1.024113307257222605e+00
1.024140462122204109e+00
1.024167340961047223e+00
1.024193944247620891e+00
1.024220272361903161e+00
1.024246325579236228e+00
1.024272104059661848e+00
1.024297607837349133e+00
1.024322836810134696e+00
1.024347790729189356e+00
1.024372469188831403e+00
1.024396871616502835e+00
1.024420997262923017e+00
1.024444845192443942e+00
1.024468414273620898e+00
1.024491703170017143e+00
1.024514710331264844e+00
1.024537433984396895e+00
1.024559872125475390e+00
1.024582022511529189e+00
1.024603882652827647e+00
1.024625449805507849e+00
1.024646720964576208e+00
1.024667692857307966e+00
1.024688361937065251e+00
1.024708724377554780e+00
1.024728776067549196e+00
1.024748512606093787e+00
1.024767929298223024e+00
1.024787021151209343e+00
1.024805782871363702e+00
1.024824208861420782e+00
1.024842293218520828e+00
1.024860029732821864e+00
1.024877411886759404e+00
1.024894432854977167e+00
1.024911085504959019e+00
1.024927362398372344e+00
1.024943255793159480e+00
1.024958757646386331e+00
1.024973859617878791e+00
1.024988553074660302e+00
1.025002829096215207e+00
1.025016678480593857e+00
1.025030091751375050e+00
1.025043059165505532e+00
1.025055570722026577e+00
1.025067616171703833e+00
1.025079185027567341e+00
1.025090266576373921e+00
1.025100849890997035e+00
1.025110923843744359e+00
1.025120477120612161e+00
1.025129498236468262e+00
1.025137975551160263e+00
1.025145897286546814e+00
1.025153251544431710e+00
1.025160026325397267e+00
1.025166209548510343e+00
1.025171789071882777e+00
1.025176752714061834e+00
1.025181088276218233e+00
1.025184783565099789e+00
1.025187826416712689e+00
1.025190204720684672e+00
1.025191906445267698e+00
1.025192919662927915e+00
1.025193232576462110e+00
1.025192833545590432e+00
1.025191711113949466e+00
1.025189854036426373e+00
1.025187251306755920e+00
1.025183892185304924e+00
1.025179766226964162e+00
1.025174863309061157e+00
1.025169173659209676e+00
1.025162687883000912e+00
1.025155396991446199e+00
1.025147292428072232e+00
1.025138366095573961e+00
1.025128610381922156e+00
1.025118018185828372e+00
1.025106582941462063e+00
1.025094298642321267e+00
1.025081159864155378e+00
1.025067161786838543e+00
1.025052300215095968e+00
1.025036571597987223e+00
1.025019973047053279e+00
1.025002502353036693e+00
1.024984158001088108e+00
1.024964939184382029e+00
1.024944845816059935e+00
1.024923878539438338e+00
1.024902038736409615e+00
1.024879328533991441e+00
1.024855750808962851e+00
1.024831309190558315e+00
1.024806008061182272e+00
1.024779852555122384e+00
1.024752848555251283e+00
1.024725002687707720e+00
1.024696322314571972e+00
1.024666815524541974e+00
1.024636491121648785e+00
1.024605358612034722e+00
1.024573428188857438e+00
1.024540710715358571e+00
1.024507217706183138e+00
1.024472961307008267e+00
1.024437954272580775e+00
1.024402209943246600e+00
1.024365742220085362e+00
1.024328565538744407e+00
1.024290694842104887e+00
1.024252145551891591e+00
1.024212933539353720e+00
1.024173075095154095e+00
1.024132586898597763e+00
1.024091485986338590e+00
1.024049789720699488e+00
1.024007515757753728e+00
1.023964682015296335e+00
1.023921306640851903e+00
1.023877407979848275e+00
1.023833004544089764e+00
1.023788114980659358e+00
1.023742758041369161e+00
1.023696952552876960e+00
1.023650717387579512e+00
1.023604071435384899e+00
1.023557033576453446e+00
1.023509622655002893e+00
1.023461857454243784e+00
1.023413756672520325e+00
1.023365338900708243e+00
1.023316622600924930e+00
1.023267626086580062e+00
1.023218367503804904e+00
1.023168864814270496e+00
1.023119135779408495e+00
1.023069197946028464e+00
1.023019068633329809e+00
1.022968764921282414e+00
1.022918303640350857e+00
1.022867701362535131e+00
1.022816974393676359e+00
1.022766138766987964e+00
1.022715210237758576e+00
1.022664204279166489e+00
1.022613136079144613e+00
1.022562020538233973e+00
1.022510872268354909e+00
1.022459705592425827e+00
1.022408534544763992e+00
1.022357372872186865e+00
1.022306234035756489e+00
1.022255131213082979e+00
1.022204077301128944e+00
1.022153084919438459e+00
1.022102166413737745e+00
1.022051333859828715e+00
1.022000599067736326e+00
1.021949973586038674e+00
1.021899468706336522e+00
1.021849095467814994e+00
