1.000603444564682754e+00
1.000676405231238020e+00
1.000798756571409598e+00
1.000944637767410494e+00
1.001101672105231044e+00
1.001268288417935359e+00
1.001442306523987469e+00
1.001618793594812873e+00
1.001799760747735801e+00
1.001983010350592451e+00
1.002167070355523215e+00
1.002354091027497951e+00
1.002539809303705232e+00
1.002726277233806584e+00
1.002915142804577942e+00
1.003100451133974946e+00
1.003286621454275718e+00
1.003474404333983827e+00
1.003658064417002782e+00
1.003842622090279857e+00
1.004027175731132981e+00
1.004208484978654781e+00
1.004390825769344797e+00
1.004570877014372865e+00
1.004749154546381806e+00
1.004928706941730088e+00
1.005103860005984506e+00
1.005278471755575831e+00
1.005454323301671504e+00
1.005624802307433008e+00
1.005795452841649729e+00
1.005966494603463879e+00
1.006132708755677729e+00
1.006299510313697354e+00
1.006464891236242609e+00
1.006627035749789734e+00
1.006790159604800339e+00
1.006949635045322644e+00
1.007107600470505737e+00
1.007266832405619983e+00
1.007420776996984069e+00
1.007574434288157850e+00
1.007729086086506465e+00
1.007878205081384149e+00
1.008027720738442712e+00
1.008176988689556852e+00
1.008321898471892686e+00
1.008467665688415948e+00
1.008611113424020100e+00
1.008752057738652397e+00
1.008894275537072449e+00
1.009032073057970935e+00
1.009169014860872959e+00
1.009307362249003193e+00
1.009440174151673197e+00
1.009573166280983259e+00
1.009706921992514328e+00
1.009835547511506615e+00
1.009964938384435129e+00
1.010093448922170900e+00
1.010218426200783393e+00
1.010344623450170065e+00
1.010467725641015724e+00
1.010589186430764563e+00
1.010712219515854216e+00
1.010830339833418634e+00
1.010948256162766512e+00
1.011067614202627363e+00
1.011181540589849437e+00
1.011296091872660785e+00
1.011411023255489150e+00
1.011521500819383856e+00
1.011633111200304747e+00
1.011743125294170875e+00
1.011850527894992524e+00
1.011959497049239154e+00
1.012064675459562579e+00
1.012169022323205603e+00
1.012275149194752366e+00
1.012376103319544640e+00
1.012477410577573567e+00
1.012580022788604595e+00
1.012677571089517947e+00
1.012776131694248072e+00
1.012874516520529955e+00
1.012969274866567959e+00
1.013065510623812226e+00
1.013159380412161470e+00
1.013251547151287291e+00
1.013345574827417162e+00
1.013435239661139686e+00
1.013524774076385526e+00
1.013616160807921718e+00
1.013702356528626503e+00
1.013789362747694600e+00
1.013877344839963168e+00
1.013960845886943574e+00
1.014045701001747180e+00
1.014129681189611221e+00
1.014210932394886244e+00
1.014293977347596964e+00
1.014373897624839316e+00
1.014452949471826848e+00
1.014534073625194877e+00
1.014610442243149002e+00
1.014687259961100319e+00
1.014765835412395845e+00
1.014839446544817836e+00
1.014914244222410833e+00
1.014989501047266707e+00
1.015061020840851702e+00
1.015134205003333401e+00
1.015205724280179966e+00
1.015275413482105371e+00
1.015347171084463485e+00
1.015415128595650973e+00
1.015482943237589364e+00
1.015552924536665458e+00
1.015617979981913610e+00
1.015683950410853242e+00
1.015751397528695144e+00
1.015814333636371636e+00
1.015878774622918090e+00
1.015942996297803935e+00
1.016004322711841823e+00
1.016067598363846081e+00
1.016128395356783232e+00
1.016188205775247155e+00
1.016250294009062971e+00
1.016308057845862756e+00
1.016366281095272051e+00
1.016426615842511483e+00
1.016482098068224316e+00
1.016538867868447493e+00
1.016596643945952838e+00
1.016650549059151309e+00
1.016706240681249263e+00
1.016760918681614445e+00
1.016813575017919469e+00
1.016868434679955913e+00
1.016920052153056586e+00
1.016971430769975093e+00
1.017025200559954046e+00
1.017074327220295560e+00
1.017124396225467464e+00
1.017176347403663250e+00
1.017223759255998727e+00
1.017272763776916777e+00
1.017322131561770870e+00
1.017368399075418317e+00
1.017416711024814902e+00
1.017463161199474886e+00
1.017508434908667159e+00
1.017556117940926264e+00
1.017599918058143427e+00
1.017644109695048815e+00
1.017690676664534610e+00
1.017732521298855719e+00
1.017775689237429670e+00
1.017820324789385333e+00
1.017860945702133257e+00
1.017903421574350764e+00
1.017945481884244607e+00
1.017985278916134773e+00
1.018027356076866008e+00
1.018066741408738762e+00
1.018105719511675833e+00
1.018147237566506824e+00
1.018184417132738107e+00
1.018222497980898478e+00
1.018262779946893959e+00
1.018298508911879452e+00
1.018335865109397886e+00
1.018374095907118138e+00
1.018408999606495113e+00
1.018445995847835794e+00
1.018481716399969539e+00
1.018516013401570275e+00
1.018552792672733798e+00
1.018586142297655650e+00
1.018619747570288947e+00
1.018655915205416873e+00
1.018687518444426177e+00
1.018720424057127039e+00
1.018755179463461724e+00
1.018785782941187934e+00
1.018818266880170409e+00
1.018850880568303419e+00
1.018880956089352363e+00
1.018913344547496491e+00
1.018943583340730541e+00
1.018973186609544390e+00
1.019005417768364952e+00
1.019033641630319398e+00
1.019062665830766434e+00
1.019094134247712002e+00
1.019121063225130852e+00
1.019149609175950211e+00
1.019179473584670426e+00
1.019205779145349489e+00
1.019234189679113278e+00
1.019261878981888580e+00
1.019287855234217277e+00
1.019316342448500556e+00
1.019341865741866693e+00
1.019367450644224071e+00
1.019395721395119914e+00
1.019419621031659062e+00
1.019444752578946289e+00
1.019472044518348941e+00
1.019495068244886671e+00
1.019519963478116686e+00
1.019545482073572096e+00
1.019568170454169920e+00
1.019593172571327422e+00
1.019616557668546308e+00
1.019639031063686030e+00
1.019664173221987102e+00
1.019685668509723753e+00
1.019707810699064243e+00
1.019732575157143550e+00
1.019752851324828402e+00
1.019774695677055254e+00
1.019798239147868824e+00
1.019818002584693684e+00
1.019839856633311115e+00
1.019861511270450549e+00
1.019881135158294594e+00
1.019903266696487343e+00
1.019922911681860889e+00
1.019942375160768133e+00
1.019964596846735017e+00
1.019982681262938451e+00
1.020001883068998083e+00
1.020023492010402322e+00
1.020040750002922714e+00
1.020059842088353541e+00
1.020080000630890105e+00
1.020097034843473249e+00
1.020116360940663380e+00
1.020134590953428733e+00
1.020151596723763099e+00
1.020171277014710887e+00
1.020187700699724420e+00
1.020204571647757241e+00
1.020224188082124783e+00
1.020239412822135705e+00
1.020256122598917070e+00
1.020274853288554606e+00
1.020289607078084915e+00
1.020306416439724417e+00
1.020323514159664047e+00
1.020338248717088891e+00
1.020355465297266395e+00
1.020370681948356228e+00
1.020385433325264879e+00
1.020402975053787298e+00
1.020416656605711125e+00
1.020431300911568195e+00
1.020448542554277083e+00
1.020461394199165817e+00
1.020476017565748572e+00
1.020492100935517676e+00
1.020504777550798714e+00
1.020519708050775742e+00
1.020534048478011213e+00
1.020546826701039578e+00
1.020562259748282408e+00
1.020574854684185739e+00
1.020587656413744160e+00
1.020603281113984462e+00
1.020614661260939915e+00
1.020627411198522072e+00
1.020642448979045547e+00
1.020653348971498398e+00
1.020666252248326522e+00
1.020679895614219568e+00
1.020690841246359337e+00
1.020704227948467935e+00
1.020716106569031112e+00
1.020727203384220072e+00
1.020741091574659087e+00
1.020751439948370809e+00
1.020762559077390108e+00
1.020776415806865733e+00
1.020785894624727241e+00
1.020797059185433842e+00
1.020810028372484579e+00
1.020819332221357456e+00
1.020830839655278988e+00
1.020842243885438094e+00
1.020851732906612686e+00
1.020863838958233183e+00
1.020873549842252093e+00
1.020883191018006286e+00
1.020895694776984275e+00
1.020904153910098033e+00
1.020913836337729697e+00
1.020926022304103675e+00
1.020933954908066932e+00
1.020943822459950745e+00
1.020954843339930473e+00
1.020962841290214751e+00
1.020973228606670169e+00
1.020982599440713123e+00
1.020990846777939165e+00
1.021001862753823985e+00
1.021009700024871680e+00
1.021018080780293769e+00
1.021029295417524185e+00
1.021036200071431477e+00
1.021044680677692496e+00
1.021055262083522930e+00
1.021061953834377700e+00
1.021070788266555951e+00
1.021079982323538582e+00
1.021086903049637451e+00
1.021096390276596599e+00
1.021103944115899331e+00
1.021111120383888959e+00
1.021121167773345384e+00
1.021127422822495356e+00
1.021134723490431107e+00
1.021144695649099265e+00
1.021150351186636662e+00
1.021157856879420178e+00
1.021166888114148019e+00
1.021172591121490614e+00
1.021180623681245514e+00
1.021188124672429920e+00
1.021194142925930803e+00
1.021202889246469070e+00
1.021208854085768891e+00
1.021215101862224639e+00
1.021224241374799835e+00
1.021229196827909469e+00
1.021235593527855645e+00
1.021244339441162552e+00
1.021249014373200925e+00
1.021255760599272033e+00
1.021263300178925526e+00
1.021268212799353536e+00
1.021275632426195568e+00
1.021281592385757220e+00
1.021286840514902039e+00
1.021294943223535645e+00
1.021299555533688785e+00
1.021305004503010316e+00
1.021313248826297704e+00
1.021317170395529272e+00
1.021322839455738984e+00
1.021330363097907146e+00
1.021334282675263605e+00
1.021340465059838998e+00
1.021346587287499830e+00
1.021350857841762050e+00
1.021357802835917372e+00
1.021362393458508988e+00
1.021366975574670377e+00
1.021374474231759422e+00
1.021377972661266842e+00
1.021382751277585266e+00
1.021390081014333706e+00
1.021393208525357421e+00
1.021398324493831389e+00
1.021404633739705137e+00
1.021407976263563944e+00
1.021413759840794189e+00
1.021418561816652026e+00
1.021422296864214818e+00
1.021428850232545926e+00
1.021432260280996651e+00
1.021436266938303472e+00
1.021443152742114613e+00
1.021445769584015340e+00
1.021450011428859606e+00
1.021456392329073593e+00
1.021458931390833769e+00
1.021463659647991795e+00
1.021468778984784276e+00
1.021471676222763136e+00
1.021477185023666134e+00
1.021480789159390001e+00
1.021484065537615171e+00
1.021490255494448274e+00
1.021492684951407437e+00
1.021496205824485193e+00
1.021502435226645300e+00
1.021504386737736247e+00
1.021508230722127486e+00
1.021513630137138584e+00
1.021515746029932448e+00
1.021520232006001505e+00
1.021524210992876380e+00
1.021526753405226806e+00
1.021532062933261376e+00
1.021534615431415549e+00
1.021537494210088326e+00
1.021543300272981014e+00
1.021544952029489917e+00
1.021548084329172656e+00
1.021553595160404004e+00
1.021555072010510656e+00
1.021558656759545158e+00
1.021563057508932726e+00
1.021564872765252208e+00
1.021569230349337110e+00
1.021572147651724771e+00
1.021574394111041340e+00
1.021579528551904925e+00
1.021581194450065899e+00
1.021583734307068614e+00
1.021589098397833739e+00
1.021590168403554433e+00
1.021593019573510563e+00
1.021597747562018377e+00
1.021598906871462598e+00
1.021602360766581397e+00
1.021605771205003510e+00
1.021607367900025043e+00
1.021611669680340562e+00
1.021613632945937766e+00
1.021615623520646388e+00
1.021620558581226579e+00
1.021621514047322821e+00
1.021623781537684739e+00
1.021628622630389227e+00
1.021629289624579329e+00
1.021631974001926846e+00
1.021635867636657258e+00
1.021636828106919914e+00
1.021640257293172205e+00
1.021642717057762217e+00
1.021644143976083496e+00
1.021648415492351081e+00
1.021649557566380206e+00
1.021651327076904980e+00
1.021655998316820746e+00
1.021656421003192428e+00
1.021658495769325992e+00
1.021662726063633730e+00
1.021663142223739218e+00
1.021665772563525199e+00
1.021668804731057589e+00
1.021669646126044384e+00
1.021673123133072014e+00
1.021674704617364426e+00
1.021675988373683897e+00
1.021680207737341251e+00
1.021680679830849758e+00
1.021682269557939948e+00
1.021686585127936642e+00
1.021686643574192033e+00
1.021688617566742341e+00
1.021692158023263630e+00
1.021692442015892155e+00
1.021695117806656672e+00
1.021697293323061917e+00
1.021698060910322781e+00
1.021701616332090889e+00
1.021702422273181199e+00
1.021703580450292304e+00
1.021707683687327339e+00
1.021707646222314692e+00
1.021709111447278051e+00
1.021712967429536656e+00
1.021712810730358578e+00
1.021714781733574329e+00
1.021717575110584697e+00
1.021717808957940177e+00
1.021720604065918137e+00
1.021721962885644874e+00
1.021722676454503986e+00
1.021726295475137603e+00
1.021726453207711272e+00
1.021727506967602839e+00
1.021731398438935345e+00
1.021731010454657529e+00
1.021732422348464953e+00
1.021735718541518789e+00
1.021735467701541555e+00
1.021737528617572055e+00
1.021739548772044426e+00
1.021739779508761714e+00
1.021742731757233624e+00
1.021743348100730309e+00
1.021744014085292696e+00
1.021747638706207439e+00
1.021747291744960151e+00
1.021748275365054637e+00
1.021751841773744562e+00
1.021751249993167132e+00
1.021752691533563739e+00
1.021755345618440725e+00
1.021755088078499796e+00
1.021757314268926908e+00
1.021758571194378629e+00
1.021758817451581036e+00
1.021761922292962366e+00
1.021761900178038029e+00
1.021762524572458641e+00
1.021766061378575730e+00
1.021765359126030948e+00
1.021766324509026269e+00
1.021769450457757689e+00
1.021768779343334765e+00
1.021770336167044269e+00
1.021772294683372495e+00
1.021772083261463626e+00
1.021774520589040947e+00
1.021775061235373094e+00
1.021775323808861824e+00
1.021778533427377900e+00
1.021777999213823396e+00
1.021778598654965897e+00
1.021781931018859613e+00
1.021781017587072515e+00
1.021782032826563658e+00
1.021784615760249482e+00
1.021783960041525718e+00
1.021785708168270634e+00
1.021786953429009159e+00
1.021786810272267587e+00
1.021789466280724756e+00
1.021789371544428171e+00
1.021789645998412377e+00
1.021792874183963917e+00
1.021791966856051559e+00
1.021792575561484284e+00
1.021795578473053911e+00
1.021794581838071814e+00
1.021795724151018270e+00
1.021797686830724361e+00
1.021797107913993585e+00
1.021799100885437017e+00
1.021799653620450998e+00
1.021799578771613204e+00
1.021802418780909161e+00
1.021801797221551844e+00
1.021802085980941133e+00
1.021805218117570746e+00
1.021804078192109611e+00
1.021804749285821101e+00
1.021807304649487769e+00
1.021806327563753891e+00
1.021807672059487748e+00
1.021808971341031214e+00
1.021808498568635315e+00
1.021810756607282933e+00
1.021810674582956047e+00
1.021810657677209244e+00
1.021813606637133720e+00
1.021812585583968591e+00
1.021812906972815238e+00
1.021815813642355630e+00
1.021814571805016669e+00
1.021815372727511662e+00
1.021817383068316376e+00
1.021816497215049857e+00
1.021818103807959677e+00
1.021818735206917683e+00
1.021818372090378180e+00
1.021820875427509989e+00
1.021820248529716313e+00
1.021820281301788924e+00
1.021823231228375040e+00
1.021821946076071130e+00
1.021822338362055049e+00
1.021824890521416007e+00
1.021823657322878942e+00
1.021824660247903527e+00
1.021826059262994635e+00
1.021825303889504877e+00
1.021827204998430494e+00
1.021827203091863812e+00
1.021826937560515347e+00
1.021829625257360652e+00
1.021828567647462549e+00
1.021828654623127886e+00
1.021831476503975766e+00
1.021830059187238682e+00
1.021830578728421646e+00
1.021832662294865024e+00
1.021831520388306824e+00
1.021832789592168833e+00
1.021833548683726001e+00
1.021832934296777129e+00
1.021835125760540475e+00
1.021834560814599335e+00
1.021834377517739423e+00
1.021837152104305702e+00
1.021835792171909230e+00
1.021835957237294590e+00
1.021838515583244344e+00
1.021837083449309347e+00
1.021837797267548531e+00
1.021839325261603815e+00
1.021838325585437079e+00
1.021839904313140313e+00
1.021840034897138150e+00
1.021839551606143148e+00
1.021841988577984806e+00
1.021840959955287786e+00
1.021840852063289118e+00
1.021843589321949519e+00
1.021842058320786117e+00
1.021842345711816202e+00
1.021844513591302794e+00
1.021843160093515834e+00
1.021844134353687039e+00
1.021845055378263201e+00
1.021844218238958657e+00
1.021846117664956033e+00
1.021845669503148146e+00
1.021845298509492572e+00
1.021847897155539364e+00
1.021846524163216419e+00
1.021846502125002498e+00
1.021849064505422344e+00
1.021847484973517517e+00
1.021847954393788616e+00
1.021849626890793949e+00
1.021848415581687597e+00
1.021849702286979245e+00
1.021850004828435354e+00
1.021849325989695689e+00
1.021851518408558590e+00
1.021850574448324167e+00
1.021850300348023488e+00
1.021852945156111581e+00
1.021851356130764943e+00
1.021851451453906989e+00
1.021853703068288599e+00
1.021852178361763119e+00
1.021852895161386776e+00
1.021853999696929360e+00
1.021852962746948812e+00
1.021854587288871574e+00
1.021854299891409301e+00
1.021853760692005952e+00
1.021856178245749369e+00
1.021854846573912345e+00
1.021854667842996722e+00
1.021857223411844595e+00
1.021855544029066420e+00
1.021855807189170129e+00
1.021857628218639125e+00
1.021856234636522975e+00
1.021857257003893515e+00
1.021857759661646714e+00
1.021856901470565404e+00
1.021858853452002780e+00
1.021858041152798435e+00
1.021857620675240330e+00
1.021860159923403399e+00
1.021858563554718380e+00
1.021858498914009150e+00
1.021860824388310940e+00
1.021859166414002207e+00
1.021859659229164885e+00
1.021860957892942512e+00
1.021859740788974236e+00
1.021861106499280414e+00
1.021861014152635416e+00
1.021860319620502278e+00
1.021862548698984297e+00
1.021861306274999048e+00
1.021860993002027929e+00
1.021863524644789134e+00
1.021861790029524819e+00
1.021861879240423931e+00
1.021863843222285295e+00
1.021862295126621856e+00
1.021863079085201020e+00
1.021863799956190366e+00
1.021862774779524141e+00
1.021864490090606647e+00
1.021863848578790313e+00
1.021863294517308951e+00
1.021865712076319266e+00
1.021864154761086052e+00
1.021863955177680028e+00
1.021866337405310521e+00
1.021864582756124129e+00
1.021864881567959404e+00
1.021866375446005559e+00
1.021864996353584409e+00
1.021866119209464241e+00
1.021866247366974623e+00
1.021865405721092301e+00
1.021867438539319384e+00
1.021866327375659411e+00
1.021865894715812351e+00
1.021868381153765881e+00
1.021866633618971454e+00
1.021866575833865864e+00
1.021868669243643613e+00
1.021866994010326657e+00
1.021867564203540191e+00
1.021868512344721980e+00
1.021867330537760576e+00
1.021868813809047261e+00
1.021868374882694441e+00
1.021867694607237587e+00
1.021869973214601046e+00
1.021868497431268397e+00
1.021868181593751146e+00
1.021870598086594084e+00
1.021868782675879439e+00
1.021868914181663701e+00
1.021870596091639882e+00
1.021869073058939481e+00
1.021869969544063395e+00
1.021870335495310922e+00
1.021869352022908295e+00
1.021871181803403195e+00
1.021870238295925049e+00
1.021869695580003068e+00
1.021872113212503708e+00
1.021870393061570237e+00
1.021870210192244111e+00
1.021872413085726850e+00
1.021870638518424190e+00
1.021871018439624468e+00
1.021872194755170549e+00
1.021870866153925306e+00
1.021872123672012522e+00
1.021871912174148411e+00
1.021871109117801879e+00
1.021873231935230386e+00
1.021871876374442545e+00
1.021871457332384381e+00
1.021873881905596582e+00
1.021872041301191025e+00
1.021872028934842191e+00
1.021873884593390347e+00
1.021872236558951874e+00
1.021872923887706897e+00
1.021873537311833724e+00
1.021872415874685469e+00
1.021874037884881181e+00
1.021873292948862977e+00
1.021872644810118747e+00
1.021874969323968374e+00
1.021873314901839525e+00
1.021873024071758174e+00
1.021875311515977991e+00
1.021873466319033863e+00
1.021873678206498992e+00
1.021875076262728221e+00
1.021873611376716395e+00
1.021874651516359478e+00
1.021874685601624977e+00
1.021873760637854733e+00
1.021875712504390243e+00
1.021874512033546623e+00
1.021873997890523578e+00
1.021876402204696443e+00
1.021874571699090239e+00
1.021874435548248528e+00
1.021876444688693208e+00
1.021874692164231435e+00
1.021875188221027964e+00
1.021876051678092256e+00
1.021874796009371256e+00
1.021876208261143226e+00
1.021875687361838203e+00
1.021874934840543592e+00
1.021877142596846921e+00
1.021875590159657010e+00
1.021875203958313216e+00
1.021877547392533891e+00
1.021875661360787557e+00
1.021875725931213896e+00
1.021877332743217792e+00
1.021875743665078717e+00
1.021876577011313181e+00
1.021876868353617684e+00
1.021875821063553680e+00
1.021877589458635605e+00
1.021876574973060059e+00
1.021875969611533153e+00
1.021878324577336627e+00
1.021876539051504551e+00
1.021876295741255714e+00
1.021878433209564951e+00
1.021876598673832071e+00
1.021876921732904009e+00
1.021878031134016762e+00
1.021876645923178062e+00
1.021877849563803231e+00
1.021877572685137903e+00
1.021876714313991741e+00
1.021878783513185507e+00
1.021877366967077094e+00
1.021876893751013649e+00
1.021879262285505297e+00
1.021877366259992037e+00
1.021877302350182148e+00
1.021879099171455252e+00
1.021877400217929388e+00
1.021878039426273865e+00
1.021878593404990099e+00
1.021877423223433112e+00
1.021878998950924489e+00
1.021878197153821111e+00
1.021877501006606792e+00
1.021879778046871579e+00
1.021878071676943556e+00
1.021877734276915639e+00
1.021879971120733810e+00
1.021878079159799668e+00
1.021878247447819188e+00
1.021879592536309778e+00
1.021878084297676681e+00
1.021879083721887405e+00
1.021879065309002410e+00
1.021878098170030613e+00
1.021880009792399013e+00
1.021878760344018255e+00
1.021878204614661056e+00
1.021880566264327328e+00
1.021878691899229530e+00
1.021878516078472243e+00
1.021880479215399040e+00
1.021878687316927437e+00
1.021879146760857893e+00
1.021879962657047169e+00
1.021878669881444379e+00
1.021880047486919185e+00
1.021879480633658188e+00
1.021878691503285363e+00
1.021880863662432803e+00
1.021879269512559141e+00
1.021878847512435629e+00
1.021881152067847687e+00
1.021879229298271463e+00
1.021879260460369920e+00
1.021880825330002907e+00
1.021879203053438268e+00
1.021880005769422173e+00
1.021880254675744393e+00
1.021879175411461560e+00
1.021880913930957036e+00
1.021879859686372960e+00
1.021879222561643985e+00
1.021881545404338842e+00
1.021879724787758015e+00
1.021879450996295624e+00
1.021881552661089820e+00
1.021879687521688229e+00
1.021879982778694185e+00
1.021881054008530132e+00
1.021879640654907107e+00
1.021880818592104667e+00
1.021880504229660147e+00
1.021879618146213309e+00
1.021881661035175082e+00
1.021880210575132786e+00
1.021879709962191907e+00
1.021882048934299236e+00
1.021880123746521818e+00
1.021880034273960458e+00
1.021881797944373504e+00
1.021880073531335142e+00
1.021880689817650456e+00
1.021881209283382219e+00
1.021880015040375067e+00
1.021881568912150984e+00
1.021880734456221296e+00
1.021880014240797108e+00
1.021882267485304752e+00
1.021880532653266727e+00
1.021880171914014479e+00
1.021882381121473227e+00
1.021880465174656916e+00
1.021880612403724520e+00
1.021881926812164387e+00
1.021880397304426147e+00
1.021881377871245222e+00
1.021881328599600014e+00
1.021880340699005352e+00
1.021882233264028272e+00
1.021880955845472672e+00
1.021880379305933895e+00
1.021882718831855552e+00
1.021880820990727523e+00
1.021880625664370879e+00
1.021882562727360888e+00
1.021880751221163175e+00
1.021881193615347350e+00
1.021881981300743814e+00
1.021880670581806427e+00
1.021882032507496874e+00
1.021881438491292204e+00
1.021880631339067591e+00
1.021882786284685984e+00
1.021881168663936412e+00
1.021880728904860369e+00
1.021883012409905422e+00
1.021881070599279573e+00
1.021881085862582639e+00
1.021882626095643953e+00
1.021880987778773786e+00
1.021881776847784140e+00
1.021882000126371537e+00
1.021880905524371830e+00
1.021882630629761701e+00
1.021881552950359318e+00
1.021880900204205744e+00
1.021883206880833228e+00
1.021881367018331321e+00
1.021881078415923128e+00
1.021883159758775195e+00
1.021881279383043406e+00
1.021881562045608760e+00
1.021882610138750369e+00
1.021881183540008564e+00
1.021882350518993343e+00
1.021882013278683665e+00
1.021881113930811269e+00
1.021883144799163867e+00
1.021881674609924628e+00
1.021881160623518525e+00
1.021883483888301303e+00
1.021881543302667783e+00
1.021881441882327213e+00
1.021883185850811948e+00
1.021881449323679636e+00
1.021882055896546238e+00
1.021882553915247183e+00
1.021881348547893920e+00
1.021882893365572365e+00
1.021882038945715276e+00
1.021881307212759271e+00
1.021883549066908703e+00
1.021881798099145255e+00
1.021881426206394217e+00
1.021883619810426413e+00
1.021881691834049866e+00
1.021881829833311883e+00
1.021883125248147284e+00
1.021881586060155778e+00
1.021882559239719157e+00
1.021882490466492488e+00
1.021881493039845212e+00
1.021883377659967174e+00
1.021882083305373001e+00
1.021881496860062910e+00
1.021883825032146476e+00
1.021881914424815685e+00
1.021881710181783642e+00
1.021883631623016875e+00
1.021881810892271147e+00
1.021882246511594872e+00
1.021883016142564493e+00
1.021881697542230460e+00
1.021883053744901293e+00
1.021882442437603400e+00
1.021881627021566263e+00
1.021883774397448708e+00
1.021882142894568801e+00
1.021881694850726330e+00
1.021883966655224851e+00
1.021882015105383346e+00
1.021882023668996498e+00
1.021883548345216219e+00
1.021881903001529590e+00
1.021882687343909968e+00
1.021882893821226990e+00
1.021881792615878748e+00
1.021883512945799044e+00
1.021882420410609393e+00
1.021881760517368676e+00
1.021884059394772448e+00
1.021882208615529697e+00
1.021881913432187705e+00
1.021883982569578908e+00
1.021882095031924509e+00
1.021882373087636076e+00
1.021883405931277355e+00
1.021881973908157493e+00
1.021883137667810804e+00
1.021882785218916734e+00
1.021881880186828351e+00
1.021883906525194341e+00
1.021882424059203487e+00
1.021881904057677204e+00
1.021884218872053607e+00
1.021882270119027547e+00
1.021882163897102291e+00
1.021883895208794080e+00
1.021882153571592511e+00
1.021882757361269212e+00
1.021883240783164837e+00
1.021882031073946706e+00
1.021883573545746771e+00
1.021882705823377258e+00
1.021881969149915026e+00
1.021884206105100112e+00
1.021882445471386625e+00
1.021882068812528521e+00
