1.000603444564682754e+00
1.000676032665867243e+00
1.000796426574762865e+00
1.000941222942409947e+00
1.001100641779458345e+00
1.001265733296689442e+00
1.001436563941561220e+00
1.001615470597257529e+00
1.001797207247925314e+00
1.001977401681514612e+00
1.002160872575506456e+00
1.002349348217341785e+00
1.002535510676187513e+00
1.002719125107393472e+00
1.002906486409363973e+00
1.003096031628558427e+00
1.003280425906514228e+00
1.003463527498503316e+00
1.003650834991600460e+00
1.003836945086671317e+00
1.004017188278398365e+00
1.004198207482794425e+00
1.004382780735243230e+00
1.004562904352066299e+00
1.004738265082913085e+00
1.004916364246767113e+00
1.005095963817178584e+00
1.005269016620827127e+00
1.005439573297812750e+00
1.005613972579817883e+00
1.005786797973840407e+00
1.005952752081097135e+00
1.006118864493990017e+00
1.006288507177091951e+00
1.006453427702684644e+00
1.006612860492263950e+00
1.006774789798211778e+00
1.006938387716211025e+00
1.007095163899665025e+00
1.007248959274191114e+00
1.007406623380985078e+00
1.007562962855922173e+00
1.007712124979174728e+00
1.007861171714057313e+00
1.008013980609547833e+00
1.008162284648875362e+00
1.008304789760121833e+00
1.008449704878956688e+00
1.008596666680841025e+00
1.008736903028589094e+00
1.008873890416145613e+00
1.009014841994542167e+00
1.009154909904167008e+00
1.009287750044254084e+00
1.009420291056870811e+00
1.009556867646685285e+00
1.009689330243945804e+00
1.009815833474448254e+00
1.009944678967421572e+00
1.010075991183585709e+00
1.010200817087913538e+00
1.010322193802603241e+00
1.010447617135324716e+00
1.010572649504355214e+00
1.010690504191306571e+00
1.010807888819862610e+00
1.010929563499888939e+00
1.011047574580353547e+00
1.011159521321896460e+00
1.011273724310583599e+00
1.011390803432083318e+00
1.011501692547732256e+00
1.011608949257121637e+00
1.011720302825108941e+00
1.011831762104973276e+00
1.011936136959652455e+00
1.012039861257120643e+00
1.012148096800720154e+00
1.012253138109742601e+00
1.012352032613997643e+00
1.012453071787687398e+00
1.012557371193514077e+00
1.012655803814688893e+00
1.012750422481533352e+00
1.012849154130754492e+00
1.012948476802802533e+00
1.013040832265655222e+00
1.013132342286122922e+00
1.013228549450423621e+00
1.013322036739133569e+00
1.013409307393308589e+00
1.013498585743247915e+00
1.013591479252865302e+00
1.013678845707262077e+00
1.013762214817038654e+00
1.013849680232980388e+00
1.013938205177511875e+00
1.014019897971930151e+00
1.014100535996704799e+00
1.014186022069047954e+00
1.014269261946037837e+00
1.014346225536122414e+00
1.014425035908875561e+00
1.014507785898812742e+00
1.014585360805490666e+00
1.014658753069458630e+00
1.014736193744780746e+00
1.014815142978995777e+00
1.014887410824749647e+00
1.014958401252595177e+00
1.015034356333800680e+00
1.015108535049860983e+00
1.015176387774146871e+00
1.015245904102733299e+00
1.015319653528280686e+00
1.015388589739424807e+00
1.015453157119592831e+00
1.015521695472976660e+00
1.015592170323702081e+00
1.015656129439136190e+00
1.015718576738152246e+00
1.015786071990165240e+00
1.015852254715490233e+00
1.015912072309253178e+00
1.015973349914081947e+00
1.016039123123201993e+00
1.016100453363955491e+00
1.016157229228501047e+00
1.016217870934061906e+00
1.016280855009947803e+00
1.016337503704418666e+00
1.016392396293217981e+00
1.016452388097423665e+00
1.016511523681070894e+00
1.016564266612170586e+00
1.016618247533818131e+00
1.016676955963885298e+00
1.016731598970426864e+00
1.016781504518696977e+00
1.016835145046339761e+00
1.016891511189733643e+00
1.016941737117638578e+00
1.016989954775826099e+00
1.017043292311774261e+00
1.017096221207478557e+00
1.017142742792005450e+00
1.017190263946857520e+00
1.017242714490318889e+00
1.017291483566462151e+00
1.017335336491218323e+00
1.017382769788253594e+00
1.017433288989680884e+00
1.017477878140623959e+00
1.017520201034726846e+00
1.017567635376854351e+00
1.017615098912604266e+00
1.017656154593998163e+00
1.017697957015047283e+00
1.017744861368862441e+00
1.017788473766242596e+00
1.017826997612591544e+00
1.017868925421427706e+00
1.017914276267494200e+00
1.017953922352329954e+00
1.017991040384811141e+00
1.018033233872777332e+00
1.018075883706733187e+00
1.018112140421439937e+00
1.018148878550151348e+00
1.018190862571774602e+00
1.018229948806212981e+00
1.018263782205142798e+00
1.018300823231006902e+00
1.018341601160271059e+00
1.018376914748977180e+00
1.018409436632059739e+00
1.018446971946109114e+00
1.018485379200530616e+00
1.018517424386764292e+00
1.018549675001288568e+00
1.018587287684079801e+00
1.018622400457821930e+00
1.018652105948519626e+00
1.018684804607064898e+00
1.018721530729820746e+00
1.018753047943273815e+00
1.018781509823989850e+00
1.018814898598907170e+00
1.018849562528872044e+00
1.018877912666849017e+00
1.018906183345637206e+00
1.018939905317408634e+00
1.018971527971213931e+00
1.018997600353900523e+00
1.019026435043353107e+00
1.019059564473337787e+00
1.019087755190954958e+00
1.019112628795949993e+00
1.019142319740443003e+00
1.019173675905225895e+00
1.019198784563230875e+00
1.019223521659919252e+00
1.019253773178063538e+00
1.019282327646839015e+00
1.019305201841356201e+00
1.019330592714840833e+00
1.019360522385627910e+00
1.019385797939998284e+00
1.019407498209898399e+00
1.019433884700491566e+00
1.019462312601862486e+00
1.019484577948577719e+00
1.019506174038139701e+00
1.019533322440883127e+00
1.019559176667773404e+00
1.019579235029214992e+00
1.019601551220792102e+00
1.019628627139708144e+00
1.019651347446735024e+00
1.019670239605969808e+00
1.019693666703947343e+00
1.019719496837226735e+00
1.019739268561429046e+00
1.019758069298946523e+00
1.019782435857070402e+00
1.019805910607735289e+00
1.019823489637588620e+00
1.019843055884400718e+00
1.019867579769221155e+00
1.019888059837067207e+00
1.019904465840725916e+00
1.019925236678373093e+00
1.019948756943185098e+00
1.019966342525238101e+00
1.019982652862503336e+00
1.020004518981551866e+00
1.020025894008946388e+00
1.020041290410425239e+00
1.020058393023829391e+00
1.020080628279949497e+00
1.020099144055346629e+00
1.020113348370760731e+00
1.020131729869481862e+00
1.020153191305624318e+00
1.020168861605855071e+00
1.020182951331461085e+00
1.020202564074968121e+00
1.020222083607297936e+00
1.020235559657113544e+00
1.020250451818473847e+00
1.020270628837463889e+00
1.020287422372941677e+00
1.020299677079091971e+00
1.020315904986607736e+00
1.020335526825906225e+00
1.020349520981868929e+00
1.020361629576777895e+00
1.020379206506499159e+00
1.020397084057221626e+00
1.020408872293026015e+00
1.020421778675675295e+00
1.020440099461425776e+00
1.020455383413281680e+00
1.020465912627603666e+00
1.020480195886805275e+00
1.020498169937195776e+00
1.020510699588192960e+00
1.020521040414598790e+00
1.020536773768342620e+00
1.020553196291756448e+00
1.020563503539727801e+00
1.020574624282766685e+00
1.020591266434604405e+00
1.020605227924978209e+00
1.020614231590946330e+00
1.020626756075706520e+00
1.020643250476053199e+00
1.020654503356203335e+00
1.020663267220073500e+00
1.020677327469021289e+00
1.020692458905923861e+00
1.020701469694332175e+00
1.020710983774403502e+00
1.020726103875805091e+00
1.020738907771377768e+00
1.020746564859682959e+00
1.020757496531420561e+00
1.020772658933269073e+00
1.020782801892446967e+00
1.020790160037999161e+00
1.020802698882106174e+00
1.020816683155931992e+00
1.020824562576700512e+00
1.020832630639351812e+00
1.020846367115061382e+00
1.020858158788546355e+00
1.020864629978504912e+00
1.020874117530381930e+00
1.020888077774959157e+00
1.020897259298983784e+00
1.020903365905319493e+00
1.020914518776363078e+00
1.020927482310246770e+00
1.020934378400507825e+00
1.020941145122188143e+00
1.020953620634784897e+00
1.020964528282713779e+00
1.020969958197924576e+00
1.020978135260385500e+00
1.020991007624997060e+00
1.020999359931906270e+00
1.021004354187436292e+00
1.021014242334008948e+00
1.021026296162923508e+00
1.021032341881974004e+00
1.021037937936754680e+00
1.021049261395779340e+00
1.021059397987082784e+00
1.021063917060212267e+00
1.021070904042145955e+00
1.021082789129840851e+00
1.021090429918240616e+00
1.021094437747654293e+00
1.021103169975172031e+00
1.021114411525164023e+00
1.021119726399701610e+00
1.021124270102046872e+00
1.021134538355377597e+00
1.021144003280803458e+00
1.021147729317703590e+00
1.021153634952714828e+00
1.021164621293733310e+00
1.021171655213231944e+00
1.021174790725798420e+00
1.021182464858595651e+00
1.021192979458531935e+00
1.021197670962028514e+00
1.021201269649798293e+00
1.021210568919521222e+00
1.021219449403584001e+00
1.021222488908392734e+00
1.021227411567168897e+00
1.021237576991872231e+00
1.021244096896287257e+00
1.021246463615017808e+00
1.021253167738548351e+00
1.021263029920411736e+00
1.021267194642806686e+00
1.021269945855010741e+00
1.021278352970280467e+00
1.021286725297089415e+00
1.021289174609439687e+00
1.021293203428778051e+00
1.021302616261293039e+00
1.021308704294483727e+00
1.021310396214949900e+00
1.021316209745760872e+00
1.021325484379138393e+00
1.021329209032484364e+00
1.021331201525808474e+00
1.021338784994869187e+00
1.021346715588427934e+00
1.021348661873047181e+00
1.021351877741429881e+00
1.021360597852652985e+00
1.021366326406002001e+00
1.021367428922957288e+00
1.021372423543870145e+00
1.021381166840203747e+00
1.021384529135819008e+00
1.021385843773989333e+00
1.021392664727787780e+00
1.021400211117448720e+00
1.021401733236507958e+00
1.021404209666282981e+00
1.021412289415250196e+00
1.021417721986059179e+00
1.021418312716427801e+00
1.021422553205209471e+00
1.021430813618509292e+00
1.021433883042423441e+00
1.021434593583828487e+00
1.021440706615308391e+00
1.021447918308663549e+00
1.021449087598856664e+00
1.021450891506797687e+00
1.021458376591323880e+00
1.021463568563210078e+00
1.021463718086023320e+00
1.021467263058218666e+00
1.021475082101656273e+00
1.021477920608023116e+00
1.021478094410050996e+00
1.021483548326539204e+00
1.021490467605387753e+00
1.021491348575165770e+00
1.021492540986619790e+00
1.021499471217727661e+00
1.021504470577662582e+00
1.021504243105249898e+00
1.021507145685882856e+00
1.021514558678041418e+00
1.021517221314764079e+00
1.021516919968010528e+00
1.021521758469075225e+00
1.021528421119187291e+00
1.021529072076714728e+00
1.021529708763676769e+00
1.021536118773584523e+00
1.021540966775392967e+00
1.021540420765467250e+00
1.021542729199858002e+00
1.021549765950265920e+00
1.021552301427111065e+00
1.021551581328796310e+00
1.021555843618388248e+00
1.021562279600324086e+00
1.021562753219396935e+00
1.021562885279420740e+00
1.021568805169509542e+00
1.021573536950202810e+00
1.021572725665152559e+00
1.021574483875924644e+00
1.021581169316558846e+00
1.021583620523291991e+00
1.021582533396592218e+00
1.021586254735879606e+00
1.021592488801885690e+00
1.021592832630884295e+00
1.021592507011488848e+00
1.021597962944474913e+00
1.021602608097458731e+00
1.021601580114929186e+00
1.021602828210102620e+00
1.021609182977567976e+00
1.021611587457800674e+00
1.021610180822094982e+00
1.021613393027892336e+00
1.021619445288538319e+00
1.021619702206266300e+00
1.021618962178159951e+00
1.021623976917345189e+00
1.021628560025073629e+00
1.021627359702501625e+00
1.021628134438155477e+00
1.021634175409980694e+00
1.021636565795235763e+00
1.021634883391216775e+00
1.021637615284048284e+00
1.021643501727569348e+00
1.021643710349244838e+00
1.021642595930989605e+00
1.021647189328788397e+00
1.021651730456577756e+00
1.021650398351554578e+00
1.021650733551686230e+00
1.021656474339384113e+00
1.021658878747169652e+00
1.021656960920160229e+00
1.021659238725559637e+00
1.021664971692603840e+00
1.021665166729129659e+00
1.021663715065650457e+00
1.021667904503332114e+00
1.021672419655661024e+00
1.021670992903620956e+00
1.021670919839358538e+00
1.021676371240484826e+00
1.021678813639718797e+00
1.021676697684217316e+00
1.021678545390698023e+00
1.021684134007166955e+00
1.021684346580944203e+00
1.021682592278338797e+00
1.021686393058985232e+00
1.021690894599510013e+00
1.021689407250178316e+00
1.021688954980292774e+00
1.021694125391497288e+00
1.021696625938352199e+00
1.021694346406671006e+00
1.021695786083770763e+00
1.021701236654579681e+00
1.021701494575385949e+00
1.021699469994717280e+00
1.021702895691617208e+00
1.021707392728228525e+00
1.021705876042378058e+00
1.021705071716982882e+00
1.021709967509972561e+00
1.021712542857009076e+00
1.021710131834769886e+00
1.021711183914592702e+00
1.021716500281324214e+00
1.021716828286079792e+00
1.021714563799117403e+00
1.021717626562117065e+00
1.021722125298576422e+00
1.021720608006849051e+00
1.021719477136221910e+00
1.021724102998514905e+00
1.021726766579796220e+00
1.021724253930959669e+00
1.021724937456627957e+00
1.021730121322189877e+00
1.021730541282691362e+00
1.021728065492832904e+00
1.021730776315483480e+00
1.021735280371412369e+00
1.021733788897236428e+00
1.021732355587772867e+00
1.021736714830119297e+00
1.021739477124792739e+00
1.021736890708783374e+00
1.021737223553158103e+00
1.021742274776604065e+00
1.021742805879459537e+00
1.021740145811275813e+00
1.021742514761885046e+00
1.021747025463128455e+00
1.021745584112022431e+00
1.021743871271407311e+00
1.021747966103749850e+00
1.021750834880363890e+00
1.021748200743690660e+00
1.021748199801574941e+00
1.021753116666197503e+00
1.021753775569252287e+00
1.021750956830199009e+00
1.021752993250104602e+00
1.021757509891690230e+00
1.021756141009488417e+00
1.021754170523254679e+00
1.021758002301074608e+00
1.021760982844648558e+00
1.021758325389203304e+00
1.021758006746037228e+00
1.021762786203703754e+00
1.021763587173154297e+00
1.021760634091011699e+00
1.021762346763503526e+00
1.021766866847579447e+00
1.021765590950318270e+00
1.021763383832013483e+00
1.021766953274884981e+00
1.021770048598463099e+00
1.021767390728460345e+00
1.021766769808233999e+00
1.021771407702697143e+00
1.021772362734885586e+00
1.021769298474364041e+00
1.021770695767719062e+00
1.021775215218938548e+00
1.021774051097309899e+00
1.021771627614521005e+00
1.021774934998657347e+00
1.021778146040828839e+00
1.021775509290079764e+00
1.021774600984860282e+00
1.021779092256470012e+00
1.021780211188044518e+00
1.021777057849805770e+00
1.021778147837824058e+00
1.021782661198683773e+00
1.021781626000078047e+00
1.021779005778584715e+00
1.021782051105124545e+00
1.021785376914718046e+00
1.021782781555697017e+00
1.021781600338831364e+00
1.021785939212720873e+00
1.021787229822435528e+00
1.021784008527475862e+00
1.021784799090775575e+00
1.021789299699387810e+00
1.021788408990611519e+00
1.021785611098935620e+00
1.021788394239689257e+00
1.021791832148637447e+00
1.021789297284573905e+00
1.021787857309264691e+00
1.021792037468719716e+00
1.021793505573690197e+00
1.021790236535689456e+00
1.021790735446797216e+00
1.021795215599481832e+00
1.021794483413269949e+00
1.021791526429872476e+00
1.021794047252228665e+00
1.021797593037420127e+00
1.021795136678475657e+00
1.021793451863113322e+00
1.021797466609446259e+00
1.021799116158175202e+00
1.021795818746011886e+00
1.021796033741021015e+00
1.021800484841975942e+00
1.021799923710387192e+00
1.021796825775732165e+00
1.021799084248426581e+00
1.021802732283228599e+00
1.021800371407686647e+00
1.021798455509028258e+00
1.021802297908943391e+00
1.021804131072913346e+00
1.021800823865132379e+00
1.021800762704384136e+00
1.021805175404504995e+00
1.021804796382224101e+00
1.021801575237880400e+00
1.021803571519324549e+00
1.021807314915393228e+00
1.021805065516728561e+00
1.021802932191772317e+00
1.021806595212895186e+00
1.021808612478027456e+00
1.021805313310616636e+00
1.021804983830525426e+00
1.021809348157220132e+00
1.021809160837672703e+00
1.021805833854549483e+00
1.021807568365439511e+00
1.021811399105395202e+00
1.021809276226075314e+00
1.021806939083308885e+00
1.021810415718298559e+00
1.021812615977099714e+00
1.021809341985532305e+00
1.021808752143303467e+00
1.021813057622897203e+00
1.021813070149912406e+00
1.021809654347634044e+00
1.021811127829559629e+00
1.021815036891124961e+00
1.021813054644038488e+00
1.021810527284619630e+00
1.021813810664087274e+00
1.021816191308878796e+00
1.021812958964996465e+00
1.021812116877633958e+00
1.021816352651673920e+00
1.021816571729219802e+00
1.021813083788510657e+00
1.021814297350290168e+00
1.021818274822524186e+00
1.021816446401026202e+00
1.021813742450389695e+00
1.021816825944718898e+00
1.021819382961981937e+00
1.021816208105961854e+00
1.021815122084599015e+00
1.021819277021076999e+00
1.021819707923332654e+00
1.021816164193126930e+00
1.021817119346577929e+00
1.021821154538894438e+00
1.021819492216572201e+00
1.021816625346961160e+00
1.021819502657059120e+00
1.021822230722623903e+00
1.021819128590004677e+00
1.021817807170259496e+00
1.021821869970467533e+00
1.021822516554191207e+00
1.021818933054994272e+00
1.021819631741803569e+00
1.021823713286525326e+00
1.021822228407936795e+00
1.021819212352385930e+00
1.021821877589390803e+00
1.021824770163992202e+00
1.021821755407512189e+00
1.021820207376263001e+00
1.021824166677703261e+00
1.021825031398525541e+00
1.021821423823326302e+00
1.021821868434618974e+00
1.021825984383866404e+00
1.021824687347648197e+00
1.021821535906030753e+00
1.021823983660046009e+00
1.021827033084604430e+00
1.021824119790477381e+00
1.021822354209198869e+00
1.021826198684690379e+00
1.021827282618605226e+00
1.021823666332391856e+00
1.021823859722495342e+00
1.021827997640240238e+00
1.021826897876122464e+00
1.021823624913957174e+00
1.021825850311983253e+00
1.021829047901925414e+00
1.021826249600101155e+00
1.021824275824674499e+00
1.021827994277553664e+00
1.021829297148502569e+00
1.021825687187175591e+00
1.021825632682939133e+00
1.021829779733056887e+00
1.021828885674442411e+00
1.021825505115263155e+00
1.021827503868621978e+00
1.021830840006537899e+00
1.021828169674511955e+00
1.021825997371278660e+00
1.021829578826372709e+00
1.021831099040457103e+00
1.021827510109647452e+00
1.021827211516512790e+00
1.021831354547636295e+00
1.021830673601485273e+00
1.021827199413677167e+00
1.021828967855372694e+00
1.021832432081388742e+00
1.021829902141180746e+00
1.021827541298905961e+00
1.021830975088795057e+00
1.021832709775288617e+00
1.021829156249324022e+00
1.021828617855155885e+00
1.021832743483064521e+00
1.021832281998863223e+00
1.021828728177944123e+00
1.021830263290566032e+00
1.021833844389917978e+00
1.021831466697987523e+00
1.021828927635352047e+00
1.021832203481321644e+00
1.021834148540333720e+00
1.021830644461327431e+00
1.021829871038791637e+00
1.021833965726969495e+00
1.021833728966560439e+00
1.021830109513945706e+00
1.021831408948875142e+00
1.021835095036319085e+00
1.021832880866359261e+00
1.021830174234630739e+00
1.021833282321652048e+00
1.021835432477992356e+00
1.021831991554795316e+00
1.021830988362863124e+00
1.021835038501719639e+00
1.021835030611694783e+00
1.021831359510996462e+00
1.021832421599813578e+00
1.021836200200693989e+00
1.021834160219469378e+00
1.021831297000056704e+00
1.021834228045129356e+00
1.021836576907698468e+00
1.021833212514246414e+00
1.021831985299163303e+00
1.021835977284251573e+00
1.021836201272496858e+00
1.021832492464388009e+00
1.021833316223497157e+00
1.021837174351466704e+00
1.021835318588102393e+00
1.021832310084822781e+00
1.021835055398063297e+00
1.021837595523896081e+00
1.021834320696327403e+00
1.021832875692175735e+00
1.021836796001560188e+00
1.021837253719359406e+00
1.021833521075962814e+00
1.021834106205527171e+00
1.021838030437089317e+00
1.021836368246482163e+00
1.021833226072505152e+00
1.021835777610459184e+00
1.021838500572435748e+00
1.021835328004241816e+00
1.021833671933021215e+00
1.021837507203754658e+00
1.021838199334640596e+00
1.021834456634292287e+00
1.021834803512608358e+00
1.021838780058808904e+00
1.021837320080071443e+00
1.021834056139681923e+00
1.021836406550481247e+00
1.021839303007656685e+00
1.021836245042071489e+00
1.021834385113048249e+00
1.021838122216531364e+00
1.021839048272806583e+00
1.021835309175887829e+00
1.021835418850321808e+00
1.021839433626037685e+00
1.021838183737122208e+00
1.021834810202616683e+00
1.021836952862766879e+00
1.021840012632279082e+00
1.021837081251123269e+00
1.021835025159054666e+00
1.021838651274877829e+00
1.021839809602438143e+00
1.021836087628787304e+00
1.021835961804341553e+00
1.021840000495692236e+00
1.021838967765532402e+00
1.021835497049740749e+00
1.021837426092524481e+00
1.021840638222097475e+00
1.021837845030350689e+00
1.021835600952097245e+00
1.021839103639802460e+00
1.021840491431587505e+00
1.021836799939789708e+00
1.021836440966271464e+00
1.021840489096716542e+00
1.021839679736380013e+00
1.021836124461459772e+00
1.021837834797142630e+00
1.021841187637317905e+00
1.021838543842808811e+00
1.021836120431787620e+00
1.021839487699877314e+00
1.021841101017971543e+00
1.021837453186599909e+00
1.021836864045218896e+00
1.021840907040892032e+00
1.021840326355328399e+00
1.021836699318612096e+00
1.021838186646841784e+00
1.021841667922219532e+00
1.021839184309994986e+00
1.021836590687927648e+00
1.021839811059354508e+00
1.021841644865456811e+00
1.021838053676119351e+00
1.021837237966179313e+00
1.021841261220941988e+00
1.021840913562944930e+00
1.021837227700715722e+00
1.021838488515695254e+00
1.021842085394651711e+00
1.021839772295791038e+00
1.021837018041233058e+00
1.021840080614570878e+00
1.021842128808298389e+00
1.021838607030118862e+00
1.021837568956269982e+00
1.021841557896872477e+00
1.021841446624845773e+00
1.021837714974963118e+00
1.021838746564151634e+00
1.021842445726689030e+00
1.021840312981567855e+00
1.021837408114794954e+00
1.021840302620304897e+00
1.021842558084553598e+00
1.021839118259538326e+00
1.021837862619851878e+00
1.021841802771439767e+00
1.021841930212461058e+00
1.021838165876761462e+00
1.021838966313985297e+00
1.021842754017576738e+00
1.021840810933845711e+00
1.021837765897794847e+00
1.021840482747642387e+00
1.021842937400062823e+00
1.021839591828642035e+00
1.021838124003561443e+00
1.021842001055605298e+00
1.021842368475126994e+00
1.021838584582473786e+00
1.021839152716433663e+00
1.021843014859904697e+00
1.021841270165710247e+00
1.021838095802822366e+00
1.021840626134815633e+00
1.021843270984325258e+00
1.021840031710251395e+00
1.021838357652278928e+00
1.021842157524824879e+00
1.021842765104139072e+00
1.021838974774895714e+00
1.021839310214099683e+00
1.021843232399759493e+00
1.021841694192995087e+00
1.021838401717979794e+00
1.021840737432326618e+00
1.021843562639531910e+00
1.021840441433254032e+00
1.021838567657059604e+00
1.021842276567005436e+00
1.021843123389349239e+00
1.021839339701909655e+00
1.021839442797073838e+00
1.021843410391433338e+00
1.021842086086041990e+00
1.021838687054766215e+00
1.021840820843523900e+00
1.021843815783910037e+00
1.021840824123550595e+00
1.021838757696037270e+00
1.021842362222971090e+00
1.021843446268865030e+00
1.021839682228694368e+00
1.021839554053597610e+00
1.021843552247110543e+00
1.021842448517662039e+00
1.021838954792538612e+00
1.021840880161623666e+00
1.021844033490435288e+00
1.021841182539538595e+00
1.021838931069307677e+00
1.021842418220287652e+00
1.021843736372388012e+00
1.021840004883818986e+00
1.021839647215521119e+00
1.021843661081815124e+00
1.021842783807749289e+00
1.021839207520170323e+00
1.021840918803995413e+00
1.021844218521831937e+00
1.021841519103173557e+00
1.021839090728762667e+00
1.021842448001289538e+00
1.021843996058741100e+00
1.021840309899554322e+00
1.021839725198740556e+00
1.021843739753813818e+00
1.021843093964836191e+00
1.021839447475328511e+00
1.021840939844347984e+00
1.021844373362647440e+00
1.021841835927551845e+00
1.021839239303812263e+00
1.021842454746160422e+00
1.021844227448133857e+00
1.021840599246720549e+00
1.021839790638789047e+00
1.021843790900587745e+00
1.021843380724756223e+00
1.021839676581640433e+00
1.021840946043274689e+00
1.021844500249042831e+00
1.021842134841859817e+00
1.021839379123876679e+00
1.021842441391909162e+00
1.021844432449738438e+00
1.021840874664437404e+00
1.021839845921742151e+00
1.021843816970442465e+00
1.021843645586465232e+00
1.021839896483863086e+00
1.021840939877454169e+00
1.021844601196790325e+00
1.021842417414423387e+00
1.021839512238462033e+00
1.021842410648054811e+00
1.021844612785162365e+00
1.021841137685167267e+00
1.021839893210643391e+00
1.021843820249830781e+00
1.021843889845011955e+00
1.021840108581052231e+00
1.021840923567647330e+00
1.021844678027821862e+00
1.021842684974459736e+00
1.021839640435539209e+00
1.021842365009803855e+00
1.021844770008419445e+00
1.021841389655497423e+00
1.021839934467680511e+00
1.021843802886458263e+00
1.021844114621593969e+00
1.021840314057637089e+00
1.021840899105498801e+00
1.021844732395537303e+00
1.021842938633009457e+00
1.021839765258866883e+00
1.021842306769442876e+00
1.021844905522991898e+00
1.021841631753148461e+00
1.021839971472413566e+00
1.021843766908305362e+00
1.021844320890623381e+00
1.021840513912234849e+00
1.021840868279052073e+00
1.021844765808946898e+00
1.021843179303391524e+00
1.021839888024766552e+00
1.021842238026610117e+00
1.021845020596586551e+00
1.021841865000739258e+00
1.021840005836412546e+00
1.021843714238733991e+00
1.021844509503743392e+00
1.021840708984017132e+00
1.021840832696795154e+00
1.021844779655616264e+00
1.021843407721392261e+00
1.021840009838751895e+00
1.021842160698009039e+00
1.021845116374139106e+00
1.021842090276871229e+00
