1.000603444564682754e+00
1.000677042309766396e+00
1.000797669329124950e+00
1.000936829897161262e+00
1.001084080072117466e+00
1.001234962331061684e+00
1.001388257502099588e+00
1.001544655579774235e+00
1.001705673693744192e+00
1.001872772752590901e+00
1.002046780071763621e+00
1.002227657999806620e+00
1.002414590833285324e+00
1.002606302751653411e+00
1.002801445170276917e+00
1.002998850771302131e+00
1.003197513815965003e+00
1.003396317066163057e+00
1.003593692083236677e+00
1.003787473599323077e+00
1.003975147727978134e+00
1.004154505265099306e+00
1.004324457815665594e+00
1.004485604680257715e+00
1.004640218337466084e+00
1.004791638857052138e+00
1.004943385842318460e+00
1.005098365043179065e+00
1.005258389327687851e+00
1.005424055957453433e+00
1.005594931593369434e+00
1.005769943513117992e+00
1.005947811409045212e+00
1.006127323350358926e+00
1.006307331068705846e+00
1.006486502833577656e+00
1.006663031758911142e+00
1.006834558999421425e+00
1.006998496136428667e+00
1.007152729574107841e+00
1.007296434746616010e+00
1.007430579709364338e+00
1.007557814176954114e+00
1.007681782587454000e+00
1.007806200803423868e+00
1.007934070016232475e+00
1.008067226472038058e+00
1.008206252477639175e+00
1.008350690897232615e+00
1.008499452810600605e+00
1.008651245325382195e+00
1.008804825666006932e+00
1.008958972383814601e+00
1.009112232311838886e+00
1.009262653329453308e+00
1.009407759223637679e+00
1.009544931707374360e+00
1.009672151890495861e+00
1.009788801681613890e+00
1.009896102678208063e+00
1.009996921199423747e+00
1.010095023244664825e+00
1.010194140938334151e+00
1.010297212493381558e+00
1.010405971014991078e+00
1.010520892932342374e+00
1.010641441282722042e+00
1.010766486076111415e+00
1.010894722521460398e+00
1.011024897137478895e+00
1.011155749256447800e+00
1.011285746942712560e+00
1.011412839025759070e+00
1.011534475708369074e+00
1.011648043119194984e+00
1.011751633986272658e+00
1.011844829962736281e+00
1.011929075031772207e+00
1.012007403311292908e+00
1.012083647464213199e+00
1.012161505428142760e+00
1.012243812298008860e+00
1.012332169867869780e+00
1.012426931981438738e+00
1.012527474935828176e+00
1.012632627911448147e+00
1.012741078667785288e+00
1.012851569718231648e+00
1.012962809940988196e+00
1.013073200533984197e+00
1.013180607285292467e+00
1.013282426375150536e+00
1.013376068336764080e+00
1.013459752274835868e+00
1.013533263143320040e+00
1.013598257234551658e+00
1.013657916103652301e+00
1.013716115458888734e+00
1.013776498381650626e+00
1.013841782073330755e+00
1.013913428607370104e+00
1.013991666619077137e+00
1.014075787441383270e+00
1.014164583261199848e+00
1.014256737766956906e+00
1.014350991191331763e+00
1.014446023009609732e+00
1.014540170482435055e+00
1.014631223713259089e+00
1.014716537467134971e+00
1.014793562289908246e+00
1.014860656917329962e+00
1.014917814450683409e+00
1.014966897199488294e+00
1.015011219476795512e+00
1.015054683027123428e+00
1.015100861885648964e+00
1.015152346237893743e+00
1.015210454612092805e+00
1.015275291270410829e+00
1.015346066584394302e+00
1.015421540461679317e+00
1.015500395463890815e+00
1.015581369781533905e+00
1.015663112400010615e+00
1.015743897197493473e+00
1.015821443685176018e+00
1.015893075863008921e+00
1.015956298262698176e+00
1.016009621164819743e+00
1.016053249796128988e+00
1.016089246204817886e+00
1.016121043957931791e+00
1.016152555968583782e+00
1.016187275602953743e+00
1.016227659423303731e+00
1.016274880796482982e+00
1.016328922182648586e+00
1.016388918075165293e+00
1.016453601123888717e+00
1.016521655321848794e+00
1.016591816247820468e+00
1.016662700393641483e+00
1.016732517997708474e+00
1.016798922418639561e+00
1.016859216932479271e+00
1.016910973239636640e+00
1.016952863991145151e+00
1.016985309380381564e+00
1.017010564289767549e+00
1.017032168341772236e+00
1.017054031901186484e+00
1.017079557600077511e+00
1.017111063344878330e+00
1.017149577113790837e+00
1.017194963193424950e+00
1.017246285844946474e+00
1.017302255469460182e+00
1.017361559581863251e+00
1.017422929940595910e+00
1.017484948009279133e+00
1.017545759840490449e+00
1.017602956976930262e+00
1.017653831858693181e+00
1.017696036020811601e+00
1.017728414296060091e+00
1.017751603468108890e+00
1.017768043539193146e+00
1.017781367022454475e+00
1.017795468816998783e+00
1.017813651920343343e+00
1.017838091742945039e+00
1.017869671693832911e+00
1.017908142275427918e+00
1.017952503482906224e+00
1.018001448302243261e+00
1.018053669339516132e+00
1.018107892750226062e+00
1.018162662065728030e+00
1.018216058531481671e+00
1.018265616317174826e+00
1.018308626913070558e+00
1.018342833906518363e+00
1.018367263119762667e+00
1.018382768338109035e+00
1.018391966180203001e+00
1.018398568923260195e+00
1.018406443830710773e+00
1.018418786421443345e+00
1.018437626824234554e+00
1.018463705594493618e+00
1.018496664442380517e+00
1.018535445231397496e+00
1.018578728075344220e+00
1.018625211672046671e+00
1.018673614246618175e+00
1.018722438214064940e+00
1.018769699435198905e+00
1.018812879369481728e+00
1.018849278520212565e+00
1.018876744336038698e+00
1.018894491466768581e+00
1.018903589968182644e+00
1.018906823883921398e+00
1.018907972240717941e+00
1.018910863238740916e+00
1.018918578047616208e+00
1.018932999654777793e+00
1.018954728224837680e+00
1.018983302115024525e+00
1.019017611218604014e+00
1.019056326934387524e+00
1.019098154460529093e+00
1.019141801270004866e+00
1.019185725300695733e+00
1.019227876620112827e+00
1.019265688974325679e+00
1.019296481996887271e+00
1.019318218439181800e+00
1.019330308685435504e+00
1.019334037257718872e+00
1.019332345830042508e+00
1.019329067315324577e+00
1.019327980116868870e+00
1.019332045036243084e+00
1.019342996831609227e+00
1.019361298327544851e+00
1.019386390265138553e+00
1.019417116635000342e+00
1.019452143828355917e+00
1.019490183372440573e+00
1.019529928755037673e+00
1.019569790026948919e+00
1.019607651360739942e+00
1.019640904234781598e+00
1.019666897751609902e+00
1.019683721063144199e+00
1.019690986281739375e+00
1.019690189564000704e+00
1.019684419871211833e+00
1.019677551297660134e+00
1.019673302339159315e+00
1.019674508135663071e+00
1.019682754757718968e+00
1.019698371193038522e+00
1.019720706481204608e+00
1.019748564596076434e+00
1.019780610147048794e+00
1.019815560277742783e+00
1.019852090945135181e+00
1.019888560984457238e+00
1.019922789006985964e+00
1.019952130211101871e+00
1.019973973766234998e+00
1.019986545972702885e+00
1.019989665744987395e+00
1.019985037042050013e+00
1.019975885261908299e+00
1.019966113135085450e+00
1.019959369699714014e+00
1.019958359764592482e+00
1.019964520778402717e+00
1.019978051751788684e+00
1.019998216032795391e+00
1.020023783226476688e+00
1.020053418896011976e+00
1.020085844597605540e+00
1.020119714996321481e+00
1.020153334580245152e+00
1.020184457269907252e+00
1.020210408571691207e+00
1.020228628579670005e+00
1.020237491103426430e+00
1.020237025988752544e+00
1.020229140184566674e+00
1.020217184209828432e+00
1.020205077057214194e+00
1.020196389278217541e+00
1.020193691239437372e+00
1.020198272292881736e+00
1.020210205630885492e+00
1.020228674963891580e+00
1.020252420904533164e+00
1.020280112219586144e+00
1.020310473234140369e+00
1.020342133429678277e+00
1.020373340104191229e+00
1.020401783964113740e+00
1.020424768033700413e+00
1.020439794415630486e+00
1.020445394341810585e+00
1.020441811739764670e+00
1.020431150779115281e+00
1.020416875370807386e+00
1.020402908594447933e+00
1.020392733993661150e+00
1.020388783907851593e+00
1.020392200545940042e+00
1.020402935710035486e+00
1.020420099539762759e+00
1.020442408739099527e+00
1.020468537051113955e+00
1.020497209532015948e+00
1.020527026526827585e+00
1.020556175656770925e+00
1.020582286536680261e+00
1.020602647531305918e+00
1.020614834002909532e+00
1.020617543996705345e+00
1.020611237660476123e+00
1.020598209691724101e+00
1.020582025316034258e+00
1.020566599766415283e+00
1.020555321571545493e+00
1.020550481975500245e+00
1.020553077416207266e+00
1.020562942988544997e+00
1.020579121318926141e+00
1.020600309977016007e+00
1.020625188985807785e+00
1.020652481739713124e+00
1.020680755488887703e+00
1.020708136096056595e+00
1.020732194870674681e+00
1.020750213922960725e+00
1.020759853218300428e+00
1.020759986406033715e+00
1.020751290955347113e+00
1.020736244520754399e+00
1.020718501291847824e+00
1.020701957014813477e+00
1.020689897727397044e+00
1.020684471029393858e+00
1.020686529377199836e+00
1.020695796086074081e+00
1.020711252296430338e+00
1.020731580891129919e+00
1.020755469013622907e+00
1.020781635682207034e+00
1.020808611134932153e+00
1.020834457835925857e+00
1.020856692243625963e+00
1.020872599158266558e+00
1.020879934503218234e+00
1.020877755647323859e+00
1.020866957430183852e+00
1.020850192070910545e+00
1.020831190179662062e+00
1.020813816722020206e+00
1.020801248318678134e+00
1.020795486899866322e+00
1.020797243146105870e+00
1.020806133752166112e+00
1.020821084344579077e+00
1.020840767220526191e+00
1.020863877026114030e+00
1.020889125399425224e+00
1.020915001732818128e+00
1.020939503924024327e+00
1.020960097700332136e+00
1.020974079987095662e+00
1.020979313949037737e+00
1.020975048045321465e+00
1.020962393479184493e+00
1.020944167884992426e+00
1.020924165638234848e+00
1.020906210025771088e+00
1.020893361890115258e+00
1.020887475991765658e+00
1.020889123851626890e+00
1.020897820915902088e+00
1.020912443185114649e+00
1.020931656104404173e+00
1.020954161751781442e+00
1.020978661123370212e+00
1.021003599057598743e+00
1.021026908218682916e+00
1.021046008381981007e+00
1.021058218471486034e+00
1.021061520023195168e+00
1.021055359151014308e+00
1.021041061365774771e+00
1.021021599880777675e+00
1.021000820147991206e+00
1.020982493315552908e+00
1.020969558660969945e+00
1.020963722796579098e+00
1.020965421099438997e+00
1.020974073327439280e+00
1.020988511625950723e+00
1.021007397933069605e+00
1.021029441242644609e+00
1.021053328423869200e+00
1.021077456220947699e+00
1.021099691925766217e+00
1.021117414791888001e+00
1.021127975999561288e+00
1.021129486352177373e+00
1.021121595321947240e+00
1.021105839637548307e+00
1.021085337641127744e+00
1.021063973212189335e+00
1.021045455373178701e+00
1.021032596627464040e+00
1.021026954974608714e+00
1.021028833047099571e+00
1.021037560633965224e+00
1.021051931644387345e+00
1.021070607446034284e+00
1.021092302998273471e+00
1.021115687372583292e+00
1.021139105890533472e+00
1.021160360888154539e+00
1.021176797167376415e+00
1.021185808749786261e+00
1.021185646289753279e+00
1.021176167413202052e+00
1.021159115966831843e+00
1.021137744432846217e+00
1.021115962577379577e+00
1.021097407810972912e+00
1.021084761229905435e+00
1.021079432258739761e+00
1.021081594548369775e+00
1.021090493765205665e+00
1.021104891013749461e+00
1.021123449602332922e+00
1.021144889086331276e+00
1.021167856923376416e+00
1.021190643940812048e+00
1.021210988516258800e+00
1.021226207696094290e+00
1.021233749196339247e+00
1.021232013716189879e+00
1.021221070882268434e+00
1.021202866580375179e+00
1.021180775981293198e+00
1.021158722367514482e+00
1.021140262573660085e+00
1.021127942226958130e+00
1.021123022703346983e+00
1.021125552776326550e+00
1.021134699928200273e+00
1.021149197667792441e+00
1.021167713315868752e+00
1.021188969254324563e+00
1.021211587408616506e+00
1.021233801342315672e+00
1.021253287076511640e+00
1.021267341205801094e+00
1.021273476198996555e+00
1.021270252528607259e+00
1.021257954687296188e+00
1.021238724579748514e+00
1.021216048227468809e+00
1.021193850286878035e+00
1.021175598591004263e+00
1.021163699799391145e+00
1.021159268239132167e+00
1.021162232227418976e+00
1.021171687057506716e+00
1.021186343595299917e+00
1.021204874796430406e+00
1.021226003723076925e+00
1.021248322793250729e+00
1.021270005883940790e+00
1.021288668886323192e+00
1.021301595831554332e+00
1.021306375138570033e+00
1.021301736242549385e+00
1.021288180359895215e+00
1.021268038496868424e+00
1.021244895377553696e+00
1.021222665169795984e+00
1.021204718829523905e+00
1.021193321104088003e+00
1.021189440728957676e+00
1.021192890277334175e+00
1.021202698868714620e+00
1.021217559390721785e+00
1.021236151600892317e+00
1.021257196745623652e+00
1.021279253750003502e+00
1.021300434771758692e+00
1.021318298439861438e+00
1.021330124666362416e+00
1.021333589086832028e+00
1.021327598677949311e+00
1.021312872211403100e+00
1.021291922030828303e+00
1.021268419179908626e+00
1.021246255802528813e+00
1.021228698660463063e+00
1.021217868188429634e+00
1.021214589428533381e+00
1.021218564186826105e+00
1.021228761408035757e+00
1.021243860348373556e+00
1.021262548276834714e+00
1.021283541808401196e+00
1.021305362427158192e+00
1.021326058970454698e+00
1.021343136325643552e+00
1.021353879251682528e+00
1.021356061863478049e+00
1.021348776579163564e+00
1.021332959520386607e+00
1.021311295812849629e+00
1.021287530276310029e+00
1.021265521864957115e+00
1.021248426393173148e+00
1.021238218116147012e+00
1.021235580705164736e+00
1.021240110412800606e+00
1.021250721955190288e+00
1.021266084959030040e+00
1.021284894458683645e+00
1.021305859335711608e+00
1.021327459770507984e+00
1.021347680149441217e+00
1.021363975798499135e+00
1.021373645771108674e+00
1.021374573844748834e+00
1.021366045035568604e+00
1.021349211570296456e+00
1.021326922071148946e+00
1.021302982502542589e+00
1.021281207870862406e+00
1.021264636856576757e+00
1.021255096191174161e+00
1.021253130904760553e+00
1.021258237118219947e+00
1.021269281176144794e+00
1.021284926708050822e+00
1.021303876317626980e+00
1.021324827800440316e+00
1.021346216303826271e+00
1.021365961139172551e+00
1.021381472912557209e+00
1.021390074855166752e+00
1.021389771433171001e+00
1.021380046614043247e+00
1.021362266450686285e+00
1.021339433111343009e+00
1.021315401056252847e+00
1.021293931027047241e+00
1.021277938951212771e+00
1.021269103204035300e+00
1.021267833293333371e+00
1.021273530808407326e+00
1.021285019454253096e+00
1.021300960104190469e+00
1.021320062294664321e+00
1.021341009170233738e+00
1.021362187296669610e+00
1.021381450825886716e+00
1.021396171142822995e+00
1.021403705924184724e+00
1.021402191114952451e+00
1.021391315129553057e+00
1.021372654547884729e+00
1.021349354537865128e+00
1.021325305457033039e+00
1.021304203935636812e+00
1.021288838095401719e+00
1.021280737623205148e+00
1.021280179994045856e+00
1.021286478013124999e+00
1.021298418317247769e+00
1.021314661854317407e+00
1.021333924029569129e+00
1.021354869599233606e+00
1.021375833226723540e+00
1.021394604388995431e+00
1.021408521396531821e+00
1.021414986967414507e+00
1.021412279000279533e+00
1.021400294946187115e+00
1.021380817614459424e+00
1.021357124102522773e+00
1.021333128181484806e+00
1.021312453018796473e+00
1.021297754441055972e+00
1.021290413603059832e+00
1.021290579787275110e+00
1.021297482877590479e+00
1.021309877818787681e+00
1.021326428038206391e+00
1.021345853335208886e+00
1.021366796209998373e+00
1.021387536376436866e+00
1.021405799715900953e+00
1.021418898244067508e+00
1.021424290583267336e+00
1.021420406666505354e+00
1.021407356623737606e+00
1.021387124227502774e+00
1.021363106984968461e+00
1.021339229772643353e+00
1.021319033459738179e+00
1.021305037647379343e+00
1.021298475590861621e+00
1.021299372550255047e+00
1.021306881433042602e+00
1.021319730639217660e+00
1.021336588042040638e+00
1.021356175969850621e+00
1.021377110712176961e+00
1.021397614304425883e+00
1.021415350728648086e+00
1.021427613097803277e+00
1.021431927003020768e+00
1.021426884020668613e+00
1.021412809620297235e+00
1.021391882340108470e+00
1.021367608203175514e+00
1.021343911115462966e+00
1.021324241345288986e+00
1.021310978891222909e+00
1.021305210205004421e+00
1.021306841001918153e+00
1.021314953205913589e+00
1.021328253558086541e+00
1.021345415896731001e+00
1.021365162847116759e+00
1.021386080491209158e+00
1.021406330818547925e+00
1.021423518242942530e+00
1.021434924953084522e+00
1.021438154705996748e+00
1.021431969783189730e+00
1.021416912646563535e+00
1.021395349515425988e+00
1.021370882736869268e+00
1.021347423454848524e+00
1.021328323580017461e+00
1.021315820677616504e+00
1.021310855941510276e+00
1.021313220303472047e+00
1.021321930709764736e+00
1.021335676836292006e+00
1.021353139552708900e+00
1.021373039209104716e+00
1.021393927686451875e+00
1.021413904963976549e+00
1.021430518866859760e+00
1.021441049192714612e+00
1.021443189121722606e+00
1.021435880082495196e+00
1.021419882155810477e+00
1.021397741321339758e+00
1.021373143835970776e+00
1.021349976622286659e+00
1.021331486032019953e+00
1.021319764904616401e+00
1.021315611157027847e+00
1.021318705957101391e+00
1.021328007256627313e+00
1.021342191938875210e+00
1.021359948516676441e+00
1.021379992182683161e+00
1.021400836673330037e+00
1.021420518435511182e+00
1.021436532343131809e+00
1.021446164853579308e+00
1.021447209812556878e+00
1.021438795548989420e+00
1.021421899352854101e+00
1.021399238263928311e+00
1.021374569886951411e+00
1.021351745838753544e+00
1.021333900272868300e+00
1.021322979539863507e+00
1.021319640680623531e+00
1.021323460350100465e+00
1.021333343430181007e+00
1.021347957936139972e+00
1.021366000183319578e+00
1.021386177047352239e+00
1.021406960273328668e+00
1.021426321733394538e+00
1.021441707649791475e+00
1.021450420665758640e+00
1.021450366442818281e+00
1.021440867210176684e+00
1.021423116019564148e+00
1.021399991552889519e+00
1.021375310125908875e+00
1.021352877378371993e+00
1.021335709191935059e+00
1.021325604184833757e+00
1.021323081326199533e+00
1.021327618212179100e+00
1.021338072484561099e+00
1.021353106843031044e+00
1.021371425118143161e+00
1.021391722467087426e+00
1.021412424940540298e+00
1.021431439307665334e+00
1.021446168100554441e+00
1.021453940101927804e+00
1.021452783768756589e+00
1.021442221417884877e+00
1.021423659384448568e+00
1.021400127922963641e+00
1.021375489418860694e+00
1.021353493309866245e+00
1.021337031698749342e+00
1.021327754737114235e+00
1.021326046512581964e+00
1.021331291189819135e+00
1.021342304869581774e+00
1.021357748094575246e+00
1.021376331486278266e+00
1.021396734878108337e+00
1.021417335113806280e+00
1.021435973877210301e+00
1.021450015628233343e+00
1.021456825617564013e+00
1.021454565827210725e+00
1.021442963982834407e+00
1.021423636208913077e+00
1.021399753681238920e+00
1.021375212276445676e+00
1.021353695480358148e+00
1.021337966675374798e+00
1.021329527310167684e+00
1.021328630148282013e+00
1.021334571692271043e+00
1.021346132034682164e+00
1.021361972307462729e+00
1.021380808775160354e+00
1.021401302178278847e+00
1.021421776877982968e+00
1.021440010064853965e+00
1.021453334390373557e+00
1.021459162219063632e+00
1.021455799458092617e+00
1.021443183649783482e+00
1.021423136221478511e+00
1.021398958109614785e+00
1.021374566230301317e+00
1.021353568866863348e+00
1.021338596302310719e+00
1.021331001532274074e+00
1.021330909900835859e+00
1.021337536127411960e+00
1.021349629628174327e+00
1.021365854442768173e+00
1.021384930924493117e+00
1.021405496829984605e+00
1.021425821044584126e+00
1.021443617457149511e+00
1.021456193804200163e+00
1.021461020465374681e+00
1.021456557264931897e+00
1.021442955016160781e+00
1.021422235001499201e+00
1.021397816322533458e+00
1.021373624669831504e+00
1.021353184392874702e+00
1.021338988854027408e+00
1.021332243319508892e+00
1.021332949944369517e+00
1.021340247619931585e+00
1.021352860183166733e+00
1.021369456460110570e+00
1.021388758952729292e+00
1.021409378464610995e+00
1.021429525738812849e+00
1.021446853174750036e+00
1.021458651095646708e+00
1.021462458986898580e+00
1.021456900096324061e+00
1.021442340976164820e+00
1.021420996393430647e+00
1.021396391660055691e+00
1.021372449218490353e+00
1.021352601288274098e+00
1.021339201041544742e+00
1.021333307199336682e+00
1.021334803261155333e+00
1.021342758286862828e+00
1.021355875364459376e+00
1.021372829536844051e+00
1.021392343152924820e+00
1.021412996060734546e+00
1.021432938564306614e+00
1.021449764023893980e+00
1.021460753432240409e+00
1.021463526590764559e+00
1.021456879116822147e+00
1.021441394758319188e+00
1.021419474519031922e+00
1.021394737683000820e+00
1.021371091715676194e+00
1.021351869058106043e+00
1.021339279967031111e+00
1.021334238249255844e+00
1.021336513561066806e+00
1.021345111133862060e+00
1.021358717839352392e+00
1.021376015914756241e+00
1.021395724919964554e+00
1.021416389757491938e+00
1.021436098406513837e+00
1.021452388289348034e+00
1.021462539699644179e+00
1.021464264011826995e+00
1.021456537526272967e+00
1.021440161615149833e+00
1.021417715445745333e+00
1.021392899827930911e+00
1.021369595861576274e+00
1.021351029117156806e+00
1.021339264747003650e+00
1.021335073706683749e+00
1.021338116874743296e+00
1.021347341627710570e+00
1.021361422827525178e+00
1.021379050429108482e+00
1.021398938263620160e+00
1.021419592357199146e+00
1.021439036928340816e+00
1.021454757222008070e+00
1.021464041974651682e+00
1.021464705361882830e+00
1.021455911979868514e+00
1.021438680217014561e+00
1.021415758562965737e+00
1.021390916773321056e+00
1.021367998575968272e+00
1.021350116141053643e+00
1.021339187854535036e+00
1.021335844300184093e+00
1.021339642870263242e+00
1.021349478994564741e+00
1.021364019379257915e+00
1.021381961769024072e+00
1.021402011056156578e+00
1.021422630565592904e+00
1.021441779806071759e+00
1.021456896268775782e+00
1.021465286741914724e+00
1.021464879324131658e+00
1.021455033755771735e+00
1.021436983796746967e+00
1.021413637712568878e+00
1.021388821562950300e+00
1.021366331116706050e+00
1.021349159179334887e+00
1.021339076225643572e+00
1.021336575346913689e+00
1.021341115937926647e+00
1.021351547288302353e+00
1.021366531426116220e+00
1.021384773513090760e+00
1.021404966058063746e+00
1.021425526012952556e+00
1.021444347748470927e+00
1.021458826087260352e+00
1.021466295896636289e+00
1.021464810134907975e+00
1.021453929712182740e+00
1.021435101086779484e+00
1.021411382115062105e+00
1.021386642527540634e+00
1.021364619998615719e+00
1.021348182570936736e+00
1.021338952170026459e+00
1.021337287656150394e+00
1.021342556082717179e+00
1.021353566268289992e+00
1.021368978643181435e+00
1.021387504979014205e+00
1.021407821760460077e+00
1.021428296094328836e+00
1.021446757336935462e+00
1.021460563382819764e+00
1.021467087570445686e+00
1.021464518389683107e+00
1.021452623070689292e+00
1.021433057085370244e+00
1.021409017127669960e+00
1.021384404040614591e+00
1.021362887748460402e+00
1.021347206697468035e+00
1.021338834121199302e+00
1.021337998273658343e+00
1.021343979658914769e+00
1.021355552120783994e+00
1.021371377156804483e+00
1.021390171921036982e+00
1.021410593077596518e+00
1.021430954661977086e+00
1.021449021719450734e+00
1.021462121600335671e+00
1.021467676812549907e+00
1.021464021705244640e+00
1.021451134057642207e+00
1.021430873683438989e+00
1.021406564865533273e+00
1.021382127139399021e+00
1.021361153526487264e+00
1.021346248604491969e+00
1.021338737255964801e+00
1.021338721096499036e+00
1.021345399976183899e+00
1.021357518053044089e+00
1.021373740126731544e+00
1.021392787103717392e+00
1.021413291917761645e+00
1.021433512597981208e+00
1.021451151185981843e+00
1.021463511498023724e+00
1.021468076153202453e+00
1.021463335264899630e+00
1.021449480430248080e+00
1.021428570178473105e+00
1.021404044712151737e+00
1.021379830036573066e+00
1.021359433640060432e+00
1.021345322516038268e+00
1.021338674008131608e+00
1.021339467382921029e+00
1.021346827801505874e+00
1.021359474784309107e+00
1.021376078226520656e+00
1.021395360775751548e+00
1.021415927656003531e+00
1.021435978290178959e+00
1.021453153648090639e+00
1.021464741625748740e+00
1.021468296071703197e+00
1.021462472268776622e+00
1.021447677909311347e+00
1.021426163697200851e+00
1.021401473740459309e+00
1.021377528543936819e+00
1.021357741970187138e+00
1.021344440262889730e+00
1.021338654496763532e+00
1.021340246177336875e+00
1.021348271776737926e+00
1.021361430953210636e+00
1.021378400041654366e+00
1.021397901063024083e+00
1.021418507527608321e+00
1.021438358030051896e+00
1.021455035041139991e+00
1.021465818725929120e+00
1.021468345386823406e+00
1.021461444306994260e+00
1.021445740536272684e+00
1.021423669544473167e+00
1.021398867061692695e+00
1.021375236424890254e+00
1.021356090327587118e+00
1.021343611641072124e+00
1.021338686885148395e+00
1.021341064666358989e+00
1.021349738767570958e+00
1.021363393457251245e+00
1.021380712400804747e+00
1.021400414296169679e+00
1.021421036957399053e+00
1.021440656347397669e+00
1.021456799663638559e+00
1.021466748071343744e+00
1.021468231583809061e+00
1.021460261669778324e+00
1.021443680968540990e+00
1.021421101492161920e+00
1.021396238115604982e+00
1.021372965689041568e+00
1.021354488751436307e+00
1.021342844713490017e+00
1.021338777683233889e+00
1.021341928478448402e+00
1.021351234156300913e+00
1.021365367736639218e+00
1.021383020652426588e+00
1.021402905284667373e+00
1.021423519836700988e+00
1.021442876293418012e+00
1.021458450465132506e+00
1.021467533751051926e+00
1.021467961089060461e+00
1.021458933605587927e+00
1.021441510724111934e+00
1.021418472018913004e+00
1.021393598912657685e+00
1.021370726839387455e+00
1.021352945761069275e+00
1.021342146064839529e+00
1.021338932003502231e+00
1.021342841937003199e+00
1.021352762088130639e+00
1.021367358012116533e+00
1.021385328896235123e+00
1.021405377546905413e+00
1.021425958757257391e+00
1.021445019681324506e+00
1.021459989291547465e+00
1.021468178913172098e+00
1.021467539501177413e+00
1.021457468535939439e+00
1.021439240384126812e+00
1.021415792509265508e+00
1.021390960236508549e+00
1.021368529080235010e+00
1.021351468568702403e+00
1.021341521017741227e+00
1.021339153778092035e+00
1.021343808274596920e+00
1.021354325678641484e+00
1.021369367484375568e+00
