1.000603444564682754e+00
1.000677362468423315e+00
1.000799519103984014e+00
1.000942744524689898e+00
1.001097594533227220e+00
1.001259350782995883e+00
1.001425115701341628e+00
1.001592891786382111e+00
1.001761218537790210e+00
1.001929003352569403e+00
1.002095430870464376e+00
1.002259907633947345e+00
1.002422023752866487e+00
1.002581523153160070e+00
1.002738278469688327e+00
1.002892268847002999e+00
1.003043560013032964e+00
1.003192286499339225e+00
1.003338636056185784e+00
1.003482836302179937e+00
1.003625143554617072e+00
1.003765833673089691e+00
1.003905194655729360e+00
1.004043520674300805e+00
1.004181107224668246e+00
1.004318247095438377e+00
1.004455226906973309e+00
1.004592324032216322e+00
1.004729803769135676e+00
1.004867916685432405e+00
1.005006896096658053e+00
1.005146955669108833e+00
1.005288287160600591e+00
1.005431058327755256e+00
1.005575411039927758e+00
1.005721459648807770e+00
1.005869289669797606e+00
1.006018956836383982e+00
1.006170486591193569e+00
1.006323874076167968e+00
1.006479084678099767e+00
1.006636055173586231e+00
1.006794695498713033e+00
1.006954891143519326e+00
1.007116506140401935e+00
1.007279386580813174e+00
1.007443364558354704e+00
1.007608262401744170e+00
1.007773897031378985e+00
1.007940084251526036e+00
1.008106642779093232e+00
1.008273397811176864e+00
1.008440183947655999e+00
1.008606847311257937e+00
1.008773246743897678e+00
1.008939254001929964e+00
1.009104752921078152e+00
1.009269637570977984e+00
1.009433809466818044e+00
1.009597173949345006e+00
1.009759635883512807e+00
1.009921094859850266e+00
1.010081440111580076e+00
1.010240545385092892e+00
1.010398264021964643e+00
1.010554424527066786e+00
1.010708826908366609e+00
1.010861240077614021e+00
1.011011400594089782e+00
1.011159013011995622e+00
1.011303752051715410e+00
1.011445266752332595e+00
1.011583186675120594e+00
1.011717130115393326e+00
1.011846714146611426e+00
1.011971566173660353e+00
1.012091336523612828e+00
1.012205711467677016e+00
1.012314425965183062e+00
1.012417275366969793e+00
1.012514125325874481e+00
1.012604919244253665e+00
1.012689682741660713e+00
1.012768524838607798e+00
1.012841635803361839e+00
1.012909281869105005e+00
1.012971797266563723e+00
1.013029574202778615e+00
1.013083051528106182e+00
1.013132702860658041e+00
1.013179024883199997e+00
1.013222526407223434e+00
1.013263718636077115e+00
1.013303106880599325e+00
1.013341183811685919e+00
1.013378424193616345e+00
1.013415280940572094e+00
1.013452182279064306e+00
1.013489529776841591e+00
1.013527697006011641e+00
1.013567028634997591e+00
1.013607839781621722e+00
1.013650415501143653e+00
1.013695010323862444e+00
1.013741847794419115e+00
1.013791119998176393e+00
1.013842987088786840e+00
1.013897576855320892e+00
1.013954984387045677e+00
1.014015271908787597e+00
1.014078468869157312e+00
1.014144572366985297e+00
1.014213547997362408e+00
1.014285331187117833e+00
1.014359829070260233e+00
1.014436922927285156e+00
1.014516471179437662e+00
1.014598312891900500e+00
1.014682271701005112e+00
1.014768160043044265e+00
1.014855783529403199e+00
1.014944945287751032e+00
1.015035450074630585e+00
1.015127107962796149e+00
1.015219737417740964e+00
1.015313167601498368e+00
1.015407239776192849e+00
1.015501807722364092e+00
1.015596737134511818e+00
1.015691904005395108e+00
1.015787192058444699e+00
1.015882489332012417e+00
1.015977684058801067e+00
1.016072660018210616e+00
1.016167291568756070e+00
1.016261438592669819e+00
1.016354941605765339e+00
1.016447617302579820e+00
1.016539254818823679e+00
1.016629612998359411e+00
1.016718418947295755e+00
1.016805368139514165e+00
1.016890126301789987e+00
1.016972333248730376e+00
1.017051608755311420e+00
1.017127560447379508e+00
1.017199793560874088e+00
1.017267922275504777e+00
1.017331582179216154e+00
1.017390443281008361e+00
1.017444222879033688e+00
1.017492697526301892e+00
1.017535713333162839e+00
1.017573193913649865e+00
1.017605145422787238e+00
1.017631658334896549e+00
1.017652905859183443e+00
1.017669139150768398e+00
1.017680679720945447e+00
1.017687909649203526e+00
1.017691260327473701e+00
1.017691200511346317e+00
1.017688224414004861e+00
1.017682840469314343e+00
1.017675561233262416e+00
1.017666894714568393e+00
1.017657337251652416e+00
1.017647367904886302e+00
1.017637444222658338e+00
1.017627999171445863e+00
1.017619438990747804e+00
1.017612141735754872e+00
1.017606456294429584e+00
1.017602701701990853e+00
1.017601166617200903e+00
1.017602108866253241e+00
1.017605754998505585e+00
1.017612299832578504e+00
1.017621906001052956e+00
1.017634703527214413e+00
1.017650789488005136e+00
1.017670227833217922e+00
1.017693049441521280e+00
1.017719252498336502e+00
1.017748803278118563e+00
1.017781637403632367e+00
1.017817661637056448e+00
1.017856756232562443e+00
1.017898777848300185e+00
1.017943562979273908e+00
1.017990931833818280e+00
1.018040692538274339e+00
1.018092645520373374e+00
1.018146587894995125e+00
1.018202317659226752e+00
1.018259637499079329e+00
1.018318358018696745e+00
1.018378300224171085e+00
1.018439297126586762e+00
1.018501194370166507e+00
1.018563849838233004e+00
1.018627132238824062e+00
1.018690918720202898e+00
1.018755091611802888e+00
1.018819534426853135e+00
1.018884127298426145e+00
1.018948742051030365e+00
1.019013237135675709e+00
1.019077452678040618e+00
1.019141205907107439e+00
1.019204287244701357e+00
1.019266457343084298e+00
1.019327445355334705e+00
1.019386948708024709e+00
1.019444634613459133e+00
1.019500143505434497e+00
1.019553094505061042e+00
1.019603092920641219e+00
1.019649739659973520e+00
1.019692642290627393e+00
1.019731427333964380e+00
1.019765753236183237e+00
1.019795323341625704e+00
1.019819898118104362e+00
1.019839305867246138e+00
1.019853451205904538e+00
1.019862320730604122e+00
1.019865985468636493e+00
1.019864599959324547e+00
1.019858398070704553e+00
1.019847685908984225e+00
1.019832832389211630e+00
1.019814258179840616e+00
1.019792423795900405e+00
1.019767817592837522e+00
1.019740944316425590e+00
1.019712314714225965e+00
1.019682436537333814e+00
1.019651807084137385e+00
1.019620907282532407e+00
1.019590197187879355e+00
1.019560112696744181e+00
1.019531063239474733e+00
1.019503430210928929e+00
1.019477565918819995e+00
1.019453792863673325e+00
1.019432403205376092e+00
1.019413658313145010e+00
1.019397788335121513e+00
1.019384991759092696e+00
1.019375434966653726e+00
1.019369251809356669e+00
1.019366543257136382e+00
1.019367377186295442e+00
1.019371788386087330e+00
1.019379778868732878e+00
1.019391318566737148e+00
1.019406346492998772e+00
1.019424772423024983e+00
1.019446479134833439e+00
1.019471325211582791e+00
1.019499148376278974e+00
1.019529769289317267e+00
1.019562995701045471e+00
1.019598626816290210e+00
1.019636457699139243e+00
1.019676283527229277e+00
1.019717903497567413e+00
1.019761124191687296e+00
1.019805762226686507e+00
1.019851646049106275e+00
1.019898616768339039e+00
1.019946527972288575e+00
1.019995244516977539e+00
1.020044640330637797e+00
1.020094595318961961e+00
1.020144991499983833e+00
1.020195708533668810e+00
1.020246618842719943e+00
1.020297582547822657e+00
1.020348442463071104e+00
1.020399019415896280e+00
1.020449108169933172e+00
1.020498474237477415e+00
1.020546851867894622e+00
1.020593943486077126e+00
1.020639420826636057e+00
1.020682927960806285e+00
1.020724086340723424e+00
1.020762501888251350e+00
1.020797774034263306e+00
1.020829506474205672e+00
1.020857319256317286e+00
1.020880861673412410e+00
1.020899825304482533e+00
1.020913956466587447e+00
1.020923067307443644e+00
1.020927044807224515e+00
1.020925857069220566e+00
1.020919556458321775e+00
1.020908279378291095e+00
1.020892242738708156e+00
1.020871737419439595e+00
1.020847119262633385e+00
1.020818798282111528e+00
1.020787226859792618e+00
1.020752887693183286e+00
1.020716282175117007e+00
1.020677919745812012e+00
1.020638308583705189e+00
1.020597947822346141e+00
1.020557321319241595e+00
1.020516892874989701e+00
1.020477102714969941e+00
1.020438365000919001e+00
1.020401066129841716e+00
1.020365563593756519e+00
1.020332185206104025e+00
1.020301228540909211e+00
1.020272960472874857e+00
1.020247616746715380e+00
1.020225401540310273e+00
1.020206487018035624e+00
1.020191012897860183e+00
1.020179086078480957e+00
1.020170780390801335e+00
1.020166136550949787e+00
1.020165162399130576e+00
1.020167833509080690e+00
1.020174094246090180e+00
1.020183859336970311e+00
1.020197015993112633e+00
1.020213426598516993e+00
1.020232931939858201e+00
1.020255354917404489e+00
1.020280504636748464e+00
1.020308180745068016e+00
1.020338177845338201e+00
1.020370289800659691e+00
1.020404313731045898e+00
1.020440053508058220e+00
1.020477322568823730e+00
1.020515945899116206e+00
1.020555761073268730e+00
1.020596618283686308e+00
1.020638379341409330e+00
1.020680915678292999e+00
1.020724105428280737e+00
1.020767829708056240e+00
1.020811968255078916e+00
1.020856394613515850e+00
1.020900971086219355e+00
1.020945543694269153e+00
1.020989937405003989e+00
1.021033951904599224e+00
1.021077358200842111e+00
1.021119896343502420e+00
1.021161274540219210e+00
1.021201169921101659e+00
1.021239231161050087e+00
1.021275083101541359e+00
1.021308333421345083e+00
1.021338581288962377e+00
1.021365427792747749e+00
1.021388487796127897e+00
1.021407402717700696e+00
1.021421853605506636e+00
1.021431573779395752e+00
1.021436360272565569e+00
1.021436083326605182e+00
1.021430693290450664e+00
1.021420224439800961e+00
1.021404795456457570e+00
1.021384606563670250e+00
1.021359933573934509e+00
1.021331119337629989e+00
1.021298563255624403e+00
1.021262709616276521e+00
1.021224035529173069e+00
1.021183039159838213e+00
1.021140228838618880e+00
1.021096113447763187e+00
1.021051194310508725e+00
1.021005958639236377e+00
1.020960874464201584e+00
1.020916386869417547e+00
1.020872915309100737e+00
1.020830851761615587e+00
1.020790559489338944e+00
1.020752372202573310e+00
1.020716593464854105e+00
1.020683496219111142e+00
1.020653322354907910e+00
1.020626282274147867e+00
1.020602554445391608e+00
1.020582284965084741e+00
1.020565587167652000e+00
1.020552541345436826e+00
1.020543194653471097e+00
1.020537561282429673e+00
1.020535622985037971e+00
1.020537330035948376e+00
1.020542602692142253e+00
1.020551333200229838e+00
1.020563388369116975e+00
1.020578612692681242e+00
1.020596831969343921e+00
1.020617857326433509e+00
1.020641489520158096e+00
1.020667523350208716e+00
1.020695752004646240e+00
1.020725971138368493e+00
1.020757982488784466e+00
1.020791596845775251e+00
1.020826636218854278e+00
1.020862935080670386e+00
1.020900340609860013e+00
1.020938711904444407e+00
1.020977918186264599e+00
1.021017836064496365e+00
1.021058345970081938e+00
1.021099327911723753e+00
1.021140656737677510e+00
1.021182197116172974e+00
1.021223798471511124e+00
1.021265290133122949e+00
1.021306476970943677e+00
1.021347135801371486e+00
1.021387012851688869e+00
1.021425822563985619e+00
1.021463247998425805e+00
1.021498943055860531e+00
1.021532536677547620e+00
1.021563639092692544e+00
1.021591850072680163e+00
1.021616769017660298e+00
1.021638006554101530e+00
1.021655197172856244e+00
1.021668012301744533e+00
1.021676173102493923e+00
1.021679462226797952e+00
1.021677733774974728e+00
1.021670920781519776e+00
1.021659039704222893e+00
1.021642191606261463e+00
1.021620559972651110e+00
1.021594405364718350e+00
1.021564057356726618e+00
1.021529904387467713e+00
1.021492382274152400e+00
1.021451962165587091e+00
1.021409138659085336e+00
1.021364418685720699e+00
1.021318311605004858e+00
1.021271320769950863e+00
1.021223936652162489e+00
1.021176631473471375e+00
1.021129855186877933e+00
1.021084032587948442e+00
1.021039561314347033e+00
1.020996810497660556e+00
1.020956119858366318e+00
1.020917799072670995e+00
1.020882127281889318e+00
1.020849352656332254e+00
1.020819691963696485e+00
1.020793330125655096e+00
1.020770419775458127e+00
1.020751080853957493e+00
1.020735400301466811e+00
1.020723431917981427e+00
1.020715196473880537e+00
1.020710682156553251e+00
1.020709845434689900e+00
1.020712612410635600e+00
1.020718880712105925e+00
1.020728521948075507e+00
1.020741384720913025e+00
1.020757298149693071e+00
1.020776075820622797e+00
1.020797520042774353e+00
1.020821426254137076e+00
1.020847587397646361e+00
1.020875798072026441e+00
1.020905858259895105e+00
1.020937576446335537e+00
1.020970771964516910e+00
1.021005276439235443e+00
1.021040934241791653e+00
1.021077601917185440e+00
1.021115146593942091e+00
1.021153443434995145e+00
1.021192372232758494e+00
1.021231813291427759e+00
1.021271642774208566e+00
1.021311727722768570e+00
1.021351920981293127e+00
1.021392056278566329e+00
1.021431943738504211e+00
1.021471366101672995e+00
1.021510075945684326e+00
1.021547794187997571e+00
1.021584210136786464e+00
1.021618983319905638e+00
1.021651747264657351e+00
1.021682115319262563e+00
1.021709688500085367e+00
1.021734065219408460e+00
1.021754852603541597e+00
1.021771678961217455e+00
1.021784206822433649e+00
1.021792145855706435e+00
1.021795264905050349e+00
1.021793402382501048e+00
1.021786474317557314e+00
1.021774479502976840e+00
1.021757501377999366e+00
1.021735706536088140e+00
1.021709340007050493e+00
1.021678717711058226e+00
1.021644216683717854e+00
1.021606263802611769e+00
1.021565323793269364e+00
1.021521887256201522e+00
1.021476459349074162e+00
1.021429549601420073e+00
1.021381663160396247e+00
1.021333293591067504e+00
1.021284917204498655e+00
1.021236988774474330e+00
1.021189938433426869e+00
1.021144169507333999e+00
1.021100057050366328e+00
1.021057946863361376e+00
1.021018154816422996e+00
1.020980966337492912e+00
1.020946635970481520e+00
1.020915386945364656e+00
1.020887410737305157e+00
1.020862866621937037e+00
1.020841881259465289e+00
1.020824548361241479e+00
1.020810928508617987e+00
1.020801049204710154e+00
1.020794905244374773e+00
1.020792459485537096e+00
1.020793644095272068e+00
1.020798362326543529e+00
1.020806490856487336e+00
1.020817882685563838e+00
1.020832370560468494e+00
1.020849770844859616e+00
1.020869887723669045e+00
1.020892517592359550e+00
1.020917453455262081e+00
1.020944489139920641e+00
1.020973423129306834e+00
1.021004061821776165e+00
1.021036222049508169e+00
1.021069732718386636e+00
1.021104435473351169e+00
1.021140184340060264e+00
1.021176844342929435e+00
1.021214289148189902e+00
1.021252397826172942e+00
1.021291050867996653e+00
1.021330125627591734e+00
1.021369491390606843e+00
1.021409004297717082e+00
1.021448502371717026e+00
1.021487800915658717e+00
1.021526688562544027e+00
1.021564924264044771e+00
1.021602235503679568e+00
1.021638318005150481e+00
1.021672837174957049e+00
1.021705431465879776e+00
1.021735717771325769e+00
1.021763298858810565e+00
1.021787772725831545e+00
1.021808743618890514e+00
1.021825834306486325e+00
1.021838699053627675e+00
1.021847036625968652e+00
1.021850602574132294e+00
1.021849220029519723e+00
1.021842788293242599e+00
1.021831288623173517e+00
1.021814786813794784e+00
1.021793432402357649e+00
1.021767454596722136e+00
1.021737155273722664e+00
1.021702899610420712e+00
1.021665105058035428e+00
1.021624229433759412e+00
1.021580758886149409e+00
1.021535196395448875e+00
1.021488051321613355e+00
1.021439830336261290e+00
1.021391029897002589e+00
1.021342130265846748e+00
1.021293590952460306e+00
1.021245847384022021e+00
1.021199308564905373e+00
1.021154355484591880e+00
1.021111340051676919e+00
1.021070584366053913e+00
1.021032380182337995e+00
1.020996988459577537e+00
1.020964638931915136e+00
1.020935529670413011e+00
1.020909826637294016e+00
1.020887663260330314e+00
1.020869140077038439e+00
1.020854324515556577e+00
1.020843250891056542e+00
1.020835920702573452e+00
1.020832303314438638e+00
1.020832337098390941e+00
1.020835931096548688e+00
1.020842967241917254e+00
1.020853303142789770e+00
1.020866775401798376e+00
1.020883203401812711e+00
1.020902393452203683e+00
1.020924143153506991e+00
1.020948245809533805e+00
1.020974494696492263e+00
1.021002686990957198e+00
1.021032627163808382e+00
1.021064129665527398e+00
1.021097020758285234e+00
1.021131139389711784e+00
1.021166337049150385e+00
1.021202476596175135e+00
1.021239430100094214e+00
1.021277075775512078e+00
1.021315294141025731e+00
1.021353963564995748e+00
1.021392955393974455e+00
1.021432128886263557e+00
1.021471326195772633e+00
1.021510367670065644e+00
1.021549047740803573e+00
1.021587131693251438e+00
1.021624353601616297e+00
1.021660415705240466e+00
1.021694989472937909e+00
1.021727718554896081e+00
1.021758223750151462e+00
1.021786110021107197e+00
1.021810975466046267e+00
1.021832422021056175e+00
1.021850067513345284e+00
1.021863558541930006e+00
1.021872583535780921e+00
1.021876885251800093e+00
1.021876271942455894e+00
1.021870626458187159e+00
1.021859912658049208e+00
1.021844178679034654e+00
1.021823556845017800e+00
1.021798260255821766e+00
1.021768576354807667e+00
1.021734857997648183e+00
1.021697512707817834e+00
1.021656990887523708e+00
1.021613773750522203e+00
1.021568361663095725e+00
1.021521263440101635e+00
1.021472986970010322e+00
1.021424031363281193e+00
1.021374880655808504e+00
1.021325998969986326e+00
1.021277826948097989e+00
1.021230779226210084e+00
1.021185242705641150e+00
1.021141575394295842e+00
1.021100105622036569e+00
1.021061131474378714e+00
1.021024920330944497e+00
1.020991708435382339e+00
1.020961700459941612e+00
1.020935069059873079e+00
1.020911954440246294e+00
1.020892463980660692e+00
1.020876671981560069e+00
1.020864619608965462e+00
1.020856315121789981e+00
1.020851734466663441e+00
1.020850822318651874e+00
1.020853493632017273e+00
1.020859635743174731e+00
1.020869111039008459e+00
1.020881760169049413e+00
1.020897405741834074e+00
1.020915856406869437e+00
1.020936911187182439e+00
1.020960363896844081e+00
1.020986007456173184e+00
1.021013637907015603e+00
1.021043057933025633e+00
1.021074079705512894e+00
1.021106526903159839e+00
1.021140235791658801e+00
1.021175055294153422e+00
1.021210846031972430e+00
1.021247478364344596e+00
1.021284829502833169e+00
1.021322779819241910e+00
1.021361208503700935e+00
1.021399988762343725e+00
1.021438982771825765e+00
1.021478036631451314e+00
1.021516975573250496e+00
1.021555599705651129e+00
1.021593680576245777e+00
1.021630958841252657e+00
1.021667143320311055e+00
1.021701911691205611e+00
1.021734913035738934e+00
1.021765772381683757e+00
1.021794097294425052e+00
1.021819486456118753e+00
1.021841540033993967e+00
1.021859871491088256e+00
1.021874120344700376e+00
1.021883965246296544e+00
1.021889136659458019e+00
1.021889428367206420e+00
1.021884707060489728e+00
1.021874919352786293e+00
1.021860095729374418e+00
1.021840351160920646e+00
1.021815882366942763e+00
1.021786961975630348e+00
1.021753930060264715e+00
1.021717183710027621e+00
1.021677165393670705e+00
1.021634350889828902e+00
1.021589237492576130e+00
1.021542333071814301e+00
1.021494146399833491e+00
1.021445178975051826e+00
1.021395918406171166e+00
1.021346833282909206e+00
1.021298369362771297e+00
1.021250946848552221e+00
1.021204958513440619e+00
1.021160768441167210e+00
1.021118711177801508e+00
1.021079091130802086e+00
1.021042182093030437e+00
1.021008226810338426e+00
1.020977436548678785e+00
1.020949990649636874e+00
1.020926036091638123e+00
1.020905687097930281e+00
1.020889024851644233e+00
1.020876097392487303e+00
1.020866919778211424e+00
1.020861474596204577e+00
1.020859712905585415e+00
1.020861555677550658e+00
1.020866895781320505e+00
1.020875600535403382e+00
1.020887514810260077e+00
1.020902464630797368e+00
1.020920261188112077e+00
1.020940705132679982e+00
1.020963590989098613e+00
1.020988711508738156e+00
1.021015861763807875e+00
1.021044842786151818e+00
1.021075464567032132e+00
1.021107548259521103e+00
1.021140927461011483e+00
1.021175448496972393e+00
1.021210969675182989e+00
1.021247359528984600e+00
1.021284494115789254e+00
1.021322253481042441e+00
1.021360517436884940e+00
1.021399160838546649e+00
1.021438048570301405e+00
1.021477030477188741e+00
1.021515936499102217e+00
1.021554572280098494e+00
1.021592715536929763e+00
1.021630113474743862e+00
1.021666481531564807e+00
1.021701503712603598e+00
1.021734834736436781e+00
1.021766104153793986e+00
1.021794922513653781e+00
1.021820889540439037e+00
1.021843604153623408e+00
1.021862676014341442e+00
1.021877738134310931e+00
1.021888459945940575e+00
1.021894560126697993e+00
1.021895818413448342e+00
1.021892085648404613e+00
1.021883291376227687e+00
1.021869448461449448e+00
1.021850654406117886e+00
1.021827089298500413e+00
1.021799010586206702e+00
1.021766745109102814e+00
1.021730679018669097e+00
1.021691246328285452e+00
1.021648916872025303e+00
1.021604184400087600e+00
1.021557555421432895e+00
1.021509539241860942e+00
1.021460639465766596e+00
1.021411347057681551e+00
1.021362134915142050e+00
1.021313453798959214e+00
1.021265729403687983e+00
1.021219360326220515e+00
1.021174716695891327e+00
1.021132139255553684e+00
1.021091938720667835e+00
1.021054395285350136e+00
1.021019758185710113e+00
1.020988245269009553e+00
1.020960042551067426e+00
1.020935303773633063e+00
1.020914149998237708e+00
1.020896669293235970e+00
1.020882916586052902e+00
1.020872913762502554e+00
1.020866650098631645e+00
1.020864083107123399e+00
1.020865139869282956e+00
1.020869718904822587e+00
1.020877692605455911e+00
1.020888910225798973e+00
1.020903201388045023e+00
1.020920380017912077e+00
1.020940248591496236e+00
1.020962602539227770e+00
1.020987234627400042e+00
1.021013939122450420e+00
1.021042515540266038e+00
1.021072771793007039e+00
1.021104526568847426e+00
1.021137610813937613e+00
1.021171868228153201e+00
1.021207154733653866e+00
1.021243336924579470e+00
1.021280289554443943e+00
1.021317892162660002e+00
1.021356024981750821e+00
1.021394564301673302e+00
1.021433377497474204e+00
1.021472317951756192e+00
1.021511220124629249e+00
1.021549895040998024e+00
1.021588126477371183e+00
1.021625668136052045e+00
1.021662242090672024e+00
1.021697538769779978e+00
1.021731218710358213e+00
1.021762916256755638e+00
1.021792245299724122e+00
1.021818807044376332e+00
1.021842199667419404e+00
1.021862029579452713e+00
1.021877923858195203e+00
1.021889543277997969e+00
1.021896595247294481e+00
1.021898845896854535e+00
1.021896130553479720e+00
1.021888361896402753e+00
1.021875535228879306e+00
1.021857730496877004e+00
1.021835110931491153e+00
1.021807918454438857e+00
1.021776466234896930e+00
1.021741128989984482e+00
1.021702331755657944e+00
1.021660537905782817e+00
1.021616237164065133e+00
1.021569934248421019e+00
1.021522138632163568e+00
1.021473355727848364e+00
1.021424079623957759e+00
1.021374787353090063e+00
1.021325934556175152e+00
1.021277952335315042e+00
1.021231245055536752e+00
1.021186188855686794e+00
1.021143130651269715e+00
1.021102387447895499e+00
1.021064245825474393e+00
1.021028961495084264e+00
1.020996758869425758e+00
1.020967830622612205e+00
1.020942337245296816e+00
1.020920406626863786e+00
1.020902133717574545e+00
1.020887580339933098e+00
1.020876775229572653e+00
1.020869714390920890e+00
1.020866361851010984e+00
1.020866650885383642e+00
1.020870485772850333e+00
1.020877744111146956e+00
1.020888279694182721e+00
1.020901925915308261e+00
1.020918499622236242e+00
1.020937805310861091e+00
1.020959639510609307e+00
1.020983795186362952e+00
1.021010065964343294e+00
1.021038249983758028e+00
1.021068153183499749e+00
1.021099591853547928e+00
1.021132394312539882e+00
1.021166401613739172e+00
1.021201467228291637e+00
1.021237455703833286e+00
1.021274240345194428e+00
1.021311700009643886e+00
1.021349715150319692e+00
1.021388163277438199e+00
1.021426914037704581e+00
1.021465824138485967e+00
1.021504732365339674e+00
1.021543454959524588e+00
1.021581781635595876e+00
1.021619472526428485e+00
1.021656256341419322e+00
1.021691830009463953e+00
1.021725860047494550e+00
1.021757985843738226e+00
1.021787824969281555e+00
1.021814980530791006e+00
1.021839050453073883e+00
1.021859638438221918e+00
1.021876366198156472e+00
1.021888886413567343e+00
1.021896895751444490e+00
1.021900147193845809e+00
1.021898460908651440e+00
1.021891732940460873e+00
1.021879941120257929e+00
1.021863147779744629e+00
1.021841499093564920e+00
1.021815221134150242e+00
1.021784612978390516e+00
1.021750037421021773e+00
1.021711910000115298e+00
1.021670687108945152e+00
1.021626853952294578e+00
1.021580913013619973e+00
1.021533373552589996e+00
1.021484742476565177e+00
1.021435516751373562e+00
1.021386177358800662e+00
1.021337184685629840e+00
1.021288975148358924e+00
1.021241958817648232e+00
1.021196517800549319e+00
1.021153005157234617e+00
1.021111744162741530e+00
1.021073027765078134e+00
1.021037118133073740e+00
1.021004246227092516e+00
1.020974611361485707e+00
1.020948380758861962e+00
1.020925689122922364e+00
1.020906638278729739e+00
1.020891296946690119e+00
1.020879700728720030e+00
1.020871852391373569e+00
1.020867722530281130e+00
1.020867250692455652e+00
1.020870347017439617e+00
1.020876894435063686e+00
1.020886751427506400e+00
1.020899755327934866e+00
1.020915726089492770e+00
1.020934470419681439e+00
1.020955786139489785e+00
1.020979466597323526e+00
1.021005304947863124e+00
1.021033098097746450e+00
1.021062650124723081e+00
1.021093774994690673e+00
1.021126298430616641e+00
1.021160058826509065e+00
1.021194907145287267e+00
1.021230705788343629e+00
1.021267326473574766e+00
1.021304647205160565e+00
1.021342548460575594e+00
1.021380908757386852e+00
1.021419599794244570e+00
1.021458481387546469e+00
1.021497396448104222e+00
1.021536166261035605e+00
1.021574586346615021e+00
1.021612423188551944e+00
1.021649412116673261e+00
1.021685256619791815e+00
1.021719629337531909e+00
1.021752174932920365e+00
1.021782514977111367e+00
1.021810254882104196e+00
1.021834992797693076e+00
1.021856330249967248e+00
1.021873884149403722e+00
1.021887299650166003e+00
1.021896263215146483e+00
1.021900515151694666e+00
1.021899860847909292e+00
1.021894179971760241e+00
1.021883433000717822e+00
1.021867664623993033e+00
1.021847003788267649e+00
1.021821660416721844e+00
1.021791919089803269e+00
1.021758130202356174e+00
1.021720699277543831e+00
1.021680075204605576e+00
1.021636738168596237e+00
1.021591187962947789e+00
1.021543933238242108e+00
1.021495482068419669e+00
1.021446334035841286e+00
1.021396973872944258e+00
1.021347866567485552e+00
1.021299453748796493e+00
1.021252151124364627e+00
1.021206346723678493e+00
1.021162399720616509e+00
1.021120639637049798e+00
1.021081365770249327e+00
1.021044846728838218e+00
1.021011320002433997e+00
1.020980991526778681e+00
1.020954035238328617e+00
1.020930592639864631e+00
1.020910772421773416e+00
1.020894650202062603e+00
1.020882268461502207e+00
1.020873636757889891e+00
1.020868732304462956e+00
1.020867500991268884e+00
1.020869858914359884e+00
1.020875694456000682e+00
1.020884870930354182e+00
1.020897229774620385e+00
1.020912594227537884e+00
1.020930773398210034e+00
1.020951566591620674e+00
1.020974767726306132e+00
1.021000169657560352e+00
1.021027568208734415e+00
1.021056765715202097e+00
1.021087573900671952e+00
1.021119815932814312e+00
1.021153327542571265e+00
1.021187957136119095e+00
1.021223564876982959e+00
1.021260020765019316e+00
1.021297201786181441e+00
1.021334988250173215e+00
1.021373259471267669e+00
