1.000603444564682754e+00
1.000678066023040325e+00
1.000801366658311098e+00
1.000946672577771812e+00
1.001105681127117286e+00
1.001271585987885349e+00
1.001444536266891117e+00
1.001623494219353816e+00
1.001803109585588381e+00
1.001986195511295641e+00
1.002171400429828996e+00
1.002356780871631825e+00
1.002544444413409952e+00
1.002730291914213367e+00
1.002917067459122347e+00
1.003105739623853410e+00
1.003290710180671397e+00
1.003476627749704475e+00
1.003662777393377059e+00
1.003846386828102677e+00
1.004030919818754697e+00
1.004212569145875644e+00
1.004393675244078299e+00
1.004575894844757844e+00
1.004753286203043938e+00
1.004930970586112249e+00
1.005108705431781990e+00
1.005282681307541059e+00
1.005457186246395462e+00
1.005628894388793881e+00
1.005799260436464282e+00
1.005970519497887627e+00
1.006136669601564559e+00
1.006302836010641855e+00
1.006469259646628478e+00
1.006631195016137070e+00
1.006793544859970968e+00
1.006953585898856973e+00
1.007111677576582931e+00
1.007270613394986469e+00
1.007424583243206495e+00
1.007578393024959773e+00
1.007732763441841595e+00
1.007882192785712894e+00
1.008032029734320822e+00
1.008180205154773024e+00
1.008325888606437903e+00
1.008472422645248612e+00
1.008614395130373875e+00
1.008756028362576496e+00
1.008898511121842922e+00
1.009035803530320408e+00
1.009173531715623406e+00
1.009310283002275321e+00
1.009444025243127374e+00
1.009578638633311876e+00
1.009709264559733644e+00
1.009839321745644725e+00
1.009970459044984503e+00
1.010096331731246355e+00
1.010222665158388988e+00
1.010348674598831931e+00
1.010471181829924348e+00
1.010594583103152422e+00
1.010714678750872730e+00
1.010833905920085707e+00
1.010954375137835815e+00
1.011069668778029174e+00
1.011185420552971115e+00
1.011301430401460699e+00
1.011413486073188484e+00
1.011526459547822832e+00
1.011636869526181703e+00
1.011746037897429673e+00
1.011856547924223193e+00
1.011962126728467304e+00
1.012068114941765629e+00
1.012174851745245352e+00
1.012277249322627970e+00
1.012380588906896861e+00
1.012482127359014994e+00
1.012581986292661274e+00
1.012683237686883730e+00
1.012779946364747330e+00
1.012876954371284333e+00
1.012975101518406529e+00
1.013068618600786008e+00
1.013163098920073280e+00
1.013256525455084489e+00
1.013347787330011407e+00
1.013440459039125496e+00
1.013529103325359504e+00
1.013617863755786885e+00
1.013708054431111005e+00
1.013793442621877983e+00
1.013879804776574467e+00
1.013965814929050691e+00
1.014049152492978223e+00
1.014133897960149078e+00
1.014215234148210687e+00
1.014296423138949965e+00
1.014379241423913891e+00
1.014457221233778128e+00
1.014536164012646902e+00
1.014615386106231032e+00
1.014691434194409547e+00
1.014768879949899727e+00
1.014843608137571351e+00
1.014917844607268416e+00
1.014993829877113285e+00
1.015065086967831487e+00
1.015137260634737526e+00
1.015210256279464485e+00
1.015279614869029956e+00
1.015350359279078241e+00
1.015419118846417668e+00
1.015486966974406879e+00
1.015556619677253192e+00
1.015621801488983067e+00
1.015687803626251551e+00
1.015755070947851113e+00
1.015818308387755664e+00
1.015882919944575802e+00
1.015946286981205038e+00
1.016008260992678824e+00
1.016072048804877337e+00
1.016131761424824864e+00
1.016192134907863309e+00
1.016254114005676890e+00
1.016311769830479772e+00
1.016370784918843917e+00
1.016429271528370037e+00
1.016485841993064021e+00
1.016544205571040749e+00
1.016599010865850694e+00
1.016654244018794895e+00
1.016711324099682567e+00
1.016763911030897694e+00
1.016817831313504339e+00
1.016871886695076332e+00
1.016923487506616208e+00
1.016976845181429390e+00
1.017027258255180033e+00
1.017077787083992879e+00
1.017130314626813803e+00
1.017178319522304974e+00
1.017227609226677210e+00
1.017277622406899118e+00
1.017324657655377163e+00
1.017373408607257446e+00
1.017419895697481369e+00
1.017466107956862542e+00
1.017514395230439073e+00
1.017558278917665815e+00
1.017603362418375124e+00
1.017649666501654782e+00
1.017692516596663932e+00
1.017737042297421901e+00
1.017780019277471082e+00
1.017822260014449753e+00
1.017866593300873923e+00
1.017906789396457512e+00
1.017948049537426236e+00
1.017990927323915162e+00
1.018029953920356778e+00
1.018070617894119678e+00
1.018110449584005206e+00
1.018149027706890086e+00
1.018189674653341870e+00
1.018226587600457034e+00
1.018264365170747476e+00
1.018304055934971863e+00
1.018339605411875404e+00
1.018376751597471763e+00
1.018413752085351121e+00
1.018448947437491814e+00
1.018486163062876759e+00
1.018520165698294733e+00
1.018554760364435374e+00
1.018591467498269454e+00
1.018623872913371198e+00
1.018657823087893988e+00
1.018692257232894915e+00
1.018724327622355208e+00
1.018758358636927763e+00
1.018789789633528953e+00
1.018821462463858518e+00
1.018855361587545971e+00
1.018884943167626567e+00
1.018915993995427094e+00
1.018948080224687303e+00
1.018977267886473026e+00
1.019008355141044486e+00
1.019037516668160448e+00
1.019066494189565519e+00
1.019097741252642964e+00
1.019124805583675020e+00
1.019153225882760916e+00
1.019183140314152247e+00
1.019209677361591071e+00
1.019238056421568173e+00
1.019265212335953574e+00
1.019291691871641481e+00
1.019320430725451976e+00
1.019345268883893318e+00
1.019371297655400577e+00
1.019399179474425932e+00
1.019423292017469063e+00
1.019449192042710894e+00
1.019474566878528332e+00
1.019498722755740605e+00
1.019525091693950447e+00
1.019547976616197893e+00
1.019571822272658856e+00
1.019597780173434609e+00
1.019619690922712874e+00
1.019643332207468278e+00
1.019667111182452679e+00
1.019689101294679823e+00
1.019713238130185218e+00
1.019734421552474180e+00
1.019756262622590892e+00
1.019780382001425512e+00
1.019800311316611863e+00
1.019821901981811330e+00
1.019844232180588950e+00
1.019864204354061776e+00
1.019886249723744864e+00
1.019905959038170273e+00
1.019925946438414499e+00
1.019948296922279951e+00
1.019966462386952655e+00
1.019986194799285872e+00
1.020007187629239143e+00
1.020025285279732463e+00
1.020045384030828561e+00
1.020063819394162241e+00
1.020082080161556881e+00
1.020102722981447219e+00
1.020119337687829475e+00
1.020137385193738755e+00
1.020157120126809591e+00
1.020173486788326978e+00
1.020191787485795754e+00
1.020209119489533522e+00
1.020225761688205335e+00
1.020244756383446028e+00
1.020260026188522406e+00
1.020276540694778245e+00
1.020295070206774568e+00
1.020309852647026005e+00
1.020326505430633635e+00
1.020342873599382250e+00
1.020357991969214506e+00
1.020375401940278870e+00
1.020389522010658689e+00
1.020404632825178570e+00
1.020421988327286922e+00
1.020435338111471246e+00
1.020450491301710727e+00
1.020466003637814811e+00
1.020479685466914699e+00
1.020495581980358946e+00
1.020508732976321165e+00
1.020522547158950744e+00
1.020538745597985297e+00
1.020550819101570639e+00
1.020564615082025117e+00
1.020579348817665100e+00
1.020591679502939053e+00
1.020606143885303130e+00
1.020618488143424818e+00
1.020631092425943187e+00
1.020646143129491312e+00
1.020657100120025973e+00
1.020669671091544162e+00
1.020683674740512581e+00
1.020694742551423451e+00
1.020707866477107650e+00
1.020719544536522694e+00
1.020731008675946017e+00
1.020744919954750252e+00
1.020754920957979817e+00
1.020766385157220624e+00
1.020779681871047284e+00
1.020789581536692969e+00
1.020801465501668392e+00
1.020812593285805203e+00
1.020822974538535322e+00
1.020835759544658439e+00
1.020844962281854063e+00
1.020855421184430956e+00
1.020868013309846001e+00
1.020876848186378583e+00
1.020887598445003208e+00
1.020898265365257185e+00
1.020907613634975508e+00
1.020919295016005535e+00
1.020927850248296576e+00
1.020937387145478104e+00
1.020949261759472204e+00
1.020957144479423206e+00
1.020966868882776213e+00
1.020977137077551777e+00
1.020985500215762620e+00
1.020996113200248523e+00
1.021004160341178357e+00
1.021012840505627128e+00
1.021023975585987342e+00
1.021031027224337473e+00
1.021039830512871838e+00
1.021049735374104372e+00
1.021057164108067017e+00
1.021066757797052915e+00
1.021074420655629478e+00
1.021082293116085893e+00
1.021092663908946374e+00
1.021099011812425683e+00
1.021106990966330175e+00
1.021116543030478052e+00
1.021123095055121999e+00
1.021131731866061543e+00
1.021139114860992514e+00
1.021146215610438723e+00
1.021155800700225713e+00
1.021161575213751060e+00
1.021168815443811217e+00
1.021178003629909625e+00
1.021183746512126067e+00
1.021191499907668110e+00
1.021198685054647726e+00
1.021205041345099929e+00
1.021213827928252549e+00
1.021219158316731601e+00
1.021225730190173930e+00
1.021234526254106267e+00
1.021239538936239644e+00
1.021246489750662123e+00
1.021253534675295782e+00
1.021259169927777322e+00
1.021267157843656515e+00
1.021272167749328830e+00
1.021278125801515779e+00
1.021286489752292859e+00
1.021290862583425163e+00
1.021297094410827944e+00
1.021304031583743388e+00
1.021308970381427317e+00
1.021316174558133838e+00
1.021320977352379478e+00
1.021326360353952856e+00
1.021334246461452100e+00
1.021338079812979416e+00
1.021343674022058501e+00
1.021350511348033896e+00
1.021354783990590764e+00
1.021361235110479493e+00
1.021365929493990965e+00
1.021370762344864680e+00
1.021378125278894489e+00
1.021381526906572024e+00
1.021386557881645896e+00
1.021393280695212624e+00
1.021396926866332766e+00
1.021402670231886800e+00
1.021407336410854017e+00
1.021411633439963218e+00
1.021418434034798484e+00
1.021421515431431448e+00
1.021426046603275850e+00
1.021432621024406018e+00
1.021435692244071936e+00
1.021440785011645147e+00
1.021445481736028782e+00
1.021449251022757077e+00
1.021455461169636258e+00
1.021458333212144076e+00
1.021462414340789771e+00
1.021468791827899070e+00
1.021471352502216545e+00
1.021475859627453353e+00
1.021480622326897070e+00
1.021483870548601569e+00
1.021489476783035144e+00
1.021492245015024780e+00
1.021495911033634574e+00
1.021502033848226354e+00
1.021504160869988631e+00
1.021508150251261737e+00
1.021512990447213109e+00
1.021515727712428268e+00
1.021520733178353790e+00
1.021523493083449807e+00
1.021526764626187189e+00
1.021532571811884615e+00
1.021534352789125411e+00
1.021537890183324748e+00
1.021542796289268695e+00
1.021545040441743435e+00
1.021549465069837570e+00
1.021552297681691535e+00
1.021555183220141494e+00
1.021560616618244266e+00
1.021562146909157143e+00
1.021565291214264093e+00
1.021570230753321651e+00
1.021572010718398982e+00
1.021575889636429757e+00
1.021578857801828111e+00
1.021581357127063772e+00
1.021586366916854560e+00
1.021587745727092988e+00
1.021590545175476539e+00
1.021595468342180402e+00
1.021596826214046239e+00
1.021600206594246663e+00
1.021603352162385292e+00
1.021605460796833675e+00
1.021610010070099106e+00
1.021611335923847452e+00
1.021613825616781046e+00
1.021618669991408934e+00
1.021619661703099480e+00
1.021622598423004735e+00
1.021625940582645331e+00
1.021627654608447289e+00
1.021631722564265488e+00
1.021633088493456576e+00
1.021635289545925307e+00
1.021639985648191917e+00
1.021640680204569218e+00
1.021643230830512117e+00
1.021646765758583708e+00
1.021648086520215992e+00
1.021651669991463951e+00
1.021653158796912653e+00
1.021655079171492231e+00
1.021659556434370675e+00
1.021660033808094115e+00
1.021662253484972860e+00
1.021665955401030557e+00
1.021666893580360558e+00
1.021670006765930339e+00
1.021671686690416969e+00
1.021673323601353101e+00
1.021677516274557052e+00
1.021677864161362859e+00
1.021679800997228771e+00
1.021683624631689380e+00
1.021684203291113313e+00
1.021686875751835366e+00
1.021688796872368243e+00
1.021690140459313056e+00
1.021693992929888495e+00
1.021694302632477847e+00
1.021695994101619043e+00
1.021699878479410240e+00
1.021700134801629467e+00
1.021702407963787307e+00
1.021704599565057325e+00
1.021705637393653276e+00
1.021709108444828207e+00
1.021709470205478087e+00
1.021710940968544312e+00
1.021714814289540474e+00
1.021714799886586977e+00
1.021716722462074678e+00
1.021719191600547472e+00
1.021719913463906115e+00
1.021722979081459037e+00
1.021723477211579079e+00
1.021724738582037162e+00
1.021728523859887883e+00
1.021728303659309667e+00
1.021729926513119668e+00
1.021732657921348375e+00
1.021733060403126725e+00
1.021735714873223344e+00
1.021736423032435503e+00
1.021737474124945866e+00
1.021741095146005085e+00
1.021740744977113646e+00
1.021742116032869241e+00
1.021745073441272522e+00
1.021745163755382269e+00
1.021747418966585386e+00
1.021748395925616393e+00
1.021749226325805227e+00
1.021752613428370982e+00
1.021752216522635370e+00
1.021753376286365089e+00
1.021756505148973204e+00
1.021756303878250671e+00
1.021758186926636558e+00
1.021759473112298089e+00
1.021760066732370076e+00
1.021763161896239724e+00
1.021762804584081419e+00
1.021763782787424413e+00
1.021767014287995323e+00
1.021766556781522395e+00
1.021768106161256018e+00
1.021769721234687012e+00
1.021770060888487874e+00
1.021772821670714704e+00
1.021772588602952725e+00
1.021773402330761638e+00
1.021776658424048412e+00
1.021775994756440653e+00
1.021777255575726961e+00
1.021779197241154957e+00
1.021779269403794377e+00
1.021781671355597165e+00
1.021781640600814223e+00
1.021782294091796439e+00
1.021785493217589158e+00
1.021784686745125237e+00
1.021785705516999432e+00
1.021787949696243203e+00
1.021787748915376826e+00
1.021789786258430865e+00
1.021790024626725302e+00
1.021790510739611024e+00
1.021793573754141260e+00
1.021792698412503642e+00
1.021793518015016389e+00
1.021796020447034214e+00
1.021795552940349516e+00
1.021797237454747709e+00
1.021797796375662148e+00
1.021798099519779068e+00
1.021800955337863526e+00
1.021800091912306474e+00
1.021800747286714328e+00
1.021803446516350133e+00
1.021802732605693098e+00
1.021804090869309789e+00
1.021805003112722599e+00
1.021805103274546767e+00
1.021807693717646792e+00
1.021806925379719289e+00
1.021807440442643600e+00
1.021810262049116513e+00
1.021809337222316261e+00
1.021810406521089343e+00
1.021811684001058484e+00
1.021811561379687650e+00
1.021813844782950120e+00
1.021813252229003099e+00
1.021813638327984775e+00
1.021816500121419447e+00
1.021815414655134369e+00
1.021816238032668966e+00
1.021817870878822365e+00
1.021817510589842826e+00
1.021819463830745178e+00
1.021819120375285550e+00
1.021819376434714322e+00
1.021822194235373571e+00
1.021821011439633331e+00
1.021821632451183071e+00
1.021823589467752980e+00
1.021822985792020688e+00
1.021824604554456339e+00
1.021824571525548064e+00
1.021824685832356305e+00
1.021827379361927468e+00
1.021826172611746575e+00
1.021826630377456802e+00
1.021828860930278360e+00
1.021828020663863246e+00
1.021829317930054382e+00
1.021829640687153873e+00
1.021829594075726266e+00
1.021832092449598051e+00
1.021830941250013502e+00
1.021831266361188373e+00
1.021833703633444834e+00
1.021832648218328643e+00
1.021833651168633894e+00
1.021834356021600554e+00
1.021834126058802861e+00
1.021836372382250779e+00
1.021835357771633035e+00
1.021835569498114715e+00
1.021838134938980680e+00
1.021836901196884417e+00
1.021837646872616245e+00
1.021838739130318974e+00
1.021838304795968266e+00
1.021840259436839204e+00
1.021839459069492140e+00
1.021839564160269553e+00
1.021842172828583362e+00
1.021840812260425224e+00
1.021841342484001380e+00
1.021842805803963472e+00
1.021842152123867420e+00
1.021843794353961332e+00
1.021843277615663848e+00
1.021843270797252679e+00
1.021845837193199102e+00
1.021844413929492879e+00
1.021844770059324503e+00
1.021846567202604028e+00
1.021845689323054085e+00
1.021847017178884265e+00
1.021846840678245938e+00
1.021846706757457479e+00
1.021849150658468153e+00
1.021847738245461601e+00
1.021847956357384124e+00
1.021850031369023082e+00
1.021848937652724665e+00
1.021849966048555824e+00
1.021850169796439722e+00
1.021849887089019138e+00
1.021852138876955696e+00
1.021850816159313835e+00
1.021850923190380289e+00
1.021853204921981284e+00
1.021851918775047885e+00
1.021852676087995793e+00
1.021853280633303385e+00
1.021852825291187816e+00
1.021854830284096627e+00
1.021853676698640356e+00
1.021853687971112423e+00
1.021856094743026855e+00
1.021854655026563918e+00
1.021855178542771414e+00
1.021856183281141695e+00
1.021855533999263210e+00
1.021857255382188523e+00
1.021856346008370053e+00
1.021856264387233537e+00
1.021858709466924697e+00
1.021857169484033712e+00
1.021857500223513293e+00
1.021858883036783183e+00
1.021858025597543795e+00
1.021859445676027711e+00
1.021858846396288101e+00
1.021858663141923307e+00
1.021861060611378491e+00
1.021859485778414456e+00
1.021859663285049180e+00
1.021861381598989649e+00
1.021860312758521516e+00
1.021861432423468274e+00
1.021861195531096111e+00
1.021860892711577762e+00
1.021863163229124849e+00
1.021861627634347069e+00
1.021861685316457491e+00
1.021863678576209633e+00
1.021862408897974195e+00
1.021863245375546736e+00
1.021863405933565616e+00
1.021862960081864058e+00
1.021865036026251117e+00
1.021863618150105513e+00
1.021863579686553170e+00
1.021865773141378941e+00
1.021864328517465115e+00
1.021864911662721198e+00
1.021865484871340657e+00
1.021864871434765565e+00
1.021866700957812846e+00
1.021865478877990174e+00
1.021865356075243092e+00
1.021867665643330758e+00
1.021866087387810262e+00
1.021866454943101576e+00
1.021867434720161727e+00
1.021866632771898598e+00
1.021868182378417256e+00
1.021867228808960526e+00
1.021867021122403019e+00
1.021869358987592680e+00
1.021867702520184107e+00
1.021867894876371974e+00
1.021869253794518206e+00
1.021868250469728068e+00
1.021869505881496609e+00
1.021868883397522687e+00
1.021868579135514210e+00
1.021870859630459982e+00
1.021869191881765726e+00
1.021869246934532072e+00
1.021870937585168893e+00
1.021869731763646705e+00
1.021870696995113015e+00
1.021870453774684329e+00
1.021870032808582573e+00
1.021872178081282723e+00
1.021870573840014451e+00
1.021870522517029256e+00
1.021872480278627648e+00
1.021871085146778491e+00
1.021871779906971422e+00
1.021871946284403698e+00
1.021871383915603282e+00
1.021873328870654296e+00
1.021871866359524317e+00
1.021871729309820509e+00
1.021873876386652835e+00
1.021872320650311750e+00
1.021872776367562352e+00
1.021873362444666977e+00
1.021872633953512022e+00
1.021874330010003717e+00
1.021873086021028554e+00
1.021872871817623540e+00
1.021875122293043781e+00
1.021873449955855273e+00
1.021873704876241407e+00
1.021874699383519047e+00
1.021873784722242551e+00
1.021875202033398544e+00
1.021874246974377787e+00
1.021873952002346320e+00
1.021876217534824161e+00
1.021874486286882266e+00
1.021874580201953098e+00
1.021875950738795336e+00
1.021874838838519484e+00
1.021875966764623556e+00
1.021875359965760843e+00
1.021874969971139357e+00
1.021877165671144727e+00
1.021875444040470038e+00
1.021875413238990227e+00
1.021877107944589191e+00
1.021875800178746907e+00
1.021876645980805076e+00
1.021876431586123513e+00
1.021875924668724345e+00
1.021877974647469989e+00
1.021876338150982999e+00
1.021876211157598746e+00
1.021878161767406201e+00
1.021876674232880422e+00
1.021877260142134425e+00
1.021877463870287883e+00
1.021876814539464995e+00
1.021878656627057680e+00
1.021877183219143337e+00
1.021876977785095786e+00
1.021879103912863851e+00
1.021877468331750416e+00
1.021877827328244503e+00
1.021878454337926678e+00
1.021877638136713617e+00
1.021879227329759443e+00
1.021877992485725528e+00
1.021877714146454341e+00
1.021879928509651592e+00
1.021878191696091065e+00
1.021878362474764268e+00
1.021879396513949878e+00
1.021878394669428314e+00
1.021879704981669690e+00
1.021878776769235664e+00
1.021878419099183644e+00
1.021880633293583251e+00
1.021878855255754948e+00
1.021878876950018888e+00
1.021880280902770721e+00
1.021879084483353406e+00
1.021880109027054617e+00
1.021879543511231336e+00
1.021879090008324331e+00
1.021881220355504771e+00
1.021879471205573653e+00
1.021879378462212884e+00
1.021881096325472971e+00
1.021879709470063347e+00
1.021880458775948686e+00
1.021880296074363370e+00
1.021879723418460006e+00
1.021881696373880821e+00
1.021880052297740926e+00
1.021879871250067406e+00
1.021881831471681545e+00
1.021880273381618576e+00
1.021880772152686800e+00
1.021881033415850126e+00
1.021880315690607333e+00
1.021882072318661017e+00
1.021880610913981524e+00
1.021880356489665465e+00
1.021882476481269286e+00
1.021880782009324973e+00
1.021881064676800399e+00
1.021881750216952600e+00
1.021880863584247123e+00
1.021882362680900602e+00
1.021881158006227031e+00
1.021880832846854936e+00
1.021883024363564818e+00
1.021881243173395237e+00
1.021881348758305386e+00
1.021882437492876106e+00
1.021881364776711543e+00
1.021882584343719369e+00
1.021881702032033878e+00
1.021881297112173348e+00
1.021883472083912281e+00
1.021881666474356187e+00
1.021881633335880446e+00
1.021883083643217116e+00
1.021881818317404544e+00
1.021882755253213926e+00
1.021882248030737905e+00
1.021881744866547592e+00
1.021883821192579367e+00
1.021882062778687539e+00
1.021881923838853901e+00
1.021883675838411554e+00
1.021882225007551881e+00
1.021882893063442932e+00
1.021882796982468200e+00
1.021882171136941242e+00
1.021884077930532708e+00
1.021882443447329258e+00
1.021882222420008812e+00
1.021884201583846075e+00
1.021882587678956344e+00
1.021883013915257710e+00
1.021883345565039347e+00
1.021882571012320273e+00
1.021884252813439531e+00
1.021882819360273809e+00
1.021882528389881806e+00
1.021884650272470996e+00
1.021882911326653876e+00
1.021883131470582295e+00
1.021883886378066819e+00
1.021882940202964551e+00
1.021884359762508687e+00
1.021883199835093903e+00
1.021882838782846026e+00
1.021885014535989900e+00
1.021883203041617172e+00
1.021883256272497986e+00
1.021884408645230113e+00
1.021883275537245117e+00
1.021884414908978522e+00
1.021883591571684402e+00
1.021883148994254586e+00
1.021885291232568882e+00
1.021883471697544232e+00
1.021883395448463405e+00
1.021884899340431918e+00
1.021883575392943611e+00
1.021884435236745547e+00
1.021883997770415942e+00
1.021883453439293543e+00
1.021885481957975905e+00
1.021883727370965556e+00
1.021883552728827249e+00
1.021885344620251157e+00
1.021883840050698655e+00
1.021884437236527443e+00
1.021884417561764291e+00
1.021883746195001219e+00
1.021885593028727168e+00
1.021883980512458656e+00
1.021883728722532636e+00
1.021885731395308916e+00
1.021884071938695016e+00
1.021884435724729423e+00
1.021884845853863855e+00
1.021884021598430392e+00
1.021885634953356048e+00
1.021884240932152688e+00
1.021883921379382221e+00
1.021886048848553052e+00
1.021884275720393864e+00
1.021884442938155058e+00
1.021885273655514181e+00
1.021884274786673874e+00
1.021885621474168282e+00
1.021884516706024648e+00
1.021884126570534956e+00
1.021886289714297291e+00
1.021884458171584908e+00
1.021884467963182663e+00
1.021885688871726261e+00
1.021884502174398968e+00
1.021885568316528659e+00
1.021884813140371495e+00
1.021884338728921815e+00
1.021886451165054055e+00
1.021884627804843682e+00
1.021884516505937590e+00
1.021886077503270762e+00
1.021884701864943068e+00
1.021885491814653157e+00
1.021885131941699498e+00
1.021884551502569183e+00
1.021886535205584146e+00
1.021884794227992943e+00
1.021884590967583106e+00
1.021886425120190456e+00
1.021884873978994968e+00
1.021885407585206851e+00
1.021885470724975598e+00
1.021884758384625780e+00
1.021886548537045414e+00
1.021884967263856137e+00
1.021884690762371761e+00
1.021886718434081409e+00
1.021885020865678673e+00
1.021885329394203179e+00
1.021885822957299794e+00
1.021884953295747467e+00
1.021886501922111279e+00
1.021885155904358022e+00
1.021884812807242193e+00
1.021886946775769633e+00
1.021885147145313866e+00
1.021885268317427098e+00
1.021886178382185539e+00
1.021885131107137301e+00
1.021886409146609109e+00
1.021885367213547280e+00
1.021884952116378642e+00
1.021887103297306254e+00
1.021885259531124523e+00
1.021885232241281916e+00
1.021886523907442612e+00
1.021885288100967903e+00
1.021886285723895949e+00
1.021885605321017465e+00
1.021885102444876736e+00
1.021887185755321781e+00
1.021885366392823125e+00
1.021885225700278843e+00
1.021886844874023037e+00
1.021885422362592166e+00
1.021886147514016630e+00
1.021885870651880079e+00
1.021885256936822195e+00
1.021887196788183738e+00
1.021885477056633018e+00
1.021885250008022883e+00
1.021887126564154258e+00
1.021885534084665981e+00
1.021886009425492681e+00
1.021886159520079662e+00
1.021885408743982371e+00
1.021887143664398812e+00
1.021885600878785549e+00
1.021885303615952534e+00
1.021887355767043370e+00
1.021885625743884640e+00
1.021885884336671158e+00
1.021886464172004905e+00
1.021885551593503472e+00
1.021887037547730248e+00
1.021885746175251741e+00
1.021885382628686223e+00
1.021887522208891230e+00
1.021885702097756532e+00
1.021885782325561820e+00
1.021886773312744801e+00
1.021885680295333110e+00
1.021886892387141588e+00
1.021885919129657649e+00
1.021885481411437313e+00
1.021887619672457781e+00
1.021885769950545697e+00
1.021885710243494616e+00
1.021887073083746156e+00
1.021885791186639469e+00
1.021886723585772039e+00
1.021886122823905563e+00
1.021885593236102840e+00
1.021887646674043193e+00
1.021885837656921980e+00
1.021885671619055413e+00
1.021887348395433381e+00
1.021885882505414900e+00
1.021886546622623237e+00
1.021886356535423701e+00
1.021885710923649881e+00
1.021887606623812506e+00
1.021885914366386983e+00
1.021885666842710094e+00
1.021887584462393805e+00
1.021885954669239593e+00
1.021886375790097112e+00
1.021886615420730005e+00
1.021885827451473494e+00
1.021887507461617828e+00
1.021886009055429145e+00
1.021885693563827413e+00
1.021887768354283521e+00
1.021886010416099388e+00
