1.000603444564682754e+00
1.000677268814233578e+00
1.000798978725896404e+00
1.000940980289261262e+00
1.001093350287301398e+00
1.001251002987836980e+00
1.001410849082054355e+00
1.001570918407687749e+00
1.001730021232433598e+00
1.001887575524724516e+00
1.002043482443047528e+00
1.002198012659019755e+00
1.002351696199452746e+00
1.002505219723857088e+00
1.002659337344395940e+00
1.002814798823941977e+00
1.002972295427502214e+00
1.003132421000062946e+00
1.003295644913695162e+00
1.003462294179713110e+00
1.003632543462092297e+00
1.003806413097324324e+00
1.003983775934863321e+00
1.004164373630568985e+00
1.004347842026990456e+00
1.004533743731629070e+00
1.004721604387545764e+00
1.004910947895039985e+00
1.005101325392269818e+00
1.005292333349816936e+00
1.005483617630315019e+00
1.005674862518306512e+00
1.005865766114424575e+00
1.006056005705920464e+00
1.006245198494081450e+00
1.006432864246366909e+00
1.006618396990507591e+00
1.006801052692504861e+00
1.006979958780990891e+00
1.007154149165043755e+00
1.007322624912657894e+00
1.007484436208933687e+00
1.007638776298559913e+00
1.007785074045816742e+00
1.007923069951485839e+00
1.008052862058093080e+00
1.008174913316200350e+00
1.008290019547755545e+00
1.008399244938660289e+00
1.008503837595638331e+00
1.008605139504276993e+00
1.008704503137468844e+00
1.008803222350072248e+00
1.008902480096832255e+00
1.009003311659540270e+00
1.009106580261510899e+00
1.009212962005363812e+00
1.009322938239123113e+00
1.009436794880735455e+00
1.009554629264280079e+00
1.009676365365328898e+00
1.009801777743529971e+00
1.009930523350307530e+00
1.010062178802169086e+00
1.010196279242311812e+00
1.010332353952046569e+00
1.010469953771848450e+00
1.010608666275418788e+00
1.010748116372483629e+00
1.010887952251575017e+00
1.011027818889092655e+00
1.011167323385796735e+00
1.011305997930425971e+00
1.011443267141266533e+00
1.011578426842231648e+00
1.011710640867558686e+00
1.011838961043014962e+00
1.011962372838675961e+00
1.012079865288562530e+00
1.012190518990043975e+00
1.012293601231878171e+00
1.012388653897470236e+00
1.012475559143757753e+00
1.012554570801311504e+00
1.012626305689207973e+00
1.012691697011421921e+00
1.012751919295714398e+00
1.012808298691751041e+00
1.012862222749060237e+00
1.012915060535960698e+00
1.012968098871363187e+00
1.013022495574901427e+00
1.013079247449999887e+00
1.013139169625777214e+00
1.013202883451640446e+00
1.013270811513871328e+00
1.013343179712874242e+00
1.013420027154237069e+00
1.013501224620160013e+00
1.013586501609028190e+00
1.013675480570532805e+00
1.013767715385782253e+00
1.013862729795313777e+00
1.013960050789315614e+00
1.014059232221057316e+00
1.014159865119606652e+00
1.014261573138743877e+00
1.014363993893557137e+00
1.014466749187767025e+00
1.014569409009472789e+00
1.014671455506124476e+00
1.014772253875298347e+00
1.014871037155701261e+00
1.014966911116057968e+00
1.015058883584296634e+00
1.015145919451518441e+00
1.015227018302807371e+00
1.015301306717494523e+00
1.015368132828497805e+00
1.015427148156426984e+00
1.015478362313016358e+00
1.015522160391501005e+00
1.015559279973471396e+00
1.015590752724560897e+00
1.015617822041510632e+00
1.015641851193699097e+00
1.015664235311378949e+00
1.015686326419863672e+00
1.015709375472773290e+00
1.015734490931019973e+00
1.015762610978404146e+00
1.015794486038179123e+00
1.015830669210555204e+00
1.015871513709203366e+00
1.015917177598656851e+00
1.015967636682968633e+00
1.016022706118863805e+00
1.016082070309369367e+00
1.016145319147446768e+00
1.016211987127954464e+00
1.016281590686272995e+00
1.016353658742033428e+00
1.016427752025711673e+00
1.016503468283427303e+00
1.016580432593973793e+00
1.016658274372973958e+00
1.016736594789248160e+00
1.016814930016099572e+00
1.016892716865173796e+00
1.016969267848001790e+00
1.017043762485444258e+00
1.017115260547371447e+00
1.017182740617426973e+00
1.017245163822160903e+00
1.017301557964200409e+00
1.017351112396053470e+00
1.017393270007086681e+00
1.017427801111557173e+00
1.017454845891859749e+00
1.017474917454768590e+00
1.017488865281345856e+00
1.017497806641368241e+00
1.017503038974418184e+00
1.017505947771359942e+00
1.017507922135432397e+00
1.017510285411998394e+00
1.017514243124462370e+00
1.017520846651912336e+00
1.017530969373952487e+00
1.017545292161297965e+00
1.017564296322242212e+00
1.017588263562804407e+00
1.017617283541245143e+00
1.017651269861095331e+00
1.017689984789722946e+00
1.017733071767665809e+00
1.017780093212679038e+00
1.017830569656246631e+00
1.017884015326959712e+00
1.017939965249816892e+00
1.017997989874795728e+00
1.018057695029704224e+00
1.018118707254598521e+00
1.018180646891270413e+00
1.018243093316446801e+00
1.018305548213010781e+00
1.018367403684417694e+00
1.018427922275807918e+00
1.018486235444478138e+00
1.018541365503564888e+00
1.018592273327335151e+00
1.018637930130360081e+00
1.018677406808845110e+00
1.018709969593464493e+00
1.018735167472922809e+00
1.018752896391799112e+00
1.018763428394301007e+00
1.018767400315718552e+00
1.018765764667631135e+00
1.018759712585652233e+00
1.018750582878589217e+00
1.018739771298834640e+00
1.018728650720569728e+00
1.018718507751323887e+00
1.018710496465430104e+00
1.018705606845876632e+00
1.018704644528116710e+00
1.018708219073441112e+00
1.018716739399290638e+00
1.018730416351855794e+00
1.018749273187077753e+00
1.018773164697138522e+00
1.018801804901593000e+00
1.018834801836385306e+00
1.018871696392405823e+00
1.018912000830712428e+00
1.018955231957496377e+00
1.019000934245364531e+00
1.019048689457177304e+00
1.019098111328524681e+00
1.019148826195849011e+00
1.019200442703239951e+00
1.019252515574596396e+00
1.019304509741377540e+00
1.019355771806521371e+00
1.019405515829090447e+00
1.019452829569962748e+00
1.019496705410958270e+00
1.019536096972037509e+00
1.019569998102700437e+00
1.019597535992617932e+00
1.019618065745240054e+00
1.019631251320232135e+00
1.019637118527718878e+00
1.019636070184096965e+00
1.019628860786417679e+00
1.019616536115034666e+00
1.019600349540690676e+00
1.019581669585353012e+00
1.019561891988796987e+00
1.019542365250136751e+00
1.019524333345208200e+00
1.019508894978994773e+00
1.019496976377761266e+00
1.019489314288355652e+00
1.019486446858373752e+00
1.019488711537820169e+00
1.019496250344515076e+00
1.019509023345203103e+00
1.019526830884976087e+00
1.019549344045909578e+00
1.019576141311947293e+00
1.019606747872009000e+00
1.019640672864008168e+00
1.019677439531774477e+00
1.019716603921660081e+00
1.019757759310536915e+00
1.019800525723869811e+00
1.019844526248982808e+00
1.019889353985465874e+00
1.019934535147369870e+00
1.019979494926074093e+00
1.020023533184206022e+00
1.020065816780639345e+00
1.020105394128955290e+00
1.020141235231342591e+00
1.020172296800594847e+00
1.020197607433342757e+00
1.020216362899335927e+00
1.020228017730415937e+00
1.020232357868478212e+00
1.020229541200261325e+00
1.020220098389308383e+00
1.020204894223590841e+00
1.020185057439020770e+00
1.020161892243646395e+00
1.020136786081461189e+00
1.020111125638349936e+00
1.020086228217073065e+00
1.020063290477172924e+00
1.020043352823571281e+00
1.020027276122843496e+00
1.020015727657964222e+00
1.020009174498939242e+00
1.020007883909793911e+00
1.020011931404648076e+00
1.020021217287137905e+00
1.020035491909612624e+00
1.020054388637696263e+00
1.020077461935426921e+00
1.020104226535281100e+00
1.020134192772023107e+00
1.020166893165940003e+00
1.020201896337683545e+00
1.020238806157945932e+00
1.020277246315481889e+00
1.020316832799574858e+00
1.020357138788741125e+00
1.020397657915453449e+00
1.020437772755667050e+00
1.020476735612689589e+00
1.020513668095714310e+00
1.020547584411808373e+00
1.020577440482269616e+00
1.020602206952750057e+00
1.020620959311685727e+00
1.020632973625594353e+00
1.020637813222298851e+00
1.020635391376609746e+00
1.020625998418922320e+00
1.020610288263884335e+00
1.020589227433754687e+00
1.020564016773431115e+00
1.020536000027722601e+00
1.020506573319406307e+00
1.020477105985137189e+00
1.020448878024434070e+00
1.020423034635822956e+00
1.020400555317071190e+00
1.020382234114595832e+00
1.020368668305027260e+00
1.020360254210482820e+00
1.020357190190143815e+00
1.020359487594169057e+00
1.020366990393557050e+00
1.020379403343909530e+00
1.020396327132732317e+00
1.020417297378129806e+00
1.020441823046418506e+00
1.020469419256291532e+00
1.020499629793736540e+00
1.020532035979520913e+00
1.020566250561773858e+00
1.020601897645618150e+00
1.020638581906507802e+00
1.020675852163699160e+00
1.020713165664184352e+00
1.020749860084577021e+00
1.020785140222358445e+00
1.020818085451479895e+00
1.020847682023764857e+00
1.020872881039367686e+00
1.020892678506667428e+00
1.020906208971701812e+00
1.020912839857924359e+00
1.020912251358714773e+00
1.020904487693455653e+00
1.020889970149641002e+00
1.020869469688696629e+00
1.020844044927421645e+00
1.020814957529491807e+00
1.020783579601719948e+00
1.020751306196026942e+00
1.020719481625885772e+00
1.020689343038038377e+00
1.020661980420703108e+00
1.020638309985218761e+00
1.020619057611309000e+00
1.020604750099329383e+00
1.020595713443251729e+00
1.020592078512853718e+00
1.020593795001730530e+00
1.020600654135695340e+00
1.020612319551455816e+00
1.020628364237026853e+00
1.020648309889359062e+00
1.020671663947889218e+00
1.020697949280825023e+00
1.020726722208232351e+00
1.020757576153104695e+00
1.020790130400741180e+00
1.020824005793064426e+00
1.020858791303809188e+00
1.020894007086125876e+00
1.020929070647317971e+00
1.020963273231954016e+00
1.020995773180888300e+00
1.021025611779688091e+00
1.021051754681790769e+00
1.021073158296135652e+00
1.021088855839214826e+00
1.021098052868225636e+00
1.021100218321738584e+00
1.021095155832450807e+00
1.021083042340770630e+00
1.021064426783856671e+00
1.021040189507229634e+00
1.021011470719752401e+00
1.020979581399130698e+00
1.020945911152312258e+00
1.020911844828199522e+00
1.020878694735800174e+00
1.020847650225987113e+00
1.020819742782477224e+00
1.020795823270870706e+00
1.020776548302566145e+00
1.020762373967002645e+00
1.020753556619065749e+00
1.020750161366551279e+00
1.020752079080628372e+00
1.020759052114242227e+00
1.020770707635662022e+00
1.020786595907905436e+00
1.020806229412020372e+00
1.020829117866474123e+00
1.020854794253157394e+00
1.020882828007165788e+00
1.020912823383849588e+00
1.020944403310403148e+00
1.020977181334122630e+00
1.021010726252848499e+00
1.021044525461892505e+00
1.021077953898418045e+00
1.021110255647843079e+00
1.021140544660280813e+00
1.021167829383026859e+00
1.021191063238702679e+00
1.021209218777819006e+00
1.021221378456728557e+00
1.021226830327223833e+00
1.021225153865243040e+00
1.021216281069614595e+00
1.021200521519241455e+00
1.021178546787392616e+00
1.021151337706573958e+00
1.021120104986123600e+00
1.021086197456088307e+00
1.021051011869515079e+00
1.021015914476111286e+00
1.020982179350042429e+00
1.020950943738904604e+00
1.020923177812798066e+00
1.020899665400770262e+00
1.020880993059869457e+00
1.020867546254932368e+00
1.020859512747860354e+00
1.020856893999384285e+00
1.020859525270386481e+00
1.020867104217893395e+00
1.020879226352568780e+00
1.020895424145396468e+00
1.020915205297519890e+00
1.020938085132571560e+00
1.020963608479998008e+00
1.020991357781275699e+00
1.021020946209308944e+00
1.021051996935853357e+00
1.021084111902359925e+00
1.021116835253609079e+00
1.021149617836804024e+00
1.021181789792346084e+00
1.021212548186454683e+00
1.021240965687729041e+00
1.021266024232193148e+00
1.021286674295887931e+00
1.021301915942000704e+00
1.021310892866775788e+00
1.021312986397855394e+00
1.021307894244350978e+00
1.021295679957169744e+00
1.021276783848192204e+00
1.021251993568726979e+00
1.021222380550804498e+00
1.021189214584359517e+00
1.021153871148511971e+00
1.021117744430007912e+00
1.021082174469561288e+00
1.021048391618348816e+00
1.021017477315122157e+00
1.020990338061571689e+00
1.020967689315114724e+00
1.020950047114872472e+00
1.020937726727238815e+00
1.020930848743246244e+00
1.020929353485842572e+00
1.020933024181101434e+00
1.020941518231359701e+00
1.020954404397520277e+00
1.020971202173134085e+00
1.020991418570299736e+00
1.021014577304875548e+00
1.021040236127353840e+00
1.021067989693067224e+00
1.021097457574084544e+00
1.021128259358837109e+00
1.021159980885423479e+00
1.021192137271946132e+00
1.021224139438786649e+00
1.021255271209044579e+00
1.021284683716200625e+00
1.021311412537971197e+00
1.021334420480630722e+00
1.021352665179056096e+00
1.021365185952248567e+00
1.021371199491704740e+00
1.021370190266173150e+00
1.021361980429900562e+00
1.021346766479629409e+00
1.021325115807916184e+00
1.021297924226803211e+00
1.021266343131225440e+00
1.021231689873648429e+00
1.021195355802120508e+00
1.021158723542352487e+00
1.021123100099803782e+00
1.021089667305724369e+00
1.021059447621405658e+00
1.021033281925808334e+00
1.021011816293340146e+00
1.020995496092287347e+00
1.020984567155854839e+00
1.020979084700432971e+00
1.020978930800249707e+00
1.020983840550228061e+00
1.020993435745766398e+00
1.021007263327486481e+00
1.021024834426135008e+00
1.021045659037826514e+00
1.021069271469779549e+00
1.021095242792239510e+00
1.021123178422072453e+00
1.021152701268609242e+00
1.021183423167645099e+00
1.021214909279384297e+00
1.021246641545094036e+00
1.021277988111318979e+00
1.021308185776719446e+00
1.021336341852571827e+00
1.021361460125671305e+00
1.021382492668616138e+00
1.021398415084976419e+00
1.021408317880384331e+00
1.021411502032383734e+00
1.021407563896223669e+00
1.021396454668859421e+00
1.021378503379493985e+00
1.021354399211485298e+00
1.021325137062933264e+00
1.021291937140062167e+00
1.021256152943308404e+00
1.021219181457630576e+00
1.021182385508351942e+00
1.021147032992722359e+00
1.021114253052223253e+00
1.021085006473180679e+00
1.021060066910462583e+00
1.021040010344446358e+00
1.021025211626122253e+00
1.021015848263706172e+00
1.021011912268515287e+00
1.021013230718622156e+00
1.021019494771460145e+00
1.021030295409770972e+00
1.021045162630388248e+00
1.021063603539622555e+00
1.021085134310366849e+00
1.021109301417479909e+00
1.021135688975992384e+00
1.021163911090970711e+00
1.021193590475780955e+00
1.021224326800548976e+00
1.021255660010063071e+00
1.021287035062744319e+00
1.021317775132103645e+00
1.021347070195767870e+00
1.021373986937236467e+00
1.021397503764088333e+00
1.021416571354858860e+00
1.021430194648254020e+00
1.021437527247393895e+00
1.021437965014693194e+00
1.021431223626164009e+00
1.021417386204372502e+00
1.021396912113724964e+00
1.021370605542488708e+00
1.021339550459232859e+00
1.021305024441559350e+00
1.021268406003934093e+00
1.021231088178924384e+00
1.021194406520621989e+00
1.021159584456452052e+00
1.021127694833146249e+00
1.021099634481492879e+00
1.021076108552334993e+00
1.021057622513627416e+00
1.021044481167063367e+00
1.021036795158369204e+00
1.021034495838719192e+00
1.021037358888936541e+00
1.021045035971834158e+00
1.021057092136333999e+00
1.021073045185233230e+00
1.021092402191241089e+00
1.021114688163085038e+00
1.021139462673430920e+00
1.021166321946556321e+00
1.021194886130329271e+00
1.021224773816623355e+00
1.021255567953839538e+00
1.021286778883947255e+00
1.021317811236211792e+00
1.021347941765672118e+00
1.021376314823453146e+00
1.021401960779525053e+00
1.021423840157552831e+00
1.021440912420432667e+00
1.021452223586894803e+00
1.021457002022303273e+00
1.021454748153784120e+00
1.021445302931438537e+00
1.021428882508675695e+00
1.021406072668421094e+00
1.021377784494497121e+00
1.021345180296730826e+00
1.021309583511894603e+00
1.021272386967561729e+00
1.021234970865025904e+00
1.021198636779190316e+00
1.021164558969514857e+00
1.021133750891366709e+00
1.021107043514864809e+00
1.021085072511139558e+00
1.021068272714208192e+00
1.021056879674325124e+00
1.021050939005056613e+00
1.021050324317253288e+00
1.021054763817030864e+00
1.021063874317512887e+00
1.021077199830615623e+00
1.021094250513553181e+00
1.021114536981380549e+00
1.021137595158656097e+00
1.021162997987021370e+00
1.021190352227354659e+00
1.021219280910114380e+00
1.021249394272028432e+00
1.021280253943017247e+00
1.021311336536070646e+00
1.021342003574195134e+00
1.021371484797021001e+00
1.021398881177730811e+00
1.021423192218034570e+00
1.021443369078226748e+00
1.021458390886963885e+00
1.021467356663586123e+00
1.021469580718386672e+00
1.021464676587694242e+00
1.021452614828989081e+00
1.021433743933861438e+00
1.021408770573443814e+00
1.021378703493277529e+00
1.021344772132947609e+00
1.021308334403502327e+00
1.021270787302891447e+00
1.021233490074280770e+00
1.021197704346350266e+00
1.021164551124067232e+00
1.021134981832409805e+00
1.021109760019984325e+00
1.021089451199729048e+00
1.021074419758063678e+00
1.021064833138762395e+00
1.021060674131782253e+00
1.021061761894888287e+00
1.021067781373984129e+00
1.021078319323945216e+00
1.021092903562529797e+00
1.021111040873400988e+00
1.021132248512296448e+00
1.021156074783947876e+00
1.021182105609002466e+00
1.021209956109018435e+00
1.021239248587531012e+00
1.021269580473763261e+00
1.021300487546032087e+00
1.021331408933129126e+00
1.021361660947826655e+00
1.021390426649614769e+00
1.021416766981460444e+00
1.021439657139826984e+00
1.021458048380346373e+00
1.021470950918653031e+00
1.021477528650277744e+00
1.021477192294205860e+00
1.021469675708774894e+00
1.021455081670817222e+00
1.021433888544483359e+00
1.021406916889195937e+00
1.021375262972095577e+00
1.021340211895997108e+00
1.021303144965950427e+00
1.021265453861539330e+00
1.021228469509535053e+00
1.021193408330337782e+00
1.021161334545331645e+00
1.021133135322491725e+00
1.021109505549625762e+00
1.021090940200150010e+00
1.021077733721083680e+00
1.021069986957200193e+00
1.021067622465801294e+00
1.021070408589513256e+00
1.021077991478790636e+00
1.021089932704436043e+00
1.021105748602865626e+00
1.021124946505975295e+00
1.021147052874767480e+00
1.021171629216524934e+00
1.021198273389326339e+00
1.021226606140871240e+00
1.021256245062914569e+00
1.021286770201008220e+00
1.021317687119034368e+00
1.021348394185807473e+00
1.021378161171227372e+00
1.021406125794155795e+00
1.021431313440779753e+00
1.021452682644941934e+00
1.021469195039867550e+00
1.021479903702394498e+00
1.021484049002562289e+00
1.021481147583357840e+00
1.021471059337710763e+00
1.021454020093579551e+00
1.021430633918656961e+00
1.021401826967746729e+00
1.021368772212142950e+00
1.021332798911599671e+00
1.021295301139858225e+00
1.021257656489285903e+00
1.021221160974521425e+00
1.021186981203942690e+00
1.021156121589524624e+00
1.021129403189111162e+00
1.021107451296772606e+00
1.021090690267328682e+00
1.021079345453360210e+00
1.021073452982341534e+00
1.021072878148862717e+00
1.021077342442654912e+00
1.021086457882595777e+00
1.021099765741873888e+00
1.021116775380426445e+00
1.021136998179874578e+00
1.021159971789886267e+00
1.021185271086133772e+00
1.021212504192797965e+00
1.021241294246068687e+00
1.021271249847893525e+00
1.021301929060226765e+00
1.021332803148549573e+00
1.021363227031943488e+00
1.021392423467391453e+00
1.021419487235528889e+00
1.021443413771024433e+00
1.021463153603345830e+00
1.021477689707847691e+00
1.021486129942970056e+00
1.021487802236774378e+00
1.021482337508376137e+00
1.021469725763116454e+00
1.021450334917519465e+00
1.021424888981738111e+00
1.021394410322103763e+00
1.021360137350346253e+00
1.021323432133579567e+00
1.021285691464561829e+00
1.021248270836854211e+00
1.021212425494851139e+00
1.021179268236112048e+00
1.021149741089269369e+00
1.021124597490801200e+00
1.021104392506508196e+00
1.021089480105045855e+00
1.021080017740885637e+00
1.021075979087103125e+00
1.021077175513084523e+00
1.021083285906432270e+00
1.021093892958062188e+00
1.021108522467226498e+00
1.021126681037003880e+00
1.021147887116050423e+00
1.021171690907971996e+00
1.021197680164148469e+00
1.021225471007963570e+00
1.021254685289134212e+00
1.021284918138155806e+00
1.021315701113960195e+00
1.021346467487871834e+00
1.021376526728630107e+00
1.021405055055051081e+00
1.021431107817548867e+00
1.021453657219722366e+00
1.021471655369581732e+00
1.021484118064728719e+00
1.021490219789043863e+00
1.021489386360984852e+00
1.021481369971836806e+00
1.021466293086781940e+00
1.021444652985112889e+00
1.021417286414872283e+00
1.021385301698666925e+00
1.021349991203750252e+00
1.021312738784288854e+00
1.021274934568264348e+00
1.021237904707873234e+00
1.021202858517636036e+00
1.021170851534580759e+00
1.021142761236010221e+00
1.021119272244390919e+00
1.021100869060160399e+00
1.021087835822230838e+00
1.021080263647913489e+00
1.021078066401455819e+00
1.021081005212445048e+00
1.021088720861084376e+00
1.021100771587533540e+00
1.021116672400383951e+00
1.021135931005826780e+00
1.021158075396879417e+00
1.021182669052934866e+00
1.021209311460739677e+00
1.021237623926389837e+00
1.021267222975948519e+00
1.021297685678938860e+00
1.021328512759527296e+00
1.021359096295918478e+00
1.021388699092696140e+00
1.021416452320637935e+00
1.021441376537564949e+00
1.021462428510058196e+00
1.021478572313806676e+00
1.021488868374380576e+00
1.021492569334781830e+00
1.021489208256958880e+00
1.021478664079935816e+00
1.021461192292739018e+00
1.021437415123561454e+00
1.021408273590250992e+00
1.021374951073934501e+00
1.021338782403230949e+00
1.021301162673512231e+00
1.021263466690759847e+00
1.021226984782361402e+00
1.021192875823121682e+00
1.021162135134264126e+00
1.021135573841145172e+00
1.021113806863438001e+00
1.021097248101792143e+00
1.021086112760230646e+00
1.021080427555096648e+00
1.021080049565096459e+00
1.021084693685141431e+00
1.021093967273956737e+00
1.021107409000179711e+00
1.021124527546350969e+00
1.021144835152562491e+00
1.021167871247316672e+00
1.021193212651248849e+00
1.021220468821976368e+00
1.021249262939161184e+00
1.021279201889037314e+00
1.021309840083441278e+00
1.021340643376440482e+00
1.021370960057102817e+00
1.021400005928863930e+00
1.021426869676343330e+00
1.021450542834769326e+00
1.021469975533194408e+00
1.021484154864880534e+00
1.021492197804756863e+00
1.021493446140118166e+00
1.021487548337614237e+00
1.021474513909309767e+00
1.021454730140455736e+00
1.021428938222629368e+00
1.021398173916344909e+00
1.021363684351058065e+00
1.021326835506112918e+00
1.021289023762547377e+00
1.021251600706878149e+00
1.021215815089997037e+00
1.021182771433020608e+00
1.021153402329970428e+00
1.021128451090835831e+00
1.021108462340980960e+00
1.021093779659617784e+00
1.021084550563954085e+00
1.021080739687310057e+00
1.021082150711470238e+00
1.021088456584604343e+00
1.021099236060738935e+00
1.021114013042736524e+00
1.021132294056003698e+00
1.021153598813229868e+00
1.021177479447872516e+00
1.021203525530562706e+00
1.021231354136840963e+00
1.021260586585074570e+00
1.021290815616716197e+00
1.021321568486430742e+00
1.021352272548229134e+00
1.021382230411016945e+00
1.021410611497120202e+00
1.021436465678281724e+00
1.021458762348792959e+00
1.021476454709533188e+00
1.021488564411070055e+00
1.021494276789422173e+00
1.021493032976604542e+00
1.021484603623549425e+00
1.021469130900258815e+00
1.021447130906156131e+00
1.021419456392217207e+00
1.021387227496575401e+00
1.021351743597796791e+00
1.021314390867515076e+00
1.021276557693138853e+00
1.021239565312605624e+00
1.021204615839917507e+00
1.021172756068966958e+00
1.021144853754607729e+00
1.021121583243728370e+00
1.021103418573663824e+00
1.021090633606651643e+00
1.021083309787758076e+00
1.021081352367914308e+00
1.021084515365303869e+00
1.021092434306469787e+00
1.021104664221427205e+00
1.021120718901678659e+00
1.021140106514825563e+00
1.021162356638111390e+00
1.021187034734013732e+00
1.021213741887651238e+00
1.021242099898389544e+00
1.021271724138700154e+00
1.021302188607653427e+00
1.021332989107536671e+00
1.021363511375580346e+00
1.021393011250673721e+00
1.021420613419249390e+00
1.021445333745375050e+00
1.021466127429755177e+00
1.021481961241295089e+00
1.021491903223743059e+00
1.021495218541071281e+00
1.021491456858919511e+00
1.021480516250409476e+00
1.021462671841127268e+00
1.021438563889426554e+00
1.021409148067150108e+00
1.021375617916644440e+00
1.021339313586893560e+00
1.021301630976726660e+00
1.021263941933623798e+00
1.021227530973749076e+00
1.021193549155784641e+00
1.021162982659498564e+00
1.021136632651053144e+00
1.021115103669070656e+00
1.021098799173284499e+00
1.021087924254399315e+00
1.021082496276909168e+00
1.021082364186810754e+00
1.021087236387302699e+00
1.021096715691642842e+00
1.021110338278110596e+00
1.021127612251597094e+00
1.021148050782784145e+00
1.021171195113761199e+00
1.021196624003298581e+00
1.021223948196279707e+00
1.021252790838804714e+00
1.021282757007106134e+00
1.021313397368595499e+00
1.021344172290760577e+00
1.021374423395878361e+00
1.021403359552508716e+00
1.021430063435310842e+00
1.021453522836870631e+00
1.021472687704852778e+00
1.021486549509559305e+00
1.021494234607131180e+00
1.021495098872741591e+00
1.021488808473139276e+00
1.021475392475476029e+00
1.021455257469724431e+00
1.021429161666865593e+00
1.021398153993961833e+00
1.021363490045441358e+00
1.021326539472134920e+00
1.021288698039894083e+00
1.021251313272500294e+00
1.021215627317703101e+00
1.021182736348216658e+00
1.021153563479815007e+00
1.021128841874130888e+00
1.021109105713537524e+00
1.021094688205488765e+00
1.021085726970261787e+00
1.021082177665982416e+00
1.021083836374354181e+00
1.021090370209181364e+00
1.021101354100491410e+00
1.021116310162554663e+00
1.021134744931865956e+00
1.021156179442649803e+00
1.021180167776488679e+00
1.021206301300301655e+00
1.021234197982053171e+00
1.021263478522634882e+00
1.021293733176929841e+00
1.021324484804436494e+00
1.021355154776926621e+00
1.021385038823236613e+00
1.021413299609250203e+00
1.021438981637703414e+00
1.021461051672408304e+00
1.021478464241957207e+00
1.021490247114004823e+00
1.021495596732366673e+00
1.021493969747660380e+00
1.021485155387974020e+00
1.021469315536293943e+00
1.021446985010755037e+00
1.021419032375733504e+00
1.021386589343691975e+00
1.021350962052102407e+00
1.021313538760037165e+00
1.021275705926710797e+00
1.021238779736254099e+00
1.021203955005904884e+00
1.021172269724186954e+00
1.021144581886622493e+00
1.021121555547876758e+00
1.021103654284693407e+00
