1.000603444564682754e+00
1.000676397895443159e+00
1.000794741063404159e+00
1.000931934361874331e+00
1.001083541376399655e+00
1.001248944683522435e+00
1.001424648989806432e+00
1.001606404746123946e+00
1.001789548758443837e+00
1.001968709600304930e+00
1.002143496299684244e+00
1.002320491877943809e+00
1.002504930360579749e+00
1.002695606594045330e+00
1.002888586097995249e+00
1.003079186691198110e+00
1.003262217653407173e+00
1.003437681203151133e+00
1.003613084003802225e+00
1.003794873287723766e+00
1.003982456001384582e+00
1.004171749727766905e+00
1.004357792627837309e+00
1.004535179734252104e+00
1.004703683098841172e+00
1.004871006107735276e+00
1.005044309304193861e+00
1.005223485933015803e+00
1.005404398644869524e+00
1.005581912339340356e+00
1.005750419451802991e+00
1.005909324355163115e+00
1.006066284442797887e+00
1.006228991702816877e+00
1.006397800357838879e+00
1.006568587765230172e+00
1.006736123458003007e+00
1.006894638621098625e+00
1.007043124323789174e+00
1.007189059640432927e+00
1.007340559751894293e+00
1.007498431521840043e+00
1.007658615324809492e+00
1.007815837108586354e+00
1.007964205902559751e+00
1.008102284497424117e+00
1.008237286051795412e+00
1.008377671780683826e+00
1.008524699147521630e+00
1.008674406941528989e+00
1.008821511147039995e+00
1.008960031613593600e+00
1.009088103133546799e+00
1.009212610993320602e+00
1.009342302975350325e+00
1.009478888476555536e+00
1.009618532179248351e+00
1.009755961115350154e+00
1.009885132905979255e+00
1.010003763553215306e+00
1.010118364932499846e+00
1.010237922463991467e+00
1.010364600471804986e+00
1.010494712434291564e+00
1.010623009178338583e+00
1.010743408054042947e+00
1.010853220958029652e+00
1.010958551567768593e+00
1.011068579870582074e+00
1.011185928405278212e+00
1.011307079966018652e+00
1.011426816944922091e+00
1.011539034523259328e+00
1.011640658612232624e+00
1.011737357107393986e+00
1.011838464359153811e+00
1.011947063655040946e+00
1.012059826549388752e+00
1.012171572061745239e+00
1.012276188380509812e+00
1.012370235776581362e+00
1.012458923901790708e+00
1.012551702411057963e+00
1.012652116404784364e+00
1.012757045255102017e+00
1.012861348397463335e+00
1.012958919919701550e+00
1.013045976297303419e+00
1.013127250480129415e+00
1.013212268670040439e+00
1.013305036936561709e+00
1.013402661444993802e+00
1.013500045411373840e+00
1.013591099831799180e+00
1.013671720267544263e+00
1.013746147958108690e+00
1.013823946884252258e+00
1.013909581088375589e+00
1.014000402511673116e+00
1.014091361583643103e+00
1.014176395573948231e+00
1.014251102714334829e+00
1.014319220713584269e+00
1.014390312526090021e+00
1.014469294888468154e+00
1.014553784485299648e+00
1.014638782755986179e+00
1.014718261119513798e+00
1.014787544496067007e+00
1.014849858299167185e+00
1.014914725721222766e+00
1.014987508562828822e+00
1.015066107123471006e+00
1.015145578206847254e+00
1.015219933885474379e+00
1.015284249980926923e+00
1.015341233816567268e+00
1.015400330319646161e+00
1.015467336336118187e+00
1.015540454442805274e+00
1.015614801861508099e+00
1.015684436559509241e+00
1.015744209449191082e+00
1.015796306861357134e+00
1.015850057372669646e+00
1.015911680452495469e+00
1.015979699275145087e+00
1.016049297342690672e+00
1.016114582605464722e+00
1.016170205029585327e+00
1.016217829861117306e+00
1.016266631854272573e+00
1.016323238282032415e+00
1.016386510747661731e+00
1.016451705788003146e+00
1.016512984386042540e+00
1.016564819109296636e+00
1.016608356744854058e+00
1.016652581568238567e+00
1.016704511465573058e+00
1.016763363657135599e+00
1.016824475423242280e+00
1.016882062908883944e+00
1.016930444240542908e+00
1.016970252985776701e+00
1.017010247306096460e+00
1.017057816189324004e+00
1.017112548858251309e+00
1.017169872041192136e+00
1.017224058376380746e+00
1.017269293756188242e+00
1.017305706264336917e+00
1.017341793538863115e+00
1.017385293908578792e+00
1.017436184021209167e+00
1.017489989776508175e+00
1.017541040964780708e+00
1.017583412555135292e+00
1.017616737248012493e+00
1.017649219174983521e+00
1.017688922087951031e+00
1.017736224359377495e+00
1.017786761808916474e+00
1.017834921494673139e+00
1.017874687748034024e+00
1.017905210206047517e+00
1.017934368129742140e+00
1.017970524729443493e+00
1.018014473122748509e+00
1.018061970812969452e+00
1.018107461831383675e+00
1.018144859020012394e+00
1.018172843332585842e+00
1.018198939595543751e+00
1.018231782593001178e+00
1.018272591776139713e+00
1.018317259086096938e+00
1.018360284957927187e+00
1.018395528661889982e+00
1.018421218737067369e+00
1.018444497978707730e+00
1.018474243081696429e+00
1.018512109840356894e+00
1.018554138338496617e+00
1.018594884708125647e+00
1.018628171260018478e+00
1.018651792093464570e+00
1.018672482495424081e+00
1.018699329785214047e+00
1.018734434391053600e+00
1.018773999140455633e+00
1.018812635155770696e+00
1.018844143039956185e+00
1.018865901942269003e+00
1.018884216419337019e+00
1.018908351672769275e+00
1.018940859205226479e+00
1.018978120016019506e+00
1.019014799647645297e+00
1.019044690850265056e+00
1.019064778629682699e+00
1.019080915963395118e+00
1.019102511916398335e+00
1.019132573534760944e+00
1.019167676161171432e+00
1.019202539457508383e+00
1.019230960762375737e+00
1.019249552858723984e+00
1.019263698769549364e+00
1.019282916317135079e+00
1.019310670478562386e+00
1.019343747757355256e+00
1.019376922031481225e+00
1.019404006256605211e+00
1.019421263822007262e+00
1.019433591975856590e+00
1.019450581303473324e+00
1.019476154922473343e+00
1.019507327849543010e+00
1.019538928794339050e+00
1.019564795964243764e+00
1.019580866886567128e+00
1.019591539831934401e+00
1.019606441473610126e+00
1.019629951018933944e+00
1.019659329761381183e+00
1.019689462490073195e+00
1.019714220939998750e+00
1.019729240805961279e+00
1.019738410839058584e+00
1.019751356658796793e+00
1.019772909184577081e+00
1.019800594026514684e+00
1.019829354036929203e+00
1.019853101446182908e+00
1.019867194442222846e+00
1.019875004398752338e+00
1.019886118492890681e+00
1.019905812601899608e+00
1.019931894823279173e+00
1.019959368885314799e+00
1.019982193238299306e+00
1.019995472988537655e+00
1.020002056962065140e+00
1.020011456481593637e+00
1.020029383219601460e+00
1.020053945908402593e+00
1.020080212875393855e+00
1.020102193350042707e+00
1.020114763691837512e+00
1.020120247679995318e+00
1.020128043573103049e+00
1.020144287254364679e+00
1.020167406053488435e+00
1.020192537599217797e+00
1.020213745383703685e+00
1.020225701082353886e+00
1.020230203563256222e+00
1.020236501239541571e+00
1.020251140204436080e+00
1.020272883995536173e+00
1.020296945279620227e+00
1.020317444319184919e+00
1.020328871724271336e+00
1.020332504166561183e+00
1.020337404085410959e+00
1.020350511392130954e+00
1.020370942919409885e+00
1.020393993184631309e+00
1.020413840861257970e+00
1.020424818507884579e+00
1.020427685818698471e+00
1.020431284005275385e+00
1.020442928058246990e+00
1.020462104495909239e+00
1.020484197601752463e+00
1.020503445350115168e+00
1.020514044508933349e+00
1.020516245424786028e+00
1.020518633917839812e+00
1.020528879036184167e+00
1.020546852503759538e+00
1.020568037400961803e+00
1.020586731264645497e+00
1.020597016444975802e+00
1.020598643871073907e+00
1.020599911107405333e+00
1.020608818037235910e+00
1.020625636067357123e+00
1.020645957218658584e+00
1.020664138351024874e+00
1.020674167761657758e+00
1.020675309065475211e+00
1.020675540206282816e+00
1.020683166580952372e+00
1.020698872544375746e+00
1.020718370296864297e+00
1.020736075411166066e+00
1.020745901383483645e+00
1.020746638648541316e+00
1.020745915853122687e+00
1.020752316605677334e+00
1.020766950098372483e+00
1.020785661012866496e+00
1.020802922786262057e+00
1.020812592164238808e+00
1.020813002409967751e+00
1.020811405062276300e+00
1.020816632794363521e+00
1.020830229991387395e+00
1.020848187134194118e+00
1.020865034570230589e+00
1.020874589071624872e+00
1.020874744444955295e+00
1.020872349338403984e+00
1.020876454649734644e+00
1.020889048630356788e+00
1.020906281832506313e+00
1.020922740586439836e+00
1.020932217139132403e+00
1.020932185083087251e+00
1.020929066568746046e+00
1.020932098350945783e+00
1.020943719399138860e+00
1.020960255487868285e+00
1.020976348158887159e+00
1.020985779215890510e+00
1.020985622620004252e+00
1.020981852723001015e+00
1.020983858421349755e+00
1.020994534305326829e+00
1.021010397312179352e+00
1.021026143706252221e+00
1.021035557542430805e+00
1.021035334879290879e+00
1.021030983387822388e+00
1.021032009233995286e+00
1.021041765468006624e+00
1.021056976817467321e+00
1.021072394184155741e+00
1.021081815177195651e+00
1.021081580628864449e+00
1.021076715159804360e+00
1.021076806378326207e+00
1.021085666469434106e+00
1.021100245151561614e+00
1.021115348397746869e+00
1.021124797295434483e+00
1.021124600872952870e+00
1.021119286917610669e+00
1.021118487908345696e+00
1.021126473590410200e+00
1.021140436320473466e+00
1.021155238203580451e+00
1.021164732378988749e+00
1.021164620037644966e+00
1.021158920990823393e+00
1.021157275489451344e+00
1.021164406946104997e+00
1.021177768313795919e+00
1.021192279616752296e+00
1.021201833312525897e+00
1.021201847065079882e+00
1.021195824240197947e+00
1.021193375458309571e+00
1.021199671536268783e+00
1.021212444146667675e+00
1.021226673836532317e+00
1.021236298399108122e+00
1.021236476428713846e+00
1.021230189061423488e+00
1.021226979807578594e+00
1.021232458221277284e+00
1.021244652829384592e+00
1.021258608201311313e+00
1.021268312305612325e+00
1.021268689079783965e+00
1.021262194322216876e+00
1.021258267105087381e+00
1.021262944633270386e+00
1.021274570273602134e+00
1.021288257081590212e+00
1.021298046946490068e+00
1.021298653333110096e+00
1.021292006240630545e+00
1.021287403355161327e+00
1.021291296029817275e+00
1.021302360142281040e+00
1.021315782717972409e+00
1.021325662312642102e+00
1.021326525698704302e+00
1.021319779210834167e+00
1.021314542808222647e+00
1.021317666095985288e+00
1.021328174649018816e+00
1.021341336009665479e+00
1.021351307250774276e+00
1.021352451664299776e+00
1.021345656581302830e+00
1.021339828723493381e+00
1.021342197699470322e+00
1.021352155311214371e+00
1.021365057257819675e+00
1.021375120197474340e+00
1.021376566432814936e+00
1.021369771389269987e+00
1.021363394088607102e+00
1.021365023602430533e+00
1.021374433660540593e+00
1.021387076867093846e+00
1.021397229871340295e+00
1.021398995617902372e+00
1.021392247054482061e+00
1.021385362299118915e+00
1.021386267132915027e+00
1.021395131913466425e+00
1.021407516008122851e+00
1.021417755925816184e+00
1.021419855900082219e+00
1.021413198034634151e+00
1.021405847800294975e+00
1.021406042818182369e+00
1.021414363603996733e+00
1.021426487243006775e+00
1.021436809564860937e+00
1.021439255645454569e+00
1.021432730444404413e+00
1.021424956693102626e+00
1.021424456981778528e+00
1.021432234180394971e+00
1.021444095115559891e+00
1.021454494123203105e+00
1.021457295488647166e+00
1.021450942639651860e+00
1.021442787305987920e+00
1.021441608305937443e+00
1.021448841567362376e+00
1.021460436707751995e+00
1.021470905612672064e+00
1.021474068881390806e+00
1.021467925768108298e+00
1.021459430733813178e+00
1.021457588360666691e+00
1.021464276694953766e+00
1.021475602163616436e+00
1.021486133235921967e+00
1.021489662607985682e+00
1.021483764287751672e+00
1.021474971345171845e+00
1.021472482100755474e+00
1.021478623995399460e+00
1.021489675181773471e+00
1.021500259868762139e+00
1.021504157268806168e+00
1.021498536453953720e+00
1.021489487259236606e+00
1.021486368331875561e+00
1.021491961868941978e+00
1.021502733477660296e+00
1.021513362512258993e+00
1.021517627732980271e+00
1.021512314776466201e+00
1.021503050793232337e+00
1.021499320146929124e+00
1.021504363119785541e+00
1.021514849216555554e+00
1.021525512715757422e+00
1.021530143561362403e+00
1.021525166447304844e+00
1.021515728881662088e+00
1.021511405333799027e+00
1.021515895363267479e+00
1.021526089418481220e+00
1.021536776971988747e+00
1.021541769400945432e+00
1.021537153740611270e+00
1.021527583468396783e+00
1.021522686755694131e+00
1.021526621405387525e+00
1.021536516336109202e+00
1.021547217085447379e+00
1.021552565351898201e+00
1.021548334385606882e+00
1.021538671872794346e+00
1.021533222705307775e+00
1.021536599595879169e+00
1.021546187806820161e+00
1.021556890515263216e+00
1.021562587308447068e+00
1.021558761913794022e+00
1.021549047131030896e+00
1.021543067234053082e+00
1.021545884156036976e+00
1.021555157580105622e+00
1.021565850693810784e+00
1.021571887274868917e+00
1.021568485981586116e+00
1.021558758313866111e+00
1.021552270457663836e+00
1.021554525482557318e+00
1.021563475621536377e+00
1.021574147322342530e+00
1.021580513657884604e+00
1.021577552669592048e+00
1.021567850822083123e+00
1.021560878839483211e+00
1.021562570428667716e+00
1.021571188394533092e+00
1.021581826644929913e+00
1.021588511536779320e+00
1.021586004759790889e+00
1.021576366660855939e+00
1.021568935452767057e+00
1.021570062563851078e+00
1.021578339121198997e+00
1.021588931702016145e+00
1.021595922912576615e+00
1.021593881991845976e+00
1.021584344694302482e+00
1.021576480223334915e+00
1.021577042413454040e+00
1.021584968023464768e+00
1.021595502564868863e+00
1.021602786937596541e+00
1.021601221299812901e+00
1.021591820881468937e+00
1.021583550153886133e+00
1.021583547679481230e+00
1.021591112545787272e+00
1.021601576552205959e+00
1.021609140126718662e+00
1.021608057030465755e+00
1.021598828494964195e+00
1.021590179531277176e+00
1.021589613443843803e+00
1.021596807560621656e+00
1.021607188430239788e+00
1.021615016551637334e+00
1.021614421144460882e+00
1.021605398323441882e+00
1.021596400118015779e+00
1.021595272355303230e+00
1.021602085557850925e+00
1.021612370597340558e+00
1.021620448019371796e+00
1.021620343401510089e+00
1.021611558859067737e+00
1.021602241329186311e+00
1.021600554801314731e+00
1.021606976819314561e+00
1.021617153254473553e+00
1.021625464236236791e+00
1.021625851530699514e+00
1.021617336471078774e+00
1.021607730395963198e+00
1.021605489065924521e+00
1.021611509579530619e+00
1.021621564562512630e+00
1.021630092958440539e+00
1.021630971387037956e+00
1.021622755566469198e+00
1.021612892516813087e+00
1.021610101474819565e+00
1.021615710173655156e+00
1.021625630787469596e+00
1.021634360130402985e+00
1.021635727095270063e+00
1.021627838738785599e+00
1.021617750997418472e+00
1.021614416528582758e+00
1.021619603173654856e+00
1.021629376434615155e+00
1.021638290011845029e+00
1.021640141181932915e+00
1.021632606905950702e+00
1.021622327380291351e+00
1.021618457025133431e+00
1.021623211513623897e+00
1.021632824372407988e+00
1.021641905294617736e+00
1.021644234696569953e+00
1.021637079437970552e+00
1.021626641564983728e+00
1.021622244172286198e+00
1.021626556605109482e+00
1.021635995947079323e+00
1.021645227210183471e+00
1.021648027322975327e+00
1.021641274275316258e+00
1.021630711919721435e+00
1.021625797691294579e+00
1.021629658443249156e+00
1.021638911088657231e+00
1.021648275628601166e+00
1.021651537481263805e+00
1.021645208038715280e+00
1.021634555385234844e+00
1.021629135912186959e+00
1.021632535704471989e+00
1.021641588409154977e+00
1.021651069149789093e+00
1.021654782421524299e+00
1.021648896131016837e+00
1.021638187571496381e+00
1.021632275861651618e+00
1.021635205836457727e+00
1.021644045293586434e+00
1.021653625187795011e+00
1.021657778309752906e+00
1.021652352831755373e+00
1.021641622847995201e+00
1.021635233344163840e+00
1.021637685140993401e+00
1.021646297984411200e+00
1.021655960048721390e+00
1.021660540306708942e+00
1.021655591384965200e+00
1.021644874428153216e+00
1.021638023017001906e+00
1.021639988850315373e+00
1.021648361659961424e+00
1.021658089002920544e+00
1.021663082640295706e+00
1.021658624080765687e+00
1.021647954448396067e+00
1.021640658459740170e+00
1.021642131197482595e+00
1.021650250507349478e+00
1.021660026351991268e+00
1.021665418672016212e+00
1.021661462331171499e+00
1.021650874042363100e+00
1.021643152238763896e+00
1.021644125481271148e+00
1.021651977790305477e+00
1.021661785491081442e+00
1.021667560958013254e+00
1.021664116740557349e+00
1.021653643410685319e+00
1.021645515967299023e+00
1.021645984126046791e+00
1.021653555912345634e+00
1.021663378966932711e+00
1.021669521305156536e+00
1.021666597171148938e+00
1.021656271886707934e+00
1.021647760361407586e+00
1.021647718737024313e+00
1.021654996475636068e+00
1.021664818532066477e+00
1.021671310822616530e+00
1.021668912803886275e+00
1.021658767998492312e+00
1.021649895292349619e+00
1.021649340151289609e+00
1.021656310335871565e+00
1.021666115195460689e+00
1.021672939969304306e+00
1.021671072194963781e+00
1.021661139527397566e+00
1.021651929835680761e+00
1.021650858484924429e+00
1.021657507653453756e+00
1.021667279270029205e+00
1.021674418597547040e+00
1.021673083328324960e+00
1.021663393563493560e+00
1.021653872317409339e+00
1.021652283176537779e+00
1.021658597941221380e+00
1.021668320417179476e+00
1.021675755993320722e+00
1.021674953664359009e+00
1.021665536558028498e+00
1.021655730357497793e+00
1.021653623027488411e+00
1.021659590108955573e+00
1.021669247688683946e+00
1.021676960913341148e+00
1.021676690185020941e+00
1.021667574373146259e+00
1.021657510910972455e+00
1.021654886239046878e+00
1.021660492504856688e+00
1.021670069566077643e+00
1.021678041619284549e+00
1.021678299435581749e+00
1.021669512329010043e+00
1.021659220306859295e+00
1.021656080446731174e+00
1.021661312954165179e+00
1.021670793997757842e+00
1.021679005909384763e+00
1.021679787563185116e+00
1.021671355248473967e+00
1.021660864285148351e+00
1.021657212752029587e+00
1.021662058795084871e+00
1.021671428433951423e+00
1.021679861147636093e+00
1.021681160352384321e+00
1.021673107499419197e+00
1.021662448031959602e+00
1.021658289751703697e+00
1.021662736912150038e+00
1.021671979859678725e+00
1.021680614290805256e+00
1.021682423257813666e+00
1.021674773034852990e+00
1.021663976213062597e+00
1.021659317564857616e+00
1.021663353767156224e+00
1.021672454825838461e+00
1.021681271913444267e+00
1.021683581434138066e+00
1.021676355430855221e+00
1.021665453005886848e+00
1.021660301857948205e+00
1.021663915427784897e+00
1.021672859478517603e+00
1.021681840231077665e+00
1.021684639763424496e+00
1.021677857922446142e+00
1.021666882130137122e+00
1.021661247867897249e+00
1.021664427594022539e+00
1.021673199586619285e+00
1.021682325121724189e+00
1.021685602880066490e+00
1.021679283437437080e+00
1.021668266877126197e+00
1.021662160423467913e+00
1.021664895622486968e+00
1.021673480567892422e+00
1.021682732145902772e+00
1.021686475193393617e+00
1.021680634628323592e+00
1.021669610137913242e+00
1.021663043965055362e+00
1.021665324548760356e+00
1.021673707513435669e+00
1.021683066565259201e+00
1.021687260908094697e+00
1.021681913902270145e+00
1.021670914430335309e+00
1.021663902563040072e+00
1.021665719107829995e+00
1.021673885210750754e+00
1.021683333359937551e+00
1.021687964042585772e+00
1.021683123449238950e+00
1.021672181925007639e+00
1.021664739934848409e+00
1.021666083752734266e+00
1.021674018165396713e+00
1.021683537244821194e+00
1.021688588445444079e+00
1.021684265268304248e+00
1.021673414470357422e+00
1.021665559460856132e+00
1.021666422671511976e+00
1.021674110621315190e+00
1.021683682684741523e+00
1.021689137810043446e+00
1.021685341192202223e+00
1.021674613616755822e+00
1.021666364199268928e+00
1.021666739802546742e+00
1.021674166579868981e+00
1.021683773908761417e+00
1.021689615687511932e+00
1.021686352910156081e+00
1.021675780639793363e+00
1.021667156900106566e+00
1.021667038848403930e+00
1.021674189817645351e+00
1.021683814923616485e+00
1.021690025498138921e+00
1.021687301989024022e+00
1.021676916562751725e+00
1.021667940018408327e+00
1.021667323288248275e+00
1.021674183903073185e+00
1.021683809526400033e+00
1.021690370541355808e+00
1.021688189892809628e+00
1.021678022178301726e+00
1.021668715726771204e+00
1.021667596388934562e+00
1.021674152211883069e+00
1.021683761316557693e+00
1.021690654004416388e+00
1.021689018000579097e+00
1.021679098069464331e+00
1.021669485927328536e+00
1.021667861214855755e+00
1.021674097941458914e+00
1.021683673707261875e+00
1.021690878969888416e+00
1.021689787622829915e+00
1.021680144629852460e+00
1.021670252263254586e+00
1.021668120636640698e+00
1.021674024124104241e+00
1.021683549936212465e+00
1.021691048422081360e+00
1.021690500016350978e+00
1.021681162083210914e+00
1.021671016129888532e+00
1.021668377338776024e+00
1.021673933639261067e+00
1.021683393075917490e+00
1.021691165252515576e+00
1.021691156397621869e+00
1.021682150502269737e+00
1.021671778685551146e+00
1.021668633826246397e+00
1.021673829224706953e+00
1.021683206043490610e+00
1.021691232264548166e+00
1.021691757954794610e+00
1.021683109826904357e+00
1.021672540862119449e+00
1.021668892430267039e+00
1.021673713486758839e+00
1.021682991609999869e+00
1.021691252177255205e+00
1.021692305858304062e+00
1.021684039881614270e+00
1.021673303375423059e+00
1.021669155313195354e+00
1.021673588909512320e+00
1.021682752409396322e+00
1.021691227628670928e+00
1.021692801270158935e+00
1.021684940392305840e+00
1.021674066735513087e+00
1.021669424472704257e+00
1.021673457863146783e+00
1.021682490947044553e+00
1.021691161178481355e+00
1.021693245351960488e+00
1.021685811002378541e+00
1.021674831256847327e+00
1.021669701745302028e+00
1.021673322611321488e+00
1.021682209607878589e+00
1.021691055310261609e+00
1.021693639271709531e+00
1.021686651288101544e+00
1.021675597068433916e+00
1.021669988809276841e+00
1.021673185317701460e+00
1.021681910664194337e+00
1.021690912433339982e+00
1.021693984209454342e+00
1.021687460773272660e+00
1.021676364123965897e+00
1.021670287187164572e+00
1.021673048051643606e+00
1.021681596283097404e+00
1.021690734884376450e+00
1.021694281361845036e+00
1.021688238943147420e+00
1.021677132211974204e+00
1.021670598247814254e+00
1.021672912793080368e+00
1.021681268533616294e+00
1.021690524928718702e+00
1.021694531945658735e+00
1.021688985257628968e+00
1.021677900966027508e+00
1.021670923208145787e+00
1.021672781436640420e+00
1.021680929393486981e+00
1.021690284761620493e+00
1.021694737200363967e+00
1.021689699163708998e+00
1.021678669874992229e+00
1.021671263134682039e+00
1.021672655795048401e+00
1.021680580755620849e+00
1.021690016509369858e+00
1.021694898389795103e+00
1.021690380107148410e+00
1.021679438293369380e+00
1.021671618944941740e+00
1.021672537601844510e+00
1.021680224434255990e+00
1.021689722230393560e+00
1.021695016803012335e+00
1.021691027543394359e+00
1.021680205451718004e+00
1.021671991408773295e+00
1.021672428513465958e+00
1.021679862170795428e+00
1.021689403916382632e+00
1.021695093754420913e+00
1.021691640947720359e+00
1.021680970467164995e+00
1.021672381149706599e+00
1.021672330110737548e+00
1.021679495639330248e+00
1.021689063493482319e+00
1.021695130583226030e+00
1.021692219824588799e+00
1.021681732354000172e+00
1.021672788646395436e+00
1.021672243899807153e+00
1.021679126451844777e+00
1.021688702823577266e+00
1.021695128652299722e+00
1.021692763716226082e+00
1.021682490034347746e+00
1.021673214234211091e+00
1.021672171312576261e+00
1.021678756163092672e+00
1.021688323705700618e+00
1.021695089346532637e+00
1.021693272210407510e+00
1.021683242348895071e+00
1.021673658107050908e+00
1.021672113706657115e+00
1.021678386275140404e+00
1.021687927877583224e+00
1.021695014070747254e+00
1.021693744947448135e+00
1.021683988067660032e+00
1.021674120319407297e+00
1.021672072364903538e+00
1.021678018241556574e+00
1.021687517017353386e+00
1.021694904247237634e+00
1.021694181626395359e+00
1.021684725900769086e+00
1.021674600788738729e+00
1.021672048494550955e+00
1.021677653471242619e+00
1.021687092745391823e+00
1.021694761313013178e+00
1.021694582010423957e+00
1.021685454509206448e+00
1.021675099298179124e+00
1.021672043226005133e+00
1.021677293331883174e+00
1.021686656626337397e+00
1.021694586716801689e+00
1.021694945931430620e+00
1.021686172515505753e+00
1.021675615499607837e+00
1.021672057611316742e+00
1.021676939153002506e+00
1.021686210171236953e+00
1.021694381915881689e+00
1.021695273293839135e+00
1.021686878514331376e+00
1.021676148917103566e+00
1.021672092622388117e+00
1.021676592228614400e+00
1.021685754839825933e+00
1.021694148372799482e+00
1.021695564077614637e+00
1.021687571082915635e+00
1.021676698950792161e+00
1.021672149148943998e+00
1.021676253819454150e+00
1.021685292042926019e+00
1.021693887552030500e+00
1.021695818340502937e+00
1.021688248791296605e+00
1.021677264881098557e+00
1.021672227996322624e+00
1.021675925154778453e+00
1.021684823144940690e+00
1.021693600916631972e+00
1.021696036219510439e+00
1.021688910212313228e+00
1.021677845873401047e+00
1.021672329883124952e+00
1.021675607433734978e+00
1.021684349466425612e+00
1.021693289924947345e+00
1.021696217931644224e+00
1.021689553931313998e+00
1.021678440983095459e+00
1.021672455438776828e+00
1.021675301826295845e+00
1.021683872286723194e+00
1.021692956027399735e+00
1.021696363773940464e+00
1.021690178555530792e+00
1.021679049161059449e+00
1.021672605201056072e+00
1.021675009473756779e+00
1.021683392846626903e+00
1.021692600663421935e+00
1.021696474122812948e+00
1.021690782723075674e+00
1.021679669259509593e+00
1.021672779613640225e+00
1.021674731488814825e+00
1.021682912351066452e+00
1.021692225258564513e+00
1.021696549432755674e+00
1.021691365111524696e+00
1.021680300038245504e+00
1.021672979023732664e+00
