1.000603444564682754e+00
1.000677434095640361e+00
1.000799925323937245e+00
1.000944052068466483e+00
1.001100724472878234e+00
1.001265547756636121e+00
1.001435912046636512e+00
1.001610067965560402e+00
1.001786754868155604e+00
1.001965021933048927e+00
1.002144129545887052e+00
1.002323489314113303e+00
1.002502624929760167e+00
1.002681145341904667e+00
1.002858725725519928e+00
1.003035093658074750e+00
1.003210018910758894e+00
1.003383305814832038e+00
1.003554787493458278e+00
1.003724321458703495e+00
1.003891786213335191e+00
1.004057078594456254e+00
1.004220111665663495e+00
1.004380813015099072e+00
1.004539123354034391e+00
1.004694995338160313e+00
1.004848392554130720e+00
1.004999288629016219e+00
1.005147666431502662e+00
1.005293517341962373e+00
1.005436840574690960e+00
1.005577642540195882e+00
1.005715936238890329e+00
1.005851740680163697e+00
1.005985080322824299e+00
1.006115984534459162e+00
1.006244487068486126e+00
1.006370625558617116e+00
1.006494441031175802e+00
1.006615977436277287e+00
1.006735281199242937e+00
1.006852400793883273e+00
1.006967386339380655e+00
1.007080289222511915e+00
1.007191161746836983e+00
1.007300056810280786e+00
1.007407027612273742e+00
1.007512127391275714e+00
1.007615409193136191e+00
1.007716925670348207e+00
1.007816728911826942e+00
1.007914870302442090e+00
1.008011400411128911e+00
1.008106368906042327e+00
1.008199824494881325e+00
1.008291814888230720e+00
1.008382386783542861e+00
1.008471585867207310e+00
1.008559456832057277e+00
1.008646043407611215e+00
1.008731388400376794e+00
1.008815533741618697e+00
1.008898520540124188e+00
1.008980389137698053e+00
1.009061179165318789e+00
1.009140929598174141e+00
1.009219678808043863e+00
1.009297464611812245e+00
1.009374324315174931e+00
1.009450294750894317e+00
1.009525412311228498e+00
1.009599712974415642e+00
1.009673232325300596e+00
1.009746005570390626e+00
1.009818067547771259e+00
1.009889452732421145e+00
1.009960195237550318e+00
1.010030328812618450e+00
1.010099886838698779e+00
1.010168902321837869e+00
1.010237407885016037e+00
1.010305435759248249e+00
1.010373017774302662e+00
1.010440185349418485e+00
1.010506969484332274e+00
1.010573400750829354e+00
1.010639509284964710e+00
1.010705324780018621e+00
1.010770876480198366e+00
1.010836193175034481e+00
1.010901303194387424e+00
1.010966234403947173e+00
1.011031014201084988e+00
1.011095669510916117e+00
1.011160226782416904e+00
1.011224711984458624e+00
1.011289150601622389e+00
1.011353567629681871e+00
1.011417987570647270e+00
1.011482434427301902e+00
1.011546931697162144e+00
1.011611502365826087e+00
1.011676168899689809e+00
1.011740953238022600e+00
1.011805876784414249e+00
1.011870960397611263e+00
1.011936224381776661e+00
1.012001688476206196e+00
1.012067371844549868e+00
1.012133293063576911e+00
1.012199470111534882e+00
1.012265920356151483e+00
1.012332660542319740e+00
1.012399706779516295e+00
1.012467074528988320e+00
1.012534778590755913e+00
1.012602833090461285e+00
1.012671251466104705e+00
1.012740046454698284e+00
1.012809230078875355e+00
1.012878813633484310e+00
1.012948807672203966e+00
1.013019221994217123e+00
1.013090065630975145e+00
1.013161346833099552e+00
1.013233073057458800e+00
1.013305250954474879e+00
1.013377886355701918e+00
1.013450984261746957e+00
1.013524548830579963e+00
1.013598583366313921e+00
1.013673090308517377e+00
1.013748071222147384e+00
1.013823526788175222e+00
1.013899456795005483e+00
1.013975860130770457e+00
1.014052734776608400e+00
1.014130077801017826e+00
1.014207885355399075e+00
1.014286152670888619e+00
1.014364874056595145e+00
1.014444042899345089e+00
1.014523651665055759e+00
1.014603691901833749e+00
1.014684154244916314e+00
1.014765028423551207e+00
1.014846303269921535e+00
1.014927966730201803e+00
1.015010005877838184e+00
1.015092406929129609e+00
1.015175155261175854e+00
1.015258235432257683e+00
1.015341631204688344e+00
1.015425325570176618e+00
1.015509300777715396e+00
1.015593538364004900e+00
1.015678019186393666e+00
1.015762723458312866e+00
1.015847630787154676e+00
1.015932720214528295e+00
1.016017970258814351e+00
1.016103358959910219e+00
1.016188863926047237e+00
1.016274462382536381e+00
1.016360131222287855e+00
1.016445847057920293e+00
1.016531586275270183e+00
1.016617325088085444e+00
1.016703039593681357e+00
1.016788705829313022e+00
1.016874299829010120e+00
1.016959797680614841e+00
1.017045175582742544e+00
1.017130409901385368e+00
1.017215477225875020e+00
1.017300354423907649e+00
1.017385018695348364e+00
1.017469447624515189e+00
1.017553619230664896e+00
1.017637512016390522e+00
1.017721105013663641e+00
1.017804377827251860e+00
1.017887310675262169e+00
1.017969884426569216e+00
1.018052080634903600e+00
1.018133881569396992e+00
1.018215270241391135e+00
1.018296230427340410e+00
1.018376746687665868e+00
1.018456804381422165e+00
1.018536389676683251e+00
1.018615489556552456e+00
1.018694091820743441e+00
1.018772185082691184e+00
1.018849758762174540e+00
1.018926803073461951e+00
1.019003309009001379e+00
1.019079268318708653e+00
1.019154673484921281e+00
1.019229517693104548e+00
1.019303794798420260e+00
1.019377499288281808e+00
1.019450626241031888e+00
1.019523171280910745e+00
1.019595130529473925e+00
1.019666500553654043e+00
1.019737278310658857e+00
1.019807461089918155e+00
1.019877046452298597e+00
1.019946032166817673e+00
1.020014416145098135e+00
1.020082196373810479e+00
1.020149370845365944e+00
1.020215937487122915e+00
1.020281894089382746e+00
1.020347238232464981e+00
1.020411967213140869e+00
1.020476077970741358e+00
1.020539567013236226e+00
1.020602430343608757e+00
1.020664663386851245e+00
1.020726260917919959e+00
1.020787216990993063e+00
1.020847524870393652e+00
1.020907176963539387e+00
1.020966164756303307e+00
1.021024478751171305e+00
1.021082108408596145e+00
1.021139042091957938e+00
1.021195267016553387e+00
1.021250769203039921e+00
1.021305533435772572e+00
1.021359543226475930e+00
1.021412780783700569e+00
1.021465226988514052e+00
1.021516861376875918e+00
1.021567662129144960e+00
1.021617606067159123e+00
1.021666668659317434e+00
1.021714824034079871e+00
1.021762045002278407e+00
1.021808303088608039e+00
1.021853568572639315e+00
1.021897810539646123e+00
1.021940996941510749e+00
1.021983094667906045e+00
1.022024069627905707e+00
1.022063886842099922e+00
1.022102510545231269e+00
1.022139904299270041e+00
1.022176031116785122e+00
1.022210853594350821e+00
1.022244334055645743e+00
1.022276434703794035e+00
1.022307117782385921e+00
1.022336345744509600e+00
1.022364081429015581e+00
1.022390288243111733e+00
1.022414930350288076e+00
1.022437972862452638e+00
1.022459382035058706e+00
1.022479125463906069e+00
1.022497172282212263e+00
1.022513493356468128e+00
1.022528061479526906e+00
1.022540851559330388e+00
1.022551840801636303e+00
1.022561008885097156e+00
1.022568338127044285e+00
1.022573813638358420e+00
1.022577423465849789e+00
1.022579158720645642e+00
1.022579013691168992e+00
1.022576985939415817e+00
1.022573076379360568e+00
1.022567289336494545e+00
1.022559632587659362e+00
1.022550117380544688e+00
1.022538758432420813e+00
1.022525573907895335e+00
1.022510585375716374e+00
1.022493817744869471e+00
1.022475299180456210e+00
1.022455061000073329e+00
1.022433137551628235e+00
1.022409566073749998e+00
1.022384386540151624e+00
1.022357641489475055e+00
1.022329375842320864e+00
1.022299636707290071e+00
1.022268473177982528e+00
1.022235936122973587e+00
1.022202077970840284e+00
1.022166952492328473e+00
1.022130614581745256e+00
1.022093120039613279e+00
1.022054525358557342e+00
1.022014887514289594e+00
1.021974263763448576e+00
1.021932711449882625e+00
1.021890287820820475e+00
1.021847049854180067e+00
1.021803054098074259e+00
1.021758356523371658e+00
1.021713012389969588e+00
1.021667076127213747e+00
1.021620601228714786e+00
1.021573640161599350e+00
1.021526244290051899e+00
1.021478463812832249e+00
1.021430347714285869e+00
1.021381943728228547e+00
1.021333298313965354e+00
1.021284456643587690e+00
1.021235462599629162e+00
1.021186358782080195e+00
1.021137186523729312e+00
1.021087985912779050e+00
1.021038795821670231e+00
1.020989653941073882e+00
1.020940596818031842e+00
1.020891659897276371e+00
1.020842877564804851e+00
1.020794283192863805e+00
1.020745909185557299e+00
1.020697787024378744e+00
1.020649947313045036e+00
1.020602419821100337e+00
1.020555233525828553e+00
1.020508416652111894e+00
1.020461996709937313e+00
1.020416000529335232e+00
1.020370454292603091e+00
1.020325383563730703e+00
1.020280813314999868e+00
1.020236767950783108e+00
1.020193271328613482e+00
1.020150346777626060e+00
1.020108017114514709e+00
1.020066304657159639e+00
1.020025231236107777e+00
1.019984818204096033e+00
1.019945086443817317e+00
1.019906056374129122e+00
1.019867747954906756e+00
1.019830180690730614e+00
1.019793373633601785e+00
1.019757345384850744e+00
1.019722114096412113e+00
1.019687697471603149e+00
1.019654112765544962e+00
1.019621376785335709e+00
1.019589505890078129e+00
1.019558515990838021e+00
1.019528422550597835e+00
1.019499240584254673e+00
1.019470984658689794e+00
1.019443668892928478e+00
1.019417306958389613e+00
1.019391912079218088e+00
1.019367497032674930e+00
1.019344074149556079e+00
1.019321655314600061e+00
1.019300251966838600e+00
1.019279875099836641e+00
1.019260535261772072e+00
1.019242242555292943e+00
1.019225006637098696e+00
1.019208836717184097e+00
1.019193741557695487e+00
1.019179729471342055e+00
1.019166808319314832e+00
1.019154985508666567e+00
1.019144267989117170e+00
1.019134662249244538e+00
1.019126174312035449e+00
1.019118809729774533e+00
1.019112573578254022e+00
1.019107470450296038e+00
1.019103504448585662e+00
1.019100679177816549e+00
1.019098997736163525e+00
1.019098462706095720e+00
1.019099076144557969e+00
1.019100839572547823e+00
1.019103753964125891e+00
1.019107819734904608e+00
1.019113036730059818e+00
1.019119404211924262e+00
1.019126920847222451e+00
1.019135584694013330e+00
1.019145393188412019e+00
1.019156343131172981e+00
1.019168430674213477e+00
1.019181651307166092e+00
1.019195999844059841e+00
1.019211470410223530e+00
1.019228056429514639e+00
1.019245750611988521e+00
1.019264544942112494e+00
1.019284430667644736e+00
1.019305398289301001e+00
1.019327437551321491e+00
1.019350537433073578e+00
1.019374686141810482e+00
1.019399871106711597e+00
1.019426078974336347e+00
1.019453295605613929e+00
1.019481506074495503e+00
1.019510694668388062e+00
1.019540844890491460e+00
1.019571939464148258e+00
1.019603960339316551e+00
1.019636888701260569e+00
1.019670704981558096e+00
1.019705388871498641e+00
1.019740919337946305e+00
1.019777274641728848e+00
1.019814432358593370e+00
1.019852369402764358e+00
1.019891062053115860e+00
1.019930485981962676e+00
1.019970616286445697e+00
1.020011427522484526e+00
1.020052893741236089e+00
1.020094988527989077e+00
1.020137685043402742e+00
1.020180956066976119e+00
1.020224774042617355e+00
1.020269111126165251e+00
1.020313939234687384e+00
1.020359230097374503e+00
1.020404955307823380e+00
1.020451086377486050e+00
1.020497594790051865e+00
1.020544452056513007e+00
1.020591629770648101e+00
1.020639099664657046e+00
1.020686833664661730e+00
1.020734803945788638e+00
1.020782982986539356e+00
1.020831343622158327e+00
1.020879859096697206e+00
1.020928503113492258e+00
1.020977249883759042e+00
1.021026074173029041e+00
1.021074951345150694e+00
1.021123857403594570e+00
1.021172769029815575e+00
1.021221663618430142e+00
1.021270519308998814e+00
1.021319315014201479e+00
1.021368030444231856e+00
1.021416646127245142e+00
1.021465143425713151e+00
1.021513504548573481e+00
1.021561712559071022e+00
1.021609751378215414e+00
1.021657605783806266e+00
1.021705261404991738e+00
1.021752704712354909e+00
1.021799923003543720e+00
1.021846904384477339e+00
1.021893637746189132e+00
1.021940112737380391e+00
1.021986319732783866e+00
1.022032249797448111e+00
1.022077894647076102e+00
1.022123246604567104e+00
1.022168298552920795e+00
1.022213043884685924e+00
1.022257476448140467e+00
1.022301590490406031e+00
1.022345380597713183e+00
1.022388841633041112e+00
1.022431968671365210e+00
1.022474756932759909e+00
1.022517201713608825e+00
1.022559298316182641e+00
1.022601041976858305e+00
1.022642427793256426e+00
1.022683450650582415e+00
1.022724105147470475e+00
1.022764385521631070e+00
1.022804285575614758e+00
1.022843798603016552e+00
1.022882917315447227e+00
1.022921633770617067e+00
1.022959939301878673e+00
1.022997824449592752e+00
1.023035278894686595e+00
1.023072291394788724e+00
1.023108849723331382e+00
1.023144940612025433e+00
1.023180549697121577e+00
1.023215661469877968e+00
1.023250259231671233e+00
1.023284325054183430e+00
1.023317839745115698e+00
1.023350782819873128e+00
1.023383132479673829e+00
1.023414865596528500e+00
1.023445957705538145e+00
1.023476383004942702e+00
1.023506114364348463e+00
1.023535123341535957e+00
1.023563380208238449e+00
1.023590853985241189e+00
1.023617512487133174e+00
1.023643322376984077e+00
1.023668249231189042e+00
1.023692257614662982e+00
1.023715311166499831e+00
1.023737372696155834e+00
1.023758404290134205e+00
1.023778367429058367e+00
1.023797223114953692e+00
1.023814932008435097e+00
1.023831454575426125e+00
1.023846751242899922e+00
1.023860782563053462e+00
1.023873509385191394e+00
1.023884893034492816e+00
1.023894895496727298e+00
1.023903479607859879e+00
1.023910609247395298e+00
1.023916249534198242e+00
1.023920367023433808e+00
1.023922929903196000e+00
1.023923908189307230e+00
1.023923273916719001e+00
1.023921001325900360e+00
1.023917067042570128e+00
1.023911450249123334e+00
1.023904132846114035e+00
1.023895099602187386e+00
1.023884338290917295e+00
1.023871839813073725e+00
1.023857598302952532e+00
1.023841611217524150e+00
1.023823879407292470e+00
1.023804407167937303e+00
1.023783202271975501e+00
1.023760275979894940e+00
1.023735643030414533e+00
1.023709321609754586e+00
1.023681333300024976e+00
1.023651703007079306e+00
1.023620458868413241e+00
1.023587632141909065e+00
1.023553257076463607e+00
1.023517370765727019e+00
1.023480012986386800e+00
1.023441226022595130e+00
1.023401054478300987e+00
1.023359545079354227e+00
1.023316746467368255e+00
1.023272708987378987e+00
1.023227484471389115e+00
1.023181126019885090e+00
1.023133687783395196e+00
1.023085224746100863e+00
1.023035792513438569e+00
1.022985447105507983e+00
1.022934244757982558e+00
1.022882241732056663e+00
1.022829494134793071e+00
1.022776057751046297e+00
1.022721987887946105e+00
1.022667339232710582e+00
1.022612165724362310e+00
1.022556520439707572e+00
1.022500455493738913e+00
1.022444021954428628e+00
1.022387269771698026e+00
1.022330247720180108e+00
1.022273003355230969e+00
1.022215582981531146e+00
1.022158031633477293e+00
1.022100393066490032e+00
1.022042709758278045e+00
1.021985022919049468e+00
1.021927372509624510e+00
1.021869797266390822e+00
1.021812334732049132e+00
1.021755021291110843e+00
1.021697892209150638e+00
1.021640981674860837e+00
1.021584322844018677e+00
1.021527947884540044e+00
1.021471888021872276e+00
1.021416173584057674e+00
1.021360834045881960e+00
1.021305898071604545e+00
1.021251393555852705e+00
1.021197347662340160e+00
1.021143786860149172e+00
1.021090736957391831e+00
1.021038223132122891e+00
1.020986269960451276e+00
1.020934901441842957e+00
1.020884141021661140e+00
1.020834011611025272e+00
1.020784535604112531e+00
1.020735734893046587e+00
1.020687630880543928e+00
1.020640244490500503e+00
1.020593596176717632e+00
1.020547705929961468e+00
1.020502593283562742e+00
1.020458277317747076e+00
1.020414776662895484e+00
1.020372109501910263e+00
1.020330293571855007e+00
1.020289346165029976e+00
1.020249284129619571e+00
1.020210123870033181e+00
1.020171881347055498e+00
1.020134572077884272e+00
1.020098211136139410e+00
1.020062813151889181e+00
1.020028392311743026e+00
1.019994962359025426e+00
1.019962536594045899e+00
1.019931127874460941e+00
1.019900748615709007e+00
1.019871410791495681e+00
1.019843125934292161e+00
1.019815905135803780e+00
1.019789759047360800e+00
1.019764697880176429e+00
1.019740731405418543e+00
1.019717868954034046e+00
1.019696119416272140e+00
1.019675491240843002e+00
1.019655992433664338e+00
1.019637630556138541e+00
1.019620412722914704e+00
1.019604345599092632e+00
1.019589435396828669e+00
1.019575687871314251e+00
1.019563108316097422e+00
1.019551701557732226e+00
1.019541471949735989e+00
1.019532423365857809e+00
1.019524559192644508e+00
1.019517882321328450e+00
1.019512395139033245e+00
1.019508099519331079e+00
1.019504996812168773e+00
1.019503087833203203e+00
1.019502372852579608e+00
1.019502851583200531e+00
1.019504523168538235e+00
1.019507386170044549e+00
1.019511438554225435e+00
1.019516677679448424e+00
1.019523100282555106e+00
1.019530702465362593e+00
1.019539479681137895e+00
1.019549426721137575e+00
1.019560537701306835e+00
1.019572806049242830e+00
1.019586224491523474e+00
1.019600785041515412e+00
1.019616478987775743e+00
1.019633296883159845e+00
1.019651228534763643e+00
1.019670262994818000e+00
1.019690388552665805e+00
1.019711592727939653e+00
1.019733862265080226e+00
1.019757183129310185e+00
1.019781540504196560e+00
1.019806918790923778e+00
1.019833301609395004e+00
1.019860671801282148e+00
1.019889011435133774e+00
1.019918301813643957e+00
1.019948523483179770e+00
1.019979656245656230e+00
1.020011679172835750e+00
1.020044570623115598e+00
1.020078308260861988e+00
1.020112869078328321e+00
1.020148229420179575e+00
1.020184365010641248e+00
1.020221250983256001e+00
1.020258861913230231e+00
1.020297171852325047e+00
1.020336154366229042e+00
1.020375782574336254e+00
1.020416029191825169e+00
1.020456866573920429e+00
1.020498266762201123e+00
1.020540201532791125e+00
1.020582642446265176e+00
1.020625560899065309e+00
1.020668928176224677e+00
1.020712715505168955e+00
1.020756894110352864e+00
1.020801435268477331e+00
1.020846310364025289e+00
1.020891490944833446e+00
1.020936948777422915e+00
1.020982655901794933e+00
1.021028584685402141e+00
1.021074707875998300e+00
1.021120998653074041e+00
1.021167430677588861e+00
1.021213978139710710e+00
1.021260615804288951e+00
1.021307319053787577e+00
1.021354063928423983e+00
1.021400827163268632e+00
1.021447586222075987e+00
1.021494319327632461e+00
1.021541005488431519e+00
1.021587624521496318e+00
1.021634157071197091e+00
1.021680584623931409e+00
1.021726889518552506e+00
1.021773054952459514e+00
1.021819064983282566e+00
1.021864904526118556e+00
1.021910559346296488e+00
1.021956016047674609e+00
1.022001262056490667e+00
1.022046285600813009e+00
1.022091075685651163e+00
1.022135622063819138e+00
1.022179915202646949e+00
1.022223946246664905e+00
1.022267706976401014e+00
1.022311189763439598e+00
1.022354387521915875e+00
1.022397293656626349e+00
1.022439902007948653e+00
1.022482206793781767e+00
1.022524202548723338e+00
1.022565884060713470e+00
1.022607246305381690e+00
1.022648284378349537e+00
1.022688993425741044e+00
1.022729368573169761e+00
1.022769404853473674e+00
1.022809097133481337e+00
1.022848440040099227e+00
1.022887427886019385e+00
1.022926054595351797e+00
1.022964313629502353e+00
1.023002197913617461e+00
1.023039699763929722e+00
1.023076810816355930e+00
1.023113521956689809e+00
1.023149823252768043e+00
1.023185703888976228e+00
1.023221152103482856e+00
1.023256155128601907e+00
1.023290699134687509e+00
1.023324769177979654e+00
1.023358349152827973e+00
1.023391421748726771e+00
1.023423968412603635e+00
1.023455969316809266e+00
1.023487403333254830e+00
1.023518248014152032e+00
1.023548479579796666e+00
1.023578072913843950e+00
1.023607001566503749e+00
1.023635237766075123e+00
1.023662752439215229e+00
1.023689515240322034e+00
1.023715494590372366e+00
1.023740657725522585e+00
1.023764970755736803e+00
1.023788398733662230e+00
1.023810905733903098e+00
1.023832454942795955e+00
1.023853008758705663e+00
1.023872528902790124e+00
1.023890976540093867e+00
1.023908312410743537e+00
1.023924496970911813e+00
1.023939490543130937e+00
1.023953253475404779e+00
1.023965746308487468e+00
1.023976929950560999e+00
1.023986765858440506e+00
1.023995216224328209e+00
1.024002244167017572e+00
1.024007813926355315e+00
1.024011891059653845e+00
1.024014442638678135e+00
1.024015437445729759e+00
1.024014846167294213e+00
1.024012641583663674e+00
1.024008798752902072e+00
1.024003295187509988e+00
1.023996111022138722e+00
1.023987229170724822e+00
1.023976635471464114e+00
1.023964318818098240e+00
1.023950271276086621e+00
1.023934488182334013e+00
1.023916968227287505e+00
1.023897713518357122e+00
1.023876729623800497e+00
1.023854025596385720e+00
1.023829613976367625e+00
1.023803510773515502e+00
1.023775735428168243e+00
1.023746310751514121e+00
1.023715262845535268e+00
1.023682621003286997e+00
1.023648417590401483e+00
1.023612687908931562e+00
1.023575470044846725e+00
1.023536804700682312e+00
1.023496735015002823e+00
1.023455306370490536e+00
1.023412566192573259e+00
1.023368563740602699e+00
1.023323349893646483e+00
1.023276976932982141e+00
1.023229498323378284e+00
1.023180968495216447e+00
1.023131442629432897e+00
1.023080976447178880e+00
1.023029626005967252e+00
1.022977447503945037e+00
1.022924497093753882e+00
1.022870830707276468e+00
1.022816503892370221e+00
1.022761571662482938e+00
1.022706088359851773e+00
1.022650107532766306e+00
1.022593681827184575e+00
1.022536862892779563e+00
1.022479701303316446e+00
1.022422246491070830e+00
1.022364546694846554e+00
1.022306648921001315e+00
1.022248598916755125e+00
1.022190441154964269e+00
1.022132218829437056e+00
1.022073973859820128e+00
1.022015746905021949e+00
1.021957577384125182e+00
1.021899503503729711e+00
1.021841562290672467e+00
1.021783789629105321e+00
1.021726220300950061e+00
1.021668888028797628e+00
1.021611825520387651e+00
1.021555064513874234e+00
1.021498635823158585e+00
1.021442569382653875e+00
1.021386894290927216e+00
1.021331638852750912e+00
1.021276830619175069e+00
1.021222496425315374e+00
1.021168662425621321e+00
1.021115354126467922e+00
1.021062596415971857e+00
1.021010413590996535e+00
1.020958829381362731e+00
1.020907866971322075e+00
1.020857549018397092e+00
1.020807897669715025e+00
1.020758934575995536e+00
1.020710680903366363e+00
1.020663157343194349e+00
1.020616384120133002e+00
1.020570380998586657e+00
1.020525167287785084e+00
1.020480761845675932e+00
1.020437183081808197e+00
1.020394448959394351e+00
1.020352576996713445e+00
1.020311584267997951e+00
1.020271487403949351e+00
1.020232302591990603e+00
1.020194045576360953e+00
1.020156731658135918e+00
1.020120375695235504e+00
1.020084992102472388e+00
1.020050594851673598e+00
1.020017197471890791e+00
1.019984813049706895e+00
1.019953454229628909e+00
1.019923133214544864e+00
1.019893861766219656e+00
1.019865651205784207e+00
1.019838512414180887e+00
1.019812455832507680e+00
1.019787491462208262e+00
1.019763628865054894e+00
1.019740877162858439e+00
1.019719245036856847e+00
1.019698740726715958e+00
1.019679372029097753e+00
1.019661146295740339e+00
1.019644070431004579e+00
1.019628150888846285e+00
1.019613393669179136e+00
1.019599804313595204e+00
1.019587387900426245e+00
1.019576149039117974e+00
1.019566091863918000e+00
1.019557220026865885e+00
1.019549536690089298e+00
1.019543044517421393e+00
1.019537745665345607e+00
1.019533641773300081e+00
1.019530733953365687e+00
1.019529022779373628e+00
1.019528508275475254e+00
1.019529189904223809e+00
1.019531066554216991e+00
1.019534136527363799e+00
1.019538397525843632e+00
1.019543846638822027e+00
1.019550480329006747e+00
1.019558294419124156e+00
1.019567284078403135e+00
1.019577443809161821e+00
1.019588767433592169e+00
1.019601248080850286e+00
1.019614878174555095e+00
1.019629649420808359e+00
1.019645552796856425e+00
1.019662578540504461e+00
1.019680716140412446e+00
1.019699954327393021e+00
1.019720281066839984e+00
1.019741683552410016e+00
1.019764148201092180e+00
1.019787660649783767e+00
1.019812205753503065e+00
1.019837767585359600e+00
1.019864329438401107e+00
1.019891873829451567e+00
1.019920382505047352e+00
1.019949836449577152e+00
1.019980215895713194e+00
1.020011500337222321e+00
1.020043668544228455e+00
1.020076698580987928e+00
1.020110567826225889e+00
1.020145252996070173e+00
1.020180730169598871e+00
1.020216974817006683e+00
1.020253961830378309e+00
1.020291665557031546e+00
1.020330059835385494e+00
1.020369118033283007e+00
1.020408813088677702e+00
1.020449117552580720e+00
1.020490003634137111e+00
1.020531443247688852e+00
1.020573408061655307e+00
1.020615869549051036e+00
1.020658799039439124e+00
1.020702167772100655e+00
1.020745946950189609e+00
1.020790107795626733e+00
1.020834621604470360e+00
1.020879459802496836e+00
1.020924594000710339e+00
1.020969996050496764e+00
1.021015638098128120e+00
1.021061492638330126e+00
1.021107532566608800e+00
1.021153731230053818e+00
1.021200062476320891e+00
1.021246500700515369e+00
1.021293020889700198e+00
1.021339598664764869e+00
1.021386210319399357e+00
1.021432832855939665e+00
1.021479444017857841e+00
1.021526022318694382e+00
1.021572547067239878e+00
1.021618998388808652e+00
1.021665357242449668e+00
1.021711605433970327e+00
1.021757725624677704e+00
1.021803701335747050e+00
1.021849516948170056e+00
1.021895157698238688e+00
1.021940609668558819e+00
1.021985859774603211e+00
1.022030895746829593e+00
1.022075706108424242e+00
1.022120280148736349e+00
1.022164607892502630e+00
1.022208680064963904e+00
1.022252488053011277e+00
1.022296023862498959e+00
1.022339280071884016e+00
1.022382249782375574e+00
1.022424926564767578e+00
1.022467304403168686e+00
1.022509377635831385e+00
1.022551140893308785e+00
1.022592589034169386e+00
1.022633717078512916e+00
1.022674520139537968e+00
1.022714993353424973e+00
1.022755131807795870e+00
1.022794930469037133e+00
1.022834384108763484e+00
1.022873487229717604e+00
1.022912233991411846e+00
1.022950618135817891e+00
1.022988632913424123e+00
1.023026271009992216e+00
1.023063524474351560e+00
1.023100384647574135e+00
1.023136842093898879e+00
1.023172886533762593e+00
1.023208506779328397e+00
1.023243690672894779e+00
1.023278425028590011e+00
1.023312695577761833e+00
1.023346486918484288e+00
1.023379782469610477e+00
1.023412564429810878e+00
1.023444813742037995e+00
1.023476510063866307e+00
1.023507631744161150e+00
1.023538155806518191e+00
1.023568057939928444e+00
1.023597312497099621e+00
1.023625892500864776e+00
1.023653769659087276e+00
1.023680914388454211e+00
1.023707295847516408e+00
1.023732881979313003e+00
1.023757639563865229e+00
1.023781534280791661e+00
1.023804530782234101e+00
1.023826592776235556e+00
1.023847683120629792e+00
1.023867763927445385e+00
1.023886796677731414e+00
1.023904742346637420e+00
1.023921561538472913e+00
1.023937214631388315e+00
1.023951661931198132e+00
1.023964863833771721e+00
1.023976780995303759e+00
1.023987374509653714e+00
1.023996606091846839e+00
1.024004438266703287e+00
1.024010834561465355e+00
1.024015759701181860e+00
1.024019179805514490e+00
1.024021062585550368e+00
1.024021377539117372e+00
1.024020096143049452e+00
1.024017192040789226e+00
1.024012641223693620e+00
1.024006422204392308e+00
1.023998516180552043e+00
1.023988907187441288e+00
1.023977582237721951e+00
1.023964531446988957e+00
1.023949748143657690e+00
1.023933228961928066e+00
1.023914973916686844e+00
1.023894986459377598e+00
1.023873273514043225e+00
1.023849845492939448e+00
1.023824716291331427e+00
1.023797903261306264e+00
1.023769427164663348e+00
1.023739312105170107e+00
1.023707585440722934e+00
1.023674277676158262e+00
1.023639422337704330e+00
1.023603055830259567e+00
1.023565217278893158e+00
1.023525948356126092e+00
1.023485293096724202e+00
1.023443297701848387e+00
1.023400010334525989e+00
1.023355480908473503e+00
1.023309760872348040e+00
1.023262902991518786e+00
1.023214961129438549e+00
1.023165990030632022e+00
1.023116045107268945e+00
1.023065182231155834e+00
1.023013457532874870e+00
1.022960927209644044e+00
1.022907647343290982e+00
1.022853673729570811e+00
1.022799061719843472e+00
1.022743866075930930e+00
1.022688140838774462e+00
1.022631939211288810e+00
1.022575313455625690e+00
1.022518314804849338e+00
1.022460993388850881e+00
1.022403398174148270e+00
1.022345576917071952e+00
1.022287576129687015e+00
1.022229441057692423e+00
1.022171215669431366e+00
1.022112942655071022e+00
1.022054663434953437e+00
1.021996418176075672e+00
1.021938245815642077e+00
1.021880184090636190e+00
1.021822269572364439e+00
1.021764537704970222e+00
1.021707022846951363e+00
1.021649758314777001e+00
1.021592776427765692e+00
1.021536108553456668e+00
1.021479785152793252e+00
1.021423835824506465e+00
1.021368289348188574e+00
1.021313173725609591e+00
1.021258516219928136e+00
1.021204343392516867e+00
1.021150681137198424e+00
1.021097554711758448e+00
1.021044988766663497e+00
1.020993007370966765e+00
1.020941634035438250e+00
1.020890891732994410e+00
1.020840802916538559e+00
1.020791389534357663e+00
1.020742673043236515e+00
1.020694674419474257e+00
1.020647414167992872e+00
1.020600912329741483e+00
1.020555188487590748e+00
1.020510261770924298e+00
1.020466150859110632e+00
1.020422873984047518e+00
1.020380448931945239e+00
1.020338893044509865e+00
1.020298223219670231e+00
1.020258455911975837e+00
1.020219607132777373e+00
1.020181692450282451e+00
1.020144726989561823e+00
1.020108725432570917e+00
1.020073702018220008e+00
1.020039670542530752e+00
1.020006644358883108e+00
1.019974636378357502e+00
1.019943659070154496e+00
1.019913724462071514e+00
1.019884844140998892e+00
1.019857029253400160e+00
1.019830290505720827e+00
1.019804638164680366e+00
1.019780082057386794e+00
1.019756631571220762e+00
1.019734295653423883e+00
1.019713082810344673e+00
1.019693001106273478e+00
1.019674058161827768e+00
1.019656261151825616e+00
1.019639616802614501e+00
1.019624131388807253e+00
1.019609810729397159e+00
1.019596660183222703e+00
1.019584684643761729e+00
1.019573888533238382e+00
1.019564275796036590e+00
1.019555849891419230e+00
1.019548613785556057e+00
1.019542569942875510e+00
1.019537720316757046e+00
1.019534066339588652e+00
1.019531608912224829e+00
1.019530348392876373e+00
1.019530284585485891e+00
1.019531416727627260e+00
1.019533743477997412e+00
1.019537262903551733e+00
1.019541972466359914e+00
1.019547869010250629e+00
1.019554948747324552e+00
1.019563207244424508e+00
1.019572639409646486e+00
1.019583239478992986e+00
1.019595001003264390e+00
1.019607916835295169e+00
1.019621979117644184e+00
1.019637179270850513e+00
1.019653507982375640e+00
1.019670955196348761e+00
1.019689510104238028e+00
1.019709161136577169e+00
1.019729895955868049e+00
1.019751701450791082e+00
1.019774563731847827e+00
1.019798468128563673e+00
1.019823399188371837e+00
1.019849340677307037e+00
1.019876275582614511e+00
1.019904186117397860e+00
1.019933053727406058e+00
1.019962859100058683e+00
1.019993582175798608e+00
1.020025202161854105e+00
1.020057697548477194e+00
1.020091046127716838e+00
1.020125225014766990e+00
1.020160210671922973e+00
1.020195978935152681e+00
1.020232505043285887e+00
1.020269763669798380e+00
1.020307728957148719e+00
1.020346374553616098e+00
1.020385673652560055e+00
1.020425599034005426e+00
1.020466123108436429e+00
1.020507217962671520e+00
1.020548855407655608e+00
1.020591007028006203e+00
1.020633644233114534e+00
1.020676738309604703e+00
1.020720260474914376e+00
1.020764181931770986e+00
1.020808473923301651e+00
1.020853107788519898e+00
1.020898055017911865e+00
1.020943287308839986e+00
1.020988776620479488e+00
1.021034495227990169e+00
1.021080415775632133e+00
1.021126511328533937e+00
1.021172755422814271e+00
1.021219122113779409e+00
1.021265586021907312e+00
1.021312122376355047e+00
1.021358707055723514e+00
1.021405316625836113e+00
1.021451928374295992e+00
1.021498520341607819e+00
1.021545071348663569e+00
1.021591561020414929e+00
1.021637969805571977e+00
1.021684278992190942e+00
1.021730470719032891e+00
1.021776527982602323e+00
1.021822434639791721e+00
1.021868175406086099e+00
1.021913735849297789e+00
1.021959102378833251e+00
1.022004262230504779e+00
1.022049203446930399e+00
1.022093914853581254e+00
1.022138386030557733e+00
1.022182607280191169e+00
1.022226569590592327e+00
1.022270264595278366e+00
