1.000603444564682754e+00
1.000677672909057847e+00
1.000800280660395947e+00
1.000945214236677039e+00
1.001102988110203595e+00
1.001270226734994662e+00
1.001443743854082635e+00
1.001622388488974558e+00
1.001804474395894928e+00
1.001989036280475087e+00
1.002175306011956479e+00
1.002362114438915874e+00
1.002549537478235608e+00
1.002736252806830874e+00
1.002923059750024048e+00
1.003108651271124474e+00
1.003294254415785014e+00
1.003478699047812617e+00
1.003663239654337458e+00
1.003846894357435238e+00
1.004030567528457762e+00
1.004213515268181700e+00
1.004396030546839569e+00
1.004577721044325189e+00
1.004758185270129278e+00
1.004937548794844426e+00
1.005114835751710567e+00
1.005290803175289405e+00
1.005464165520426167e+00
1.005636244216610464e+00
1.005805718331020060e+00
1.005974197322683894e+00
1.006140500133322124e+00
1.006306139149761414e+00
1.006470150739060099e+00
1.006633590621955232e+00
1.006795772742865358e+00
1.006957056209944135e+00
1.007117145446323248e+00
1.007275644131279790e+00
1.007432803204701521e+00
1.007587616039085532e+00
1.007740975806051154e+00
1.007891552284310599e+00
1.008040793279548986e+00
1.008187335342334068e+00
1.008332888047333675e+00
1.008476240148838965e+00
1.008618969586077441e+00
1.008760100801415760e+00
1.008900720234583659e+00
1.009040150912154710e+00
1.009178753535927342e+00
1.009316261994363639e+00
1.009452262029520764e+00
1.009587049604341980e+00
1.009719591395686233e+00
1.009850832069795867e+00
1.009979414606762216e+00
1.010106833828647410e+00
1.010231704195034386e+00
1.010355769138527204e+00
1.010477802109374545e+00
1.010599397856545512e+00
1.010719573725392006e+00
1.010839416430714177e+00
1.010958251640577288e+00
1.011076427478457829e+00
1.011193691019621532e+00
1.011309608441743002e+00
1.011424497846687309e+00
1.011537305678376963e+00
1.011649002672020625e+00
1.011758215181200349e+00
1.011866460967127734e+00
1.011972342625243382e+00
1.012077617603478030e+00
1.012181051794386555e+00
1.012284242626944497e+00
1.012386204277293977e+00
1.012488015496252114e+00
1.012589004425862749e+00
1.012689503548679149e+00
1.012789269408544524e+00
1.012887849531080686e+00
1.012985577953921856e+00
1.013081384370156268e+00
1.013176258175276789e+00
1.013268813759166331e+00
1.013360584444465307e+00
1.013450165629218969e+00
1.013539322424703348e+00
1.013626816989632307e+00
1.013714244733350700e+00
1.013800619139543890e+00
1.013887008200953233e+00
1.013972743465719306e+00
1.014058140847796663e+00
1.014142965803746632e+00
1.014226747885784707e+00
1.014309835266585580e+00
1.014391142735186158e+00
1.014471675679069484e+00
1.014550038995896131e+00
1.014627778516356438e+00
1.014703485008722428e+00
1.014778928330338559e+00
1.014852869151083636e+00
1.014926898524774135e+00
1.015000030879621651e+00
1.015073321988105626e+00
1.015146107670710895e+00
1.015218686811179882e+00
1.015290833818380367e+00
1.015362060769190222e+00
1.015432729221653396e+00
1.015501740308007328e+00
1.015570114011629332e+00
1.015636447403617915e+00
1.015702297051424896e+00
1.015766250834998718e+00
1.015830081570311849e+00
1.015892549988587579e+00
1.015955241322992642e+00
1.016017172128670598e+00
1.016079385054017514e+00
1.016141220899965614e+00
1.016202961299011331e+00
1.016264389789303779e+00
1.016325001427946795e+00
1.016385170791541004e+00
1.016443786342501543e+00
1.016501881810435215e+00
1.016558047712748269e+00
1.016613850196459889e+00
1.016667875562172529e+00
1.016721898383744493e+00
1.016774680618762083e+00
1.016827800693900219e+00
1.016880278204668198e+00
1.016933142090404640e+00
1.016985738729102584e+00
1.017038332418546576e+00
1.017090716058250743e+00
1.017142368106890515e+00
1.017193675993884661e+00
1.017243516326904462e+00
1.017292936036738205e+00
1.017340520101274182e+00
1.017387843443150697e+00
1.017433491804967893e+00
1.017479240661279150e+00
1.017523854098993930e+00
1.017568903034598904e+00
1.017613410824176112e+00
1.017658392297494885e+00
1.017703199908928546e+00
1.017748080608006145e+00
1.017792836895077269e+00
1.017836931009244772e+00
1.017880763170493141e+00
1.017923198810659846e+00
1.017965297693892879e+00
1.018005640074468587e+00
1.018045809065373231e+00
1.018084390650589199e+00
1.018123160570193697e+00
1.018160885735676313e+00
1.018199129037517858e+00
1.018236918150820403e+00
1.018275253519452805e+00
1.018313494079544412e+00
1.018351869462171599e+00
1.018390191991848770e+00
1.018427908026195094e+00
1.018465430572977226e+00
1.018501614452698156e+00
1.018537532016899672e+00
1.018571759446647240e+00
1.018605887621309769e+00
1.018638503379137195e+00
1.018671382261000957e+00
1.018703294521827285e+00
1.018735794657802396e+00
1.018767915081836950e+00
1.018800641673649698e+00
1.018833340172438984e+00
1.018866222953031420e+00
1.018899112368097049e+00
1.018931439194449506e+00
1.018963629269122650e+00
1.018994527266795291e+00
1.019025217977594044e+00
1.019054274018469819e+00
1.019083293741815277e+00
1.019110865295423274e+00
1.019138763694185323e+00
1.019165762907877193e+00
1.019193408788029664e+00
1.019220738788753078e+00
1.019248724123265948e+00
1.019276737586410020e+00
1.019304974380211171e+00
1.019333267073543325e+00
1.019361031127488548e+00
1.019388705284401064e+00
1.019415124454233545e+00
1.019441385792221322e+00
1.019466058743956349e+00
1.019490748941287439e+00
1.019514046170308941e+00
1.019537724696300884e+00
1.019560562459592701e+00
1.019584096501847004e+00
1.019607369532958163e+00
1.019631338048323510e+00
1.019655382098650032e+00
1.019679679805360895e+00
1.019704074128440885e+00
1.019727965444742424e+00
1.019751805500764830e+00
1.019774419754433836e+00
1.019796917703198691e+00
1.019817865924569578e+00
1.019838877202470462e+00
1.019858543196155765e+00
1.019878637264200805e+00
1.019897941489759541e+00
1.019917983991424748e+00
1.019937812886644757e+00
1.019958369928757103e+00
1.019979042587173090e+00
1.019999991992777133e+00
1.020021071659658496e+00
1.020041667081914127e+00
1.020062243119074896e+00
1.020081616038017280e+00
1.020100907681798841e+00
1.020118681999848897e+00
1.020136558835580409e+00
1.020153131892900245e+00
1.020170173500342781e+00
1.020186470001886780e+00
1.020203540503472839e+00
1.020220438641675331e+00
1.020238091411321157e+00
1.020255893838301731e+00
1.020273990143472753e+00
1.020292244546389338e+00
1.020310027834791633e+00
1.020327818088913485e+00
1.020344422609442248e+00
1.020360975594475805e+00
1.020376038564841270e+00
1.020391238340515150e+00
1.020405170803571071e+00
1.020419607137698970e+00
1.020433338034804516e+00
1.020447873501410196e+00
1.020462272782076241e+00
1.020477448091417827e+00
1.020492802133617261e+00
1.020508462286838336e+00
1.020524303615724770e+00
1.020539682358604150e+00
1.020555089914462643e+00
1.020569324819617485e+00
1.020583533628278472e+00
1.020596275609229719e+00
1.020609184468615593e+00
1.020620858380869134e+00
1.020633067262187499e+00
1.020644606225085571e+00
1.020656976080118072e+00
1.020669241757842238e+00
1.020682300658883213e+00
1.020695563277514095e+00
1.020709140203006626e+00
1.020722917472945079e+00
1.020736236919253637e+00
1.020749603343077849e+00
1.020761806704966856e+00
1.020774005899765191e+00
1.020784758109805956e+00
1.020795703820349898e+00
1.020805443604912766e+00
1.020815745973635780e+00
1.020825410527796073e+00
1.020835928770332135e+00
1.020846371391763041e+00
1.020857620931169274e+00
1.020869095778108582e+00
1.020880889775126033e+00
1.020892900049219953e+00
1.020904454159763386e+00
1.020916070377093199e+00
1.020926530267842747e+00
1.020937005032726663e+00
1.020946049929099653e+00
1.020955312095019885e+00
1.020963394608415786e+00
1.020972064417334568e+00
1.020980125680047479e+00
1.020989060465174125e+00
1.020997945296107989e+00
1.021007647790774353e+00
1.021017594334292955e+00
1.021027862056043789e+00
1.021038359278481966e+00
1.021048399416809804e+00
1.021058514262020545e+00
1.021067477165545689e+00
1.021076471581089828e+00
1.021084051001309057e+00
1.021091869073303293e+00
1.021098531485289174e+00
1.021105803452270644e+00
1.021112493758862927e+00
1.021120074900759622e+00
1.021127629306670892e+00
1.021136009605098316e+00
1.021144650272807874e+00
1.021153611754154422e+00
1.021162813664054703e+00
1.021171555398948216e+00
1.021180382308749079e+00
1.021188059706744200e+00
1.021195783231980680e+00
1.021202104771885999e+00
1.021208684325495941e+00
1.021214130297225964e+00
1.021220205987590335e+00
1.021225724877111940e+00
1.021232149742333339e+00
1.021238568988625639e+00
1.021245820181841735e+00
1.021253345982563676e+00
1.021261190175557276e+00
1.021269283757753277e+00
1.021276912230729916e+00
1.021284634531327562e+00
1.021291208110262749e+00
1.021297840713535132e+00
1.021303082781074734e+00
1.021308600498002317e+00
1.021313005089289572e+00
1.021318057753630493e+00
1.021322576735600673e+00
1.021328014942846973e+00
1.021333466826639391e+00
1.021339754815178580e+00
1.021346329841272160e+00
1.021353219054813355e+00
1.021360364918382446e+00
1.021367039161799273e+00
1.021373814329396223e+00
1.021379440182934140e+00
1.021385136489948664e+00
1.021389452397523545e+00
1.021394060106331825e+00
1.021397573762956590e+00
1.021401752274921249e+00
1.021405418715983782e+00
1.021410015974866692e+00
1.021414644614970335e+00
1.021420111852382906e+00
1.021425876976944647e+00
1.021431950528946420e+00
1.021438286515668148e+00
1.021444143017699036e+00
1.021450106202306474e+00
1.021454918313303040e+00
1.021459811050242639e+00
1.021463332417704262e+00
1.021467160459761825e+00
1.021469912340947195e+00
1.021473344489011170e+00
1.021476284867826045e+00
1.021480166199063788e+00
1.021484095220892563e+00
1.021488863864828289e+00
1.021493939859188016e+00
1.021499317161168374e+00
1.021504961398274069e+00
1.021510117123801908e+00
1.021515384139970228e+00
1.021519497340488414e+00
1.021523700265324797e+00
1.021526539921733034e+00
1.021529700025408438e+00
1.021531800849563965e+00
1.021534596156011165e+00
1.021536918854812459e+00
1.021540191355593707e+00
1.021543526630125376e+00
1.021547701255626439e+00
1.021552191477285376e+00
1.021556974697238829e+00
1.021562028236005393e+00
1.021566583240847592e+00
1.021571253158631842e+00
1.021574765697311316e+00
1.021578376144776534e+00
1.021580630650555488e+00
1.021583218431623585e+00
1.021584762954651060e+00
1.021587015132573439e+00
1.021588812872696872e+00
1.021591568131229977e+00
1.021594400168669425e+00
1.021598070141183978e+00
1.021602062886552309e+00
1.021606339281443621e+00
1.021610888410011242e+00
1.021614928133993239e+00
1.021619085552900819e+00
1.021622081349695010e+00
1.021625182467361004e+00
1.021626934331693715e+00
1.021629031492419459e+00
1.021630100688575737e+00
1.021631889804663018e+00
1.021633241791484181e+00
1.021635558014062584e+00
1.021637964073375704e+00
1.021641205640661410e+00
1.021644776219729156e+00
1.021648620192858292e+00
1.021652738476663824e+00
1.021656335767117341e+00
1.021660052822943587e+00
1.021662603459415841e+00
1.021665266181549958e+00
1.021666585820071749e+00
1.021668262090645873e+00
1.021668925078119905e+00
1.021670319462125942e+00
1.021671293278887394e+00
1.021673237167758597e+00
1.021675283119058308e+00
1.021678161257826956e+00
1.021681373825464867e+00
1.021684848742307583e+00
1.021688598824700422e+00
1.021691815721932572e+00
1.021695153857115956e+00
1.021697320331961478e+00
1.021699605120036658e+00
1.021700552580803611e+00
1.021701867430399924e+00
1.021702183168059719e+00
1.021703241094753078e+00
1.021703894370342036e+00
1.021705522776846342e+00
1.021707264740433274e+00
1.021709834780971438e+00
1.021712743947505775e+00
1.021715903732135722e+00
1.021719338916796671e+00
1.021722228222641249e+00
1.021725239740842284e+00
1.021727074010871705e+00
1.021729032380633395e+00
1.021729658857838619e+00
1.021730662994503769e+00
1.021730681768620919e+00
1.021731452930807471e+00
1.021731834799721739e+00
1.021733196170723446e+00
1.021734681950515755e+00
1.021736990996808814e+00
1.021739643235167971e+00
1.021742533764368410e+00
1.021745699396455986e+00
1.021748306042646881e+00
1.021751035464177892e+00
1.021752581787219283e+00
1.021754257638694430e+00
1.021754606790373998e+00
1.021755343465941657e+00
1.021755108182980099e+00
1.021755634971639681e+00
1.021755787342104149e+00
1.021756922975653126e+00
1.021758193302877649e+00
1.021760281464085818e+00
1.021762716329341902e+00
1.021765376640189071e+00
1.021768311302012400e+00
1.021770673534148965e+00
1.021773158768060963e+00
1.021774454863563442e+00
1.021775885629857772e+00
1.021775994715420133e+00
1.021776500851354630e+00
1.021776048152722716e+00
1.021776366760244414e+00
1.021776325406471786e+00
1.021777270532746806e+00
1.021778360135984443e+00
1.021780261585413463e+00
1.021782512762903661e+00
1.021784976090068131e+00
1.021787712627587386e+00
1.021789863021038469e+00
1.021792136370278437e+00
1.021793214414090212e+00
1.021794432045515233e+00
1.021794332899691904e+00
1.021794640050532887e+00
1.021794001266033369e+00
1.021794142629340874e+00
1.021793938124790913e+00
1.021794722829247437e+00
1.021795661347806528e+00
1.021797405226402500e+00
1.021799501425530332e+00
1.021801796085430425e+00
1.021804362482782169e+00
1.021806328807775444e+00
1.021808417824729975e+00
1.021809305295392489e+00
1.021810337096329402e+00
1.021810056956990564e+00
1.021810192128901340e+00
1.021809394086409251e+00
1.021809384687556221e+00
1.021809043196806321e+00
1.021809693203170388e+00
1.021810505961464610e+00
1.021812117143534593e+00
1.021814082854969108e+00
1.021816232994520846e+00
1.021818653114338726e+00
1.021820459068011777e+00
1.021822387278220390e+00
1.021823107672586994e+00
1.021823977008898821e+00
1.021823539216552446e+00
1.021823525558776646e+00
1.021822591267966596e+00
1.021822453810008469e+00
1.021821997757037526e+00
1.021822535087927974e+00
1.021823243748631871e+00
1.021824743487533382e+00
1.021826599621540765e+00
1.021828625849204641e+00
1.021830920056403524e+00
1.021832585879457245e+00
1.021834373391108386e+00
1.021834946826857049e+00
1.021835673721373405e+00
1.021835098307838585e+00
1.021834955694510771e+00
1.021833904922025527e+00
1.021833658897499664e+00
1.021833107527672535e+00
1.021833551060071787e+00
1.021834174173218646e+00
1.021835580644117059e+00
1.021837345067053704e+00
1.021839264983139817e+00
1.021841450669056517e+00
1.021842993663831578e+00
1.021844657679774393e+00
1.021845101401479550e+00
1.021845703034133912e+00
1.021845007216889867e+00
1.021844752735604711e+00
1.021843602487995994e+00
1.021843264656240535e+00
1.021842634508141501e+00
1.021843000439759397e+00
1.021843553903737378e+00
1.021844882659279197e+00
1.021846570644002528e+00
1.021848399285885112e+00
1.021850491308323949e+00
1.021851926273743993e+00
1.021853481521357576e+00
1.021853810325359824e+00
1.021854301453099856e+00
1.021853500050332375e+00
1.021853148412368517e+00
1.021851913341609297e+00
1.021851498129594304e+00
1.021850803431270327e+00
1.021851105672244353e+00
1.021851603121019192e+00
1.021852867474134507e+00
1.021854492078426491e+00
1.021856242294641337e+00
1.021858253347674328e+00
1.021859592944796891e+00
1.021861052037321915e+00
1.021861278628888758e+00
1.021861671938721905e+00
1.021860777718314850e+00
1.021860341603638922e+00
1.021859034348202577e+00
1.021858554187745849e+00
1.021857807190118539e+00
1.021858057692672794e+00
1.021858510821743060e+00
1.021859722167948625e+00
1.021861294553199517e+00
1.021862977318553245e+00
1.021864918244079323e+00
1.021866173304128544e+00
1.021867547045216318e+00
1.021867682339625549e+00
1.021867988746306022e+00
1.021867012720164558e+00
1.021866503068465049e+00
1.021865134541115605e+00
1.021864600153490343e+00
1.021863811411825473e+00
1.021864020448652877e+00
1.021864439290381288e+00
1.021865607380107566e+00
1.021867137080664900e+00
1.021868761762637412e+00
1.021870641813859004e+00
1.021871821598784980e+00
1.021873119240183758e+00
1.021873172617536962e+00
1.021873401515577484e+00
1.021872353188855831e+00
1.021871779446058337e+00
1.021870359077692303e+00
1.021869779714846604e+00
1.021868958327390553e+00
1.021869134727752648e+00
1.021869527884956330e+00
1.021870661054670393e+00
1.021872156206509397e+00
1.021873730791494683e+00
1.021875557856747774e+00
1.021876670280646326e+00
1.021877899741242990e+00
1.021877879263127120e+00
1.021878038741140138e+00
1.021876926324276180e+00
1.021876296652342253e+00
1.021874832599572347e+00
1.021874216249555323e+00
1.021873370060830233e+00
1.021873521411762464e+00
1.021873896256852543e+00
1.021875001626161072e+00
1.021876469161968171e+00
1.021878000448351642e+00
1.021879781242188034e+00
1.021880833060378579e+00
1.021882001113303629e+00
1.021881913707911593e+00
1.021882010731804513e+00
1.021880841321796796e+00
1.021880162778136647e+00
1.021878662100874413e+00
1.021878015663626016e+00
1.021877151438459475e+00
1.021877284257065810e+00
1.021877647102635844e+00
1.021878730743186026e+00
1.021880176559586850e+00
1.021881670323305347e+00
1.021883410550390892e+00
1.021884407521640448e+00
1.021885519954841115e+00
1.021885371575882884e+00
1.021885412146148475e+00
1.021884191882241444e+00
1.021883470573841324e+00
1.021881939387895066e+00
1.021881268826341893e+00
1.021880392399498794e+00
1.021880512281136966e+00
1.021880868526723996e+00
1.021881935607559910e+00
1.021883364709075037e+00
1.021884825846175016e+00
1.021886530342451804e+00
1.021887477368726094e+00
1.021888539123320339e+00
1.021888334886968508e+00
1.021888324174260232e+00
1.021887058372163093e+00
1.021886299588480540e+00
1.021884743197165157e+00
1.021884053667564407e+00
1.021883170072857228e+00
1.021883281819030209e+00
1.021883636077811630e+00
1.021884690990881861e+00
1.021886107614256245e+00
1.021887540264041050e+00
1.021889213118685413e+00
1.021890114365907154e+00
1.021891129655743136e+00
1.021890873958991808e+00
1.021890816421303638e+00
1.021889509689212439e+00
1.021888718017066822e+00
1.021887141025000112e+00
1.021886436989650093e+00
1.021885550571608015e+00
1.021885658300591748e+00
1.021886014508998297e+00
1.021887060977760830e+00
1.021888468699558850e+00
1.021889876351174564e+00
1.021891521012163295e+00
1.021892380014740809e+00
1.021893352429890545e+00
1.021893049053006486e+00
1.021892948537101997e+00
1.021891604876130177e+00
1.021890784299149590e+00
1.021889190710761008e+00
1.021888476035574644e+00
1.021887590546121549e+00
1.021887697788748550e+00
1.021888059301377716e+00
1.021889100474843826e+00
1.021890502304628079e+00
1.021891887889367467e+00
1.021893507254893807e+00
1.021894327006235503e+00
1.021895259602603634e+00
1.021894911797825323e+00
1.021894771627039677e+00
1.021893394518148090e+00
1.021892548502842502e+00
1.021890941807630071e+00
1.021890219846577796e+00
1.021889338528701785e+00
1.021889448311254389e+00
1.021889817983011817e+00
1.021890856517136292e+00
1.021892254978100878e+00
1.021893620949279935e+00
1.021895217446850079e+00
1.021896000477672928e+00
1.021896895854500942e+00
1.021896506422742323e+00
1.021896329472893772e+00
1.021894921952037905e+00
1.021894053522188983e+00
1.021892436768399470e+00
1.021891710436476419e+00
1.021890836096522648e+00
1.021890951012352833e+00
1.021891331269414671e+00
1.021892369397406020e+00
1.021893766596029263e+00
1.021895114997974030e+00
1.021896690652711381e+00
1.021897439098641502e+00
1.021898299465403337e+00
1.021897870822435550e+00
1.021897659587307494e+00
1.021896224310240520e+00
1.021895336111042329e+00
1.021893711969184881e+00
1.021892983805301025e+00
1.021892118875276534e+00
1.021892241146519886e+00
1.021892634047479653e+00
1.021893673640376754e+00
1.021895071326420545e+00
1.021896403853885804e+00
1.021897960347341927e+00
1.021898676007111817e+00
1.021899503241078477e+00
1.021899037474463867e+00
1.021898794122115151e+00
1.021897333420101806e+00
1.021896427773285598e+00
1.021894798590710973e+00
1.021894070811724786e+00
1.021893217402817911e+00
1.021893348933406553e+00
1.021893756221787797e+00
1.021894798840481844e+00
1.021896198458509986e+00
1.021897516507688675e+00
1.021899055228323139e+00
1.021899739613699065e+00
1.021900535309312019e+00
1.021900034227212650e+00
1.021899760648237176e+00
1.021898276575784248e+00
1.021897355526835582e+00
1.021895723374474541e+00
1.021894997921455328e+00
1.021894157869856379e+00
1.021894300290896895e+00
1.021894723440103903e+00
1.021895770379865009e+00
1.021897173113330171e+00
1.021898477825499363e+00
1.021899999911856316e+00
1.021900654290335275e+00
1.021901419801406696e+00
1.021900884974288992e+00
1.021900582823036974e+00
1.021899077198647809e+00
1.021898142557112532e+00
1.021896509269363040e+00
1.021895787847072246e+00
1.021894962753071123e+00
1.021895117461565361e+00
1.021895557713236258e+00
1.021896610041703068e+00
1.021898016850564694e+00
1.021899309149315149e+00
1.021900815526850304e+00
1.021901440958056906e+00
1.021902177433740899e+00
1.021901610229901003e+00
1.021901280959581992e+00
1.021899755400450083e+00
1.021898808774241107e+00
1.021897175982916739e+00
1.021896460093405956e+00
1.021895651354662427e+00
1.021895819546464024e+00
1.021896277943112219e+00
1.021897336532630707e+00
1.021898748185365857e+00
1.021900028808290450e+00
1.021901520220703574e+00
1.021902117587352166e+00
1.021902826002727860e+00
1.021902227618488368e+00
1.021901872510998510e+00
1.021900328462481244e+00
1.021899371287017022e+00
1.021897740450177672e+00
1.021897031421323376e+00
1.021896240261130018e+00
1.021896422958938455e+00
1.021896900371688455e+00
1.021897965926789498e+00
1.021899383027604191e+00
1.021900652553225930e+00
1.021902129589087327e+00
1.021902699623283617e+00
1.021903380805328831e+00
1.021902752290669847e+00
1.021902372481907406e+00
1.021900811242530072e+00
1.021899844805457480e+00
1.021898217231870021e+00
1.021897516241588866e+00
1.021896743732854995e+00
1.021896941809984138e+00
1.021897438962122262e+00
1.021898512042866525e+00
1.021899935054809028e+00
1.021901193925460083e+00
1.021902657040832052e+00
1.021903200346409912e+00
1.021903854996055738e+00
1.021903197276371245e+00
1.021902793777717200e+00
1.021901216520388456e+00
1.021900241982555357e+00
1.021898618852449037e+00
1.021897926949248081e+00
1.021897174034863243e+00
1.021897388235429194e+00
1.021897905722414679e+00
1.021898986764232742e+00
1.021900416028849623e+00
1.021901664570126211e+00
1.021903114107797439e+00
1.021903631179308380e+00
1.021904259890183742e+00
1.021903573784763264e+00
1.021903147501326048e+00
1.021901555291354624e+00
1.021900573704626503e+00
1.021898956087323285e+00
1.021898274207764912e+00
1.021897541717910807e+00
1.021897772674003280e+00
1.021898310980498437e+00
1.021899400311087724e+00
1.021900836065163132e+00
1.021902074502502922e+00
1.021903510708376928e+00
1.021904001947264273e+00
1.021904605221657825e+00
1.021903891459418290e+00
1.021903443205564255e+00
1.021901837015990466e+00
1.021900849338410300e+00
1.021899238207335525e+00
1.021898567190910878e+00
1.021897855857814008e+00
1.021898104104139282e+00
1.021898663618540759e+00
1.021899761472290891e+00
1.021901203862148000e+00
1.021902432334990785e+00
1.021903855372088277e+00
1.021904321100501889e+00
1.021904899362991559e+00
1.021904158595904111e+00
1.021903689108508040e+00
1.021902069833186433e+00
1.021901076941912789e+00
1.021899473187409590e+00
1.021898813789244187e+00
1.021898124259785323e+00
1.021898390246189559e+00
1.021898971273067946e+00
1.021900077803416851e+00
1.021901526897171397e+00
1.021902745471098495e+00
1.021904155431560435e+00
1.021904595904195245e+00
1.021905149513323785e+00
1.021904382327910810e+00
1.021903892277699288e+00
1.021902260742493018e+00
1.021901263444877639e+00
1.021899667885179497e+00
1.021899020786917855e+00
1.021898353633442724e+00
1.021898637735664472e+00
1.021899240506444873e+00
1.021900355796500293e+00
1.021901811594600584e+00
1.021903020271778262e+00
1.021904417187188940e+00
1.021904832601462143e+00
1.021905361859773542e+00
1.021904568786980771e+00
1.021904058788271730e+00
1.021902415760666649e+00
1.021901414803763730e+00
1.021899828194420712e+00
1.021899194013586198e+00
1.021898549743207374e+00
1.021898852272129510e+00
1.021899476954298613e+00
1.021900601025999444e+00
1.021902063470319533e+00
1.021903262198511575e+00
1.021904646048810816e+00
1.021905036553640844e+00
1.021905541716329635e+00
1.021904723240032453e+00
1.021904193859123122e+00
1.021902540056502495e+00
1.021901536135256139e+00
1.021899959177255734e+00
1.021899338475313446e+00
1.021898717537933932e+00
1.021899038747577482e+00
1.021899685452641204e+00
1.021900818274682710e+00
1.021902287256394537e+00
1.021903475936764671e+00
1.021904846657958110e+00
1.021905212361358117e+00
1.021905693643745838e+00
1.021904850208093851e+00
1.021904301970497420e+00
1.021902638067280433e+00
1.021901631831592550e+00
1.021900065178368733e+00
1.021899458467694810e+00
1.021898861262944713e+00
1.021899201357387321e+00
1.021899870147762623e+00
1.021901011642468937e+00
1.021902487008871541e+00
1.021903665502753800e+00
1.021905022993602863e+00
1.021905363969258129e+00
1.021905821553267923e+00
1.021904953569036323e+00
1.021904386965738265e+00
1.021902713599550649e+00
1.021901705660383186e+00
1.021900149923876011e+00
1.021899557673783931e+00
1.021898984557029211e+00
1.021899343696401674e+00
1.021900034591400663e+00
1.021901184640693572e+00
1.021902666201147225e+00
1.021903834335928352e+00
1.021905178463759833e+00
1.021905494756738531e+00
1.021905928796505769e+00
