1.000603444564682754e+00
1.000677422220500823e+00
1.000799858562267275e+00
1.000943839226777321e+00
1.001100219128450153e+00
1.001264553123294654e+00
1.001434184988359455e+00
1.001607322123182264e+00
1.001782663895360637e+00
1.001959223264841103e+00
1.002136228741374868e+00
1.002313064857991209e+00
1.002489233331079532e+00
1.002664326374853809e+00
1.002838007685963984e+00
1.003009998544808212e+00
1.003180067472123849e+00
1.003348022425169628e+00
1.003513704838993270e+00
1.003676985020149459e+00
1.003837758534803282e+00
1.003995943327250950e+00
1.004151477373057766e+00
1.004304316721521761e+00
1.004454433820151982e+00
1.004601816042542950e+00
1.004746464362731073e+00
1.004888392135498076e+00
1.005027623954335869e+00
1.005164194567932157e+00
1.005298147842777823e+00
1.005429535764446047e+00
1.005558417473730426e+00
1.005684858336455489e+00
1.005808929047695255e+00
1.005930704772492135e+00
1.006050264326123544e+00
1.006167689397554632e+00
1.006283063820006873e+00
1.006396472892607363e+00
1.006508002756850040e+00
1.006617739831133562e+00
1.006725770305980205e+00
1.006832179701691921e+00
1.006937052489218276e+00
1.007040471773947843e+00
1.007142519041028361e+00
1.007243273959736563e+00
1.007342814243392670e+00
1.007441215560397785e+00
1.007538551491212520e+00
1.007634893525488629e+00
1.007730311093167685e+00
1.007824871623154817e+00
1.007918640623161721e+00
1.008011681774495738e+00
1.008104057035920764e+00
1.008195826751198343e+00
1.008287049755532072e+00
1.008377783476823719e+00
1.008468084028391498e+00
1.008558006290556586e+00
1.008647603979242469e+00
1.008736929700442264e+00
1.008826034990032650e+00
1.008914970338980144e+00
1.009003785204435566e+00
1.009092528007586198e+00
1.009181246119387421e+00
1.009269985835476113e+00
1.009358792341646716e+00
1.009447709671289051e+00
1.009536780656133503e+00
1.009626046871570537e+00
1.009715548577679201e+00
1.009805324656969816e+00
1.009895412549702387e+00
1.009985848187505475e+00
1.010076665925895067e+00
1.010167898476183934e+00
1.010259576837192252e+00
1.010351730227100120e+00
1.010444386015746154e+00
1.010537569657651735e+00
1.010631304626060656e+00
1.010725612348285729e+00
1.010820512142694305e+00
1.010916021157706624e+00
1.011012154313210232e+00
1.011108924244874085e+00
1.011206341251868146e+00
1.011304413248570011e+00
1.011403145720873864e+00
1.011502541687764101e+00
1.011602601668851520e+00
1.011703323658595277e+00
1.011804703107950232e+00
1.011906732914177320e+00
1.012009403419561693e+00
1.012112702419737165e+00
1.012216615182305546e+00
1.012321124476362577e+00
1.012426210613500910e+00
1.012531851500757529e+00
1.012638022705889540e+00
1.012744697535250982e+00
1.012851847124414117e+00
1.012959440541542966e+00
1.013067444903391845e+00
1.013175825503622063e+00
1.013284545952994664e+00
1.013393568330804850e+00
1.013502853346774701e+00
1.013612360512439192e+00
1.013722048320907509e+00
1.013831874433719360e+00
1.013941795873372298e+00
1.014051769219973087e+00
1.014161750810337992e+00
1.014271696937784739e+00
1.014381564050781170e+00
1.014491308948564541e+00
1.014600888971821879e+00
1.014710262186529599e+00
1.014819387559063202e+00
1.014928225120763639e+00
1.015036736120198180e+00
1.015144883161485545e+00
1.015252630327152517e+00
1.015359943284150912e+00
1.015466789371819445e+00
1.015573137670741755e+00
1.015678959051652619e+00
1.015784226203723328e+00
1.015888913641763036e+00
1.015992997692071409e+00
1.016096456456871522e+00
1.016199269757450230e+00
1.016301419056325761e+00
1.016402887358929696e+00
1.016503659095475687e+00
1.016603719983842691e+00
1.016703056874450173e+00
1.016801657578248586e+00
1.016899510679072138e+00
1.016996605331729420e+00
1.017092931047316684e+00
1.017188477467342533e+00
1.017283234128360192e+00
1.017377190218891947e+00
1.017470334330531134e+00
1.017562654205193873e+00
1.017654136480587557e+00
1.017744766436059933e+00
1.017834527741077855e+00
1.017923402208687378e+00
1.018011369556403700e+00
1.018098407177070452e+00
1.018184489922321134e+00
1.018269589901376504e+00
1.018353676297974797e+00
1.018436715208318688e+00
1.018518669502968654e+00
1.018599498715645923e+00
1.018679158961917741e+00
1.018757602890706604e+00
1.018834779671501378e+00
1.018910635020028321e+00
1.018985111264982146e+00
1.019058147458175467e+00
1.019129679530187182e+00
1.019199640493207770e+00
1.019267960692355590e+00
1.019334568106211369e+00
1.019399388696724751e+00
1.019462346807980868e+00
1.019523365612576837e+00
1.019582367603545148e+00
1.019639275128925160e+00
1.019694010965178421e+00
1.019746498924738010e+00
1.019796664492079064e+00
1.019844435481800149e+00
1.019889742711380221e+00
1.019932520680510990e+00
1.019972708248252591e+00
1.020010249298737293e+00
1.020045093385791191e+00
1.020077196346654613e+00
1.020106520875016409e+00
1.020133037043821744e+00
1.020156722768781332e+00
1.020177564204222787e+00
1.020195556063852482e+00
1.020210701860139402e+00
1.020223014057374034e+00
1.020232514134946200e+00
1.020239232559013942e+00
1.020243208662436452e+00
1.020244490434589313e+00
1.020243134224401160e+00
1.020239204361613972e+00
1.020232772702810875e+00
1.020223918110139572e+00
1.020212725871836090e+00
1.020199287074604833e+00
1.020183697938580103e+00
1.020166059126015101e+00
1.020146475034955813e+00
1.020125053089017575e+00
1.020101903033953317e+00
1.020077136251062111e+00
1.020050865096617354e+00
1.020023202275464502e+00
1.019994260255763008e+00
1.019964150730610086e+00
1.019932984130951237e+00
1.019900869192895243e+00
1.019867912581251979e+00
1.019834218569885209e+00
1.019799888778357921e+00
1.019765021963295215e+00
1.019729713862028708e+00
1.019694057085297700e+00
1.019658141055195255e+00
1.019622051984065747e+00
1.019585872889734235e+00
1.019549683642262394e+00
1.019513561037352911e+00
1.019477578891560654e+00
1.019441808154630591e+00
1.019406317034489584e+00
1.019371171130725617e+00
1.019336433572741285e+00
1.019302165159148732e+00
1.019268424495402225e+00
1.019235268127082872e+00
1.019202750666680757e+00
1.019170924912141674e+00
1.019139841955843728e+00
1.019109551283031490e+00
1.019080100859087512e+00
1.019051537205311941e+00
1.019023905463143365e+00
1.018997249446978781e+00
1.018971611685926648e+00
1.018947033454965734e+00
1.018923554796097086e+00
1.018901214530134158e+00
1.018880050259837411e+00
1.018860098365101496e+00
1.018841393990913335e+00
1.018823971028780306e+00
1.018807862092298899e+00
1.018793098487493332e+00
1.018779710178520315e+00
1.018767725749286424e+00
1.018757172361488550e+00
1.018748075709538181e+00
1.018740459972805379e+00
1.018734347765585690e+00
1.018729760085157476e+00
1.018726716258301801e+00
1.018725233886625059e+00
1.018725328791035833e+00
1.018727014955725263e+00
1.018730304472009740e+00
1.018735207482420746e+00
1.018741732125429955e+00
1.018749884481250145e+00
1.018759668519161332e+00
1.018771086046854624e+00
1.018784136662329365e+00
1.018798817708896909e+00
1.018815124233901193e+00
1.018833048951783837e+00
1.018852582212159685e+00
1.018873711973592222e+00
1.018896423783777649e+00
1.018920700766854592e+00
1.018946523618559752e+00
1.018973870609945376e+00
1.019002717600344665e+00
1.019033038060241481e+00
1.019064803104658967e+00
1.019097981537609998e+00
1.019132539908081503e+00
1.019168442577934597e+00
1.019205651801993184e+00
1.019244127820475132e+00
1.019283828963791549e+00
1.019324711769589609e+00
1.019366731111770896e+00
1.019409840341044315e+00
1.019453991436418683e+00
1.019499135166867188e+00
1.019545221262228907e+00
1.019592198592250476e+00
1.019640015352516249e+00
1.019688619255868733e+00
1.019737957727785860e+00
1.019787978104075288e+00
1.019838627829138478e+00
1.019889854652991090e+00
1.019941606825169655e+00
1.019993833283629137e+00
1.020046483836742679e+00
1.020099509336522825e+00
1.020152861841260084e+00
1.020206494765826699e+00
1.020260363018016037e+00
1.020314423119392799e+00
1.020368633309283179e+00
1.020422953630695684e+00
1.020477345997122587e+00
1.020531774239377132e+00
1.020586204131795460e+00
1.020640603397347856e+00
1.020694941691385749e+00
1.020749190563964071e+00
1.020803323400863105e+00
1.020857315343628668e+00
1.020911143189124681e+00
1.020964785269270481e+00
1.021018221311790208e+00
1.021071432282958602e+00
1.021124400213462957e+00
1.021177108008636480e+00
1.021229539244434825e+00
1.021281677950642841e+00
1.021333508382905375e+00
1.021385014785271217e+00
1.021436181145037203e+00
1.021486990941776973e+00
1.021537426892520362e+00
1.021587470695150879e+00
1.021637102772173122e+00
1.021686302017098313e+00
1.021735045545792975e+00
1.021783308455224359e+00
1.021831063592138378e+00
1.021878281334295036e+00
1.021924929386976544e+00
1.021970972597563865e+00
1.022016372791051397e+00
1.022061088629417025e+00
1.022105075497812265e+00
1.022148285420526381e+00
1.022190667009670983e+00
1.022232165449454611e+00
1.022272722518810850e+00
1.022312276654980145e+00
1.022350763060413392e+00
1.022388113855091207e+00
1.022424258275973719e+00
1.022459122924874286e+00
1.022492632065535201e+00
1.022524707970086766e+00
1.022555271314421699e+00
1.022584241621266044e+00
1.022611537748938204e+00
1.022637078422939716e+00
1.022660782806626090e+00
1.022682571106300564e+00
1.022702365205167441e+00
1.022720089319684611e+00
1.022735670671028885e+00
1.022749040163607903e+00
1.022760133061910270e+00
1.022768889656437974e+00
1.022775255909105230e+00
1.022779184068292935e+00
1.022780633243766779e+00
1.022779569931886012e+00
1.022775968482012798e+00
1.022769811495697123e+00
1.022761090151155905e+00
1.022749804446679178e+00
1.022735963357936706e+00
1.022719584905633861e+00
1.022700696131598974e+00
1.022679332983071232e+00
1.022655540106713667e+00
1.022629370555591999e+00
1.022600885414039151e+00
1.022570153346867405e+00
1.022537250080793214e+00
1.022502257827127004e+00
1.022465264655747275e+00
1.022426363831066221e+00
1.022385653121130833e+00
1.022343234091131592e+00
1.022299211392462048e+00
1.022253692058068486e+00
1.022206784814189806e+00
1.022158599417732017e+00
1.022109246027497198e+00
1.022058834616327960e+00
1.022007474429962759e+00
1.021955273497103578e+00
1.021902338193870996e+00
1.021848772864540233e+00
1.021794679499207881e+00
1.021740157467912358e+00
1.021685303309689097e+00
1.021630210574137942e+00
1.021574969712318426e+00
1.021519668013164406e+00
1.021464389581128174e+00
1.021409215350441491e+00
1.021354223131163863e+00
1.021299487682131302e+00
1.021245080805945449e+00
1.021191071461285516e+00
1.021137525888050623e+00
1.021084507741136793e+00
1.021032078228993445e+00
1.020980296253508612e+00
1.020929218548175310e+00
1.020878899811935359e+00
1.020829392836509752e+00
1.020780748625465417e+00
1.020733016503654778e+00
1.020686244216045147e+00
1.020640478015297337e+00
1.020595762737751988e+00
1.020552141867756557e+00
1.020509657590477071e+00
1.020468350833531268e+00
1.020428261297922301e+00
1.020389427478852973e+00
1.020351886677087982e+00
1.020315675001561395e+00
1.020280827363961862e+00
1.020247377466017902e+00
1.020215357780195120e+00
1.020184799524486596e+00
1.020155732631941925e+00
1.020128185715537761e+00
1.020102186028951419e+00
1.020077759423753783e+00
1.020054930303497587e+00
1.020033721575137609e+00
1.020014154598197553e+00
1.019996249132058885e+00
1.019980023281739090e+00
1.019965493442513083e+00
1.019952674243723267e+00
1.019941578492129075e+00
1.019932217115160578e+00
1.019924599104446772e+00
1.019918731460018879e+00
1.019914619135612543e+00
1.019912264985519457e+00
1.019911669713482016e+00
1.019912831824148380e+00
1.019915747577648357e+00
1.019920410947887657e+00
1.019926813585184888e+00
1.019934944783912112e+00
1.019944791455824618e+00
1.019956338109781147e+00
1.019969566838571984e+00
1.019984457313569681e+00
1.020000986787917174e+00
1.020019130108936523e+00
1.020038859740419301e+00
1.020060145795409268e+00
1.020082956080024417e+00
1.020107256148795605e+00
1.020133009371906319e+00
1.020160177014610703e+00
1.020188718328995048e+00
1.020218590658112046e+00
1.020249749552374574e+00
1.020282148897945884e+00
1.020315741056701864e+00
1.020350477017177626e+00
1.020386306555736144e+00
1.020423178407042553e+00
1.020461040442754541e+00
1.020499839857181179e+00
1.020539523358527711e+00
1.020580037364201109e+00
1.020621328198535016e+00
1.020663342291200371e+00
1.020706026374488484e+00
1.020749327677597851e+00
1.020793194116033087e+00
1.020837574474221299e+00
1.020882418579467821e+00
1.020927677465434780e+00
1.020973303523394327e+00
1.021019250639607412e+00
1.021065474317302435e+00
1.021111931781871984e+00
1.021158582068059095e+00
1.021205386088082534e+00
1.021252306679831801e+00
1.021299308634459724e+00
1.021346358702889479e+00
1.021393425580964021e+00
1.021440479873154672e+00
1.021487494034944321e+00
1.021534442294190770e+00
1.021581300551954286e+00
1.021628046263450162e+00
1.021674658299944527e+00
1.021721116792565498e+00
1.021767402959146587e+00
1.021813498915344898e+00
1.021859387471399483e+00
1.021905051916015772e+00
1.021950475788952151e+00
1.021995642644002888e+00
1.022040535804155770e+00
1.022085138110798486e+00
1.022129431668938437e+00
1.022173397590495636e+00
1.022217015737816315e+00
1.022260264469648350e+00
1.022303120391913067e+00
1.022345558115708375e+00
1.022387550025064540e+00
1.022429066057077618e+00
1.022470073497123266e+00
1.022510536791946922e+00
1.022550417383490728e+00
1.022589673566376867e+00
1.022628260371999609e+00
1.022666129482193487e+00
1.022703229175416784e+00
1.022739504308329828e+00
1.022774896335540751e+00
1.022809343370129298e+00
1.022842780287342768e+00
1.022875138873565737e+00
1.022906348022323941e+00
1.022936333978636148e+00
1.022965020632534250e+00
1.022992329861983407e+00
1.023018181924772119e+00
1.023042495898218718e+00
1.023065190164740068e+00
1.023086182940485367e+00
1.023105392843354222e+00
1.023122739495800015e+00
1.023138144156921836e+00
1.023151530377451213e+00
1.023162824670392546e+00
1.023171957189318526e+00
1.023178862405639489e+00
1.023183479775629179e+00
1.023185754387616830e+00
1.023185637579528962e+00
1.023183087516988277e+00
1.023178069722372463e+00
1.023170557545691750e+00
1.023160532568812453e+00
1.023147984935464549e+00
1.023132913600580451e+00
1.023115326493831745e+00
1.023095240593708821e+00
1.023072681910095927e+00
1.023047685374992799e+00
1.023020294642779993e+00
1.022990561803149401e+00
1.022958547011494579e+00
1.022924318043129777e+00
1.022887949779099248e+00
1.022849523632558766e+00
1.022809126925685153e+00
1.022766852227785961e+00
1.022722796665732625e+00
1.022677061217986516e+00
1.022629750003391180e+00
1.022580969575502152e+00
1.022530828232611766e+00
1.022479435352783961e+00
1.022426900762203328e+00
1.022373334143977575e+00
1.022318844493298240e+00
1.022263539623543771e+00
1.022207525726602340e+00
1.022150906989399255e+00
1.022093785267362609e+00
1.022036259814433690e+00
1.021978427068165107e+00
1.021920380487556290e+00
1.021862210440480645e+00
1.021804004136939836e+00
1.021745845603886149e+00
1.021687815697013502e+00
1.021629992144701404e+00
1.021572449619221334e+00
1.021515259830340305e+00
1.021458491636588750e+00
1.021402211169682328e+00
1.021346481967871478e+00
1.021291365114343819e+00
1.021236919377192187e+00
1.021183201347873437e+00
1.021130265575515006e+00
1.021078164694857016e+00
1.021026949546041784e+00
1.020976669284857863e+00
1.020927371482435397e+00
1.020879102213720913e+00
1.020831906134376244e+00
1.020785826546008357e+00
1.020740905449867508e+00
1.020697183589331924e+00
1.020654700481651300e+00
1.020613494439523983e+00
1.020573602583165984e+00
1.020535060843574371e+00
1.020497903957706232e+00
1.020462165456307524e+00
1.020427877645094572e+00
1.020395071579981883e+00
1.020363777036993325e+00
1.020334022477475955e+00
1.020305835009167605e+00
1.020279240343647587e+00
1.020254262750643459e+00
1.020230925009640188e+00
1.020209248359195797e+00
1.020189252444355876e+00
1.020170955262523549e+00
1.020154373108146384e+00
1.020139520516560871e+00
1.020126410207351952e+00
1.020115053027582652e+00
1.020105457895270629e+00
1.020097631743506206e+00
1.020091579465636888e+00
1.020087303861964223e+00
1.020084805588444832e+00
1.020084083107913209e+00
1.020085132644380943e+00
1.020087948141006784e+00
1.020092521222366599e+00
1.020098841161674708e+00
1.020106894853642032e+00
1.020116666793676075e+00
1.020128139064134576e+00
1.020141291328350963e+00
1.020156100833144563e+00
1.020172542420504813e+00
1.020190588549111155e+00
1.020210209326300799e+00
1.020231372551042792e+00
1.020254043768394903e+00
1.020278186335838555e+00
1.020303761501778039e+00
1.020330728496375849e+00
1.020359044634763235e+00
1.020388665432525377e+00
1.020419544733210948e+00
1.020451634847446609e+00
1.020484886703089566e+00
1.020519250005662126e+00
1.020554673408166968e+00
1.020591104689200668e+00
1.020628490938137123e+00
1.020666778746000425e+00
1.020705914400513947e+00
1.020745844083694287e+00
1.020786514070258555e+00
1.020827870925040237e+00
1.020869861697545344e+00
1.020912434111760358e+00
1.020955536749311499e+00
1.020999119224103246e+00
1.021043132346608040e+00
1.021087528276050982e+00
1.021132260658839996e+00
1.021177284751699776e+00
1.021222557528120856e+00
1.021268037766876802e+00
1.021313686121555264e+00
1.021359465170210257e+00
1.021405339444454441e+00
1.021451275437495809e+00
1.021497241590826555e+00
1.021543208259469093e+00
1.021589147655881824e+00
1.021635033772816392e+00
1.021680842285596080e+00
1.021726550434463920e+00
1.021772136887810323e+00
1.021817581587237456e+00
1.021862865575572821e+00
1.021907970809057709e+00
1.021952879955076998e+00
1.021997576176898681e+00
1.022042042906999626e+00
1.022086263610661128e+00
1.022130221541603934e+00
1.022173899491534144e+00
1.022217279535556411e+00
1.022260342775507702e+00
1.022303069083351001e+00
1.022345436846863187e+00
1.022387422719950312e+00
1.022429001380009916e+00
1.022470145294861243e+00
1.022510824501855931e+00
1.022551006401874130e+00
1.022590655570983831e+00
1.022629733592634205e+00
1.022668198913282200e+00
1.022706006724418248e+00
1.022743108873950924e+00
1.022779453809889771e+00
1.022814986559219985e+00
1.022849648744745599e+00
1.022883378642526875e+00
1.022916111282321516e+00
1.022947778593163326e+00
1.022978309595853785e+00
1.023007630643725463e+00
1.023035665712535014e+00
1.023062336739756661e+00
1.023087564012907791e+00
1.023111266605796210e+00
1.023133362860809026e+00
1.023153770914497329e+00
1.023172409262848470e+00
1.023189197361714431e+00
1.023204056256962424e+00
1.023216909238018779e+00
1.023227682507630076e+00
1.023236305859887452e+00
1.023242713357882749e+00
1.023246844001819866e+00
1.023248642377996509e+00
1.023248059278867750e+00
1.023245052284376566e+00
1.023239586294938608e+00
1.023231634006896762e+00
1.023221176321913894e+00
1.023208202682669654e+00
1.023192711328320126e+00
1.023174709464481191e+00
1.023154213343969055e+00
1.023131248256126780e+00
1.023105848424266773e+00
1.023078056812487091e+00
1.023047924844866952e+00
1.023015512041714148e+00
1.022980885579118704e+00
1.022944119779482852e+00
1.022905295541923998e+00
1.022864499722445197e+00
1.022821824474503094e+00
1.022777366561068213e+00
1.022731226649456593e+00
1.022683508600108038e+00
1.022634318760133887e+00
1.022583765271837031e+00
1.022531957405592440e+00
1.022479004925466395e+00
1.022425017494812405e+00
1.022370104127829027e+00
1.022314372691775830e+00
1.022257929463211035e+00
1.022200878740331387e+00
1.022143322512239161e+00
1.022085360184821656e+00
1.022027088361858738e+00
1.021968600679069361e+00
1.021909987688006449e+00
1.021851336786075759e+00
1.021792732188448571e+00
1.021734254937291864e+00
1.021675982943511363e+00
1.021617991056116281e+00
1.021560351154336743e+00
1.021503132257747470e+00
1.021446400649869579e+00
1.021390220010997441e+00
1.021334651556354833e+00
1.021279754176056542e+00
1.021225584573773215e+00
1.021172197401425397e+00
1.021119645387661867e+00
1.021067979458299080e+00
1.021017248847310821e+00
1.020967501197326932e+00
1.020918782648951417e+00
1.020871137918523130e+00
1.020824610364203799e+00
1.020779242040517953e+00
1.020735073741655174e+00
1.020692145033986531e+00
1.020650494278373177e+00
1.020610158642916376e+00
1.020571174106847501e+00
1.020533575456284314e+00
1.020497396272578516e+00
1.020462668913968862e+00
1.020429424491230197e+00
1.020397692837959225e+00
1.020367502476118071e+00
1.020338880577396079e+00
1.020311852920912976e+00
1.020286443847746582e+00
1.020262676212731368e+00
1.020240571333932866e+00
1.020220148940193194e+00
1.020201427117107817e+00
1.020184422251789069e+00
1.020169148976765250e+00
1.020155620113365469e+00
1.020143846614949279e+00
1.020133837510352581e+00
1.020125599847948372e+00
1.020119138640736001e+00
1.020114456812912795e+00
1.020111555148411231e+00
1.020110432241916110e+00
1.020111084452917538e+00
1.020113505863390113e+00
1.020117688239721376e+00
1.020123620999545455e+00
1.020131291184160016e+00
1.020140683437233520e+00
1.020151779990511098e+00
1.020164560657242925e+00
1.020179002834040727e+00
1.020195081511862334e+00
1.020212769296779953e+00
1.020232036441158563e+00
1.020252850885795315e+00
1.020275178313514663e+00
1.020298982214612682e+00
1.020324223964448773e+00
1.020350862913367518e+00
1.020378856488991737e+00
1.020408160310811940e+00
1.020438728316811705e+00
1.020470512901748394e+00
1.020503465066505910e+00
1.020537534577801164e+00
1.020572670137337212e+00
1.020608819559343239e+00
1.020645929955279474e+00
1.020683947924335921e+00
1.020722819748224541e+00
1.020762491588642185e+00
1.020802909685674553e+00
1.020844020555344178e+00
1.020885771184438795e+00
1.020928109220730740e+00
1.020970983156687106e+00
1.021014342504796168e+00
1.021058137962674639e+00
1.021102321566202953e+00
1.021146846829014132e+00
1.021191668866806346e+00
1.021236744505056304e+00
1.021282032368896031e+00
1.021327492954069882e+00
1.021373088678072749e+00
1.021418783910774897e+00
1.021464544984016065e+00
1.021510340179868415e+00
1.021556139697458399e+00
1.021601915598431942e+00
1.021647641731344036e+00
1.021693293635428379e+00
1.021738848424384338e+00
1.021784284650977259e+00
1.021829582153400251e+00
1.021874721884498349e+00
1.021919685725073634e+00
1.021964456282626887e+00
1.022009016676994841e+00
1.022053350314458875e+00
1.022097440651990929e+00
1.022141270953408787e+00
1.022184824039299667e+00
1.022228082032664132e+00
1.022271026102327340e+00
1.022313636206247267e+00
1.022355890836951886e+00
1.022397766771425909e+00
1.022439238827865804e+00
1.022480279631812206e+00
1.022520859394266957e+00
1.022560945704493518e+00
1.022600503340275413e+00
1.022639494098489976e+00
1.022677876648906192e+00
1.022715606414159595e+00
1.022752635478864747e+00
1.022788912530816496e+00
1.022824382837171475e+00
1.022858988258393831e+00
1.022892667302613301e+00
1.022925355222816357e+00
1.022956984159027805e+00
1.022987483327288283e+00
1.023016779256822550e+00
1.023044796076286733e+00
1.023071455849425382e+00
1.023096678959804162e+00
1.023120384543579675e+00
1.023142490968472984e+00
1.023162916356270991e+00
1.023181579145318931e+00
1.023198398688524913e+00
1.023213295881526985e+00
1.023226193814747109e+00
1.023237018442216151e+00
1.023245699259278663e+00
1.023252169980584991e+00
1.023256369209228023e+00
1.023258241087473763e+00
1.023257735919292255e+00
1.023254810754879784e+00
1.023249429927531651e+00
1.023241565533641317e+00
1.023231197847241702e+00
1.023218315661376998e+00
1.023202916549678099e+00
1.023185007042799022e+00
1.023164602715837646e+00
1.023141728184441268e+00
1.023116417009007240e+00
1.023088711508101767e+00
1.023058662483981252e+00
1.023026328864760970e+00
1.022991777269381064e+00
1.022955081502936459e+00
1.022916321991187205e+00
1.022875585164077172e+00
1.022832962798845724e+00
1.022788551333806861e+00
1.022742451164062150e+00
1.022694765930348915e+00
1.022645601811877469e+00
1.022595066833410060e+00
1.022543270196045517e+00
1.022490321640156630e+00
1.022436330847815711e+00
1.022381406890783717e+00
1.022325657728855752e+00
1.022269189762026631e+00
1.022212107438645212e+00
1.022154512920481206e+00
1.022096505804459987e+00
1.022038182899765779e+00
1.021979638058076567e+00
1.021920962053904924e+00
1.021862242511350605e+00
1.021803563873079579e+00
1.021745007406961170e+00
1.021686651245582222e+00
1.021628570453740448e+00
1.021570837119051278e+00
1.021513520460900715e+00
1.021456686953202020e+00
1.021400400456684121e+00
1.021344722356778423e+00
1.021289711703560865e+00
1.021235425350611070e+00
1.021181918090079854e+00
1.021129242781696256e+00
1.021077450473854231e+00
1.021026590515339727e+00
1.020976710656630981e+00
1.020927857140059736e+00
1.020880074778429014e+00
1.020833407021964234e+00
1.020787896013694906e+00
1.020743582633570012e+00
1.020700506531754481e+00
1.020658706151666761e+00
1.020618218743410743e+00
1.020579080368293923e+00
1.020541325895157225e+00
1.020504988989244133e+00
1.020470102094323206e+00
1.020436696408754784e+00
1.020404801856151344e+00
1.020374447051247913e+00
1.020345659261554738e+00
1.020318464365310485e+00
1.020292886806228427e+00
1.020268949545478199e+00
1.020246674011319410e+00
1.020226080046773731e+00
1.020207185855704912e+00
1.020190007947657129e+00
1.020174561081805820e+00
1.020160858210365395e+00
1.020148910421818211e+00
1.020138726884329383e+00
1.020130314789746251e+00
1.020123679298595931e+00
1.020118823486531046e+00
1.020115748292702573e+00
1.020114452470574085e+00
1.020114932541731356e+00
1.020117182753270679e+00
1.020121195039392026e+00
1.020126958987845223e+00
1.020134461811911919e+00
1.020143688328622344e+00
1.020154620943920287e+00
1.020167239645495494e+00
1.020181522003995145e+00
1.020197443183308739e+00
1.020214975960594739e+00
1.020234090756667822e+00
1.020254755677312719e+00
1.020276936566019366e+00
1.020300597068538817e+00
1.020325698709572571e+00
1.020352200981779145e+00
1.020380061447157427e+00
1.020409235850732177e+00
1.020439678246304993e+00
1.020471341133890153e+00
1.020504175608274666e+00
1.020538131517988667e+00
1.020573157633795969e+00
1.020609201825653845e+00
1.020646211246936108e+00
1.020684132524551924e+00
1.020722911953478640e+00
1.020762495694082173e+00
1.020802829970513859e+00
1.020843861268384778e+00
1.020885536529859472e+00
1.020927803344280349e+00
1.020970610132423184e+00
1.021013906322504994e+00
1.021057642516108643e+00
1.021101770642256712e+00
1.021146244097966171e+00
1.021191017873727347e+00
1.021236048662489626e+00
1.021281294950891816e+00
1.021326717091649350e+00
1.021372277356182634e+00
1.021417939966773991e+00
1.021463671107726512e+00
1.021509438915209955e+00
1.021555213445660470e+00
1.021600966622818518e+00
1.021646672163656788e+00
1.021692305483655083e+00
1.021737843582033900e+00
1.021783264907740518e+00
1.021828549207122183e+00
1.021873677354373067e+00
1.021918631165969149e+00
1.021963393200436165e+00
1.022007946544901902e+00
1.022052274589998255e+00
1.022096360794775505e+00
1.022140188443392717e+00
1.022183740395433471e+00
1.022226998831799794e+00
1.022269944998211777e+00
1.022312558948449857e+00
1.022354819289556627e+00
1.022396702931313017e+00
1.022438184842400677e+00
1.022479237815753228e+00
1.022519832245699201e+00
1.022559935919582053e+00
1.022599513826633721e+00
1.022638527986950763e+00
1.022676937303474087e+00
1.022714697439932596e+00
1.022751760727701686e+00
1.022788076104538035e+00
1.022823589088078133e+00
1.022858241786906985e+00
1.022891972951845752e+00
1.022924718069903705e+00
1.022956409503070763e+00
1.022986976673790238e+00
1.023016346298528223e+00
1.023044442670384191e+00
1.023071187991099418e+00
1.023096502752196102e+00
1.023120306164252424e+00
1.023142516632544963e+00
1.023163052276451435e+00
1.023181831489125670e+00
1.023198773533060546e+00
1.023213799166226901e+00
1.023226831292597616e+00
1.023237795629998725e+00
1.023246621387441380e+00
1.023253241943401282e+00
1.023257595515930873e+00
1.023259625815081231e+00
1.023259282667852599e+00
1.023256522605854979e+00
1.023251309406018272e+00
1.023243614575095606e+00
1.023233417769309428e+00
1.023220707141368813e+00
1.023205479608131796e+00
1.023187741033480425e+00
1.023167506322408382e+00
1.023144799423913565e+00
1.023119653241959304e+00
1.023092109455523424e+00
1.023062218250467392e+00
1.023030037967669781e+00
1.022995634673447007e+00
1.022959081659736480e+00
1.022920458882770944e+00
1.022879852350007113e+00
1.022837353465845922e+00
1.022793058347190254e+00
1.022747067120107101e+00
1.022699483208805216e+00
1.022650412627816863e+00
1.022599963287691649e+00
1.022548244323728373e+00
1.022495365456272287e+00
1.022441436390002956e+00
1.022386566258378870e+00
1.022330863118130040e+00
1.022274433497360580e+00
1.022217381999524166e+00
1.022159810964282656e+00
1.022101820185089771e+00
1.022043506682272174e+00
1.021984964529437656e+00
1.021926284730233947e+00
1.021867555141815043e+00
1.021808860440853950e+00
1.021750282127560805e+00
1.021691898562937517e+00
1.021633785034373521e+00
1.021576013844709641e+00
1.021518654419995231e+00
1.021461773431377118e+00
1.021405434926820677e+00
1.021349700468712429e+00
1.021294629273759469e+00
1.021240278352028241e+00
1.021186702642375765e+00
1.021133955141970473e+00
1.021082087028019059e+00
1.021031147770224745e+00
1.020981185232885835e+00
1.020932245765896917e+00
1.020884374284226848e+00
1.020837614335728283e+00
1.020792008157366482e+00
1.020747596720153805e+00
1.020704419763224458e+00
1.020662515817610139e+00
1.020621922220356081e+00
1.020582675119674043e+00
1.020544809471851000e+00
1.020508359030643852e+00
1.020473356329878012e+00
1.020439832659935320e+00
1.020407818038794545e+00
1.020377341178234865e+00
1.020348429445780747e+00
1.020321108822911160e+00
1.020295403860027372e+00
1.020271337628624320e+00
1.020248931671083659e+00
1.020228205948478184e+00
1.020209178786755988e+00
1.020191866821660298e+00
1.020176284942732270e+00
1.020162446236748899e+00
1.020150361930950433e+00
1.020140041336428549e+00
