1.000603444564682754e+00
1.000676482401454015e+00
1.000794988818486164e+00
1.000931666795390917e+00
1.001081304957107898e+00
1.001244230056045348e+00
1.001418448556361307e+00
1.001600122098013301e+00
1.001785588131674398e+00
1.001970114760035502e+00
1.002149070763210137e+00
1.002323422524461938e+00
1.002499917386802331e+00
1.002683620456301439e+00
1.002873821001100341e+00
1.003067071577310010e+00
1.003259452732177204e+00
1.003445877568532874e+00
1.003623077330286772e+00
1.003794783172770266e+00
1.003969083033548149e+00
1.004150257106410260e+00
1.004336652017626008e+00
1.004524471266117214e+00
1.004709217931215814e+00
1.004885578807494850e+00
1.005051878723583814e+00
1.005213993599674449e+00
1.005380128741975465e+00
1.005553106695832755e+00
1.005730344318443104e+00
1.005907742478951983e+00
1.006080286680707703e+00
1.006242905735775350e+00
1.006395888299687069e+00
1.006546760219547476e+00
1.006703061372399510e+00
1.006865992425111989e+00
1.007032247809468206e+00
1.007197450331714261e+00
1.007356176367342648e+00
1.007504105433784769e+00
1.007643685492617847e+00
1.007783481955126570e+00
1.007929789423982037e+00
1.008082261818580072e+00
1.008237093877316193e+00
1.008389613132544937e+00
1.008534174297670338e+00
1.008667708064709512e+00
1.008794798074471366e+00
1.008924365984245286e+00
1.009061085987472017e+00
1.009203287079515565e+00
1.009346836914884582e+00
1.009486733312437323e+00
1.009617393623135406e+00
1.009737438570417201e+00
1.009853344691436394e+00
1.009973708841936713e+00
1.010101416885958781e+00
1.010233765536834305e+00
1.010366389690584565e+00
1.010493946288614220e+00
1.010611293255629262e+00
1.010719061317866263e+00
1.010825184332411641e+00
1.010937327465793123e+00
1.011056608603735807e+00
1.011179589951322288e+00
1.011301690833814160e+00
1.011417282744752510e+00
1.011522107998433562e+00
1.011618957197269575e+00
1.011716642361880858e+00
1.011821422423070604e+00
1.011932817999480871e+00
1.012046909069193701e+00
1.012158863719732738e+00
1.012262923540870219e+00
1.012356174621195315e+00
1.012443513551971597e+00
1.012533974783417001e+00
1.012632106915396513e+00
1.012736103593662618e+00
1.012841737675496345e+00
1.012943877104087509e+00
1.013036903305767122e+00
1.013119656506142441e+00
1.013198874478002276e+00
1.013283157661061473e+00
1.013375224471921188e+00
1.013472255199402428e+00
1.013569802807034126e+00
1.013662418894996087e+00
1.013744998018963006e+00
1.013818429220601836e+00
1.013890838538638928e+00
1.013969808724667798e+00
1.014056280999785287e+00
1.014146725519091241e+00
1.014236484890042478e+00
1.014319853569335850e+00
1.014392680393050750e+00
1.014458026556045001e+00
1.014524815323963658e+00
1.014599160951284551e+00
1.014680419893559282e+00
1.014764601454053228e+00
1.014846798134696471e+00
1.014921212025108987e+00
1.014985099204454233e+00
1.015043611471378560e+00
1.015105809276677373e+00
1.015176058821312788e+00
1.015252414987824592e+00
1.015330594231189654e+00
1.015405391057066176e+00
1.015471195636687085e+00
1.015527068716352233e+00
1.015579961795573194e+00
1.015638420502899208e+00
1.015704966966375355e+00
1.015776673266680419e+00
1.015849042183668116e+00
1.015916560232483112e+00
1.015974187435418230e+00
1.016023064285104915e+00
1.016071467880851120e+00
1.016126857966671571e+00
1.016189986382431520e+00
1.016257244217455780e+00
1.016323923697969311e+00
1.016384272959728552e+00
1.016434266258885666e+00
1.016477222690047810e+00
1.016522140391983520e+00
1.016574961166406776e+00
1.016634874623872697e+00
1.016697833898440262e+00
1.016758878151834633e+00
1.016812194612457976e+00
1.016855220727734821e+00
1.016893346288595401e+00
1.016935626123035785e+00
1.016986226484313693e+00
1.017043067109144605e+00
1.017101822353902785e+00
1.017157232507692743e+00
1.017203716689960569e+00
1.017240561055591686e+00
1.017274910510054919e+00
1.017315229602562932e+00
1.017363834962459190e+00
1.017417697691740397e+00
1.017472283617314455e+00
1.017522031220256862e+00
1.017561982387299224e+00
1.017593528075230402e+00
1.017625074613492275e+00
1.017663938373128962e+00
1.017710679150173325e+00
1.017761617798010665e+00
1.017812008049393979e+00
1.017856067227307815e+00
1.017889907645732617e+00
1.017917100077307957e+00
1.017946695857664174e+00
1.017984450078412095e+00
1.018029387602459757e+00
1.018077414396494351e+00
1.018123526965563297e+00
1.018161911969236000e+00
1.018190196849150686e+00
1.018213998816771104e+00
1.018242347150518423e+00
1.018279199782599065e+00
1.018322346439628268e+00
1.018367427657879354e+00
1.018409139344709891e+00
1.018441942630355257e+00
1.018465353405022089e+00
1.018486696268149805e+00
1.018514337880683573e+00
1.018550386227271787e+00
1.018591718043985406e+00
1.018633769339597261e+00
1.018670939948169485e+00
1.018698365135379591e+00
1.018717686255785404e+00
1.018737423496843597e+00
1.018764737142169974e+00
1.018799995994944085e+00
1.018839457460399167e+00
1.018878342752308042e+00
1.018910847630835947e+00
1.018933231917827698e+00
1.018949313856128747e+00
1.018968182534443878e+00
1.018995398174766587e+00
1.019029824859111866e+00
1.019067327398988754e+00
1.019102864751979531e+00
1.019130632244573675e+00
1.019148454126773018e+00
1.019162167326808310e+00
1.019180761544781211e+00
1.019207982690450320e+00
1.019241496001661584e+00
1.019276912896550424e+00
1.019308889631219683e+00
1.019331938447210817e+00
1.019345808669688047e+00
1.019357994381264287e+00
1.019376752931315577e+00
1.019403983818145676e+00
1.019436475230154349e+00
1.019469636646478161e+00
1.019497834139227566e+00
1.019516304946293861e+00
1.019526941146661203e+00
1.019538365278566561e+00
1.019557573479423551e+00
1.019584746613321435e+00
1.019616083757655778e+00
1.019646775764045943e+00
1.019671002297795948e+00
1.019685178200623099e+00
1.019693366189184935e+00
1.019704681575729577e+00
1.019724485288863391e+00
1.019751485428990634e+00
1.019781509451395785e+00
1.019809480352007913e+00
1.019829608367417872e+00
1.019839920312768378e+00
1.019846466907153637e+00
1.019858187896573121e+00
1.019878616180510011e+00
1.019905297904419861e+00
1.019933817639269602e+00
1.019958793693779064e+00
1.019974796314345511e+00
1.019981811626464951e+00
1.019987495052980808e+00
1.019999986348531174e+00
1.020020978387338406e+00
1.020047175819551510e+00
1.020073962527743072e+00
1.020095673291740113e+00
1.020107654413570319e+00
1.020112049216921335e+00
1.020117573180882253e+00
1.020131052709188246e+00
1.020152484593844555e+00
1.020178013506686243e+00
1.020202800039509139e+00
1.020221011445030301e+00
1.020229224163521131e+00
1.020231742908013661e+00
1.020237699601795889e+00
1.020252253207691640e+00
1.020273960760208487e+00
1.020298614844548091e+00
1.020321102464241569e+00
1.020335653786877739e+00
1.020340503419745914e+00
1.020341910610762959e+00
1.020348756373202104e+00
1.020364360680949822e+00
1.020386155631636038e+00
1.020409700014321963e+00
1.020429574760100877e+00
1.020440414229459858e+00
1.020442444428263151e+00
1.020443474646865134e+00
1.020451519972559229e+00
1.020468069019115243e+00
1.020489747313417350e+00
1.020511913126263215e+00
1.020528871725702613e+00
1.020536085071888088e+00
1.020535948083922895e+00
1.020537260359411391e+00
1.020546673801056681e+00
1.020564005070755620e+00
1.020585347713918178e+00
1.020605831547037656e+00
1.020619614750344128e+00
1.020623441584577851e+00
1.020621856143484329e+00
1.020623997811330508e+00
1.020634821384355906e+00
1.020652737549488487e+00
1.020673505960627114e+00
1.020691977312425891e+00
1.020702406598533729e+00
1.020703241116772908e+00
1.020700943236292790e+00
1.020704326789922067e+00
1.020716499102319874e+00
1.020734782939263230e+00
1.020754712009690035e+00
1.020770830427806697e+00
1.020777842733715302e+00
1.020776217527262997e+00
1.020773910339359158e+00
1.020778804732757505e+00
1.020792187414366392e+00
1.020810608856756341e+00
1.020829401557763472e+00
1.020842843229550656e+00
1.020846518010459336e+00
1.020843072345187563e+00
1.020841380986036606e+00
1.020847916692291690e+00
1.020862319800692974e+00
1.020880635725439411e+00
1.020897963051355273e+00
1.020908454478752780e+00
1.020909028133931029e+00
1.020904464425817615e+00
1.020903900949213128e+00
1.020912086191343215e+00
1.020927289009005090e+00
1.020945237887024071e+00
1.020960747112798828e+00
1.020968101629081470e+00
1.020965966017441939e+00
1.020960999931303625e+00
1.020961941537908535e+00
1.020971685797920747e+00
1.020987450644507799e+00
1.021004745354447962e+00
1.021018078097013948e+00
1.021022229781837876e+00
1.021017913901846041e+00
1.021013224248896067e+00
1.021015906036556009e+00
1.021027046387199544e+00
1.021043124588329576e+00
1.021059447264711650e+00
1.021070266860542919e+00
1.021071296187417765e+00
1.021065432674117091e+00
1.021061617033813596e+00
1.021066138332236584e+00
1.021078464318420309e+00
1.021094595108096525e+00
1.021109597750092579e+00
1.021117623343059888e+00
1.021115769740884138e+00
1.021109050142420038e+00
1.021106591019581566e+00
1.021112932535363171e+00
1.021126206132109804e+00
1.021142110773384459e+00
1.021155424450320703e+00
1.021160467364097268e+00
1.021156125657709524e+00
1.021149250053011937e+00
1.021148494628979719e+00
1.021156542396974842e+00
1.021170510824144895e+00
1.021185885340990751e+00
1.021197139272410848e+00
1.021199136141538011e+00
1.021192836236947565e+00
1.021186463387774745e+00
1.021187617815959570e+00
1.021197189480538725e+00
1.021211590196751118e+00
1.021226100605817422e+00
1.021234950381397555e+00
1.021233987415765654e+00
1.021226359168369680e+00
1.021221063039794874e+00
1.021224200110753433e+00
1.021235069322369959e+00
1.021249628156118305e+00
1.021262911856644084e+00
1.021269073954622186e+00
1.021265397678147835e+00
1.021257125130280663e+00
1.021253362413269361e+00
1.021258439634087356e+00
1.021270355207780423e+00
1.021284780059464659e+00
1.021296456067370517e+00
1.021299744073660420e+00
1.021293755751471188e+00
1.021285526422478718e+00
1.021283617883894212e+00
1.021290501870083522e+00
1.021303199648451621e+00
1.021317173245058108e+00
1.021326862333719276e+00
1.021327219268329589e+00
1.021319452681828777e+00
1.021311908108854860e+00
1.021312034465963636e+00
1.021320527160718417e+00
1.021333734088623935e+00
1.021346909689668125e+00
1.021354263456309752e+00
1.021351784637991145e+00
1.021342869427924294e+00
1.021336562690289052e+00
1.021338773603734484e+00
1.021348636178913027e+00
1.021362067728939227e+00
1.021374071366341507e+00
1.021378807153807022e+00
1.021373749116067930e+00
1.021364364094684341e+00
1.021359728771926045e+00
1.021363961831792233e+00
1.021374933045120503e+00
1.021388286573094994e+00
1.021398728354204977e+00
1.021400665269915464e+00
1.021393438200663084e+00
1.021384260425657331e+00
1.021381593578894131e+00
1.021387699096913071e+00
1.021399506215940889e+00
1.021412453810420118e+00
1.021420949127318067e+00
1.021420039513447175e+00
1.021411183173762005e+00
1.021402838975415284e+00
1.021402298598216074e+00
1.021410065724028371e+00
1.021422427711629499e+00
1.021434612437654321e+00
1.021440811855966579e+00
1.021437162713000779e+00
1.021427308332709671e+00
1.021420331916502944e+00
1.021421947225134907e+00
1.021431127319320176e+00
1.021443751599633298e+00
1.021454790635206944e+00
1.021458415169613110e+00
1.021452295231222607e+00
1.021442117987303222e+00
1.021436921872292736e+00
1.021440613150348842e+00
1.021450937323419961e+00
1.021463512848086896e+00
1.021473009878198779e+00
1.021473886747540805e+00
1.021465716944535140e+00
1.021455884912049861e+00
1.021452744556541781e+00
1.021458348293497576e+00
1.021469537393695282e+00
1.021481727646542659e+00
1.021489295133958919e+00
1.021487388311782762e+00
1.021477715878065684e+00
1.021468841626229862e+00
1.021467894438145230e+00
1.021475189293305386e+00
1.021486956226777876e+00
1.021498396059646208e+00
1.021503685920452709e+00
1.021499116068781188e+00
1.021488575059129378e+00
1.021481175394518548e+00
1.021482432278875585e+00
1.021491161889897192e+00
1.021503207769516752e+00
1.021513507474062443e+00
1.021516246648904502e+00
1.021509296329488281e+00
1.021498559349458102e+00
1.021493027270367060e+00
1.021496393279166526e+00
1.021506282964730339e+00
1.021518289941719226e+00
1.021527048749625521e+00
1.021527074626072729e+00
1.021518176798971611e+00
1.021507903920639393e+00
1.021504494893384907e+00
1.021509794654749115e+00
1.021520560469780126e+00
1.021532184951782662e+00
1.021539014354132968e+00
1.021536304331984280e+00
1.021526014692029749e+00
1.021516805697065822e+00
1.021515638204773868e+00
1.021522641685909560e+00
1.021533991902000116e+00
1.021544862032860657e+00
1.021549417202137988e+00
1.021544107089019882e+00
1.021533063275762210e+00
1.021525418597789336e+00
1.021526486903161501e+00
1.021534931620062370e+00
1.021546562301293370e+00
1.021556283004044552e+00
1.021558298600200976e+00
1.021550685938878100e+00
1.021539558603223208e+00
1.021533852830645461e+00
1.021537048377874068e+00
1.021546655246680757e+00
1.021558242902412150e+00
1.021566410497577237e+00
1.021565735687802956e+00
1.021556266302861005e+00
1.021545708074769188e+00
1.021542177881548330e+00
1.021547314961867681e+00
1.021557796428492093e+00
1.021568991503096768e+00
1.021575218060384316e+00
1.021571845034551895e+00
1.021561083645923018e+00
1.021551682101237368e+00
1.021550428311435388e+00
1.021557269578963423e+00
1.021568330288390225e+00
1.021578755335703637e+00
1.021582700799353871e+00
1.021576781581637006e+00
1.021565369779153798e+00
1.021557609637719910e+00
1.021558611161029084e+00
1.021566889212336626e+00
1.021578221057745317e+00
1.021587476788792248e+00
1.021588884955822341e+00
1.021580732831363969e+00
1.021569339564522672e+00
1.021563577771618547e+00
1.021566713704515017e+00
1.021576146066755619e+00
1.021587420720168504e+00
1.021595101748267620e+00
1.021593834815515578e+00
1.021583908942579333e+00
1.021573179627083494e+00
1.021569634940052484e+00
1.021574710414805631e+00
1.021585006759525349e+00
1.021595869490957487e+00
1.021601589695952494e+00
1.021597655662306536e+00
1.021586530012761562e+00
1.021577040296250516e+00
1.021575796839993000e+00
1.021582568248966982e+00
1.021593430281043879e+00
1.021603498876423322e+00
1.021606924187123067e+00
1.021600492037893826e+00
1.021588812210879160e+00
1.021581031480776947e+00
1.021582053812049473e+00
1.021590249727746702e+00
1.021601365755214763e+00
1.021610237599236637e+00
1.021611122079067346e+00
1.021602521298578203e+00
1.021590954520211314e+00
1.021585222590538855e+00
1.021588378444908241e+00
1.021597713734871071e+00
1.021608751133935789e+00
1.021616020086678622e+00
1.021614239937216118e+00
1.021603943207084253e+00
1.021593127661493572e+00
1.021589646013206121e+00
1.021594732284665241e+00
1.021604914420933596e+00
1.021615513840759659e+00
1.021620796590483771e+00
1.021616376377946445e+00
1.021604966896984212e+00
1.021595466363454108e+00
1.021594303162873363e+00
1.021601070792833799e+00
1.021611798992402509e+00
1.021621574062498317e+00
1.021624543515271100e+00
1.021617669686442298e+00
1.021605796899130558e+00
1.021598065619981455e+00
1.021599171865473554e+00
1.021607346074890454e+00
1.021618305437857366e+00
1.021626850912578321e+00
1.021627272318095692e+00
1.021618290788175898e+00
1.021606619980676811e+00
1.021600980976008044e+00
1.021604213835874297e+00
1.021613507358104300e+00
1.021624361322680308e+00
1.021631271089592063e+00
1.021629035429495236e+00
1.021618432389949538e+00
1.021607594329244639e+00
1.021604232284565317e+00
1.021609381153914864e+00
1.021619499652405061e+00
1.021629884639513097e+00
1.021634779032313700e+00
1.021629928009105459e+00
1.021618295681458788e+00
1.021608842193141520e+00
1.021607809909060638e+00
1.021614620919947480e+00
1.021625261412802743e+00
1.021634787365777175e+00
1.021637347107457794e+00
1.021630084952726225e+00
1.021618076308246970e+00
1.021610446550583973e+00
1.021611682122783860e+00
1.021619877660778997e+00
1.021630722274823544e+00
1.021638981888055131e+00
1.021638984187260402e+00
1.021629673316787557e+00
1.021617951354294451e+00
1.021612451778912245e+00
1.021615802470583034e+00
1.021625093517863681e+00
1.021635801988260539e+00
1.021642389843047338e+00
1.021639741094744203e+00
1.021628881052011550e+00
1.021618068826426029e+00
1.021614867702476559e+00
1.021620116024617886e+00
1.021630206699599697e+00
1.021640411506378632e+00
1.021644952311210996e+00
1.021639711787082572e+00
1.021627903487347222e+00
1.021618540693923993e+00
1.021617675953742088e+00
1.021624563753259274e+00
1.021635149052674940e+00
1.021644456832520031e+00
1.021646639862681116e+00
1.021639029774566776e+00
1.021626929292748454e+00
1.021619439989304823e+00
1.021620837390126990e+00
1.021629084624192441e+00
1.021639843840753459e+00
1.021647845718415493e+00
1.021647460811220487e+00
1.021637860028331124e+00
1.021626127643187498e+00
1.021620801870331885e+00
1.021624299343654396e+00
1.021633615526653660e+00
1.021644204847058424e+00
1.021650496690197585e+00
1.021647466185262587e+00
1.021636387342220953e+00
1.021625638033342609e+00
1.021622627960315777e+00
1.021628001661669449e+00
1.021638089541914152e+00
1.021648137725550409e+00
1.021652349275647964e+00
1.021646750347107613e+00
1.021634802636686823e+00
1.021625563737631470e+00
1.021624892865391931e+00
1.021631880797944980e+00
1.021642433451732668e+00
1.021651544151481072e+00
1.021653373899739758e+00
1.021645446840342419e+00
1.021633288947205509e+00
1.021625969353913144e+00
1.021627551605007289e+00
1.021635871626406233e+00
1.021646565587314814e+00
1.021654328798727640e+00
1.021653579806964585e+00
1.021643719805363837e+00
1.021632008800363867e+00
1.021626882260391334e+00
1.021630546746822077e+00
1.021639907115343471e+00
1.021650395123788746e+00
1.021656408546484762e+00
1.021653019554375375e+00
1.021641751999577963e+00
1.021631094382071225e+00
1.021628297243516892e+00
1.021633814232338677e+00
1.021643916437552591e+00
1.021653823710249265e+00
1.021657722729087947e+00
1.021651789070267657e+00
1.021639730953533221e+00
1.021630641432750064e+00
1.021630183163404260e+00
1.021637287194511856e+00
1.021647822439122777e+00
1.021656749933169017e+00
1.021658242867677480e+00
1.021650022942793612e+00
1.021637835015642093e+00
1.021630707239580271e+00
1.021632490389747350e+00
1.021640897491604250e+00
1.021651539580958445e+00
1.021659076572365654e+00
1.021657980248918518e+00
1.021647885364369346e+00
1.021636220966036568e+00
1.021631312485336895e+00
1.021635157815446338e+00
1.021644575147821588e+00
1.021654973443716363e+00
1.021660719979220922e+00
1.021656989933184212e+00
1.021645557837016938e+00
1.021635014556961041e+00
1.021632446154938201e+00
1.021638118463988443e+00
1.021648246321433362e+00
1.021658022649389874e+00
1.021661620334201270e+00
1.021655370254064277e+00
1.021643225209760475e+00
1.021634304853636710e+00
1.021634072337708865e+00
1.021641303035394577e+00
1.021651830754163326e+00
1.021660583642520326e+00
1.021661751198215118e+00
1.021653257559081318e+00
1.021641061807080142e+00
1.021634142676891344e+00
1.021636137657940147e+00
1.021644641167681833e+00
1.021655239824691419e+00
1.021662558220793660e+00
1.021661126733653280e+00
1.021650816702412534e+00
1.021639219303105195e+00
1.021634542837777104e+00
1.021638578158726496e+00
1.021648060656631607e+00
1.021658376279846792e+00
1.021663863072617140e+00
1.021659805219516937e+00
1.021648228460531271e+00
1.021637817649914792e+00
1.021635489311380596e+00
1.021641324686507035e+00
1.021651485298652906e+00
1.021661136457737484e+00
1.021664440025233489e+00
1.021657887992353242e+00
1.021645675478135562e+00
1.021636939871916727e+00
1.021636942162917228e+00
1.021644306166177962e+00
1.021654832339499830e+00
1.021663415389149066e+00
1.021664265397877802e+00
1.021655513649535774e+00
1.021643328505869697e+00
1.021636630958274061e+00
1.021638844960940373e+00
1.021647450596911977e+00
1.021658010657538140e+00
1.021665114596420842e+00
1.021663356850259774e+00
1.021652848109276590e+00
1.021641334555488445e+00
1.021636900475203058e+00
1.021641131522069035e+00
1.021650684063163395e+00
1.021660920735296463e+00
1.021666151776343234e+00
1.021661776396238563e+00
1.021650071761096568e+00
1.021639808229912738e+00
1.021637727994295197e+00
1.021643731067689354e+00
1.021653928468424510e+00
1.021663457192423463e+00
1.021666471020527212e+00
1.021659628786994345e+00
1.021647365346665115e+00
1.021638826977149250e+00
1.021639070128611770e+00
1.021646571228910005e+00
1.021657099001225255e+00
1.021665514207886982e+00
1.021666051951845677e+00
1.021657055187644936e+00
1.021644896331157959e+00
1.021638430430276356e+00
1.021640867916069562e+00
1.021649578783448087e+00
1.021660102464962527e+00
1.021666993579110727e+00
1.021664916185378580e+00
1.021654222823671576e+00
1.021642807358681182e+00
1.021638623387977951e+00
1.021643053415537850e+00
1.021652678469902487e+00
1.021662837502737897e+00
1.021667814534860552e+00
1.021663129832584449e+00
1.021651311890583447e+00
1.021641207996522915e+00
1.021639381483800957e+00
1.021645554630741248e+00
1.021655790628351212e+00
1.021665197447092943e+00
1.021667923908776920e+00
1.021660801328143409e+00
1.021648501395489683e+00
1.021640170453202767e+00
1.021640658317975348e+00
1.021648298245942055e+00
1.021658828701108357e+00
1.021667076062155566e+00
1.021667305040315110e+00
1.021658074591273557e+00
1.021645955685538398e+00
1.021639729362387339e+00
1.021642392798295162e+00
1.021651210110778196e+00
1.021661697725122497e+00
1.021668375853592270e+00
1.021665983833337732e+00
1.021655118278010033e+00
1.021643813221729147e+00
1.021639885121121250e+00
1.021644515578059353e+00
1.021654213869928274e+00
1.021664294821991836e+00
1.021669017995070483e+00
1.021664030743276719e+00
1.021652112474353835e+00
1.021642178748505048e+00
1.021640609785764875e+00
1.021646953742388453e+00
1.021657228526358097e+00
1.021666512370175584e+00
1.021668952435248023e+00
1.021661558049799190e+00
1.021649234523876126e+00
1.021641119479145932e+00
1.021641854284915052e+00
1.021649633275779179e+00
1.021660165993849789e+00
1.021668244064811715e+00
1.021668166544266398e+00
1.021658712514804446e+00
1.021646645735764469e+00
1.021640665318650054e+00
1.021643555704953021e+00
1.021652479301991434e+00
1.021662929767184869e+00
1.021669393467668829e+00
1.021666690755408391e+00
1.021655664260293417e+00
1.021644480493973717e+00
1.021640812548074484e+00
1.021645643560309402e+00
1.021655414541285722e+00
1.021665415688168377e+00
1.021669884029736464e+00
1.021664600028317382e+00
1.021652593269163578e+00
1.021642838861998692e+00
1.021641529932257875e+00
1.021648044237608577e+00
1.021658356811965485e+00
1.021667515444732999e+00
1.021669669111415546e+00
1.021662010570361545e+00
1.021649675223565534e+00
1.021641783237432488e+00
1.021642765998893143e+00
1.021650683196483556e+00
1.021661216651196025e+00
1.021669122944720343e+00
1.021668740355496041e+00
1.021659072003874957e+00
1.021647068414117676e+00
1.021641339007533844e+00
1.021644456255769384e+00
1.021653484971803305e+00
1.021663896177345432e+00
1.021670143093670990e+00
1.021667132897577268e+00
1.021655955889599898e+00
1.021644903200153776e+00
1.021641498567080086e+00
1.021646529283884552e+00
1.021656371470723856e+00
1.021666290141783229e+00
1.021670501895128425e+00
1.021664926299028497e+00
1.021652842059127098e+00
1.021643275058206513e+00
1.021642227622402643e+00
1.021648910935051058e+00
1.021659259427989852e+00
1.021668289758015380e+00
1.021670156363294391e+00
1.021662240720667025e+00
1.021649904488119098e+00
1.021642241706187448e+00
1.021643472521389207e+00
1.021651526267643550e+00
1.021662058111042048e+00
1.021669789384315852e+00
1.021669102603382395e+00
1.021659228612391335e+00
1.021647298427289297e+00
1.021641824184091218e+00
1.021645167389361397e+00
1.021654299318681680e+00
1.021664668388087449e+00
1.021670695515922933e+00
1.021667380576873452e+00
1.021656062902442930e+00
1.021645150228350118e+00
1.021642011191875143e+00
1.021647240035690185e+00
1.021657151253032803e+00
1.021666984074396378e+00
1.021670936943795072e+00
1.021665074498603776e+00
1.021652923185330408e+00
1.021643550843479797e+00
1.021642765573856693e+00
1.021649615900790842e+00
1.021659997787786045e+00
1.021668896093375745e+00
1.021670474538640239e+00
1.021662308467186309e+00
1.021649981653456774e+00
1.021642553418287358e+00
1.021644031684256104e+00
1.021652219728843125e+00
1.021662746997186400e+00
1.021670299461617359e+00
1.021669309019630489e+00
1.021659237690823119e+00
1.021647390469548888e+00
1.021642174788967683e+00
1.021645742428677561e+00
1.021654975117548769e+00
1.021665298599250482e+00
1.021671102480924853e+00
1.021667485261067876e+00
1.021656036362931452e+00
1.021645271971832081e+00
1.021642400125954309e+00
1.021647824975121743e+00
1.021657802531984460e+00
1.021667545604318494e+00
1.021671236935563609e+00
1.021665092148817733e+00
1.021652883729284866e+00
1.021643712630581735e+00
1.021643189582407851e+00
1.021650204446718169e+00
1.021660616713290670e+00
1.021669378808825135e+00
1.021670667726365833e+00
1.021662257672795171e+00
1.021649950101051418e+00
1.021642761107846908e+00
1.021644485679851444e+00
1.021652805333911562e+00
1.021663324598557576e+00
1.021670694075107022e+00
1.021669400309033193e+00
1.021659139703454677e+00
1.021647384487530896e+00
1.021642430161362691e+00
1.021646220242383940e+00
1.021655550830104620e+00
1.021665824838119629e+00
1.021671401707684890e+00
1.021667484529430903e+00
1.021655913574677221e+00
1.021645305193069841e+00
1.021642701579109414e+00
1.021648319903334823e+00
1.021658360722906611e+00
