1.000603444564682754e+00
1.000677399378540722e+00
1.000799729446171682e+00
1.000943425040956125e+00
1.001099230196833556e+00
1.001262597734181359e+00
1.001430778168453717e+00
1.001601894094507283e+00
1.001774570046054746e+00
1.001947756343905205e+00
1.002120633177169928e+00
1.002292552719536989e+00
1.002463001305065049e+00
1.002631573113458741e+00
1.002797950937384108e+00
1.002961891574127629e+00
1.003123214389266327e+00
1.003281792142586060e+00
1.003437543475746763e+00
1.003590426647769318e+00
1.003740434223640676e+00
1.003887588501635619e+00
1.004031937521462581e+00
1.004173551536345688e+00
1.004312519862478048e+00
1.004448948041778866e+00
1.004582955270541866e+00
1.004714672058740543e+00
1.004844238093561604e+00
1.004971800287090211e+00
1.005097510992666088e+00
1.005221526377886310e+00
1.005344004944863867e+00
1.005465106190438052e+00
1.005584989400611917e+00
1.005703812574551437e+00
1.005821731473963254e+00
1.005938898793540481e+00
1.006055463447430576e+00
1.006171569965442325e+00
1.006287357991122455e+00
1.006402961872114643e+00
1.006518510331589233e+00
1.006634126208226121e+00
1.006749926251387484e+00
1.006866020957896790e+00
1.006982514437207321e+00
1.007099504292765513e+00
1.007217081508902545e+00
1.007335330334557133e+00
1.007454328157411760e+00
1.007574145364438678e+00
1.007694845187350197e+00
1.007816483533823693e+00
1.007939108807621720e+00
1.008062761722709366e+00
1.008187475118183407e+00
1.008313273782199593e+00
1.008440174294118252e+00
1.008568184894758968e+00
1.008697305394969934e+00
1.008827527132658108e+00
1.008958832988013476e+00
1.009091197465889600e+00
1.009224586853177064e+00
1.009358959457554938e+00
1.009494265932216139e+00
1.009630449689120191e+00
1.009767447400995444e+00
1.009905189589830110e+00
1.010043601296950477e+00
1.010182602827117471e+00
1.010322110556444164e+00
1.010462037791445056e+00
1.010602295664286165e+00
1.010742794047393200e+00
1.010883442469092452e+00
1.011024151010980532e+00
1.011164831167277400e+00
1.011305396646585475e+00
1.011445764097206990e+00
1.011585853738478535e+00
1.011725589882412901e+00
1.011864901332198530e+00
1.012003721646741905e+00
1.012141989263332542e+00
1.012279647473556476e+00
1.012416644250702547e+00
1.012552931929986189e+00
1.012688466745891080e+00
1.012823208233748717e+00
1.012957118505285692e+00
1.013090161410268308e+00
1.013222301598560193e+00
1.013353503498891417e+00
1.013483730232461522e+00
1.013612942481182611e+00
1.013741097331953611e+00
1.013868147119869612e+00
1.013994038294717903e+00
1.014118710336487705e+00
1.014242094746919731e+00
1.014364114145225315e+00
1.014484681497014096e+00
1.014603699505987056e+00
1.014721060197998348e+00
1.014836644726456738e+00
1.014950323426593748e+00
1.015061956143648247e+00
1.015171392856377253e+00
1.015278474612330672e+00
1.015383034784958838e+00
1.015484900654801459e+00
1.015583895307831330e+00
1.015679839833620868e+00
1.015772555794691945e+00
1.015861867926562745e+00
1.015947607016162380e+00
1.016029612895094747e+00
1.016107737474313932e+00
1.016181847738984789e+00
1.016251828617212194e+00
1.016317585634666898e+00
1.016379047269330815e+00
1.016436166926919960e+00
1.016488924468014421e+00
1.016537327232246657e+00
1.016581410522479301e+00
1.016621237531869948e+00
1.016656898717958946e+00
1.016688510649197630e+00
1.016716214369336235e+00
1.016740173342600695e+00
1.016760571056533724e+00
1.016777608368977903e+00
1.016791500690519268e+00
1.016802475093667502e+00
1.016810767435512464e+00
1.016816619572106672e+00
1.016820276731333461e+00
1.016821985097489112e+00
1.016821989646349955e+00
1.016820532255062526e+00
1.016817850097692766e+00
1.016814174325300080e+00
1.016809729019438002e+00
1.016804730400193479e+00
1.016799386264281679e+00
1.016793895625141220e+00
1.016788448525199451e+00
1.016783225990146144e+00
1.016778400095870394e+00
1.016774134120366213e+00
1.016770582755133434e+00
1.016767892353179992e+00
1.016766201193501917e+00
1.016765639744780181e+00
1.016766330913863703e+00
1.016768390267397404e+00
1.016771926217615807e+00
1.016777040165862012e+00
1.016783826599766183e+00
1.016792373142210160e+00
1.016802760552224738e+00
1.016815062679786053e+00
1.016829346378089527e+00
1.016845671378327598e+00
1.016864090133239307e+00
1.016884647636763006e+00
1.016907381228034923e+00
1.016932320388709954e+00
1.016959486543149715e+00
1.016988892871453665e+00
1.017020544145540439e+00
1.017054436598551215e+00
1.017090557837705855e+00
1.017128886810380051e+00
1.017169393832556334e+00
1.017212040687935026e+00
1.017256780804827176e+00
1.017303559516506528e+00
1.017352314408968450e+00
1.017402975758033623e+00
1.017455467055489615e+00
1.017509705621535865e+00
1.017565603298214771e+00
1.017623067215916555e+00
1.017682000622448069e+00
1.017742303761730360e+00
1.017803874786978424e+00
1.017866610691354312e+00
1.017930408237642137e+00
1.017995164867552704e+00
1.018060779570873819e+00
1.018127153694877940e+00
1.018194191675191540e+00
1.018261801670654165e+00
1.018329896086587194e+00
1.018398391973174721e+00
1.018467211288334839e+00
1.018536281017373035e+00
1.018605533144791853e+00
1.018674904476750243e+00
1.018744336315762888e+00
1.018813773992213623e+00
1.018883166260061923e+00
1.018952464566733607e+00
1.019021622209566935e+00
1.019090593393358279e+00
1.019159332205507695e+00
1.019227791527075322e+00
1.019295921899711299e+00
1.019363670369982877e+00
1.019430979334119192e+00
1.019497785407599277e+00
1.019564018345382461e+00
1.019629600039827499e+00
1.019694443624449942e+00
1.019758452712527408e+00
1.019821520800069159e+00
1.019883530862658594e+00
1.019944355175036454e+00
1.020003855380776425e+00
1.020061882836913458e+00
1.020118279254666138e+00
1.020172877652400389e+00
1.020225503630524777e+00
1.020275976970168808e+00
1.020324113548237488e+00
1.020369727551008410e+00
1.020412633957089588e+00
1.020452651248687559e+00
1.020489604298318032e+00
1.020523327366889443e+00
1.020553667139285636e+00
1.020580485715807173e+00
1.020603663472899214e+00
1.020623101705058211e+00
1.020638724962166011e+00
1.020650483003007647e+00
1.020658352296379690e+00
1.020662337015685095e+00
1.020662469490642987e+00
1.020658810099824398e+00
1.020651446609058155e+00
1.020640492982057390e+00
1.020626087709624485e+00
1.020608391721229857e+00
1.020587585956617138e+00
1.020563868684552844e+00
1.020537452660508215e+00
1.020508562214868409e+00
1.020477430358535109e+00
1.020444295984156646e+00
1.020409401229577906e+00
1.020372989056483437e+00
1.020335301082648805e+00
1.020296575691759688e+00
1.020257046431223280e+00
1.020216940696449415e+00
1.020176478690127508e+00
1.020135872637284891e+00
1.020095326231350796e+00
1.020055034282930206e+00
1.020015182541250898e+00
1.019975947657949522e+00
1.019937497263715631e+00
1.019899990129975453e+00
1.019863576390037663e+00
1.019828397796717745e+00
1.019794587996237123e+00
1.019762272801053360e+00
1.019731570447129698e+00
1.019702591823940185e+00
1.019675440668176503e+00
1.019650213714677012e+00
1.019627000800469752e+00
1.019605884920046668e+00
1.019586942231994975e+00
1.019570242018951856e+00
1.019555846604478955e+00
1.019543811231905961e+00
1.019534183911432690e+00
1.019527005242881756e+00
1.019522308222378548e+00
1.019520118041998380e+00
1.019520451891986479e+00
1.019523318775586773e+00
1.019528719346750156e+00
1.019536645781054407e+00
1.019547081690023171e+00
1.019560002088658379e+00
1.019575373425382070e+00
1.019593153682702091e+00
1.019613292555734851e+00
1.019635731714273241e+00
1.019660405152330362e+00
1.019687239627070863e+00
1.019716155186786377e+00
1.019747065785123752e+00
1.019779879976194570e+00
1.019814501682571262e+00
1.019850831025595372e+00
1.019888765204980396e+00
1.019928199412488468e+00
1.019969027762606784e+00
1.020011144221708577e+00
1.020054443516262843e+00
1.020098822000274463e+00
1.020144178462356610e+00
1.020190414853631822e+00
1.020237436919024132e+00
1.020285154716388476e+00
1.020333483010239961e+00
1.020382341529527448e+00
1.020431655081823319e+00
1.020481353519390399e+00
1.020531371555712941e+00
1.020581648434182753e+00
1.020632127453609206e+00
1.020682755358030214e+00
1.020733481600913040e+00
1.020784257496202496e+00
1.020835035270848401e+00
1.020885767035402347e+00
1.020936403691060423e+00
1.020986893793201844e+00
1.021037182393011555e+00
1.021087209880274127e+00
1.021136910851835999e+00
1.021186213031586965e+00
1.021235036269066754e+00
1.021283291644891733e+00
1.021330880712050249e+00
1.021377694902597888e+00
1.021423615129277263e+00
1.021468511610901020e+00
1.021512243948809129e+00
1.021554661479177284e+00
1.021595603922205608e+00
1.021634902344166651e+00
1.021672380441815520e+00
1.021707856150753324e+00
1.021741143570059185e+00
1.021772055185040218e+00
1.021800404358559122e+00
1.021826008049542267e+00
1.021848689705434410e+00
1.021868282264200456e+00
1.021884631191701587e+00
1.021897597472580355e+00
1.021907060467929451e+00
1.021912920551591775e+00
1.021915101439400120e+00
1.021913552132301728e+00
1.021908248405069664e+00
1.021899193786906190e+00
1.021886419998065509e+00
1.021869986826767329e+00
1.021849981452041645e+00
1.021826517239446730e+00
1.021799732056573484e+00
1.021769786172616268e+00
1.021736859820049581e+00
1.021701150505796241e+00
1.021662870163808190e+00
1.021622242240670442e+00
1.021579498800970098e+00
1.021534877730456259e+00
1.021488620103280009e+00
1.021440967765928853e+00
1.021392161175898927e+00
1.021342437518672819e+00
1.021292029113070488e+00
1.021241162103118771e+00
1.021190055424688214e+00
1.021138920027458319e+00
1.021087958327258516e+00
1.021037363860373581e+00
1.020987321109699364e+00
1.020938005472381782e+00
1.020889583339457118e+00
1.020842212259700954e+00
1.020796041162155054e+00
1.020751210614409210e+00
1.020707853096508799e+00
1.020666093273225217e+00
1.020626048250285134e+00
1.020587827802936332e+00
1.020551534567914143e+00
1.020517264192408735e+00
1.020485105436009565e+00
1.020455140223824442e+00
1.020427443650968602e+00
1.020402083940457061e+00
1.020379122358159085e+00
1.020358613089907385e+00
1.020340603087105835e+00
1.020325131888256909e+00
1.020312231424720606e+00
1.020301925819768085e+00
1.020294231190553624e+00
1.020289155463051989e+00
1.020286698210235876e+00
1.020286850523827837e+00
1.020289594929803201e+00
1.020294905357443271e+00
1.020302747171117685e+00
1.020313077273066860e+00
1.020325844284293959e+00
1.020340988809200544e+00
1.020358443787837244e+00
1.020378134937626635e+00
1.020399981284147106e+00
1.020423895778103773e+00
1.020449785993050806e+00
1.020477554895787176e+00
1.020507101678777007e+00
1.020538322641511231e+00
1.020571112105523648e+00
1.020605363345932215e+00
1.020640969520957952e+00
1.020677824579947712e+00
1.020715824130081550e+00
1.020754866242161718e+00
1.020794852176707401e+00
1.020835687012949577e+00
1.020877280165220613e+00
1.020919545773563808e+00
1.020962402958077497e+00
1.021005775929443526e+00
1.021049593951178114e+00
1.021093791152282826e+00
1.021138306192062917e+00
1.021183081781863011e+00
1.021228064071276975e+00
1.021273201908986739e+00
1.021318445990758939e+00
1.021363747909289188e+00
1.021409059122543983e+00
1.021454329859024845e+00
1.021499507980059285e+00
1.021544537820751719e+00
1.021589359032724520e+00
1.021633905453191993e+00
1.021678104026258804e+00
1.021721873803579594e+00
1.021765125052615186e+00
1.021807758501544150e+00
1.021849664750384967e+00
1.021890723877840301e+00
1.021930805272679654e+00
1.021969767716926381e+00
1.022007459745544633e+00
1.022043720303545733e+00
1.022078379716349072e+00
1.022111260982713432e+00
1.022142181391607174e+00
1.022170954455085212e+00
1.022197392138724403e+00
1.022221307359784781e+00
1.022242516711379112e+00
1.022260843359111604e+00
1.022276120045509717e+00
1.022288192127828399e+00
1.022296920567188572e+00
1.022302184782221124e+00
1.022303885279058022e+00
1.022301945972077242e+00
1.022296316116545700e+00
1.022286971785173915e+00
1.022273916835285901e+00
1.022257183331209296e+00
1.022236831406680535e+00
1.022212948573451907e+00
1.022185648503577848e+00
1.022155069332776334e+00
1.022121371549565616e+00
1.022084735548523859e+00
1.022045358935259163e+00
1.022003453675096374e+00
1.021959243177036791e+00
1.021912959399599918e+00
1.021864840056322166e+00
1.021815125986905937e+00
1.021764058746287285e+00
1.021711878449312216e+00
1.021658821894237734e+00
1.021605120974810710e+00
1.021551001378792067e+00
1.021496681560956521e+00
1.021442371970945562e+00
1.021388274510911298e+00
1.021334582194465046e+00
1.021281478976776125e+00
1.021229139725464474e+00
1.021177730302819331e+00
1.021127407731595493e+00
1.021078320418913776e+00
1.021030608415395502e+00
1.020984403689475073e+00
1.020939830399687498e+00
1.020897005150596559e+00
1.020856037220804202e+00
1.020817028754167799e+00
1.020780074907882362e+00
1.020745263953464654e+00
1.020712677328880824e+00
1.020682389642063814e+00
1.020654468627898659e+00
1.020628975062361832e+00
1.020605962638956754e+00
1.020585477813801711e+00
1.020567559626827769e+00
1.020552239507416026e+00
1.020539541073550049e+00
1.020529479934128014e+00
1.020522063504484045e+00
1.020517290845402991e+00
1.020515152535956815e+00
1.020515630590341338e+00
1.020518698428496407e+00
1.020524320909667049e+00
1.020532454437163006e+00
1.020543047141382997e+00
1.020556039146700567e+00
1.020571362926044223e+00
1.020588943744963117e+00
1.020608700194719498e+00
1.020630544811463203e+00
1.020654384775990575e+00
1.020680122685944546e+00
1.020707657389738454e+00
1.020736884869068106e+00
1.020767699154663699e+00
1.020799993258121763e+00
1.020833660101222451e+00
1.020868593423257531e+00
1.020904688646530722e+00
1.020941843680450489e+00
1.020979959645456070e+00
1.021018941499416632e+00
1.021058698551045918e+00
1.021099144847221751e+00
1.021140199423794970e+00
1.021181786412408643e+00
1.021223834998952640e+00
1.021266279232397878e+00
1.021309057685867439e+00
1.021352112974756254e+00
1.021395391139536590e+00
1.021438840903456491e+00
1.021482412817731555e+00
1.021526058308962481e+00
1.021569728645481900e+00
1.021613373841104178e+00
1.021656941516415618e+00
1.021700375739287736e+00
1.021743615867776178e+00
1.021786595419985844e+00
1.021829240996829258e+00
1.021871471284844901e+00
1.021913196167334226e+00
1.021954315972900984e+00
1.021994720890947228e+00
1.022034290583635041e+00
1.022072894023102307e+00
1.022110389581150969e+00
1.022146625396019193e+00
1.022181440037058797e+00
1.022214663482998720e+00
1.022246118422936778e+00
1.022275621881216789e+00
1.022302987158003162e+00
1.022328026066839923e+00
1.022350551439067168e+00
1.022370379853077438e+00
1.022387334534590408e+00
1.022401248362998505e+00
1.022411966909147374e+00
1.022419351422349187e+00
1.022423281679722962e+00
1.022423658609705299e+00
1.022420406604256371e+00
1.022413475441112496e+00
1.022402841748413227e+00
1.022388509958812808e+00
1.022370512718143498e+00
1.022348910733952287e+00
1.022323792070619408e+00
1.022295270919052923e+00
1.022263485888827983e+00
1.022228597887846480e+00
1.022190787668166401e+00
1.022150253125754249e+00
1.022107206446227323e+00
1.022061871188077120e+00
1.022014479389817154e+00
1.021965268778579849e+00
1.021914480145840853e+00
1.021862354942196571e+00
1.021809133128516400e+00
1.021755051306355355e+00
1.021700341137055990e+00
1.021645228047144194e+00
1.021589930207828401e+00
1.021534657768824239e+00
1.021479612321322783e+00
1.021424986561556114e+00
1.021370964124783676e+00
1.021317719559340809e+00
1.021265418411317238e+00
1.021214217392165002e+00
1.021164264603813265e+00
1.021115699798495147e+00
1.021068654653285002e+00
1.021023253042223633e+00
1.020979611291758182e+00
1.020937838408009668e+00
1.020898036267048337e+00
1.020860299761908063e+00
1.020824716902419826e+00
1.020791368866166504e+00
1.020760330000849203e+00
1.020731667780187202e+00
1.020705442717077194e+00
1.020681708239181251e+00
1.020660510533341725e+00
1.020641888366289329e+00
1.020625872890007724e+00
1.020612487440843763e+00
1.020601747342013699e+00
1.020593659719575053e+00
1.020588223342140832e+00
1.020585428494674929e+00
1.020585256896531456e+00
1.020587681673513547e+00
1.020592667393092068e+00
1.020600170171012788e+00
1.020610137856329480e+00
1.020622510300416064e+00
1.020637219713747212e+00
1.020654191112186027e+00
1.020673342852255860e+00
1.020694587252398478e+00
1.020717831294647215e+00
1.020742977398512830e+00
1.020769924256303973e+00
1.020798567716678873e+00
1.020828801701045396e+00
1.020860519135592615e+00
1.020893612880344303e+00
1.020927976635729539e+00
1.020963505806844918e+00
1.021000098305826942e+00
1.021037655273614231e+00
1.021076081703769178e+00
1.021115286952962498e+00
1.021155185125064424e+00
1.021195695318501517e+00
1.021236741729471875e+00
1.021278253606719533e+00
1.021320165056693430e+00
1.021362414701016075e+00
1.021404945191153102e+00
1.021447702587979789e+00
1.021490635616521203e+00
1.021533694808512305e+00
1.021576831547573283e+00
1.021619997033737848e+00
1.021663141185861434e+00
1.021706211502079409e+00
1.021749151900037678e+00
1.021791901560097138e+00
1.021834393796122287e+00
1.021876554979817664e+00
1.021918303545805484e+00
1.021959549105728282e+00
1.022000191700477290e+00
1.022040121220106901e+00
1.022079217020934960e+00
1.022117347768591200e+00
1.022154371534180983e+00
1.022190136168098284e+00
1.022224479972202005e+00
1.022257232685889417e+00
1.022288216795038451e+00
1.022317249164752750e+00
1.022344142987489990e+00
1.022368710027577787e+00
1.022390763131713287e+00
1.022410118963130277e+00
1.022426600905330218e+00
1.022440042070174027e+00
1.022450288335480906e+00
1.022457201329780796e+00
1.022460661277239558e+00
1.022460569614614290e+00
1.022456851294879510e+00
1.022449456699090931e+00
1.022438363089134938e+00
1.022423575548872865e+00
1.022405127379216960e+00
1.022383079932974059e+00
1.022357521896692489e+00
1.022328568048013198e+00
1.022296357536846001e+00
1.022261051755837258e+00
1.022222831879045390e+00
1.022181896156755920e+00
1.022138457058532346e+00
1.022092738355943276e+00
1.022044972231221482e+00
1.021995396489130847e+00
1.021944251937403125e+00
1.021891779987319504e+00
1.021838220511404050e+00
1.021783809980771007e+00
1.021728779891242667e+00
1.021673355475586131e+00
1.021617754689455371e+00
1.021562187451110049e+00
1.021506855109622691e+00
1.021451950112963747e+00
1.021397655845770025e+00
1.021344146606447900e+00
1.021291587694209912e+00
1.021240135578394437e+00
1.021189938124708263e+00
1.021141134855656940e+00
1.021093857225237267e+00
1.021048228890838461e+00
1.021004365968139371e+00
1.020962377257590870e+00
1.020922364433725305e+00
1.020884422191074004e+00
1.020848638342844339e+00
1.020815093870695689e+00
1.020783862925961794e+00
1.020755012784472004e+00
1.020728603758747521e+00
1.020704689072764237e+00
1.020683314705709499e+00
1.020664519212231225e+00
1.020648333527550911e+00
1.020634780766551897e+00
1.020623876026508281e+00
1.020615626203520421e+00
1.020610029832952570e+00
1.020607076964194615e+00
1.020606749079915998e+00
1.020609019069568024e+00
1.020613851266259253e+00
1.020621201555205859e+00
1.020631017560762022e+00
1.020643238917544826e+00
1.020657797629391572e+00
1.020674618517845245e+00
1.020693619759576176e+00
1.020714713509689009e+00
1.020737806605271913e+00
1.020762801340929782e+00
1.020789596305456737e+00
1.020818087266389007e+00
1.020848168087007179e+00
1.020879731658529632e+00
1.020912670828860502e+00
1.020946879308374022e+00
1.020982252532903312e+00
1.021018688464373270e+00
1.021056088310375198e+00
1.021094357145405862e+00
1.021133404418414159e+00
1.021173144333671123e+00
1.021213496094683260e+00
1.021254384003825066e+00
1.021295737413457694e+00
1.021337490527445935e+00
1.021379582055062407e+00
1.021421954722250280e+00
1.021464554647998790e+00
1.021507330596174601e+00
1.021550233115505524e+00
1.021593213582565163e+00
1.021636223164541502e+00
1.021679211720356140e+00
1.021722126660342900e+00
1.021764911786251950e+00
1.021807506134805532e+00
1.021849842849458900e+00
1.021891848106355472e+00
1.021933440121702397e+00
1.021974528268872806e+00
1.022015012334348771e+00
1.022054781942076662e+00
1.022093716175719535e+00
1.022131683427543791e+00
1.022168541501057515e+00
1.022204137991853834e+00
1.022238310967263475e+00
1.022270889960212426e+00
1.022301697286069899e+00
1.022330549683215128e+00
1.022357260268655921e+00
1.022381640789436830e+00
1.022403504139141273e+00
1.022422667096887894e+00
1.022438953234429571e+00
1.022452195925902307e+00
1.022462241385154291e+00
1.022468951648153990e+00
1.022472207413423595e+00
1.022471910652376081e+00
1.022467986904311843e+00
1.022460387177863472e+00
1.022449089391858745e+00
1.022434099303505928e+00
1.022415450889921251e+00
1.022393206169334601e+00
1.022367454469744308e+00
1.022338311174018077e+00
1.022305915990222580e+00
1.022270430813013720e+00
1.022232037255291326e+00
1.022190933938196711e+00
1.022147333631604482e+00
1.022101460336461543e+00
1.022053546395063073e+00
1.022003829706281230e+00
1.021952551110784313e+00
1.021899951997483402e+00
1.021846272167805214e+00
1.021791747980002274e+00
1.021736610782301380e+00
1.021681085631976904e+00
1.021625390287733026e+00
1.021569734455300527e+00
1.021514319260858450e+00
1.021459336923619343e+00
1.021404970597350026e+00
1.021351394350502817e+00
1.021298773255582937e+00
1.021247263560153939e+00
1.021197012914181190e+00
1.021148160631041302e+00
1.021100837962352070e+00
1.021055168369621180e+00
1.021011267778588971e+00
1.020969244804905474e+00
1.020929200942456649e+00
1.020891230708175224e+00
1.020855421739544688e+00
1.020821854843186882e+00
1.020790603994926826e+00
1.020761736293530175e+00
1.020735311871922679e+00
1.020711383771119696e+00
1.020689997783319480e+00
1.020671192271680683e+00
1.020654997975179779e+00
1.020641437807667584e+00
1.020630526660811999e+00
1.020622271220992472e+00
1.020616669810447963e+00
1.020613712263001460e+00
1.020613379844515833e+00
1.020615645227832990e+00
1.020620472531294620e+00
1.020627817429025308e+00
1.020637627339947562e+00
1.020649841701006810e+00
1.020664392328294312e+00
1.020681203867713105e+00
1.020700194334533961e+00
1.020721275738733169e+00
1.020744354790402930e+00
1.020769333676911250e+00
1.020796110900907161e+00
1.020824582165857031e+00
1.020854641293627907e+00
1.020886181156828165e+00
1.020919094607230626e+00
1.020953275380755754e+00
1.020988618959173477e+00
1.021025023368985707e+00
1.021062389898809819e+00
1.021100623718023792e+00
1.021139634381380779e+00
1.021179336206655464e+00
1.021219648515124812e+00
1.021260495727624118e+00
1.021301807312027243e+00
1.021343517581134286e+00
1.021385565343033930e+00
1.021427893408980436e+00
1.021470447966603023e+00
1.021513177828852648e+00
1.021556033571439759e+00
1.021598966573655565e+00
1.021641927979408226e+00
1.021684867597082880e+00
1.021727732758475504e+00
1.021770467158591877e+00
1.021813009699588326e+00
1.021855293363531425e+00
1.021897244139999383e+00
1.021938780035782868e+00
1.021979810195008831e+00
1.022020234158824925e+00
1.022059941294213070e+00
1.022098810421414150e+00
1.022136709668668875e+00
1.022173496581340713e+00
1.022209018509798950e+00
1.022243113296549488e+00
1.022275610277870950e+00
1.022306331608563212e+00
1.022335093910317294e+00
1.022361710234800825e+00
1.022385992321926729e+00
1.022407753122321683e+00
1.022426809541105319e+00
1.022442985348308353e+00
1.022456114190222198e+00
1.022466042626401173e+00
1.022472633109668294e+00
1.022475766822001919e+00
1.022475346278201691e+00
1.022471297612212116e+00
1.022463572468116588e+00
1.022452149429088575e+00
1.022437034932613731e+00
1.022418263638472435e+00
1.022395898236335032e+00
1.022370028701256039e+00
1.022340771026579498e+00
1.022308265483478307e+00
1.022272674473342136e+00
1.022234180052478791e+00
1.022192981217374008e+00
1.022149291042691921e+00
1.022103333763296540e+00
1.022055341886205282e+00
1.022005553409221168e+00
1.021954209210981235e+00
1.021901550663288472e+00
1.021847817501984279e+00
1.021793245978220188e+00
1.021738067298638253e+00
1.021682506351267117e+00
1.021626780704324222e+00
1.021571099857668141e+00
1.021515664721413863e+00
1.021460667292983127e+00
1.021406290502356207e+00
1.021352708195200520e+00
1.021300085224543741e+00
1.021248577623439679e+00
1.021198332833386679e+00
1.021149489965902379e+00
1.021102180077462673e+00
1.021056526440888845e+00
1.021012644799117464e+00
1.020970643590063176e+00
1.020930624133947973e+00
1.020892680777000461e+00
1.020856900987779703e+00
1.020823365404572192e+00
1.020792147834294727e+00
1.020763315205149402e+00
1.020736927476866285e+00
1.020713037513802712e+00
1.020691690927376438e+00
1.020672925895376171e+00
1.020656772966565651e+00
1.020643254859720406e+00
1.020632386266784319e+00
1.020624173670233503e+00
1.020618615184939459e+00
1.020615700434863493e+00
1.020615410474722484e+00
1.020617717766367338e+00
1.020622586218956851e+00
1.020629971301076688e+00
1.020639820231743489e+00
1.020652072255730403e+00
1.020666659006857158e+00
1.020683504960833154e+00
1.020702527976948382e+00
1.020723639925434911e+00
1.020746747394732923e+00
1.020771752470269078e+00
1.020798553573786460e+00
1.020827046349851663e+00
1.020857124584011011e+00
1.020888681135262210e+00
1.020921608864143515e+00
1.020955801536900687e+00
1.020991154685893854e+00
1.021027566406716325e+00
1.021064938073374950e+00
1.021103174954340442e+00
1.021142186714216304e+00
1.021181887788163989e+00
1.021222197618944394e+00
1.021263040749401885e+00
1.021304346766306548e+00
1.021346050094619651e+00
1.021388089644320818e+00
1.021430408314907723e+00
1.021472952365451992e+00
1.021515670660672059e+00
1.021558513805840285e+00
1.021601433185453489e+00
1.021644379922556745e+00
1.021687303777359501e+00
1.021730152005437597e+00
1.021772868197352135e+00
1.021815391122989691e+00
1.021857653605340754e+00
1.021899581449767780e+00
1.021941092456047917e+00
1.021982095541541291e+00
1.022022490004632855e+00
1.022062164958025265e+00
1.022100998961351870e+00
1.022138859881787987e+00
1.022175605009672195e+00
1.022211081453438197e+00
1.022245126834232964e+00
1.022277570295334836e+00
1.022308233834795077e+00
1.022336933961606409e+00
1.022363483666238526e+00
1.022387694685745085e+00
1.022409380032167636e+00
1.022428356741062583e+00
1.022444448785194915e+00
1.022457490087439247e+00
1.022467327557403216e+00
1.022473824068977688e+00
1.022476861291620409e+00
1.022476342287299778e+00
1.022472193788098060e+00
1.022464368076716923e+00
1.022452844403484384e+00
1.022437629888600874e+00
1.022418759876568162e+00
1.022396297730182591e+00
1.022370334072894016e+00
1.022340985509545996e+00
1.022308392875172611e+00
1.022272719078431980e+00
1.022234146619415807e+00
1.022192874870227808e+00
1.022149117210553237e+00
1.022103098109416575e+00
1.022055050238859231e+00
1.022005211696020321e+00
1.021953823398042971e+00
1.021901126700314411e+00
1.021847361273949595e+00
1.021792763264034898e+00
1.021737563736829557e+00
1.021681987412481618e+00
1.021626251670234797e+00
1.021570565805721031e+00
1.021515130514745628e+00
1.021460137574788485e+00
1.021405769693964682e+00
1.021352200497132046e+00
1.021299594619850648e+00
1.021248107882693823e+00
1.021197887520730152e+00
1.021149072445644013e+00
1.021101793520778900e+00
1.021056173832253222e+00
1.021012328942149106e+00
1.020970367112553845e+00
1.020930389491893964e+00
1.020892490257518270e+00
1.020856756710840418e+00
1.020823269323547056e+00
1.020792101735342072e+00
1.020763320705519561e+00
1.020736986022237502e+00
1.020713150374787048e+00
1.020691859195373974e+00
1.020673150477967583e+00
1.020657054582657874e+00
1.020643594034676083e+00
1.020632783327776849e+00
1.020624628742073048e+00
1.020619128186626146e+00
1.020616271077111170e+00
1.020616038258701508e+00
1.020618401983892642e+00
1.020623325954331584e+00
1.020630765434777043e+00
1.020640667446095495e+00
1.020652971042689039e+00
1.020667607677951283e+00
1.020684501659289589e+00
1.020703570691944506e+00
1.020724726508373870e+00
1.020747875577366459e+00
1.020772919884432417e+00
1.020799757772447691e+00
1.020828284829124577e+00
1.020858394805726155e+00
1.020889980549657849e+00
1.020922934932211312e+00
1.020957151751902936e+00
1.020992526593571315e+00
