1.000603444564682754e+00
1.000677448924907065e+00
1.000800008314166156e+00
1.000944315216023117e+00
1.001101345970171419e+00
1.001266765188236096e+00
1.001438017229498989e+00
1.001613403379867373e+00
1.001791710408343361e+00
1.001972031436914712e+00
1.002153667018469863e+00
1.002336064938598170e+00
1.002518780998495229e+00
1.002701452223887291e+00
1.002883777948826438e+00
1.003065506145929042e+00
1.003246423377972540e+00
1.003426347310458544e+00
1.003605121065154204e+00
1.003782608912143992e+00
1.003958692943360376e+00
1.004133270470988215e+00
1.004306251964934393e+00
1.004477559394148400e+00
1.004647124872954933e+00
1.004814889539874967e+00
1.004980802615445423e+00
1.005144820599377820e+00
1.005306906577447590e+00
1.005467029615842334e+00
1.005625164226067403e+00
1.005781289887486718e+00
1.005935390617511693e+00
1.006087454581669149e+00
1.006237473737459975e+00
1.006385443507197941e+00
1.006531362476019043e+00
1.006675232112025586e+00
1.006817056506138730e+00
1.006956842129716367e+00
1.007094597608376940e+00
1.007230333510761078e+00
1.007364062151209438e+00
1.007495797405513649e+00
1.007625554539036461e+00
1.007753350046608931e+00
1.007879201503687927e+00
1.008003127428310997e+00
1.008125147153436041e+00
1.008245280709254121e+00
1.008363548715107694e+00
1.008479972280620363e+00
1.008594572915671117e+00
1.008707372448816475e+00
1.008818392953775733e+00
1.008927656683574980e+00
1.009035186011935092e+00
1.009141003381488932e+00
1.009245131258394990e+00
1.009347592092917800e+00
1.009448408285531507e+00
1.009547602158117563e+00
1.009645195929807837e+00
1.009741211697048113e+00
1.009835671417458336e+00
1.009928596897065489e+00
1.010020009780516537e+00
1.010109931543883288e+00
1.010198383489687934e+00
1.010285386743807523e+00
1.010370962253930749e+00
1.010455130789270406e+00
1.010537912941253058e+00
1.010619329124942123e+00
1.010699399580974767e+00
1.010778144377816545e+00
1.010855583414171477e+00
1.010931736421406990e+00
1.011006622965878510e+00
1.011080262451069078e+00
1.011152674119471850e+00
1.011223877054176379e+00
1.011293890180127164e+00
1.011362732265048692e+00
1.011430421920041622e+00
1.011496977599870339e+00
1.011562417602966057e+00
1.011626760071185460e+00
1.011690022989368831e+00
1.011752224184737203e+00
1.011813381326183592e+00
1.011873511923500724e+00
1.011932633326594555e+00
1.011990762724723769e+00
1.012047917145808329e+00
1.012104113455835508e+00
1.012159368358397593e+00
1.012213698394378580e+00
1.012267119941807403e+00
1.012319649215886130e+00
1.012371302269196915e+00
1.012422094992082355e+00
1.012472043113189946e+00
1.012521162200171965e+00
1.012569467660513922e+00
1.012616974742475362e+00
1.012663698536118595e+00
1.012709653974392943e+00
1.012754855834256951e+00
1.012799318737796161e+00
1.012843057153324455e+00
1.012886085396430325e+00
1.012928417630948541e+00
1.012970067869837010e+00
1.013011049975932831e+00
1.013051377662582020e+00
1.013091064494115345e+00
1.013130123886180067e+00
1.013168569105903805e+00
1.013206413271903639e+00
1.013243669354136678e+00
1.013280350173595856e+00
1.013316468401868065e+00
1.013352036560555280e+00
1.013387067020586896e+00
1.013421572001427240e+00
1.013455563570204498e+00
1.013489053640780346e+00
1.013522053972776504e+00
1.013554576170585309e+00
1.013586631682379835e+00
1.013618231799148450e+00
1.013649387653773548e+00
1.013680110220169350e+00
1.013710410312501642e+00
1.013740298584505428e+00
1.013769785528911171e+00
1.013798881476995817e+00
1.013827596598270819e+00
1.013855940900313612e+00
1.013883924228752287e+00
1.013911556267408809e+00
1.013938846538604110e+00
1.013965804403629711e+00
1.013992439063385431e+00
1.014018759559184524e+00
1.014044774773722679e+00
1.014070493432213116e+00
1.014095924103681101e+00
1.014121075202417011e+00
1.014145954989581266e+00
1.014170571574960711e+00
1.014194932918866421e+00
1.014219046834174964e+00
1.014242920988502217e+00
1.014266562906504632e+00
1.014289979972310629e+00
1.014313179432063450e+00
1.014336168396586579e+00
1.014358953844148425e+00
1.014381542623336241e+00
1.014403941456025304e+00
1.014426156940436696e+00
1.014448195554282783e+00
1.014470063657990195e+00
1.014491767497992303e+00
1.014513313210086753e+00
1.014534706822850518e+00
1.014555954261098902e+00
1.014577061349387632e+00
1.014598033815542699e+00
1.014618877294210630e+00
1.014639597330419862e+00
1.014660199383141892e+00
1.014680688828840882e+00
1.014701070965002394e+00
1.014721351013629924e+00
1.014741534124696143e+00
1.014761625379540400e+00
1.014781629794200057e+00
1.014801552322663003e+00
1.014821397860037333e+00
1.014841171245619122e+00
1.014860877265855610e+00
1.014880520657193586e+00
1.014900106108801214e+00
1.014919638265159518e+00
1.014939121728518412e+00
1.014958561061204190e+00
1.014977960787782241e+00
1.014997325397065886e+00
1.015016659343970451e+00
1.015035967051209465e+00
1.015055252910833872e+00
1.015074521285613596e+00
1.015093776510260337e+00
1.015113022892498718e+00
1.015132264713982435e+00
1.015151506231063649e+00
1.015170751675418259e+00
1.015190005254531291e+00
1.015209271152049286e+00
1.015228553528006561e+00
1.015247856518928682e+00
1.015267184237823139e+00
1.015286540774064328e+00
1.015305930193178607e+00
1.015325356536537882e+00
1.015344823820969022e+00
1.015364336038288240e+00
1.015383897154766180e+00
1.015403511110531287e+00
1.015423181818920106e+00
1.015442913165780947e+00
1.015462709008735365e+00
1.015482573176410774e+00
1.015502509467638204e+00
1.015522521650637389e+00
1.015542613462177224e+00
1.015562788606730660e+00
1.015583050755620942e+00
1.015603403546165850e+00
1.015623850580823273e+00
1.015644395426342550e+00
1.015665041612922703e+00
1.015685792633383766e+00
1.015706651942349215e+00
1.015727622955443499e+00
1.015748709048510001e+00
1.015769913556843651e+00
1.015791239774443966e+00
1.015812690953291630e+00
1.015834270302641285e+00
1.015855980988340512e+00
1.015877826132167261e+00
1.015899808811192129e+00
1.015921932057159749e+00
1.015944198855893710e+00
1.015966612146722348e+00
1.015989174821924745e+00
1.016011889726196937e+00
1.016034759656139874e+00
1.016057787359763598e+00
1.016080975536011177e+00
1.016104326834300853e+00
1.016127843854082835e+00
1.016151529144414312e+00
1.016175385203548664e+00
1.016199414478538232e+00
1.016223619364851505e+00
1.016248002206002754e+00
1.016272565293193431e+00
1.016297310864963777e+00
1.016322241106855095e+00
1.016347358151082236e+00
1.016372664076211851e+00
1.016398160906852421e+00
1.016423850613346058e+00
1.016449735111472297e+00
1.016475816262151000e+00
1.016502095871155920e+00
1.016528575688827818e+00
1.016555257409793356e+00
1.016582142672684874e+00
1.016609233059862838e+00
1.016636530097141167e+00
1.016664035253509013e+00
1.016691749940857203e+00
1.016719675513701571e+00
1.016747813268904732e+00
1.016776164445398978e+00
1.016804730223903164e+00
1.016833511726639827e+00
1.016862510017048971e+00
1.016891726099496074e+00
1.016921160918978551e+00
1.016950815360825988e+00
1.016980690250398611e+00
1.017010786352775531e+00
1.017041104372443439e+00
1.017071644952975751e+00
1.017102408676708203e+00
1.017133396064406892e+00
1.017164607574931878e+00
1.017196043604892575e+00
1.017227704488300022e+00
1.017259590496209842e+00
1.017291701836361639e+00
1.017324038652810625e+00
1.017356601025553475e+00
1.017389388970150410e+00
1.017422402437339946e+00
1.017455641312648762e+00
1.017489105415998019e+00
1.017522794501303895e+00
1.017556708256075026e+00
1.017590846301005936e+00
1.017625208189568031e+00
1.017659793407599267e+00
1.017694601372889363e+00
1.017729631434766802e+00
1.017764882873685162e+00
1.017800354900808557e+00
1.017836046657600413e+00
1.017871957215413570e+00
1.017908085575083721e+00
1.017944430666528399e+00
1.017980991348348851e+00
1.018017766407441016e+00
1.018054754558612274e+00
1.018091954444208191e+00
1.018129364633748146e+00
1.018166983623571609e+00
1.018204809836500857e+00
1.018242841621510797e+00
1.018281077253420541e+00
1.018319514932597869e+00
1.018358152784681891e+00
1.018396988860326591e+00
1.018436021134965008e+00
1.018475247508593862e+00
1.018514665805585251e+00
1.018554273774521457e+00
1.018594069088057941e+00
1.018634049342814762e+00
1.018674212059297979e+00
1.018714554681853901e+00
1.018755074578655329e+00
1.018795769041724197e+00
1.018836635286990422e+00
1.018877670454388706e+00
1.018918871607996213e+00
1.018960235736210418e+00
1.019001759751972047e+00
1.019043440493030417e+00
1.019085274722257628e+00
1.019127259128007168e+00
1.019169390324525359e+00
1.019211664852412103e+00
1.019254079179131800e+00
1.019296629699582457e+00
1.019339312736714742e+00
1.019382124542210999e+00
1.019425061297219992e+00
1.019468119113151161e+00
1.019511294032528381e+00
1.019554582029904344e+00
1.019597979012837996e+00
1.019641480822933932e+00
1.019685083236946177e+00
1.019728781967945919e+00
1.019772572666555188e+00
1.019816450922246265e+00
1.019860412264707694e+00
1.019904452165275366e+00
1.019948566038435311e+00
1.019992749243387120e+00
1.020036997085682184e+00
1.020081304818923229e+00
1.020125667646535783e+00
1.020170080723604045e+00
1.020214539158774469e+00
1.020259038016226860e+00
1.020303572317709406e+00
1.020348137044639447e+00
1.020392727140269074e+00
1.020437337511913345e+00
1.020481963033240458e+00
1.020526598546623198e+00
1.020571238865549457e+00
1.020615878777091812e+00
1.020660513044431950e+00
1.020705136409439495e+00
1.020749743595305903e+00
1.020794329309225201e+00
1.020838888245126030e+00
1.020883415086448753e+00
1.020927904508964978e+00
1.020972351183639937e+00
1.021016749779531940e+00
1.021061094966726479e+00
1.021105381419306291e+00
1.021149603818344520e+00
1.021193756854931856e+00
1.021237835233219649e+00
1.021281833673486794e+00
1.021325746915220378e+00
1.021369569720211867e+00
1.021413296875656407e+00
1.021456923197264999e+00
1.021500443532368907e+00
1.021543852763030280e+00
1.021587145809139674e+00
1.021630317631505136e+00
1.021673363234927745e+00
1.021716277671257167e+00
1.021759056042423008e+00
1.021801693503443520e+00
1.021844185265396998e+00
1.021886526598364764e+00
1.021928712834327513e+00
1.021970739370024361e+00
1.022012601669760157e+00
1.022054295268162161e+00
1.022095815772881222e+00
1.022137158867233664e+00
1.022178320312775890e+00
1.022219295951816154e+00
1.022260081709851498e+00
1.022300673597929643e+00
1.022341067714932716e+00
1.022381260249778379e+00
1.022421247483533691e+00
1.022461025791442157e+00
1.022500591644854406e+00
1.022539941613066272e+00
1.022579072365056962e+00
1.022617980671125970e+00
1.022656663404423405e+00
1.022695117542377741e+00
1.022733340168009875e+00
1.022771328471138608e+00
1.022809079749471106e+00
1.022846591409576789e+00
1.022883860967746639e+00
1.022920886050729727e+00
1.022957664396353161e+00
1.022994193854016354e+00
1.023030472385065837e+00
1.023066498063044616e+00
1.023102269073816739e+00
1.023137783715568405e+00
1.023173040398681177e+00
1.023208037645482626e+00
1.023242774089868856e+00
1.023277248476801571e+00
1.023311459661682798e+00
1.023345406609601271e+00
1.023379088394456460e+00
1.023412504197958928e+00
1.023445653308509895e+00
1.023478535119956678e+00
1.023511149130230891e+00
1.023543494939866960e+00
1.023575572250404964e+00
1.023607380862675331e+00
1.023638920674974084e+00
1.023670191681124164e+00
1.023701193968428402e+00
1.023731927715515244e+00
1.023762393190080111e+00
1.023792590746523068e+00
1.023822520823489679e+00
1.023852183941311278e+00
1.023881580699352867e+00
1.023910711773269533e+00
1.023939577912173160e+00
1.023968179935713652e+00
1.023996518731077332e+00
1.024024595249906744e+00
1.024052410505141841e+00
1.024079965567789241e+00
1.024107261563620419e+00
1.024134299669804626e+00
1.024161081111475857e+00
1.024187607158240976e+00
1.024213879120630555e+00
1.024239898346496203e+00
1.024265666217357484e+00
1.024291184144702438e+00
1.024316453566243901e+00
1.024341475942136537e+00
1.024366252751158335e+00
1.024390785486855915e+00
1.024415075653663632e+00
1.024439124762994702e+00
1.024462934329309682e+00
1.024486505866165409e+00
1.024509840882248390e+00
1.024532940877395770e+00
1.024555807338607405e+00
1.024578441736050394e+00
1.024600845519063608e+00
1.024623020112162664e+00
1.024644966911048893e+00
1.024666687278625421e+00
1.024688182541027448e+00
1.024709453983663199e+00
1.024730502847277069e+00
1.024751330324030540e+00
1.024771937553611734e+00
1.024792325619368949e+00
1.024812495544480395e+00
1.024832448288155673e+00
1.024852184741879224e+00
1.024871705725691751e+00
1.024891011984522482e+00
1.024910104184566073e+00
1.024928982909715902e+00
1.024947648658051769e+00
1.024966101838387988e+00
1.024984342766886547e+00
1.025002371663737089e+00
1.025020188649908182e+00
1.025037793743973413e+00
1.025055186859018974e+00
1.025072367799630957e+00
1.025089336258971917e+00
1.025106091815949139e+00
1.025122633932475935e+00
1.025138961950835759e+00
1.025155075091145562e+00
1.025170972448933515e+00
1.025186652992821523e+00
1.025202115562333205e+00
1.025217358865816664e+00
1.025232381478494936e+00
1.025247181840651223e+00
1.025261758255944233e+00
1.025276108889865423e+00
1.025290231768343441e+00
1.025304124776496240e+00
1.025317785657537506e+00
1.025331212011845405e+00
1.025344401296192975e+00
1.025357350823151270e+00
1.025370057760663922e+00
1.025382519131804226e+00
1.025394731814714966e+00
1.025406692542739862e+00
1.025418397904747092e+00
1.025429844345654651e+00
1.025441028167159097e+00
1.025451945528673692e+00
1.025462592448479704e+00
1.025472964805097753e+00
1.025483058338880760e+00
1.025492868653834933e+00
1.025502391219670573e+00
1.025511621374092686e+00
1.025520554325324518e+00
1.025529185154879785e+00
1.025537508820577592e+00
1.025545520159807378e+00
1.025553213893046767e+00
1.025560584627633220e+00
1.025567626861791037e+00
1.025574334988919700e+00
1.025580703302138019e+00
1.025586725999091620e+00
1.025592397187021332e+00
1.025597710888089598e+00
1.025602661044971331e+00
1.025607241526701241e+00
1.025611446134779836e+00
1.025615268609536557e+00
1.025618702636741375e+00
1.025621741854470859e+00
1.025624379860215596e+00
1.025626610218230539e+00
1.025628426467117826e+00
1.025629822127640089e+00
1.025630790710755580e+00
1.025631325725865350e+00
1.025631420689267825e+00
1.025631069132808548e+00
1.025630264612716669e+00
1.025629000718615291e+00
1.025627271082696801e+00
1.025625069389048738e+00
1.025622389383115340e+00
1.025619224881286318e+00
1.025615569780589986e+00
1.025611418068480329e+00
1.025606763832703772e+00
1.025601601271218577e+00
1.025595924702160211e+00
1.025589728573825354e+00
1.025583007474662134e+00
1.025575756143240369e+00
1.025567969478184072e+00
1.025559642548045991e+00
1.025550770601100670e+00
1.025541349075035802e+00
1.025531373606515029e+00
1.025520840040596848e+00
1.025509744439977888e+00
1.025498083094045221e+00
1.025485852527707742e+00
1.025473049509987522e+00
1.025459671062346478e+00
1.025445714466724167e+00
1.025431177273264494e+00
1.025416057307708462e+00
1.025400352678432547e+00
1.025384061783106926e+00
1.025367183314954467e+00
1.025349716268591838e+00
1.025331659945430740e+00
1.025313013958619734e+00
1.025293778237510445e+00
1.025273953031632157e+00
1.025253538914156826e+00
1.025232536784841386e+00
1.025210947872434275e+00
1.025188773736536607e+00
1.025166016268902247e+00
1.025142677694174775e+00
1.025118760570052689e+00
1.025094267786873514e+00
1.025069202566621041e+00
1.025043568461345922e+00
1.025017369351007179e+00
1.024990609440733280e+00
1.024963293257505237e+00
1.024935425646273046e+00
1.024907011765507692e+00
1.024878057082203586e+00
1.024848567366338781e+00
1.024818548684810704e+00
1.024788007394859646e+00
1.024756950137000189e+00
1.024725383827475245e+00
1.024693315650260894e+00
1.024660753048634465e+00
1.024627703716339155e+00
1.024594175588363631e+00
1.024560176831367020e+00
1.024525715833774608e+00
1.024490801195573564e+00
1.024455441717841087e+00
1.024419646392029648e+00
1.024383424389046615e+00
1.024346785048156905e+00
1.024309737865739089e+00
1.024272292483932034e+00
1.024234458679199156e+00
1.024196246350845829e+00
1.024157665509522142e+00
1.024118726265738966e+00
1.024079438818434440e+00
1.024039813443613500e+00
1.023999860483099322e+00
1.023959590333417768e+00
1.023919013434843261e+00
1.023878140260638947e+00
1.023836981306508687e+00
1.023795547080287083e+00
1.023753848091891516e+00
1.023711894843555292e+00
1.023669697820359437e+00
1.023627267481084235e+00
1.023584614249389846e+00
1.023541748505347293e+00
1.023498680577325182e+00
1.023455420734245003e+00
1.023411979178211695e+00
1.023368366037529009e+00
1.023324591360099234e+00
1.023280665107213272e+00
1.023236597147732185e+00
1.023192397252656871e+00
1.023148075090085207e+00
1.023103640220553334e+00
1.023059102092753969e+00
1.023014470039627533e+00
1.022969753274812321e+00
1.022924960889453061e+00
1.022880101849349410e+00
1.022835184992438418e+00
1.022790219026595171e+00
1.022745212527742531e+00
1.022700173938249524e+00
1.022655111565614838e+00
1.022610033581409894e+00
1.022564948020473263e+00
1.022519862780340683e+00
1.022474785620892002e+00
1.022429724164203968e+00
1.022384685894591971e+00
1.022339678158827203e+00
1.022294708166509469e+00
1.022249782990591216e+00
1.022204909568029674e+00
1.022160094700558464e+00
1.022115345055564228e+00
1.022070667167058744e+00
1.022026067436731633e+00
1.021981552135075244e+00
1.021937127402570589e+00
1.021892799250926576e+00
1.021848573564358542e+00
1.021804456100909864e+00
1.021760452493794435e+00
1.021716568252766244e+00
1.021672808765503593e+00
1.021629179299006429e+00
1.021585685001000554e+00
1.021542330901346052e+00
1.021499121913446828e+00
1.021456062835660150e+00
1.021413158352703743e+00
1.021370413037058222e+00
1.021327831350364868e+00
1.021285417644821170e+00
1.021243176164571276e+00
1.021201111047089771e+00
1.021159226324567459e+00
1.021117525925292036e+00
1.021076013675030758e+00
1.021034693298410900e+00
1.020993568420308195e+00
1.020952642567236168e+00
1.020911919168744131e+00
1.020871401558822056e+00
1.020831092977319221e+00
1.020790996571371290e+00
1.020751115396845821e+00
1.020711452419800658e+00
1.020672010517963635e+00
1.020632792482228490e+00
1.020593801018173430e+00
1.020555038747603671e+00
1.020516508210115081e+00
1.020478211864686013e+00
1.020440152091289576e+00
1.020402331192540091e+00
1.020364751395359537e+00
1.020327414852677528e+00
1.020290323645155262e+00
1.020253479782941453e+00
1.020216885207454016e+00
1.020180541793191065e+00
1.020144451349571213e+00
1.020108615622799419e+00
1.020073036297761027e+00
1.020037714999944223e+00
1.020002653297384931e+00
1.019967852702638123e+00
1.019933314674773772e+00
1.019899040621393471e+00
1.019865031900667907e+00
1.019831289823397213e+00
1.019797815655084872e+00
1.019764610618028922e+00
1.019731675893428946e+00
1.019699012623502599e+00
1.019666621913612570e+00
1.019634504834400435e+00
1.019602662423923611e+00
1.019571095689797424e+00
1.019539805611329619e+00
1.019508793141655767e+00
1.019478059209864007e+00
1.019447604723106693e+00
1.019417430568702265e+00
1.019387537616211592e+00
1.019357926719495211e+00
1.019328598718743706e+00
1.019299554442475886e+00
1.019270794709502326e+00
1.019242320330849605e+00
1.019214132111640359e+00
1.019186230852925812e+00
1.019158617353467022e+00
1.019131292411455281e+00
1.019104256826179444e+00
1.019077511399620217e+00
1.019051056937980926e+00
1.019024894253145019e+00
1.018999024164054301e+00
1.018973447498011886e+00
1.018948165091899449e+00
1.018923177793308765e+00
1.018898486461587094e+00
1.018874091968788864e+00
1.018849995200536984e+00
1.018826197056788896e+00
1.018802698452507371e+00
1.018779500318233833e+00
1.018756603600565525e+00
1.018734009262536322e+00
1.018711718283898726e+00
1.018689731661310383e+00
1.018668050408427117e+00
1.018646675555898495e+00
1.018625608151276563e+00
1.018604849258829326e+00
1.018584399959272080e+00
1.018564261349411026e+00
1.018544434541706067e+00
1.018524920663757882e+00
1.018505720857719288e+00
1.018486836279636432e+00
1.018468268098724705e+00
1.018450017496582038e+00
1.018432085666346243e+00
1.018414473811799947e+00
1.018397183146424467e+00
1.018380214892415037e+00
1.018363570279653407e+00
1.018347250544650695e+00
1.018331256929456252e+00
1.018315590680547889e+00
1.018300253047697446e+00
1.018285245282823936e+00
1.018270568638835583e+00
1.018256224368463636e+00
1.018242213723095535e+00
1.018228537951608503e+00
1.018215198299207591e+00
1.018202196006273930e+00
1.018189532307223200e+00
1.018177208429379643e+00
1.018165225591868950e+00
1.018153585004529127e+00
1.018142287866846685e+00
1.018131335366916579e+00
1.018120728680429687e+00
1.018110468969688043e+00
1.018100557382651150e+00
1.018090995052014058e+00
1.018081783094316517e+00
1.018072922609088327e+00
1.018064414678023777e+00
1.018056260364197385e+00
1.018048460711308945e+00
1.018041016742965876e+00
1.018033929462001108e+00
1.018027199849824482e+00
1.018020828865808580e+00
1.018014817446710296e+00
1.018009166506124163e+00
1.018003876933968987e+00
1.017998949596007119e+00
1.017994385333393037e+00
1.017990184962254574e+00
1.017986349273301006e+00
1.017982879031459564e+00
1.017979774975540597e+00
1.017977037817925368e+00
1.017974668244280512e+00
1.017972666913293356e+00
1.017971034456430779e+00
1.017969771477716945e+00
1.017968878553530576e+00
1.017968356232419103e+00
1.017968205034929463e+00
1.017968425453452674e+00
1.017969017952081057e+00
1.017969982966480114e+00
1.017971320903765964e+00
1.017973032142395429e+00
1.017975117032062338e+00
1.017977575893599163e+00
1.017980409018883980e+00
1.017983616670752101e+00
1.017987199082907024e+00
1.017991156459834290e+00
1.017995488976714213e+00
1.018000196779332622e+00
1.018005279983990707e+00
1.018010738677406213e+00
1.018016572916616180e+00
1.018022782728867925e+00
1.018029368111504906e+00
1.018036329031846154e+00
1.018043665427052824e+00
1.018051377203989638e+00
1.018059464239071010e+00
1.018067926378098509e+00
1.018076763436086107e+00
1.018085975197069448e+00
1.018095561413906669e+00
1.018105521808059910e+00
1.018115856069365943e+00
1.018126563855789701e+00
1.018137644793162933e+00
1.018149098474907088e+00
1.018160924461739336e+00
1.018173122281363252e+00
1.018185691428141748e+00
1.018198631362753126e+00
1.018211941511831142e+00
1.018225621267586867e+00
1.018239669987414997e+00
1.018254086993481966e+00
1.018268871572295842e+00
1.018284022974263570e+00
1.018299540413227344e+00
1.018315423065986991e+00
1.018331670071805028e+00
1.018348280531896632e+00
1.018365253508904278e+00
1.018382588026357283e+00
1.018400283068114698e+00
1.018418337577798205e+00
1.018436750458207252e+00
1.018455520570724193e+00
1.018474646734705225e+00
1.018494127726859322e+00
1.018513962280618301e+00
1.018534149085493112e+00
1.018554686786424135e+00
1.018575573983118820e+00
1.018596809229385336e+00
1.018618391032453996e+00
1.018640317852298249e+00
1.018662588100944344e+00
1.018685200141780767e+00
1.018708152288862578e+00
1.018731442806212861e+00
1.018755069907123278e+00
1.018779031753454412e+00
1.018803326454936542e+00
1.018827952068471099e+00
1.018852906597438324e+00
1.018878187991004047e+00
1.018903794143436903e+00
1.018929722893429535e+00
1.018955972023427137e+00
1.018982539258966868e+00
1.019009422268026377e+00
1.019036618660384086e+00
1.019064125986995029e+00
1.019091941739376672e+00
1.019120063349014060e+00
1.019148488186782497e+00
1.019177213562386664e+00
1.019206236723821490e+00
1.019235554856853909e+00
1.019265165084529468e+00
1.019295064466701595e+00
1.019325249999587735e+00
1.019355718615353901e+00
1.019386467181727873e+00
1.019417492501643041e+00
1.019448791312915992e+00
1.019480360287955856e+00
1.019512196033510953e+00
1.019544295090452524e+00
1.019576653933595090e+00
1.019609268971559901e+00
1.019642136546678568e+00
1.019675252934939991e+00
1.019708614345982589e+00
1.019742216923132050e+00
1.019776056743489256e+00
1.019810129818064404e+00
1.019844432091965292e+00
1.019878959444634026e+00
1.019913707690142335e+00
1.019948672577536408e+00
1.019983849791243014e+00
1.020019234951529574e+00
1.020054823615026862e+00
1.020090611275307424e+00
1.020126593363528844e+00
1.020162765249138070e+00
1.020199122240638800e+00
1.020235659586423260e+00
1.020272372475670153e+00
1.020309256039308110e+00
1.020346305351045091e+00
1.020383515428465948e+00
1.020420881234199495e+00
1.020458397677150852e+00
1.020496059613805739e+00
1.020533861849602930e+00
1.020571799140374880e+00
1.020609866193860960e+00
1.020648057671286635e+00
1.020686368189014370e+00
1.020724792320263585e+00
1.020763324596899224e+00
1.020801959511286272e+00
1.020840691518218213e+00
1.020879515036904550e+00
1.020918424453030937e+00
1.020957414120882811e+00
1.020996478365530313e+00
1.021035611485081374e+00
1.021074807752991198e+00
1.021114061420436148e+00
1.021153366718742239e+00
1.021192717861874488e+00
1.021232109048976655e+00
1.021271534466968056e+00
1.021310988293187894e+00
1.021350464698088434e+00
1.021389957847976815e+00
1.021429461907795488e+00
1.021468971043948404e+00
1.021508479427160276e+00
1.021547981235375602e+00
1.021587470656685870e+00
1.021626941892287421e+00
1.021666389159464394e+00
1.021705806694593655e+00
1.021745188756169931e+00
1.021784529627843163e+00
1.021823823621470506e+00
1.021863065080174326e+00
1.021902248381405975e+00
1.021941367940005785e+00
1.021980418211265063e+00
1.022019393693975875e+00
1.022058288933470838e+00
1.022097098524645808e+00
1.022135817114965040e+00
1.022174439407439239e+00
1.022212960163577877e+00
1.022251374206307739e+00
1.022289676422854177e+00
1.022327861767583723e+00
1.022365925264800524e+00
1.022403862011492137e+00
1.022441667180026492e+00
1.022479336020786889e+00
1.022516863864749270e+00
1.022554246125992883e+00
1.022591478304141432e+00
1.022628555986734078e+00
1.022665474851515821e+00
1.022702230668651069e+00
1.022738819302853042e+00
1.022775236715424585e+00
1.022811478966210164e+00
1.022847542215452821e+00
1.022883422725555880e+00
1.022919116862743838e+00
1.022954621098622008e+00
1.022989932011629355e+00
1.023025046288385864e+00
1.023059960724927997e+00
1.023094672227833346e+00
1.023129177815230051e+00
1.023163474617691193e+00
1.023197559879010177e+00
1.023231430956857757e+00
1.023265085323318058e+00
1.023298520565302017e+00
1.023331734384839375e+00
1.023364724599245879e+00
1.023397489141165462e+00
1.023430026058488984e+00
1.023462333514146394e+00
1.023494409785774995e+00
1.023526253265261143e+00
1.023557862458157164e+00
1.023589235982973022e+00
1.023620372570346770e+00
1.023651271062085311e+00
1.023681930410091034e+00
1.023712349675158118e+00
1.023742528025655574e+00
1.023772464736087295e+00
1.023802159185535743e+00
1.023831610855989727e+00
1.023860819330558058e+00
1.023889784291571292e+00
1.023918505518571553e+00
1.023946982886198676e+00
1.023975216361962870e+00
1.024003206003922362e+00
1.024030951958255553e+00
1.024058454456734379e+00
1.024085713814103293e+00
1.024112730425365214e+00
1.024139504762978214e+00
1.024166037373961391e+00
1.024192328876921465e+00
1.024218379958993896e+00
1.024244191372707391e+00
1.024269763932774024e+00
1.024295098512807423e+00
1.024320196041970998e+00
1.024345057501561573e+00
1.024369683921532825e+00
1.024394076376955898e+00
1.024418235984429160e+00
1.024442163898433344e+00
1.024465861307638725e+00
1.024489329431167217e+00
1.024512569514812288e+00
1.024535582827222235e+00
1.024558370656046380e+00
1.024580934304050395e+00
1.024603275085204768e+00
1.024625394320747951e+00
1.024647293335226639e+00
1.024668973452522946e+00
1.024690435991860049e+00
1.024711682263804935e+00
1.024732713566257614e+00
1.024753531180438326e+00
1.024774136366874755e+00
1.024794530361391676e+00
1.024814714371104163e+00
1.024834689570424784e+00
1.024854457097079674e+00
1.024874018048143265e+00
1.024893373476090552e+00
1.024912524384875567e+00
1.024931471726032939e+00
1.024950216394811431e+00
1.024968759226340786e+00
1.024987100991834543e+00
1.025005242394833704e+00
1.025023184067493709e+00
1.025040926566919808e+00
1.025058470371552843e+00
1.025075815877608543e+00
1.025092963395576318e+00
1.025109913146780016e+00
1.025126665260002845e+00
1.025143219768183123e+00
1.025159576605181311e+00
1.025175735602625871e+00
1.025191696486841053e+00
1.025207458875853739e+00
1.025223022276497531e+00
1.025238386081603226e+00
1.025253549567290090e+00
1.025268511890355949e+00
1.025283272085776298e+00
1.025297829064309996e+00
1.025312181610221529e+00
1.025326328379121854e+00
1.025340267895932245e+00
1.025353998552976931e+00
1.025367518608207629e+00
1.025380826183565741e+00
1.025393919263488662e+00
1.025406795693560413e+00
1.025419453179315710e+00
1.025431889285201459e+00
1.025444101433698574e+00
1.025456086904611874e+00
1.025467842834531407e+00
1.025479366216470289e+00
1.025490653899685967e+00
1.025501702589684871e+00
1.025512508848422932e+00
1.025523069094699924e+00
1.025533379604756767e+00
1.025543436513078666e+00
1.025553235813410069e+00
1.025562773359985247e+00
1.025572044868978683e+00
1.025581045920181511e+00
1.025589771958905549e+00
1.025598218298121811e+00
1.025606380120835937e+00
1.025614252482704325e+00
1.025621830314893179e+00
1.025629108427187797e+00
1.025636081511350550e+00
1.025642744144731999e+00
1.025649090794138019e+00
1.025655115819953833e+00
1.025660813480527844e+00
1.025666177936813694e+00
1.025671203257275677e+00
1.025675883423052603e+00
1.025680212333385466e+00
1.025684183811302219e+00
1.025687791609563471e+00
1.025691029416863520e+00
1.025693890864289415e+00
1.025696369532025587e+00
1.025698458956312731e+00
1.025700152636643825e+00
1.025701444043205068e+00
1.025702326624541971e+00
1.025702793815459035e+00
1.025702839045130599e+00
1.025702455745428843e+00
1.025701637359448970e+00
1.025700377350229786e+00
1.025698669209652358e+00
1.025696506467514757e+00
1.025693882700757786e+00
1.025690791542844149e+00
1.025687226693263732e+00
1.025683181927158794e+00
1.025678651105050854e+00
1.025673628182654173e+00
1.025668107220756742e+00
1.025662082395156105e+00
1.025655548006624951e+00
1.025648498490892013e+00
1.025640928428621201e+00
1.025632832555358531e+00
1.025624205771439534e+00
1.025615043151822725e+00
1.025605339955838025e+00
1.025595091636820611e+00
1.025584293851610873e+00
1.025572942469896498e+00
1.025561033583374027e+00
1.025548563514705247e+00
1.025535528826248655e+00
1.025521926328536448e+00
1.025507753088480412e+00
1.025493006437276478e+00
1.025477683977993770e+00
1.025461783592815701e+00
1.025445303449920686e+00
1.025428242009971846e+00
1.025410598032202802e+00
1.025392370580072932e+00
1.025373559026477199e+00
1.025354163058490364e+00
1.025334182681626460e+00
1.025313618223602008e+00
1.025292470337581641e+00
1.025270740004897707e+00
1.025248428537228529e+00
1.025225537578225765e+00
1.025202069104579561e+00
1.025178025426516815e+00
1.025153409187722797e+00
1.025128223364684565e+00
1.025102471265453064e+00
1.025076156527821691e+00
1.025049283116924226e+00
1.025021855322252762e+00
1.024993877754105664e+00
1.024965355339463535e+00
1.024936293317313840e+00
1.024906697233421760e+00
1.024876572934571906e+00
1.024845926562285792e+00
1.024814764546039036e+00
1.024783093595987626e+00
1.024750920695235212e+00
1.024718253091647879e+00
1.024685098289253027e+00
1.024651464039236348e+00
1.024617358330571104e+00
1.024582789380299452e+00
1.024547765623497586e+00
1.024512295702955766e+00
1.024476388458597231e+00
1.024440052916673283e+00
1.024403298278761643e+00
1.024366133910601828e+00
1.024328569330799077e+00
1.024290614199428795e+00
1.024252278306575281e+00
1.024213571560833369e+00
1.024174503977812289e+00
1.024135085668661738e+00
1.024095326828664110e+00
1.024055237725911560e+00
1.024014828690102963e+00
1.023974110101491419e+00
1.023933092380000742e+00
1.023891785974546886e+00
1.023850201352580314e+00
1.023808348989878381e+00
1.023766239360606622e+00
1.023723882927667805e+00
1.023681290133360733e+00
1.023638471390360127e+00
1.023595437073038017e+00
1.023552197509133288e+00
1.023508762971786945e+00
1.023465143671946631e+00
1.023421349751151288e+00
1.023377391274699733e+00
1.023333278225206922e+00
1.023289020496553681e+00
1.023244627888220126e+00
1.023200110100015880e+00
1.023155476727189761e+00
1.023110737255923830e+00
1.023065901059202476e+00
1.023020977393049202e+00
1.022975975393122017e+00
1.022930904071658986e+00
1.022885772314764186e+00
1.022840588880017165e+00
1.022795362394400609e+00
1.022750101352527308e+00
1.022704814115153793e+00
1.022659508907971304e+00
1.022614193820649220e+00
1.022568876806126292e+00
1.022523565680129476e+00
1.022478268120904144e+00
1.022432991669144364e+00
1.022387743728105258e+00
1.022342531563884771e+00
1.022297362305857327e+00
1.022252242947249812e+00
1.022207180345842126e+00
1.022162181224781863e+00
1.022117252173499580e+00
1.022072399648713326e+00
1.022027629975509111e+00
1.021982949348492653e+00
1.021938363832993524e+00
1.021893879366321700e+00
1.021849501759063195e+00
1.021805236696406993e+00
1.021761089739500417e+00
1.021717066326822021e+00
1.021673171775571154e+00
1.021629411283065281e+00
1.021585789928146859e+00
1.021542312672588659e+00
1.021498984362504636e+00
1.021455809729755693e+00
1.021412793393351226e+00
1.021369939860853560e+00
1.021327253529768164e+00
1.021284738688937654e+00
1.021242399519929123e+00
1.021200240098413925e+00
1.021158264395553239e+00
1.021116476279375629e+00
1.021074879516157274e+00
1.021033477771805753e+00
1.020992274613244266e+00
1.020951273509805191e+00
1.020910477834628516e+00
1.020869890866070051e+00
1.020829515789121622e+00
1.020789355696845035e+00
1.020749413591820698e+00
1.020709692387611778e+00
1.020670194910250128e+00
1.020630923899739528e+00
1.020591882011582019e+00
1.020553071818327329e+00
1.020514495811146283e+00
1.020476156401428636e+00
1.020438055922409770e+00
1.020400196630820489e+00
1.020362580708567668e+00
1.020325210264441562e+00
1.020288087335850857e+00
1.020251213890588371e+00
1.020214591828621620e+00
1.020178222983914473e+00
1.020142109126277230e+00
1.020106251963240895e+00
1.020070653141961659e+00
1.020035314251150682e+00
1.020000236823028317e+00
1.019965422335303185e+00
1.019930872213176132e+00
1.019896587831361501e+00
1.019862570516135047e+00
1.019828821547394515e+00
1.019795342160742635e+00
1.019762133549581007e+00
1.019729196867219523e+00
1.019696533228995561e+00
1.019664143714402504e+00
1.019632029369222925e+00
1.019600191207665763e+00
1.019568630214504168e+00
1.019537347347208911e+00
1.019506343538076898e+00
1.019475619696350144e+00
1.019445176710321643e+00
1.019415015449423922e+00
1.019385136766298494e+00
1.019355541498838669e+00
1.019326230472207051e+00
1.019297204500816179e+00
1.019268464390275630e+00
1.019240010939297392e+00
1.019211844941554368e+00
1.019183967187490047e+00
1.019156378466075097e+00
1.019129079566503560e+00
1.019102071279828881e+00
1.019075354400531985e+00
1.019048929728019859e+00
1.019022798068049518e+00
1.018996960234074267e+00
1.018971417048510242e+00
1.018946169343917685e+00
1.018921217964095627e+00
1.018896563765086860e+00
1.018872207616092762e+00
1.018848150400293751e+00
1.018824393015574037e+00
1.018800936375153121e+00
1.018777781408116478e+00
1.018754929059853431e+00
1.018732380292395323e+00
1.018710136084656659e+00
1.018688197432583209e+00
1.018666565349202635e+00
1.018645240864584300e+00
1.018624225025705154e+00
1.018603518896231241e+00
1.018583123556209502e+00
1.018563040101677419e+00
1.018543269644194282e+00
1.018523813310294290e+00
1.018504672240868603e+00
1.018485847590478111e+00
1.018467340526602039e+00
1.018449152228828813e+00
1.018431283887987648e+00
1.018413736705232386e+00
1.018396511891079159e+00
1.018379610664401635e+00
1.018363034251390298e+00
1.018346783884480633e+00
1.018330860801252236e+00
1.018315266243309036e+00
1.018300001455136883e+00
1.018285067682952238e+00
1.018270466173539557e+00
1.018256198173083327e+00
1.018242264926000562e+00
1.018228667673775512e+00
1.018215407653800142e+00
1.018202486098227055e+00
1.018189904232831511e+00
1.018177663275894318e+00
1.018165764437099163e+00
1.018154208916456138e+00
1.018142997903243474e+00
1.018132132574980364e+00
1.018121614096424210e+00
1.018111443618598511e+00
1.018101622277851614e+00
1.018092151194946560e+00
1.018083031474184441e+00
1.018074264202561530e+00
1.018065850448961474e+00
1.018057791263380141e+00
1.018050087676186877e+00
1.018042740697421289e+00
1.018035751316124227e+00
1.018029120499702955e+00
1.018022849193331414e+00
1.018016938319384890e+00
1.018011388776905779e+00
1.018006201441103986e+00
1.018001377162888410e+00
1.017996916768428184e+00
1.017992821058744557e+00
1.017989090809330754e+00
1.017985726769800703e+00
1.017982729663561514e+00
1.017980100187514392e+00
1.017977839011775076e+00
1.017975946779421381e+00
1.017974424106256492e+00
1.017973271580598471e+00
1.017972489763080635e+00
1.017972079186474588e+00
1.017972040355525243e+00
1.017972373746802051e+00
1.017973079808561110e+00
1.017974158960619047e+00
1.017975611594236440e+00
1.017977438072009022e+00
1.017979638727767311e+00
1.017982213866480468e+00
1.017985163764163037e+00
1.017988488667789237e+00
1.017992188795201702e+00
1.017996264335028211e+00
1.018000715446590654e+00
1.018005542259816654e+00
1.018010744875144979e+00
1.018016323363429176e+00
1.018022277765831873e+00
1.018028608093717091e+00
1.018035314328531671e+00
1.018042396421678930e+00
1.018049854294384104e+00
1.018057687837548020e+00
1.018065896911590773e+00
1.018074481346283644e+00
1.018083440940566575e+00
1.018092775462355659e+00
1.018102484648334638e+00
1.018112568203732193e+00
1.018123025802084580e+00
1.018133857084984273e+00
1.018145061661810846e+00
1.018156639109447203e+00
1.018168588971979149e+00
1.018180910760377866e+00
1.018193603952166404e+00
1.018206667991069514e+00
1.018220102286644835e+00
1.018233906213898310e+00
1.018248079112883620e+00
1.018262620288281628e+00
1.018277529008965621e+00
1.018292804507549221e+00
1.018308445979916987e+00
1.018324452584738804e+00
1.018340823442970500e+00
1.018357557637334487e+00
1.018374654211789299e+00
1.018392112170982466e+00
1.018409930479688308e+00
1.018428108062233495e+00
1.018446643801907747e+00
1.018465536540363203e+00
1.018484785076998467e+00
1.018504388168336439e+00
1.018524344527386383e+00
1.018544652822997554e+00
1.018565311679204832e+00
1.018586319674564145e+00
1.018607675341479446e+00
1.018629377165526151e+00
1.018651423584764570e+00
1.018673812989051353e+00
1.018696543719344927e+00
1.018719614067008727e+00
1.018743022273112420e+00
1.018766766527731793e+00
1.018790844969247766e+00
1.018815255683648946e+00
1.018839996703834405e+00
1.018865066008920239e+00
1.018890461523551005e+00
1.018916181117218045e+00
1.018942222603582026e+00
1.018968583739807920e+00
1.018995262225905751e+00
1.019022255704084667e+00
1.019049561758119005e+00
1.019077177912726784e+00
1.019105101632965305e+00
1.019133330323641173e+00
1.019161861328739427e+00
1.019190691930872639e+00
1.019219819350748457e+00
1.019249240746661567e+00
1.019278953214009853e+00
1.019308953784833216e+00
1.019339239427381694e+00
1.019369807045711562e+00
1.019400653479309415e+00
1.019431775502751325e+00
1.019463169825391091e+00
1.019494833091086683e+00
1.019526761877958654e+00
1.019558952698191634e+00
1.019591401997870461e+00
1.019624106156859611e+00
1.019657061488724370e+00
1.019690264240695532e+00
1.019723710593681165e+00
1.019757396662323456e+00
1.019791318495105292e+00
1.019825472074506134e+00
1.019859853317210518e+00
1.019894458074367627e+00
1.019929282131906589e+00
1.019964321210906633e+00
1.019999570968024960e+00
1.020035026995981031e+00
1.020070684824102569e+00
1.020106539918930855e+00
1.020142587684887747e+00
1.020178823465005102e+00
1.020215242541719913e+00
1.020251840137732069e+00
1.020288611416927615e+00
1.020325551485370852e+00
1.020362655392360818e+00
1.020399918131556394e+00
1.020437334642170457e+00
1.020474899810232206e+00
1.020512608469916982e+00
1.020550455404949153e+00
1.020588435350070267e+00
1.020626542992580266e+00
1.020664772973945089e+00
1.020703119891476884e+00
1.020741578300080388e+00
1.020780142714069694e+00
1.020818807609052969e+00
1.020857567423883117e+00
1.020896416562678599e+00
1.020935349396905778e+00
1.020974360267529857e+00
1.021013443487227335e+00
1.021052593342661741e+00
1.021091804096819544e+00
1.021131069991408014e+00
1.021170385249305923e+00
1.021209744077075987e+00
1.021249140667527477e+00
1.021288569202331464e+00
1.021328023854687572e+00
1.021367498792034922e+00
1.021406988178811259e+00
1.021446486179252044e+00
1.021485986960230408e+00
1.021525484694133290e+00
1.021564973561771117e+00
1.021604447755319001e+00
1.021643901481285033e+00
1.021683328963501669e+00
1.021722724446140429e+00
