1.000603444564682754e+00
1.000677418478912450e+00
1.000799837473934861e+00
1.000943771798290527e+00
1.001100058596208875e+00
1.001264236420673193e+00
1.001433634047715238e+00
1.001606444988541567e+00
1.001781355955071451e+00
1.001957368733207066e+00
1.002133702393961157e+00
1.002309733971137540e+00
1.002484959758146665e+00
1.002658968691571229e+00
1.002831423345880379e+00
1.003002045997782643e+00
1.003170608210600889e+00
1.003336922932851483e+00
1.003500838423881047e+00
1.003662233518956004e+00
1.003821013878958723e+00
1.003977108962757159e+00
1.004130469527842129e+00
1.004281065515141513e+00
1.004428884211962192e+00
1.004573928615919876e+00
1.004716215944671420e+00
1.004855776252832955e+00
1.004992651129846148e+00
1.005126892461704280e+00
1.005258561246112459e+00
1.005387726455466701e+00
1.005514463945452519e+00
1.005638855409475729e+00
1.005760987380805327e+00
1.005880950285437780e+00
1.005998837549386682e+00
1.006114744764449620e+00
1.006228768916533678e+00
1.006341007680367383e+00
1.006451558783897138e+00
1.006560519444875013e+00
1.006667985881164906e+00
1.006774052895113236e+00
1.006878813531066452e+00
1.006982358803790056e+00
1.007084777494252403e+00
1.007186156008036626e+00
1.007286578290574663e+00
1.007386125792562481e+00
1.007484877478268093e+00
1.007582909869086052e+00
1.007680297114564638e+00
1.007777111083268506e+00
1.007873421466187525e+00
1.007969295885966066e+00
1.008064800005929129e+00
1.008159997633717886e+00
1.008254950815241191e+00
1.008349719915590859e+00
1.008444363684474654e+00
1.008538939304606252e+00
1.008633502422275674e+00
1.008728107160029586e+00
1.008822806111966175e+00
1.008917650322626258e+00
1.009012689250792905e+00
1.009107970719760772e+00
1.009203540855766468e+00
1.009299444016317215e+00
1.009395722710149546e+00
1.009492417510473583e+00
1.009589566963066787e+00
1.009687207490662875e+00
1.009785373294965982e+00
1.009884096257502861e+00
1.009983405840434667e+00
1.010083328988367501e+00
1.010183890032149812e+00
1.010285110595602776e+00
1.010387009506133360e+00
1.010489602710165080e+00
1.010592903194361458e+00
1.010696920913635388e+00
1.010801662726974026e+00
1.010907132342149684e+00
1.011013330270409849e+00
1.011120253792269219e+00
1.011227896935521064e+00
1.011336250466590592e+00
1.011445301896307214e+00
1.011555035501128241e+00
1.011665432360759675e+00
1.011776470413014994e+00
1.011888124526619359e+00
1.012000366592498590e+00
1.012113165633907741e+00
1.012226487935536934e+00
1.012340297191491656e+00
1.012454554671792906e+00
1.012569219406767029e+00
1.012684248388406871e+00
1.012799596787509415e+00
1.012915218185093558e+00
1.013031064816329208e+00
1.013147087824939563e+00
1.013263237525784621e+00
1.013379463673122149e+00
1.013495715731844493e+00
1.013611943148834849e+00
1.013728095621486247e+00
1.013844123360345240e+00
1.013959977342833385e+00
1.014075609555028068e+00
1.014190973218555891e+00
1.014306022999782897e+00
1.014420715198655731e+00
1.014535007914755482e+00
1.014648861188375495e+00
1.014762237114716470e+00
1.014875099929589908e+00
1.014987416065355141e+00
1.015099154176138718e+00
1.015210285131743051e+00
1.015320781979981657e+00
1.015430619877530249e+00
1.015539775989702687e+00
1.015648229359885857e+00
1.015755960749666453e+00
1.015862952450963919e+00
1.015969188071750962e+00
1.016074652297191960e+00
1.016179330628246280e+00
1.016283209100010687e+00
1.016386273982253563e+00
1.016488511464797018e+00
1.016589907330559095e+00
1.016690446619256782e+00
1.016790113284919306e+00
1.016888889850535271e+00
1.016986757063318869e+00
1.017083693554241108e+00
1.017179675505646141e+00
1.017274676330926164e+00
1.017368666370407571e+00
1.017461612607732491e+00
1.017553478411188816e+00
1.017644223304543960e+00
1.017733802772043727e+00
1.017822168102291203e+00
1.017909266275729863e+00
1.017995039900400966e+00
1.018079427200521803e+00
1.018162362062209780e+00
1.018243774140370483e+00
1.018323589030336151e+00
1.018401728507288606e+00
1.018478110835825845e+00
1.018552651151196420e+00
1.018625261912784241e+00
1.018695853429312459e+00
1.018764334454022702e+00
1.018830612846741701e+00
1.018894596298314914e+00
1.018956193111393072e+00
1.019015313030027015e+00
1.019071868109002299e+00
1.019125773612390429e+00
1.019176948929427562e+00
1.019225318494632715e+00
1.019270812698099160e+00
1.019313368771162409e+00
1.019352931632251158e+00
1.019389454677667839e+00
1.019422900502394924e+00
1.019453241536753207e+00
1.019480460585906911e+00
1.019504551260764114e+00
1.019525518290763211e+00
1.019543377711295218e+00
1.019558156921060998e+00
1.019569894607391891e+00
1.019578640540423242e+00
1.019584455239861631e+00
1.019587409520902543e+00
1.019587583928450059e+00
1.019585068071153566e+00
1.019579959868790464e+00
1.019572364728109859e+00
1.019562394663406035e+00
1.019550167378735939e+00
1.019535805328863232e+00
1.019519434775684408e+00
1.019501184856127507e+00
1.019481186676351125e+00
1.019459572445556850e+00
1.019436474660974312e+00
1.019412025353611639e+00
1.019386355402315925e+00
1.019359593921584040e+00
1.019331867726516627e+00
1.019303300876356122e+00
1.019274014296234876e+00
1.019244125475154084e+00
1.019213748236807549e+00
1.019182992578699043e+00
1.019151964574071645e+00
1.019120766330471550e+00
1.019089495998305006e+00
1.019058247822477448e+00
1.019027112230144194e+00
1.018996175947699756e+00
1.018965522140364399e+00
1.018935230568109862e+00
1.018905377752104435e+00
1.018876037146407842e+00
1.018847279310207465e+00
1.018819172076526058e+00
1.018791780713924400e+00
1.018765168078358929e+00
1.018739394752934846e+00
1.018714519173866240e+00
1.018690597741458204e+00
1.018667684915399052e+00
1.018645833294056446e+00
1.018625093677815618e+00
1.018605515116795424e+00
1.018587144943502221e+00
1.018570028791165205e+00
1.018554210598625831e+00
1.018539732602741665e+00
1.018526635319311424e+00
1.018514957513557917e+00
1.018504736161195634e+00
1.018496006401095277e+00
1.018488801480534445e+00
1.018483152693977489e+00
1.018479089316310260e+00
1.018476638531406353e+00
1.018475825356888409e+00
1.018476672565923780e+00
1.018479200606883239e+00
1.018483427521692075e+00
1.018489368863715772e+00
1.018497037616031609e+00
1.018506444110973241e+00
1.018517595951863530e+00
1.018530497937887969e+00
1.018545151993106135e+00
1.018561557100638781e+00
1.018579709243108811e+00
1.018599601350453465e+00
1.018621223256250374e+00
1.018644561663728298e+00
1.018669600122631191e+00
1.018696319018103758e+00
1.018724695572740035e+00
1.018754703862887467e+00
1.018786314850230967e+00
1.018819496429592686e+00
1.018854213493756822e+00
1.018890428015992722e+00
1.018928099150770983e+00
1.018967183352975425e+00
1.019007634515695759e+00
1.019049404126435743e+00
1.019092441441325159e+00
1.019136693676637062e+00
1.019182106216639738e+00
1.019228622836519937e+00
1.019276185938827517e+00
1.019324736801622056e+00
1.019374215836231334e+00
1.019424562852292659e+00
1.019475717327538167e+00
1.019527618679593628e+00
1.019580206536930822e+00
1.019633421005992080e+00
1.019687202931474967e+00
1.019741494146730432e+00
1.019796237711291242e+00
1.019851378132619946e+00
1.019906861569307654e+00
1.019962636013139967e+00
1.020018651447651470e+00
1.020074859981066062e+00
1.020131215951787240e+00
1.020187676004923549e+00
1.020244199138661934e+00
1.020300746719636553e+00
1.020357282466783921e+00
1.020413772403532038e+00
1.020470184778488720e+00
1.020526489955142502e+00
1.020582660271391218e+00
1.020638669870012283e+00
1.020694494501474869e+00
1.020750111300741114e+00
1.020805498539959055e+00
1.020860635359158053e+00
1.020915501477276832e+00
1.020970076886035915e+00
1.021024341529350732e+00
1.021078274971158883e+00
1.021131856054690701e+00
1.021185062556381862e+00
1.021237870837789385e+00
1.021290255499028188e+00
1.021342189037417025e+00
1.021393641515174089e+00
1.021444580240183253e+00
1.021494969463990321e+00
1.021544770101360911e+00
1.021593939475851087e+00
1.021642431095972192e+00
1.021690194466613910e+00
1.021737174940430037e+00
1.021783313613902733e+00
1.021828547272717547e+00
1.021872808390948517e+00
1.021916025188310595e+00
1.021958121749410253e+00
1.021999018208457510e+00
1.022038631002345710e+00
1.022076873194274205e+00
1.022113654869259092e+00
1.022148883601875280e+00
1.022182464995459839e+00
1.022214303290751136e+00
1.022244302040583364e+00
1.022272364845809633e+00
1.022298396146111621e+00
1.022322302057838250e+00
1.022343991249492934e+00
1.022363375844044242e+00
1.022380372335911503e+00
1.022394902509308423e+00
1.022406894343699246e+00
1.022416282891458472e+00
1.022423011112491231e+00
1.022427030650598034e+00
1.022428302536782851e+00
1.022426797805546128e+00
1.022422498011424485e+00
1.022415395634709512e+00
1.022405494367255363e+00
1.022392809271648328e+00
1.022377366809572363e+00
1.022359204737998795e+00
1.022338371874675245e+00
1.022314927737268953e+00
1.022288942063275696e+00
1.022260494220383009e+00
1.022229672519271881e+00
1.022196573442768264e+00
1.022161300806772477e+00
1.022123964869432244e+00
1.022084681405586171e+00
1.022043570763561560e+00
1.022000756920992348e+00
1.021956366555471618e+00
1.021910528144600594e+00
1.021863371108435281e+00
1.021815025005513133e+00
1.021765618791647956e+00
1.021715280148616678e+00
1.021664134887745101e+00
1.021612306431378681e+00
1.021559915373268623e+00
1.021507079117144112e+00
1.021453911591159613e+00
1.021400523034542207e+00
1.021347019851652327e+00
1.021293504527779339e+00
1.021240075600348796e+00
1.021186827678790321e+00
1.021133851506097701e+00
1.021081234055086107e+00
1.021029058652468402e+00
1.020977405124162907e+00
1.020926349955619594e+00
1.020875966461434192e+00
1.020826324959067444e+00
1.020777492942077647e+00
1.020729535248895647e+00
1.020682514223792747e+00
1.020636489867310148e+00
1.020591519974006101e+00
1.020547660255935574e+00
1.020504964450780427e+00
1.020463484414007027e+00
1.020423270194822152e+00
1.020384370096045767e+00
1.020346830718285247e+00
1.020310696989028321e+00
1.020276012177441016e+00
1.020242817895774534e+00
1.020211154088365380e+00
1.020181059009265478e+00
1.020152569189544334e+00
1.020125719395310160e+00
1.020100542577470293e+00
1.020077069814227189e+00
1.020055330247263026e+00
1.020035351012543501e+00
1.020017157166627220e+00
1.020000771609351986e+00
1.019986215003742647e+00
1.019973505693984261e+00
1.019962659622295265e+00
1.019953690245556821e+00
1.019946608452557912e+00
1.019941422482760540e+00
1.019938137847503201e+00
1.019936757254614967e+00
1.019937280537443813e+00
1.019939704589344132e+00
1.019944023304716563e+00
1.019950227527715469e+00
1.019958305009778021e+00
1.019968240377137958e+00
1.019980015109499760e+00
1.019993607531026525e+00
1.020008992814778637e+00
1.020026143001675933e+00
1.020045027034993002e+00
1.020065610811293100e+00
1.020087857248584307e+00
1.020111726372332939e+00
1.020137175419789877e+00
1.020164158962888923e+00
1.020192629049746502e+00
1.020222535364555760e+00
1.020253825405392334e+00
1.020286444679188165e+00
1.020320336912834858e+00
1.020355444279096968e+00
1.020391707635726064e+00
1.020429066775900173e+00
1.020467460687845218e+00
1.020506827821265450e+00
1.020547106357995615e+00
1.020588234484119727e+00
1.020630150660660540e+00
1.020672793889848551e+00
1.020716103973945410e+00
1.020760021763581271e+00
1.020804489392628245e+00
1.020849450496724709e+00
1.020894850412713328e+00
1.020940636356436837e+00
1.020986757576576753e+00
1.021033165482464256e+00
1.021079813744101727e+00
1.021126658362938144e+00
1.021173657712267868e+00
1.021220772546480138e+00
1.021267965978711612e+00
1.021315203426813811e+00
1.021362452527875275e+00
1.021409683021867076e+00
1.021456866605291225e+00
1.021503976756004795e+00
1.021550988530669501e+00
1.021597878336529153e+00
1.021644623679458963e+00
1.021691202890446792e+00
1.021737594832869300e+00
1.021783778593119862e+00
1.021829733157315623e+00
1.021875437076994242e+00
1.021920868126858339e+00
1.021966002957806596e+00
1.022010816748638140e+00
1.022055282859986036e+00
1.022099372494192693e+00
1.022143054365016734e+00
1.022186294381199456e+00
1.022229055348109039e+00
1.022271296691796394e+00
1.022312974209958814e+00
1.022354039854400432e+00
1.022394441549670629e+00
1.022434123052589960e+00
1.022473023857367380e+00
1.022511079150924207e+00
1.022548219822881688e+00
1.022584372534420583e+00
1.022619459849851697e+00
1.022653400434277549e+00
1.022686109320106507e+00
1.022717498244456014e+00
1.022747476058603056e+00
1.022775949209617119e+00
1.022802822293180203e+00
1.022827998675308603e+00
1.022851381179323838e+00
1.022872872832959024e+00
1.022892377668965347e+00
1.022909801571061816e+00
1.022925053155562480e+00
1.022938044677591751e+00
1.022948692949492866e+00
1.022956920257913849e+00
1.022962655265176046e+00
1.022965833879917685e+00
1.022966400081743998e+00
1.022964306684714941e+00
1.022959516024998461e+00
1.022952000558919883e+00
1.022941743358975586e+00
1.022928738497074885e+00
1.022912991306363040e+00
1.022894518515362838e+00
1.022873348250797232e+00
1.022849519908262561e+00
1.022823083892784535e+00
1.022794101234151931e+00
1.022762643084655032e+00
1.022728790109385333e+00
1.022692631781485950e+00
1.022654265596588230e+00
1.022613796222108462e+00
1.022571334598019632e+00
1.022526997006179217e+00
1.022480904125254053e+00
1.022433180087788385e+00
1.022383951555016823e+00
1.022333346823713462e+00
1.022281494977750782e+00
1.022228525095178142e+00
1.022174565519627265e+00
1.022119743202750453e+00
1.022064183122321390e+00
1.022008007778586247e+00
1.021951336769554075e+00
1.021894286444171129e+00
1.021836969630790737e+00
1.021779495437031837e+00
1.021721969116045958e+00
1.021664491993372836e+00
1.021607161447958934e+00
1.021550070940532517e+00
1.021493310082344230e+00
1.021436964737282960e+00
1.021381117150542694e+00
1.021325846097303147e+00
1.021271227045306595e+00
1.021217332325691451e+00
1.021164231307013059e+00
1.021111990567977523e+00
1.021060674065032758e+00
1.021010343291585576e+00
1.020961057426234220e+00
1.020912873467973547e+00
1.020865846356892703e+00
1.020820029079372748e+00
1.020775472757241120e+00
1.020732226720727720e+00
1.020690338565387378e+00
1.020649854193430794e+00
1.020610817840116313e+00
1.020573272086005456e+00
1.020537257856014790e+00
1.020502814406254899e+00
1.020469979299696517e+00
1.020438788371707206e+00
1.020409275686503081e+00
1.020381473485528767e+00
1.020355412128755024e+00
1.020331120029840388e+00
1.020308623586082541e+00
1.020287947104033810e+00
1.020269112721655880e+00
1.020252140327850165e+00
1.020237047480207160e+00
1.020223849321813647e+00
1.020212558497971322e+00
1.020203185073698116e+00
1.020195736452915281e+00
1.020190217300250390e+00
1.020186629466432571e+00
1.020184971918296490e+00
1.020185240674444271e+00
1.020187428747666658e+00
1.020191526095244772e+00
1.020197519578292855e+00
1.020205392931306410e+00
1.020215126743087009e+00
1.020226698450203529e+00
1.020240082344106236e+00
1.020255249592963764e+00
1.020272168279213965e+00
1.020290803453710593e+00
1.020311117207226781e+00
1.020333068759914807e+00
1.020356614569145615e+00
1.020381708455944114e+00
1.020408301750003410e+00
1.020436343453027250e+00
1.020465780419857582e+00
1.020496557556600514e+00
1.020528618034648449e+00
1.020561903519228597e+00
1.020596354410814310e+00
1.020631910097474337e+00
1.020668509215964193e+00
1.020706089919152015e+00
1.020744590147150355e+00
1.020783947899368993e+00
1.020824101504572479e+00
1.020864989885943652e+00
1.020906552818113378e+00
1.020948731173132895e+00
1.020991467152417176e+00
1.021034704501804002e+00
1.021078388707019613e+00
1.021122467167038472e+00
1.021166889343068540e+00
1.021211606881144540e+00
1.021256573706626813e+00
1.021301746089209317e+00
1.021347082677374063e+00
1.021392544501582123e+00
1.021438094945820385e+00
1.021483699687482316e+00
1.021529326605884247e+00
1.021574945660047362e+00
1.021620528736684408e+00
1.021666049469612370e+00
1.021711483032100576e+00
1.021756805903896836e+00
1.021801995614918912e+00
1.021847030467817330e+00
1.021891889241805185e+00
1.021936550880346406e+00
1.021980994165468726e+00
1.022025197381635220e+00
1.022069137972275499e+00
1.022112792192231723e+00
1.022156134759554025e+00
1.022199138510213379e+00
1.022241774059498010e+00
1.022284009473989341e+00
1.022325809958200438e+00
1.022367137560104444e+00
1.022407950899929530e+00
1.022448204926725612e+00
1.022487850707324286e+00
1.022526835252370425e+00
1.022565101384145914e+00
1.022602587650875527e+00
1.022639228292105518e+00
1.022674953259575581e+00
1.022709688297722908e+00
1.022743355087590178e+00
1.022775871457398900e+00
1.022807151662431302e+00
1.022837106736091295e+00
1.022865644913126371e+00
1.022892672124937841e+00
1.022918092565742842e+00
1.022941809327057694e+00
1.022963725096571963e+00
1.022983742916011352e+00
1.023001766991069816e+00
1.023017703544958579e+00
1.023031461705627532e+00
1.023042954415313011e+00
1.023052099349782917e+00
1.023058819833580824e+00
1.023063045736729126e+00
1.023064714337809544e+00
1.023063771138141842e+00
1.023060170611952868e+00
1.023053876878003532e+00
1.023044864279129884e+00
1.023033117857554464e+00
1.023018633715607528e+00
1.023001419253639410e+00
1.022981493279346399e+00
1.022958885985395305e+00
1.022933638795057831e+00
1.022905804078438674e+00
1.022875444744721474e+00
1.022842633718564542e+00
1.022807453311248782e+00
1.022769994499353352e+00
1.022730356125505446e+00
1.022688644037088146e+00
1.022644970179657165e+00
1.022599451662175252e+00
1.022552209811043333e+00
1.022503369229334602e+00
1.022453056876604371e+00
1.022401401183286707e+00
1.022348531212010858e+00
1.022294575876274481e+00
1.022239663224888240e+00
1.022183919798498319e+00
1.022127470062422994e+00
1.022070435918013498e+00
1.022012936292892693e+00
1.021955086808692625e+00
1.021896999523450145e+00
1.021838782744514340e+00
1.021780540906820134e+00
1.021722374510565023e+00
1.021664380111782400e+00
1.021606650358946489e+00
1.021549274068607849e+00
1.021492336333090334e+00
1.021435918653467168e+00
1.021380099091351745e+00
1.021324952433468436e+00
1.021270550363474028e+00
1.021216961636062681e+00
1.021164252249002313e+00
1.021112485609363851e+00
1.021061722690833840e+00
1.021012022179607071e+00
1.020963440606927231e+00
1.020916032466897327e+00
1.020869850318651073e+00
1.020824944872424034e+00
1.020781365059432844e+00
1.020739158085787857e+00
1.020698369470922184e+00
1.020659043071224126e+00
1.020621221089705211e+00
1.020584944072645106e+00
1.020550250894224797e+00
1.020517178730180774e+00
1.020485763021534042e+00
1.020456037429427809e+00
1.020428033782083910e+00
1.020401782014861425e+00
1.020377310104360058e+00
1.020354643997475996e+00
1.020333807536299542e+00
1.020314822379704278e+00
1.020297707922477315e+00
1.020282481212825942e+00
1.020269156869106020e+00
1.020257746996623194e+00
1.020248261105387133e+00
1.020240706029725164e+00
1.020235085850697221e+00
1.020231401822291106e+00
1.020229652302420575e+00
1.020229832689792726e+00
1.020231935367741372e+00
1.020235949656162378e+00
1.020241861772709591e+00
1.020249654804418427e+00
1.020259308690929734e+00
1.020270800220463903e+00
1.020284103039656554e+00
1.020299187678312958e+00
1.020316021590051969e+00
1.020334569209700559e+00
1.020354792028171476e+00
1.020376648685395349e+00
1.020400095081683833e+00
1.020425084507710523e+00
1.020451567793038139e+00
1.020479493472890020e+00
1.020508807972585696e+00
1.020539455808779028e+00
1.020571379806357815e+00
1.020604521329574910e+00
1.020638820525697099e+00
1.020674216579188665e+00
1.020710647974202745e+00
1.020748052762916025e+00
1.020786368837053537e+00
1.020825534199788276e+00
1.020865487235080193e+00
1.020906166971442985e+00
1.020947513337100210e+00
1.020989467403512485e+00
1.021031971614323020e+00
1.021074969996888404e+00
1.021118408353722806e+00
1.021162234431386429e+00
1.021206398064588683e+00
1.021250851293558526e+00
1.021295548453022839e+00
1.021340446231469912e+00
1.021385503699695052e+00
1.021430682307982840e+00
1.021475945851616718e+00
1.021521260404751441e+00
1.021566594223016766e+00
1.021611917615543375e+00
1.021657202787400243e+00
1.021702423653729319e+00
1.021747555627122495e+00
1.021792575380040313e+00
1.021837460584299473e+00
1.021882189629869986e+00
1.021926741325419608e+00
1.021971094583228545e+00
1.022015228091275763e+00
1.022059119975457619e+00
1.022102747455075900e+00
1.022146086494883033e+00
1.022189111457135535e+00
1.022231794757277434e+00
1.022274106527029769e+00
1.022316014288825681e+00
1.022357482645701587e+00
1.022398472990897256e+00
1.022438943241570364e+00
1.022478847601157259e+00
1.022518136355007101e+00
1.022556755703989184e+00
1.022594647640787002e+00
1.022631749873555096e+00
1.022667995801508578e+00
1.022703314546813846e+00
1.022737631046865658e+00
1.022770866210626073e+00
1.022802937142187396e+00
1.022833757434059354e+00
1.022863237531899783e+00
1.022891285171473985e+00
1.022917805887562537e+00
1.022942703593344493e+00
1.022965881227464902e+00
1.022987241464580865e+00
1.023006687483701160e+00
1.023024123787106276e+00
1.023039457061106994e+00
1.023052597068425662e+00
1.023063457560597911e+00
1.023071957197541515e+00
1.023078020460419957e+00
1.023081578543131531e+00
1.023082570207273001e+00
1.023080942585308684e+00
1.023076651916908553e+00
1.023069664204083073e+00
1.023059955771802754e+00
1.023047513722270985e+00
1.023032336272869047e+00
1.023014432969998166e+00
1.022993824773530402e+00
1.022970544009283556e+00
1.022944634189775437e+00
1.022916149706383449e+00
1.022885155398865820e+00
1.022851726010864715e+00
1.022815945542431937e+00
1.022777906512722268e+00
1.022737709147689689e+00
1.022695460508876275e+00
1.022651273580142295e+00
1.022605266329470020e+00
1.022557560762737516e+00
1.022508281985708312e+00
1.022457557289374819e+00
1.022405515272370558e+00
1.022352285012434248e+00
1.022297995296992834e+00
1.022242773920874148e+00
1.022186747057064471e+00
1.022130038704350818e+00
1.022072770213696691e+00
1.022015059893357503e+00
1.021957022691067696e+00
1.021898769950185581e+00
1.021840409235448499e+00
1.021782044223012775e+00
1.021723774648700456e+00
1.021665696307856530e+00
1.021607901099913507e+00
1.021550477110656718e+00
1.021493508725243693e+00
1.021437076765243201e+00
1.021381258643312862e+00
1.021326128529559618e+00
1.021271757524163881e+00
1.021218213831415644e+00
1.021165562930917980e+00
1.021113867742349246e+00
1.021063188780786390e+00
1.021013584300192845e+00
1.020965110423259770e+00
1.020917821256302371e+00
1.020871768988399486e+00
1.020827003974387193e+00
1.020783574801683358e+00
1.020741528341215121e+00
1.020700909782981336e+00
1.020661762656965177e+00
1.020624128840254219e+00
1.020588048551325233e+00
1.020553560332511100e+00
1.020520701021689458e+00
1.020489505714242906e+00
1.020460007716321060e+00
1.020432238490412757e+00
1.020406227594200299e+00
1.020382002613631212e+00
1.020359589091118790e+00
1.020339010449741401e+00
1.020320287914298962e+00
1.020303440430068598e+00
1.020288484580094135e+00
1.020275434501861644e+00
1.020264301804209239e+00
1.020255095485362862e+00
1.020247821853004666e+00
1.020242484447327236e+00
1.020239083968057514e+00
1.020237618206487173e+00
1.020238081983571465e+00
1.020240467095213432e+00
1.020244762265865024e+00
1.020250953111612624e+00
1.020259022113910508e+00
1.020268948605139725e+00
1.020280708767125954e+00
1.020294275643730986e+00
1.020309619168550563e+00
1.020326706208676715e+00
1.020345500625359669e+00
1.020365963352277028e+00
1.020388052491938868e+00
1.020411723430584061e+00
1.020436928971692359e+00
1.020463619488009899e+00
1.020491743091728187e+00
1.020521245822184842e+00
1.020552071850173714e+00
1.020584163697667357e+00
1.020617462471465009e+00
1.020651908109000860e+00
1.020687439634289095e+00
1.020723995421715991e+00
1.020761513465194170e+00
1.020799931649975623e+00
1.020839188024297073e+00
1.020879221067890086e+00
1.020919969954348527e+00
1.020961374804304489e+00
1.021003376926409523e+00
1.021045919043185757e+00
1.021088945498939804e+00
1.021132402447104903e+00
1.021176238014583459e+00
1.021220402440913499e+00
1.021264848190360119e+00
1.021309530035342750e+00
1.021354405109926144e+00
1.021399432932447837e+00
1.021444575396695420e+00
1.021489796731390731e+00
1.021535063428083312e+00
1.021580344137881013e+00
1.021625609537768486e+00
1.021670832167558940e+00
1.021715986238816543e+00
1.021761047417345747e+00
1.021805992581089395e+00
1.021850799555505063e+00
1.021895446828699150e+00
1.021939913248794074e+00
1.021984177706183328e+00
1.022028218803507915e+00
1.022072014516350658e+00
1.022115541847808506e+00
1.022158776480266651e+00
1.022201692427859632e+00
1.022244261693262546e+00
1.022286453932625960e+00
1.022328236132626689e+00
1.022369572303767793e+00
1.022410423194216378e+00
1.022450746028607416e+00
1.022490494276364625e+00
1.022529617454184692e+00
1.022568060967391279e+00
1.022605765994866189e+00
1.022642669422227035e+00
1.022678703827778923e+00
1.022713797525576895e+00
1.022747874669599044e+00
1.022780855422633861e+00
1.022812656192914726e+00
1.022843189940875641e+00
1.022872366557570301e+00
1.022900093315357140e+00
1.022926275390346529e+00
1.022950816454899270e+00
1.022973619337117945e+00
1.022994586742859813e+00
1.023013622034284698e+00
1.023030630057440771e+00
1.023045518009864097e+00
1.023058196337694126e+00
1.023068579650460386e+00
1.023076587640476820e+00
1.023082145992790348e+00
1.023085187270907914e+00
1.023085651763095072e+00
1.023083488273992314e+00
1.023078654846607760e+00
1.023071119400482232e+00
1.023060860272967165e+00
1.023047866652105231e+00
1.023032138891524667e+00
1.023013688700032509e+00
1.022992539201105888e+00
1.022968724860238821e+00
1.022942291280939386e+00
1.022913294873050605e+00
1.022881802399871143e+00
1.022847890413176586e+00
1.022811644587611424e+00
1.022773158967948959e+00
1.022732535144328159e+00
1.022689881371738441e+00
1.022645311650699718e+00
1.022598944786248465e+00
1.022550903442053460e+00
1.022501313205712581e+00
1.022450301680131624e+00
1.022397997614386878e+00
1.022344530085705028e+00
1.022290027742245755e+00
1.022234618114295834e+00
1.022178426999400758e+00
1.022121577924875346e+00
1.022064191689192825e+00
1.022006385981912846e+00
1.021948275080200252e+00
1.021889969618558158e+00
1.021831576427232102e+00
1.021773198433792995e+00
1.021714934621705817e+00
1.021656880039218063e+00
1.021599125851624823e+00
1.021541759429906104e+00
1.021484864468817033e+00
1.021428521127757394e+00
1.021372806188111770e+00
1.021317793221199199e+00
1.021263552761521254e+00
1.021210152480566125e+00
1.021157657357049331e+00
1.021106129840092525e+00
1.021055630002464909e+00
1.021006215681603546e+00
1.020957942606697699e+00
1.020910864510640392e+00
1.020865033226120655e+00
1.020820498765536044e+00
1.020777309384766518e+00
1.020735511631138515e+00
1.020695150376140781e+00
1.020656268833650238e+00
1.020618908564534522e+00
1.020583109468615302e+00
1.020548909765005341e+00
1.020516345961867355e+00
1.020485452816646044e+00
1.020456263287789378e+00
1.020428808478972993e+00
1.020403117576782925e+00
1.020379217782795056e+00
1.020357134240946984e+00
1.020336889961075855e+00
1.020318505739473025e+00
1.020302000077294657e+00
1.020287389097674025e+00
1.020274686462368408e+00
1.020263903288818996e+00
1.020255048068498649e+00
1.020248126587474768e+00
1.020243141850138091e+00
1.020240094007100584e+00
1.020238980288290964e+00
1.020239794942334299e+00
1.020242529183327918e+00
1.020247171146153820e+00
1.020253705851494885e+00
1.020262115181728602e+00
1.020272377868857161e+00
1.020284469495617463e+00
1.020298362510864143e+00
1.020314026260247919e+00
1.020331427033128069e+00
1.020350528126529044e+00
1.020371289926819136e+00
1.020393670009608789e+00
1.020417623258178530e+00
1.020443102000522906e+00
1.020470056164862971e+00
1.020498433453207454e+00
1.020528179532289137e+00
1.020559238240905220e+00
1.020591551812403797e+00
1.020625061110790099e+00
1.020659705878621981e+00
1.020695424994629619e+00
1.020732156738723084e+00
1.020769839061864692e+00
1.020808409858074306e+00
1.020847807235706339e+00
1.020887969785028604e+00
1.020928836839077203e+00
1.020970348724745680e+00
1.021012447001114598e+00
1.021055074682107211e+00
1.021098176440693006e+00
1.021141698792039643e+00
1.021185590253233411e+00
1.021229801477438581e+00
1.021274285360658673e+00
1.021318997119563310e+00
1.021363894339176959e+00
1.021408936989568694e+00
1.021454087411015621e+00
1.021499310267468985e+00
1.021544572468485290e+00
1.021589843060111802e+00
1.021635093085538015e+00
1.021680295416611095e+00
1.021725424557608175e+00
1.021770456422903317e+00
1.021815368090421838e+00
1.021860137532991430e+00
1.021904743329902887e+00
1.021949164361198203e+00
1.021993379487369902e+00
1.022037367217337511e+00
1.022081105367731002e+00
1.022124570716671732e+00
1.022167738655402447e+00
1.022210582841285520e+00
1.022253074855843380e+00
1.022295183871682722e+00
1.022336876332309963e+00
1.022378115648997721e+00
1.022418861919018429e+00
1.022459071669703512e+00
1.022498697632891584e+00
1.022537688554435054e+00
1.022575989043466471e+00
1.022613539466142418e+00
1.022650275888496552e+00
1.022686130072919308e+00
1.022721029532527304e+00
1.022754897647369488e+00
1.022787653845966815e+00
1.022819213855107767e+00
1.022849490020123264e+00
1.022878391697020550e+00
1.022905825716869943e+00
1.022931696921732359e+00
1.022955908770159184e+00
1.022978364008948926e+00
1.022998965406405780e+00
1.023017616540825792e+00
