1.000603444564682754e+00
1.000676070758058422e+00
1.000794840788797879e+00
1.000936808057579119e+00
1.001095685473806451e+00
1.001264754328398343e+00
1.001436745918906190e+00
1.001608999734298067e+00
1.001787135678971596e+00
1.001972703171534640e+00
1.002160201136438999e+00
1.002343573707249469e+00
1.002524290010473829e+00
1.002710088298675029e+00
1.002900800067919374e+00
1.003089835138468722e+00
1.003272146754489835e+00
1.003452493731091799e+00
1.003638338265286034e+00
1.003827137124274849e+00
1.004011614070497327e+00
1.004188578223635275e+00
1.004365443856876761e+00
1.004547958685177100e+00
1.004731419073906062e+00
1.004908455909286680e+00
1.005078484646071413e+00
1.005250565288498432e+00
1.005427858069557256e+00
1.005604000546869381e+00
1.005772209776181425e+00
1.005934951874992045e+00
1.006101645862917282e+00
1.006272525004374696e+00
1.006440146576623729e+00
1.006599065306855501e+00
1.006754788285121993e+00
1.006915761918355745e+00
1.007079424363292119e+00
1.007237834515894326e+00
1.007387645643957663e+00
1.007536879624645554e+00
1.007691881766262565e+00
1.007847757308107939e+00
1.007996660766446340e+00
1.008137990341350765e+00
1.008281298781933399e+00
1.008430094725168091e+00
1.008577769403237401e+00
1.008717216201632461e+00
1.008850950205759434e+00
1.008988786795181669e+00
1.009131141447898283e+00
1.009270331380791141e+00
1.009400692986708314e+00
1.009527810565375550e+00
1.009660450372792173e+00
1.009796123386680788e+00
1.009926680100209584e+00
1.010048617469992083e+00
1.010170051792561141e+00
1.010297587825053967e+00
1.010426334009971949e+00
1.010548269750293215e+00
1.010662670372879379e+00
1.010779203424476469e+00
1.010901585098436861e+00
1.011023167838935422e+00
1.011136692446677587e+00
1.011244574279355657e+00
1.011356768757187607e+00
1.011473849042561657e+00
1.011588069632016085e+00
1.011693623468699954e+00
1.011796022993119326e+00
1.011904198290908052e+00
1.012015768256038450e+00
1.012122506408088096e+00
1.012220766444160258e+00
1.012318632791646245e+00
1.012422887742617350e+00
1.012528700498918521e+00
1.012627961839267510e+00
1.012719803586858758e+00
1.012813912424151974e+00
1.012914179371601886e+00
1.013013976984969977e+00
1.013105943793464192e+00
1.013192360343638354e+00
1.013283255723389953e+00
1.013379357473628506e+00
1.013472907963509861e+00
1.013557981163636601e+00
1.013639979251015122e+00
1.013727953896755185e+00
1.013819644311246826e+00
1.013906786514722880e+00
1.013985598247647335e+00
1.014064095919617881e+00
1.014149215580934182e+00
1.014236206658941875e+00
1.014316900081784434e+00
1.014390280396322952e+00
1.014466022091264019e+00
1.014548180889589535e+00
1.014630170912520946e+00
1.014704547927006262e+00
1.014773446826690906e+00
1.014846945076423257e+00
1.014925924278149427e+00
1.015002635276998744e+00
1.015071044755121443e+00
1.015136429511965588e+00
1.015207944162185516e+00
1.015283454564338994e+00
1.015354677470355682e+00
1.015417699700364551e+00
1.015480452538521039e+00
1.015550013952808861e+00
1.015621723915291152e+00
1.015687368575276750e+00
1.015745784586757683e+00
1.015806617198448780e+00
1.015874081434775977e+00
1.015941645124436743e+00
1.016001792794362313e+00
1.016056508410507098e+00
1.016115902632075851e+00
1.016181011254906119e+00
1.016244105960044886e+00
1.016299053944631714e+00
1.016350997847206061e+00
1.016409183289866291e+00
1.016471607110462916e+00
1.016529978308288396e+00
1.016580256837980700e+00
1.016630277925641312e+00
1.016687253586687323e+00
1.016746621359133851e+00
1.016800132635658382e+00
1.016846476578488367e+00
1.016895257612290937e+00
1.016950846456079249e+00
1.017006772974332396e+00
1.017055458575317317e+00
1.017098733318289261e+00
1.017146730286292433e+00
1.017200639732542378e+00
1.017252762755255002e+00
1.017296872991853451e+00
1.017337973104208260e+00
1.017385390991432992e+00
1.017437257754713720e+00
1.017485282787671252e+00
1.017525302667920295e+00
1.017565048773432235e+00
1.017611861296697118e+00
1.017661280576278582e+00
1.017705030540204003e+00
1.017741653740804608e+00
1.017780705138336073e+00
1.017826708451414319e+00
1.017873261745774194e+00
1.017912729452574716e+00
1.017946785989174874e+00
1.017985578587714768e+00
1.018030452230720417e+00
1.018073743756686023e+00
1.018109137967682321e+00
1.018141493462764169e+00
1.018180213593983696e+00
1.018223566320694218e+00
1.018263267435983277e+00
1.018295033179457576e+00
1.018326485250718338e+00
1.018365087406442493e+00
1.018406486831684887e+00
1.018442385418794505e+00
1.018471180225100081e+00
1.018502370069146234e+00
1.018540629584315127e+00
1.018579629696666711e+00
1.018611682543904218e+00
1.018638305972884073e+00
1.018669654863313401e+00
1.018707229211145204e+00
1.018743406263060258e+00
1.018771785748207037e+00
1.018797079347669055e+00
1.018828760473811323e+00
1.018865236040443323e+00
1.018898232602799325e+00
1.018923348682825303e+00
1.018948091945349077e+00
1.018980046086616298e+00
1.019014968289890355e+00
1.019044542363088057e+00
1.019067021100438009e+00
1.019091842023559735e+00
1.019123829098582013e+00
1.019156729613916568e+00
1.019182806915021278e+00
1.019203421933090770e+00
1.019228732083124811e+00
1.019260392694865347e+00
1.019290824812303820e+00
1.019313546059757991e+00
1.019333119269731913e+00
1.019359083636590890e+00
1.019389986765111056e+00
1.019417569073887364e+00
1.019437313623087427e+00
1.019456610790665740e+00
1.019483161341626865e+00
1.019512834957029934e+00
1.019537300192326246e+00
1.019554666860265080e+00
1.019574307146537295e+00
1.019601193139111128e+00
1.019629151163069292e+00
1.019650398392762058e+00
1.019666138891800244e+00
1.019686528481846155e+00
1.019713378170961082e+00
1.019739155300352529e+00
1.019757297774629201e+00
1.019772218271451925e+00
1.019793518240502017e+00
1.019819887467643404e+00
1.019843082486166175e+00
1.019858472878300226e+00
1.019873329206774315e+00
1.019895466909191306e+00
1.019920870240873301e+00
1.019941194606549972e+00
1.019954408129192913e+00
1.019969814317699619e+00
1.019992532376435168e+00
1.020016469832655037e+00
1.020033799753986337e+00
1.020045569612092917e+00
1.020061930083133284e+00
1.020084848183623549e+00
1.020106839533549081e+00
1.020121264343555767e+00
1.020132384187337982e+00
1.020149859643641133e+00
1.020172524007146642e+00
1.020192151706444506e+00
1.020204000662607635e+00
1.020215219487935032e+00
1.020233736109964928e+00
1.020255651197600422e+00
1.020272608721545016e+00
1.020282436402138782e+00
1.020294366078979831e+00
1.020313663120003156e+00
1.020334318167189336e+00
1.020348461966097409e+00
1.020356985781404990e+00
1.020370031841397296e+00
1.020389723443524188e+00
1.020408626237941263e+00
1.020420024595113606e+00
1.020428028199928283e+00
1.020442353764416499e+00
1.020461979310220535e+00
1.020478698754613944e+00
1.020487660098450489e+00
1.020495888029730569e+00
1.020511420804121050e+00
1.020530477231080591e+00
1.020544691426866102e+00
1.020551751994588585e+00
1.020560816225244416e+00
1.020577294640919952e+00
1.020595262825383820e+00
1.020606810898465389e+00
1.020612674345756643e+00
1.020622983686233276e+00
1.020640018680429417e+00
1.020656396710536651e+00
1.020665328114397585e+00
1.020670769957787938e+00
1.020682492057880975e+00
1.020699618299368838e+00
1.020713963663073764e+00
1.020720567957008829e+00
1.020726330006264115e+00
1.020739396145103894e+00
1.020756105004751335e+00
1.020768082428618939e+00
1.020772879196457428e+00
1.020779575165393194e+00
1.020793724888912735e+00
1.020809490718197932e+00
1.020818923856289029e+00
1.020822604455699611e+00
1.020830648009384056e+00
1.020845490817500423e+00
1.020859803729809556e+00
1.020866724875490572e+00
1.020870057984085033e+00
1.020879622851628366e+00
1.020894690291570317e+00
1.020907097974230737e+00
1.020911779259571883e+00
1.020915505164716741e+00
1.020926527729385747e+00
1.020941307065810877e+00
1.020951462378032248e+00
1.020954407934744346e+00
1.020959143237087474e+00
1.020971365621221150e+00
1.020985326053658770e+00
1.020993038572287182e+00
1.020994928461341100e+00
1.021001092800743804e+00
1.021014124401967482e+00
1.021026749367315745e+00
1.021032035472609234e+00
1.021033632408726799e+00
1.021041406726336476e+00
1.021054777167156091e+00
1.021065605772738305e+00
1.021068721224028586e+00
1.021070764787636698e+00
1.021080091722571748e+00
1.021093285259212946e+00
1.021101959642331636e+00
1.021103393966347417e+00
1.021106504436224638e+00
1.021117129810149349e+00
1.021129611531411463e+00
1.021135928256040604e+00
1.021136350894726874e+00
1.021140954684159441e+00
1.021152488824561999e+00
1.021163736487138429e+00
1.021167696969607075e+00
1.021167865256062068e+00
1.021174151360882076e+00
1.021186122889381265e+00
1.021195667966814824e+00
1.021197512381726513e+00
1.021198165738702812e+00
1.021206083946912369e+00
1.021217974961045272e+00
1.021225449765450044e+00
1.021225653643198950e+00
1.021227416580101188e+00
1.021236717307552944e+00
1.021247989601459683e+00
1.021253178524959448e+00
1.021252401151459654e+00
1.021255707439172156e+00
1.021266002773975501e+00
1.021276129217132400e+00
1.021279019463561699e+00
1.021278013177755017e+00
1.021283060516735119e+00
1.021293878822684409e+00
1.021302384017776177e+00
1.021303200791230825e+00
1.021302705233276598e+00
1.021309451282049974e+00
1.021320273183033089e+00
1.021326780348588592e+00
1.021325985638101175e+00
1.021326629944358189e+00
1.021334830457301779e+00
1.021345115118726943e+00
1.021349397168839213e+00
1.021347640429151493e+00
1.021349866171048504e+00
1.021359135694777098e+00
1.021368351755993498e+00
1.021370382304341851e+00
1.021368411141919896e+00
1.021372425245828719e+00
1.021382292509013023e+00
1.021389958341881288e+00
1.021389948123786473e+00
1.021388502656650044e+00
1.021394271257279218e+00
1.021404215983611419e+00
1.021409946333422081e+00
1.021408344151982117e+00
1.021408058435138599e+00
1.021415343266893760e+00
1.021424822555443868e+00
1.021428379452464785e+00
1.021425825165140022e+00
1.021427148916463912e+00
1.021435567590551319e+00
1.021444046412625317e+00
1.021445390415252952e+00
1.021442627072442377e+00
1.021445776874351896e+00
1.021454859022115080e+00
1.021461850071756050e+00
1.021461177871847870e+00
1.021458946249591326e+00
1.021463897234230256e+00
1.021473122171640657e+00
1.021478232261253449e+00
1.021475979762791919e+00
1.021474919050686658e+00
1.021481439497737398e+00
1.021490262742803301e+00
1.021493243540383844e+00
1.021490041172708363e+00
1.021490609508121761e+00
1.021498320630244372e+00
1.021506203976138227e+00
1.021507003455209839e+00
1.021503589825744740e+00
1.021506013806273039e+00
1.021514446609733673e+00
1.021520897558425789e+00
1.021519698735739112e+00
1.021516815396583899e+00
1.021521079605386628e+00
1.021529713426598374e+00
1.021534331334976065e+00
1.021531557449981698e+00
1.021529848880561087e+00
1.021535728645611485e+00
1.021544017844024710e+00
1.021546544481153340e+00
1.021542816653177699e+00
1.021542749623109536e+00
1.021549870238185331e+00
1.021557273858981985e+00
1.021557645031585082e+00
1.021553697486168089e+00
1.021555508906909715e+00
1.021563403170442808e+00
1.021569423952791045e+00
1.021567809324074982e+00
1.021564384454652696e+00
1.021568068755183356e+00
1.021576216397189985e+00
1.021580446666173536e+00
1.021577257001960337e+00
1.021575004680196130e+00
1.021580344685258268e+00
1.021588199274582998e+00
1.021590371313415790e+00
1.021586218497331000e+00
1.021585614284428178e+00
1.021592239798343016e+00
1.021599258009856293e+00
1.021599295830929233e+00
1.021594909721919020e+00
1.021596201087538347e+00
1.021603647069660559e+00
1.021609327259091149e+00
1.021607387452609039e+00
1.021603511303333267e+00
1.021606702863822935e+00
1.021614449762061394e+00
1.021618377598638272e+00
1.021614858609125598e+00
1.021612147737964715e+00
1.021617030213949118e+00
1.021624531125650215e+00
1.021626429774769695e+00
1.021621934285327438e+00
1.021620873155689946e+00
1.021627081246329727e+00
1.021633790806608655e+00
1.021633572817813196e+00
1.021628826294624037e+00
1.021629673129015758e+00
1.021636744280037368e+00
1.021642156795706136e+00
1.021639965929970639e+00
1.021635712459564527e+00
1.021638482354572997e+00
1.021645898012383036e+00
1.021649592829797282e+00
1.021645815328200868e+00
1.021642715686379210e+00
1.021647207612867092e+00
1.021654420678655306e+00
1.021656112172857345e+00
1.021651341518105438e+00
1.021649889136752920e+00
1.021655743032693131e+00
1.021662206390197669e+00
1.021661795942600426e+00
1.021656753144607910e+00
1.021657217148589147e+00
1.021663973233300382e+00
1.021669177434948894e+00
1.021666796188407833e+00
1.021662226103180471e+00
1.021664632318199928e+00
1.021671773278722828e+00
1.021675291642768935e+00
1.021671313722468222e+00
1.021667882554549323e+00
1.021672038516118874e+00
1.021679017294243597e+00
1.021680555696860448e+00
1.021675565354534854e+00
1.021673775530896666e+00
1.021679326724510339e+00
1.021685594703885647e+00
1.021685043620745637e+00
1.021679757313706638e+00
1.021679888970891792e+00
1.021686378643757775e+00
1.021691422882025746e+00
1.021688901020729512e+00
1.021684064275643067e+00
1.021686154178385708e+00
1.021693066467280087e+00
1.021696454516128671e+00
1.021692323947757108e+00
1.021688608334639481e+00
1.021692472862663958e+00
1.021699260953513377e+00
1.021700690450584759e+00
1.021695526139346555e+00
1.021693443072238416e+00
1.021698733537240500e+00
1.021704847533048355e+00
1.021704198283023945e+00
1.021698712009310173e+00
1.021698552710745833e+00
1.021704815614624451e+00
1.021709739308056086e+00
1.021707117742560289e+00
1.021702055575362866e+00
1.021703867925234821e+00
1.021710589036024963e+00
1.021713884445563769e+00
1.021709640622347592e+00
1.021705679404267597e+00
1.021709288876343269e+00
1.021715921799749793e+00
1.021717278558580633e+00
1.021711978076653260e+00
1.021709638171245160e+00
1.021714702157233035e+00
1.021720695908339360e+00
1.021719983361961237e+00
1.021714333177408118e+00
1.021713916937637023e+00
1.021719985398651609e+00
1.021724820710160353e+00
1.021722133154520984e+00
1.021716879725675486e+00
1.021718446293933269e+00
1.021725006788407830e+00
1.021728240355627371e+00
1.021723915859533260e+00
1.021719741183894081e+00
1.021723125352917538e+00
1.021729632059069193e+00
1.021730945723171136e+00
1.021725540426323908e+00
1.021722973754692010e+00
1.021727839229891632e+00
1.021733740245633903e+00
1.021732993086209795e+00
1.021727208954592347e+00
1.021726563789681519e+00
1.021732464178393585e+00
1.021737237361232342e+00
1.021734511664147194e+00
1.021729095372319263e+00
1.021730442242112513e+00
1.021736867034580776e+00
1.021740063947735644e+00
1.021735685805089444e+00
1.021731324367342486e+00
1.021734507587844121e+00
1.021740911669051233e+00
1.021742206556645272e+00
1.021736722542524234e+00
1.021733954014226509e+00
1.021738643822261317e+00
1.021744474525871471e+00
1.021743716380227873e+00
1.021737823290462588e+00
1.021736972322446091e+00
1.021742726145152158e+00
1.021747458621941496e+00
1.021744717833461991e+00
1.021739162369560638e+00
1.021740310978141553e+00
1.021746620365251434e+00
1.021749801222260334e+00
1.021745391910096723e+00
1.021740865948400856e+00
1.021743868160122748e+00
1.021750188822905026e+00
1.021751484888226758e+00
1.021745943945989277e+00
1.021742994246993774e+00
1.021747527035264280e+00
1.021753305681696311e+00
1.021752556027669456e+00
1.021746574890271653e+00
1.021745537233845091e+00
1.021751162009139513e+00
1.021755871238703817e+00
1.021753134467013879e+00
1.021747459660812485e+00
1.021748427637203971e+00
1.021754638125974113e+00
1.021757819753372321e+00
1.021753398008543368e+00
1.021748726103663962e+00
1.021751563623106929e+00
1.021757816470755476e+00
1.021759130078016664e+00
1.021753550452770831e+00
1.021750436801615258e+00
1.021754827769459695e+00
1.021760569185284240e+00
1.021759844083333757e+00
1.021753792453102605e+00
1.021752583930868319e+00
1.021758093897112918e+00
1.021762794074323244e+00
1.021760077177491954e+00
1.021754299681255640e+00
1.021755101523140308e+00
1.021761226500361941e+00
1.021764422615575318e+00
1.021760004089057983e+00
1.021755201811434199e+00
1.021757887972646328e+00
1.021764085638992681e+00
1.021765430189371937e+00
1.021759827201448534e+00
1.021756563962106235e+00
1.021760825467591172e+00
1.021766541651326854e+00
1.021765854338316126e+00
1.021759747000890339e+00
1.021758380724243409e+00
1.021763787414448732e+00
1.021768490039159483e+00
1.021765806187622916e+00
1.021759940032091141e+00
1.021760587656695307e+00
1.021766637933955835e+00
1.021769859684770410e+00
1.021765457474728134e+00
1.021760537911815314e+00
1.021763083588978382e+00
1.021769236255455793e+00
1.021770622698873421e+00
1.021765009249338885e+00
1.021761608431741797e+00
1.021765750487523494e+00
1.021771451100428330e+00
1.021770812475270906e+00
1.021764661926912510e+00
1.021763148771464236e+00
1.021768461484002355e+00
1.021773175827127567e+00
1.021770535964647175e+00
1.021764593014744094e+00
1.021765096210657031e+00
1.021771080471489457e+00
1.021774336878887635e+00
1.021769961968350682e+00
1.021764936157735670e+00
1.021767350194635604e+00
1.021773466015325704e+00
1.021774903271380097e+00
1.021769290257871221e+00
1.021765761929814609e+00
1.021769792611396888e+00
1.021775485381696047e+00
1.021774904405555962e+00
1.021768721248548673e+00
1.021767070246119458e+00
1.021772296432951865e+00
1.021777029921043134e+00
1.021774443145219147e+00
1.021768433476283544e+00
1.021768800276667832e+00
1.021774725445956600e+00
1.021778023770155253e+00
1.021773685388885688e+00
1.021768562676462544e+00
1.021770852241813854e+00
1.021776937695156207e+00
1.021778433001623965e+00
1.021772829662655591e+00
1.021769182290954037e+00
1.021773108074940151e+00
1.021778799132803339e+00
1.021778283160910128e+00
1.021772076431385567e+00
1.021770295095134840e+00
1.021775440683853953e+00
1.021780199218222940e+00
1.021777673096371242e+00
1.021771605306478481e+00
1.021771842299005861e+00
1.021777713849753688e+00
1.021781059894307564e+00
1.021776765819494059e+00
1.021771554157114847e+00
1.021773725039949454e+00
1.021779785221101911e+00
1.021781344423773330e+00
1.021775758625063313e+00
1.021771999359317284e+00
1.021775825404809268e+00
1.021781519561047347e+00
1.021781074618871354e+00
1.021774852059613270e+00
1.021772946654672998e+00
1.021778016316560178e+00
1.021782804538960532e+00
1.021780345371155807e+00
1.021774226841156707e+00
1.021774339426149592e+00
1.021780161634915141e+00
1.021783560000018909e+00
1.021779316806733284e+00
1.021774023000124432e+00
1.021776079855893027e+00
1.021782118720243604e+00
1.021783746514411950e+00
1.021778184987384153e+00
1.021774319896366467e+00
1.021778050279421146e+00
1.021783751257642869e+00
1.021783382271019835e+00
1.021777150558679459e+00
1.021775126327613137e+00
1.021780123700921639e+00
1.021784945214857077e+00
1.021782558253063300e+00
1.021776395363123147e+00
1.021776387968580835e+00
1.021782164128179238e+00
1.021785618421616526e+00
1.021781431691349162e+00
1.021776061606478603e+00
1.021778008161977613e+00
1.021784028727830806e+00
1.021785728859324838e+00
1.021780197399541956e+00
1.021776231667877344e+00
1.021779869576605382e+00
1.021785580206352018e+00
1.021785291192934153e+00
1.021779056126921992e+00
1.021776917477201785e+00
1.021781845352799145e+00
1.021786702907503175e+00
1.021784392537706587e+00
1.021778190847172585e+00
1.021778067107454335e+00
1.021783799703629425e+00
1.021787312715993767e+00
1.021783187209774013e+00
1.021777745944116411e+00
1.021779585167634563e+00
1.021785589684400808e+00
1.021787365116407997e+00
1.021781868748089073e+00
1.021777806839312630e+00
1.021781354735680658e+00
1.021787077112522812e+00
1.021786871340466529e+00
1.021780637999351926e+00
1.021778388658634906e+00
1.021783249133755733e+00
1.021788144776522689e+00
1.021785914669484985e+00
1.021779679065622837e+00
1.021779441969295821e+00
1.021785132826842357e+00
1.021788706676438840e+00
1.021784646477890579e+00
1.021779138501873296e+00
1.021780872743812907e+00
1.021786862830933007e+00
1.021788715881778220e+00
1.021783258993508525e+00
1.021779104784569903e+00
1.021782564537942140e+00
1.021788300155550111e+00
1.021788180274386004e+00
1.021781953144700328e+00
1.021779596288766134e+00
1.021784390893707872e+00
1.021789326095391637e+00
1.021787179330766238e+00
1.021780914151078079e+00
1.021780566162606263e+00
1.021786216565596428e+00
1.021789852817652999e+00
1.021785861450554389e+00
1.021780290723725226e+00
1.021781921832217943e+00
1.021787898593313093e+00
1.021789831049650044e+00
1.021784417505695597e+00
1.021780174397292296e+00
1.021783547394072844e+00
1.021789297252595707e+00
1.021789265400590452e+00
1.021783048482301393e+00
1.021780586839893257e+00
1.021785316641883767e+00
1.021790292399748834e+00
1.021788231567733796e+00
1.021781940699986180e+00
1.021781483859373063e+00
1.021787094649576844e+00
1.021790794413821146e+00
1.021786874938211298e+00
1.021781245004133698e+00
1.021782774419629725e+00
1.021788738535837515e+00
1.021790751745196291e+00
1.021785384976340083e+00
1.021781055982963426e+00
1.021784343216204816e+00
1.021790107910800494e+00
1.021790165802626271e+00
1.021783962695082870e+00
1.021781398633422100e+00
1.021786064321399179e+00
1.021791081243057064e+00
1.021789108527288104e+00
1.021782795490935758e+00
1.021782231494971604e+00
1.021787803152104601e+00
1.021791567162329439e+00
1.021787722252752051e+00
1.021782036316199571e+00
1.021783465148573322e+00
1.021789416954591800e+00
1.021791511900780769e+00
1.021786194978165696e+00
1.021781782801323590e+00
1.021784984943727936e+00
1.021790764736655754e+00
1.021790913734769379e+00
1.021784727706490647e+00
1.021782063300810561e+00
1.021786665254436510e+00
1.021791723626171544e+00
1.021789840871140997e+00
1.021783508883412850e+00
1.021782839151765820e+00
1.021788371858772804e+00
1.021792200537578355e+00
1.021788432546646863e+00
1.021782693536251951e+00
1.021784022627547195e+00
1.021789962173489830e+00
1.021792139537941235e+00
1.021786875232991942e+00
1.021782382320648219e+00
1.021785499783977258e+00
1.021791294663244809e+00
1.021791535835946840e+00
1.021785369881220040e+00
1.021782606971252116e+00
1.021787145317065493e+00
1.021792245159421908e+00
1.021790453925298880e+00
1.021784105954795185e+00
1.021783331683760787e+00
1.021788825379927435e+00
1.021792718891412655e+00
1.021789029901454482e+00
1.021783240520547142e+00
1.021784470496067243e+00
1.021790397597800659e+00
1.021792657809523774e+00
1.021787448642595741e+00
1.021782877237449760e+00
1.021785910220932125e+00
1.021791719948058397e+00
1.021792054116791970e+00
1.021785911001613201e+00
1.021783051237531659e+00
1.021787525894709781e+00
1.021792667007809019e+00
1.021790968615096329e+00
1.021784607425318736e+00
1.021783729631623228e+00
1.021789184055876154e+00
1.021793142348630834e+00
1.021789534213742190e+00
1.021783696981689804e+00
1.021784828291712799e+00
1.021790742571936583e+00
1.021793085848312854e+00
1.021787934128291386e+00
1.021783286307097249e+00
1.021786234837001039e+00
1.021792058986048746e+00
1.021792486764061536e+00
1.021786369063534927e+00
1.021783413943451180e+00
1.021787824661246402e+00
1.021793006661863235e+00
1.021791402227919310e+00
1.021785030412743822e+00
1.021784049969380437e+00
1.021789464695735505e+00
1.021793487538061207e+00
1.021789961918496914e+00
1.021784079204446583e+00
1.021785112158434483e+00
1.021791013080351807e+00
1.021793439460608077e+00
1.021788347317274859e+00
1.021783625022997910e+00
1.021786488985140018e+00
1.021792326974756637e+00
1.021792848798868114e+00
1.021786758927780703e+00
1.021783709828478326e+00
1.021788056216997198e+00
1.021793278569050667e+00
1.021791769038115305e+00
1.021785389050827275e+00
1.021784306716519541e+00
1.021789681183245424e+00
1.021793768192167384e+00
1.021790326582604269e+00
1.021784400633151124e+00
1.021785335427959795e+00
1.021791222323016779e+00
1.021793731695839869e+00
1.021788701106463249e+00
1.021783906174702938e+00
1.021786685341304679e+00
1.021792536461173295e+00
1.021793152618015066e+00
1.021787092855951595e+00
1.021783951058212070e+00
1.021788232613860758e+00
1.021793494653626011e+00
1.021792080821638971e+00
1.021785694998803784e+00
1.021784511442361598e+00
1.021789844976105810e+00
1.021793995641399722e+00
1.021790639394288824e+00
1.021784672356267354e+00
1.021785509099534028e+00
1.021791381190395809e+00
1.021793973316837967e+00
1.021789006128118737e+00
1.021784140308923394e+00
1.021786834360916441e+00
1.021792697793698412e+00
1.021793408441510564e+00
1.021787380953573354e+00
1.021784147663133968e+00
1.021788363789765564e+00
1.021793664746827091e+00
1.021792347282046265e+00
1.021785957863219352e+00
1.021784673683760358e+00
1.021789965519602328e+00
1.021794179223788346e+00
1.021790909568738304e+00
1.021784903508068609e+00
1.021785642237692304e+00
1.021791498657355302e+00
1.021794173189923605e+00
1.021789271136177124e+00
1.021784336112115055e+00
1.021786944657755658e+00
1.021792819497373106e+00
1.021793624684186330e+00
1.021787631538139340e+00
1.021784307903101485e+00
1.021788457929662552e+00
1.021793796944394206e+00
1.021792576404596531e+00
1.021786185548632986e+00
1.021784801292431100e+00
1.021790050590610122e+00
1.021794326625653948e+00
1.021791144685570085e+00
1.021785101602874279e+00
1.021785742303298772e+00
1.021791582111041485e+00
1.021794338609656627e+00
1.021789503327914739e+00
1.021784500729076672e+00
1.021787023319526089e+00
1.021792908586437676e+00
