1.000603444564682754e+00
1.000676015979225841e+00
1.000795716073905384e+00
1.000939701194851761e+00
1.001099424660293113e+00
1.001266024921765752e+00
1.001435531840912940e+00
1.001611868012062700e+00
1.001795117883512276e+00
1.001978308570943721e+00
1.002159096730230958e+00
1.002343634608545919e+00
1.002533193324344429e+00
1.002720578405148277e+00
1.002903412485126822e+00
1.003088690901327018e+00
1.003278383992596057e+00
1.003465078209832440e+00
1.003646058798099538e+00
1.003828709223634874e+00
1.004015587121084074e+00
1.004199162379086463e+00
1.004376291328530790e+00
1.004554526671285419e+00
1.004736975162658030e+00
1.004916081816566997e+00
1.005088243928496272e+00
1.005261051813687967e+00
1.005438140523316815e+00
1.005612005471476555e+00
1.005778577879947289e+00
1.005945392185153997e+00
1.006116594071631010e+00
1.006284792462130984e+00
1.006445456698693341e+00
1.006605992084878221e+00
1.006771036731978874e+00
1.006933367178915795e+00
1.007088001785535480e+00
1.007242156422805568e+00
1.007400942046875247e+00
1.007557349795122459e+00
1.007705962403347311e+00
1.007853755457579936e+00
1.008006291795500609e+00
1.008156818240346198e+00
1.008299500374882474e+00
1.008441030048284670e+00
1.008587399832775677e+00
1.008732148366233705e+00
1.008869044776650403e+00
1.009004459716260849e+00
1.009144792355200604e+00
1.009283905091179712e+00
1.009415192930184002e+00
1.009544672789841613e+00
1.009679126441219488e+00
1.009812768454547927e+00
1.009938643291563576e+00
1.010062385680532859e+00
1.010191135199234758e+00
1.010319484004132295e+00
1.010440150587329944e+00
1.010558362462289583e+00
1.010681591439489324e+00
1.010804830095135554e+00
1.010920496368379551e+00
1.011033388467860838e+00
1.011151284079163659e+00
1.011269596763509471e+00
1.011380470067065440e+00
1.011488253380700364e+00
1.011601003119174891e+00
1.011714572344652785e+00
1.011820857043476796e+00
1.011923740604782740e+00
1.012031530246064959e+00
1.012140535139971709e+00
1.012242431159630751e+00
1.012340620674488711e+00
1.012443633025185363e+00
1.012548248282866492e+00
1.012645950207297529e+00
1.012739647195235460e+00
1.012838061326440275e+00
1.012938456580218860e+00
1.013032153090182241e+00
1.013121554333489271e+00
1.013215545108950622e+00
1.013311884550666342e+00
1.013401758067652647e+00
1.013487055244262969e+00
1.013576793026819134e+00
1.013669235186070328e+00
1.013755461642977362e+00
1.013836841071959594e+00
1.013922491540491189e+00
1.014011189162122850e+00
1.014093937857294625e+00
1.014171580318402377e+00
1.014253304357714436e+00
1.014338404347373768e+00
1.014417837859179272e+00
1.014491918466614351e+00
1.014569872110148818e+00
1.014651515531102000e+00
1.014727789681229675e+00
1.014798477801509113e+00
1.014872812216027542e+00
1.014951134327878757e+00
1.015024398186726851e+00
1.015091857394903929e+00
1.015162718900600503e+00
1.015237849233941780e+00
1.015308245163476508e+00
1.015372633233469379e+00
1.015440163354586423e+00
1.015512225816849190e+00
1.015579889546756487e+00
1.015641358471746969e+00
1.015705694013161686e+00
1.015774807021230464e+00
1.015839867754124937e+00
1.015898563792804632e+00
1.015959836938037153e+00
1.016026113573229583e+00
1.016088694114569257e+00
1.016144757858914671e+00
1.016203096285041241e+00
1.016266644466126134e+00
1.016326861374577728e+00
1.016380427834960853e+00
1.016435954840119171e+00
1.016496877510321584e+00
1.016554841264601272e+00
1.016606039968414699e+00
1.016658874608005192e+00
1.016717269932339018e+00
1.016773085111025487e+00
1.016822040211523337e+00
1.016872297439757267e+00
1.016928259009550528e+00
1.016982024480880042e+00
1.017028854873535781e+00
1.017076645687576830e+00
1.017130262729573520e+00
1.017182071848762970e+00
1.017226891293024682e+00
1.017272322877552426e+00
1.017323680465470392e+00
1.017373621277572138e+00
1.017416538522394109e+00
1.017459714392924042e+00
1.017508893659756497e+00
1.017557049106424749e+00
1.017598168018353677e+00
1.017639188162047237e+00
1.017686266511713011e+00
1.017732714640516178e+00
1.017772134333397638e+00
1.017811095346398131e+00
1.017856146663560279e+00
1.017900960838657998e+00
1.017938775804198892e+00
1.017975771024732135e+00
1.018018865881739510e+00
1.018062114994826128e+00
1.018098415233361642e+00
1.018133534869963164e+00
1.018174740729956618e+00
1.018216489410423087e+00
1.018251360561271746e+00
1.018284691815591447e+00
1.018324073230846949e+00
1.018364382054135708e+00
1.018397905524949465e+00
1.018429532708623686e+00
1.018467151513252400e+00
1.018506077206396299e+00
1.018538330300926109e+00
1.018568334946070353e+00
1.018604250442217474e+00
1.018641846085595271e+00
1.018672902129309721e+00
1.018701363092231027e+00
1.018735632229000210e+00
1.018771947453404270e+00
1.018801875916460320e+00
1.018828869474270427e+00
1.018861547018667046e+00
1.018896628196883647e+00
1.018925494814008292e+00
1.018951094753917985e+00
1.018982233453240571e+00
1.019016123885477132e+00
1.019043990772438457e+00
1.019068268473633188e+00
1.019097919208878489e+00
1.019130659301535458e+00
1.019157585067999250e+00
1.019180609576130214e+00
1.019208821506146334e+00
1.019240448943622646e+00
1.019266488802342607e+00
1.019288326896815366e+00
1.019315147593108151e+00
1.019345697502523018e+00
1.019370903374962500e+00
1.019391619629345547e+00
1.019417095201621049e+00
1.019446600310532691e+00
1.019471020929167970e+00
1.019490677765185538e+00
1.019514852977868813e+00
1.019543343765256571e+00
1.019567024772949360e+00
1.019585682508636459e+00
1.019608600888752381e+00
1.019636105729690767e+00
1.019659089776635996e+00
1.019676806669329139e+00
1.019698510606245723e+00
1.019725055910826628e+00
1.019747382749673026e+00
1.019764215034584254e+00
1.019784745872191589e+00
1.019810356219345904e+00
1.019832062799141070e+00
1.019848064724282466e+00
1.019867462846234751e+00
1.019892161113147733e+00
1.019913281672778282e+00
1.019928505531022545e+00
1.019946810439661178e+00
1.019970617927485002e+00
1.019991184089263037e+00
1.020005680248276203e+00
1.020022930637830338e+00
1.020045867194352862e+00
1.020065908058338744e+00
1.020079724989072290e+00
1.020095958813664216e+00
1.020118042953507054e+00
1.020137585193069851e+00
1.020150769497399690e+00
1.020166024034288021e+00
1.020187273057096888e+00
1.020206341016084650e+00
1.020218937454080432e+00
1.020233249362462846e+00
1.020253679469404151e+00
1.020272295261150264e+00
1.020284346778324691e+00
1.020297752153898951e+00
1.020317378562607180e+00
1.020335562170834320e+00
1.020347109925599405e+00
1.020359644350945505e+00
1.020378481408899862e+00
1.020396250790414516e+00
1.020407334181820502e+00
1.020419032772547308e+00
1.020437094068681105e+00
1.020454465257576437e+00
1.020465121953293197e+00
1.020476019399781276e+00
1.020493317873957029e+00
1.020510305086889780e+00
1.020520571051269476e+00
1.020530701655739225e+00
1.020547249705598958e+00
1.020563865447565277e+00
1.020573774969525616e+00
1.020583172678108497e+00
1.020598982262675758e+00
1.020615237432598965e+00
1.020624823153002403e+00
1.020633521582438252e+00
1.020648604321788389e+00
1.020664508317164154e+00
1.020673801255318036e+00
1.020681833713910969e+00
1.020696200984175350e+00
1.020711761803971829e+00
1.020720791382867088e+00
1.020728190885354048e+00
1.020741853908336605e+00
1.020757078253365258e+00
1.020765872323292633e+00
1.020772671599338377e+00
1.020785641526062992e+00
1.020800534896071365e+00
1.020809119756303396e+00
1.020815351252432279e+00
1.020827639240025952e+00
1.020842206026860488e+00
1.020850606445169451e+00
1.020856302320053643e+00
1.020867919601484708e+00
1.020882163177788904e+00
1.020890402407678366e+00
1.020895594520837557e+00
1.020906552467180539e+00
1.020920475270247874e+00
1.020928575065897181e+00
1.020933294960011839e+00
1.020943605135066878e+00
1.020957208745639555e+00
1.020965189374700710e+00
1.020969468251892831e+00
1.020979142459163658e+00
1.020992427675157854e+00
1.021000307929684547e+00
1.021004176622261284e+00
1.021013226944478491e+00
1.021026193849795094e+00
1.021033991055724899e+00
1.021037479992027652e+00
1.021045918823553444e+00
1.021058566852325544e+00
1.021066296878063273e+00
1.021069436044173440e+00
1.021077276116785448e+00
1.021089604113560645e+00
1.021097281378325672e+00
1.021100100276480571e+00
1.021107354679146706e+00
1.021119360955647259e+00
1.021126998438326661e+00
1.021129526042966695e+00
1.021136208236310905e+00
1.021147890625511145e+00
1.021155499874822903e+00
1.021157764587220518e+00
1.021163888413436638e+00
1.021175244321755882e+00
1.021182835468541716e+00
1.021184865070972059e+00
1.021190444759952909e+00
1.021201471218383450e+00
1.021209052990834643e+00
1.021210874601207408e+00
1.021215924773637651e+00
1.021226618488594307e+00
1.021234198231161017e+00
1.021235838258973461e+00
1.021240373927066791e+00
1.021250731331684314e+00
1.021258315028322539e+00
1.021259799132694379e+00
1.021263835699168787e+00
1.021273853005651322e+00
1.021281445307943514e+00
1.021282798358374766e+00
1.021286351614138832e+00
1.021296024867632601e+00
1.021303629128154533e+00
1.021304875168505433e+00
1.021307961289388722e+00
1.021317286423674364e+00
1.021324904734815187e+00
1.021326066950854150e+00
1.021328702493565110e+00
1.021337675388678479e+00
1.021345308626925963e+00
1.021346409317626769e+00
1.021348611214967228e+00
1.021357227756667818e+00
1.021364875632174485e+00
1.021365936184788437e+00
1.021367721740012779e+00
1.021375977880819796e+00
1.021383638991885112e+00
1.021384679860656730e+00
1.021386066740721077e+00
1.021393958562064608e+00
1.021401630453980580e+00
1.021402671142243701e+00
1.021403677369589813e+00
1.021411201144467151e+00
1.021418880372029214e+00
1.021419939417304690e+00
1.021420583359732071e+00
1.021427735615129340e+00
1.021435417807988966e+00
1.021436512769619442e+00
1.021436813127749588e+00
1.021443590706006432e+00
1.021451270635958197e+00
1.021452418084756841e+00
1.021452393876580489e+00
1.021458793994825420e+00
1.021466465644070620e+00
1.021467681153447327e+00
1.021467351695459769e+00
1.021473372002238200e+00
1.021481028631678667e+00
1.021482326769710847e+00
1.021481711654197211e+00
1.021487350282463957e+00
1.021494984499110803e+00
1.021496378821085571e+00
1.021495497889202131e+00
1.021500753504917647e+00
1.021508357327596705e+00
1.021509860368619016e+00
1.021508733679030723e+00
1.021513605524731583e+00
1.021521170447384996e+00
1.021522793714760624e+00
1.021521441507728500e+00
1.021525929440577851e+00
1.021533446492618236e+00
1.021535200457845516e+00
1.021533643114802548e+00
1.021537747638802340e+00
1.021545207442154490e+00
1.021547101532499058e+00
1.021545359531312647e+00
1.021549081823529548e+00
1.021556474646183599e+00
1.021558517235961583e+00
1.021556611102228729e+00
1.021559953033072565e+00
1.021567268839170595e+00
1.021569467241010276e+00
1.021567417495879537e+00
1.021570381643639447e+00
1.021577610140302683e+00
1.021579970596794507e+00
1.021577797701929580e+00
1.021580387361933795e+00
1.021587518043203469e+00
1.021590045719467099e+00
1.021587770019880326e+00
1.021589989208767424e+00
1.021597011397184618e+00
1.021599710374977432e+00
1.021597352040526374e+00
1.021599205496219520e+00
1.021606108382672407e+00
1.021608981656728643e+00
1.021606560623124604e+00
1.021608053801159821e+00
1.021614826483697502e+00
1.021617875961017496e+00
1.021615411871199308e+00
1.021616550938080792e+00
1.021623182460423163e+00
1.021626408963227206e+00
1.021623921109930500e+00
1.021624712934174006e+00
1.021631192324626181e+00
1.021634595597637141e+00
1.021632102867936265e+00
1.021632555009406751e+00
1.021638871320825537e+00
1.021642450043469097e+00
1.021639970865979352e+00
1.021640091564045782e+00
1.021646233915406876e+00
1.021649985719395692e+00
1.021647538014712087e+00
1.021647336175630638e+00
1.021653293795606432e+00
1.021657215288229059e+00
1.021654816423046341e+00
1.021654301606853110e+00
1.021660063879649138e+00
1.021664150672923599e+00
1.021661817418129115e+00
1.021660999825175331e+00
1.021666556338697074e+00
1.021670803084358425e+00
1.021668551577241013e+00
1.021667442034364548e+00
1.021672782630589804e+00
1.021677183060695437e+00
1.021675028771258598e+00
1.021673638717434995e+00
1.021678753544688512e+00
1.021683300517443271e+00
1.021681258218659183e+00
1.021679599689857110e+00
1.021684479256503630e+00
1.021689164806731220e+00
1.021687248548447613e+00
1.021685334161299252e+00
1.021689969390222164e+00
1.021694784783764298e+00
1.021693007869862724e+00
1.021690850803683492e+00
1.021695233086794996e+00
1.021700168877995640e+00
1.021698543846315310e+00
1.021696157822958195e+00
1.021700279074895468e+00
1.021705325166247125e+00
1.021703863770744736e+00
1.021701263031761453e+00
1.021705115741887049e+00
1.021710261444876977e+00
1.021708974639462308e+00
1.021706173920063909e+00
1.021709751201878680e+00
1.021714985298068923e+00
1.021713883221581520e+00
1.021710897720946365e+00
1.021714193358076006e+00
1.021719504159500413e+00
1.021718596121339973e+00
1.021715441468909358e+00
1.021718449956894759e+00
1.021723825364943661e+00
1.021723119830946658e+00
1.021719812048454079e+00
1.021722528631709537e+00
1.021727956193797082e+00
1.021727460772057228e+00
1.021724016231182031e+00
1.021726436934615290e+00
1.021731903898081217e+00
1.021731625324546755e+00
1.021728060700223262e+00
1.021730182355198746e+00
1.021735675718069780e+00
1.021735619841888099e+00
1.021731952061461612e+00
1.021733772325948308e+00
1.021739278884388424e+00
1.021739450653115222e+00
1.021735696841690633e+00
1.021737214214632594e+00
1.021742720607088151e+00
1.021743124052036045e+00
1.021739301474505091e+00
1.021740515304614849e+00
1.021746008052867305e+00
1.021746646274996451e+00
1.021742772275362476e+00
1.021743682764695738e+00
1.021749148312189881e+00
1.021750023469070179e+00
1.021746115407788702e+00
1.021746723610591934e+00
1.021752148358562540e+00
1.021753261653028488e+00
1.021749336843163158e+00
1.021749644660579603e+00
1.021755015002602240e+00
1.021756366673794769e+00
1.021752442316831822e+00
1.021752452488115193e+00
1.021757754843781951e+00
1.021759344161288219e+00
1.021755437283466073e+00
1.021755153374377612e+00
1.021760374222822509e+00
1.021762199484636646e+00
1.021758326874617318e+00
1.021757753263662138e+00
1.021762879177647854e+00
1.021764937712613452e+00
1.021761115861278935e+00
1.021760257724389831e+00
1.021765275405603468e+00
1.021767563580925575e+00
1.021763808623981529e+00
1.021762671918176268e+00
1.021767568234277723e+00
1.021770081468576175e+00
1.021766409132545572e+00
1.021765000578962468e+00
1.021769762602803500e+00
1.021772495385028012e+00
1.021768920937074165e+00
1.021767248003674133e+00
1.021771863054932172e+00
1.021774808969296622e+00
1.021771347171175348e+00
1.021769418055238354e+00
1.021773873744536765e+00
1.021777025501448444e+00
1.021773690567726156e+00
1.021771514178139828e+00
1.021775798453532946e+00
1.021779147926294318e+00
1.021775953486824928e+00
1.021773539426005684e+00
1.021777640621522876e+00
1.021781178888414576e+00
1.021778137954909571e+00
1.021775496500080482e+00
1.021779403385843832e+00
1.021783120777012721e+00
1.021780245713413304e+00
1.021777387796848569e+00
1.021781089630136474e+00
1.021784975778563531e+00
1.021782278274818268e+00
1.021779215462587098e+00
1.021782702039075730e+00
1.021786745934787799e+00
1.021784236983541705e+00
1.021780981452231174e+00
1.021784243156580896e+00
1.021788433203176361e+00
1.021786123078840980e+00
1.021782687589729566e+00
1.021785715444617271e+00
1.021790039517138649e+00
1.021787937756778675e+00
1.021784335626948481e+00
1.021787121339659654e+00
1.021791566842845667e+00
1.021789682228347207e+00
1.021785927298277219e+00
1.021788463304007966e+00
1.021793017230000711e+00
1.021791357771022701e+00
1.021787464368298259e+00
1.021789743869396583e+00
1.021794392854072697e+00
1.021792965771371353e+00
1.021788948670251607e+00
1.021790965670750229e+00
1.021795696047959945e+00
1.021794507756782266e+00
1.021790382133506814e+00
1.021792131468443054e+00
1.021796929321605152e+00
1.021795985414970298e+00
1.021791766798833434e+00
1.021793244158022862e+00
1.021798095368694259e+00
1.021797400600533035e+00
1.021793104820909903e+00
1.021794306767014548e+00
1.021799197060253128e+00
1.021798755328514607e+00
1.021794398458177433e+00
1.021795322439095210e+00
1.021800237425619873e+00
1.021800051755612726e+00
1.021795650050818072e+00
1.021796294406589922e+00
1.021801219621939261e+00
1.021801292150307017e+00
1.021796861988265359e+00
1.021797225952852717e+00
1.021802146893908692e+00
1.021802478853756302e+00
1.021798036668200904e+00
1.021798120366617990e+00
1.021803022526003968e+00
1.021803614233802726e+00
1.021799176449448510e+00
1.021798980890828767e+00
1.021803849789809870e+00
1.021804700634756591e+00
1.021800283601489223e+00
1.021799810668734487e+00
1.021804631889313475e+00
1.021805740325862022e+00
1.021801360253509650e+00
1.021800612690189070e+00
1.021805371907118065e+00
1.021806735451395554e+00
1.021802408345907631e+00
1.021801389741064270e+00
1.021806072754479766e+00
1.021807687985249125e+00
1.021803429587060830e+00
1.021802144358526565e+00
1.021806737127855857e+00
1.021808599692609620e+00
1.021804425417873752e+00
1.021802878794618508e+00
1.021807367474298012e+00
1.021809472100950966e+00
1.021805396986217307e+00
1.021803594990137398e+00
1.021807965967558962e+00
1.021810306482062281e+00
1.021806345132842520e+00
1.021804294560272108e+00
1.021808534496199572e+00
1.021811103846230528e+00
1.021807270389749167e+00
1.021804978792822727e+00
1.021809074664355554e+00
1.021811864949059068e+00
1.021808172991321317e+00
1.021805648659185106e+00
1.021809587805138975e+00
1.021812590310699598e+00
1.021809052897874492e+00
1.021806304837583834e+00
1.021810075005988194e+00
1.021813280246639088e+00
1.021809909830585283e+00
1.021806947747414984e+00
1.021810537144640874e+00
1.021813934908531341e+00
1.021810743316179826e+00
1.021807577592951155e+00
1.021810974933837102e+00
1.021814554333037695e+00
1.021811552739227302e+00
1.021808194414184801e+00
1.021811388972399426e+00
1.021815138496204423e+00
1.021812337399478965e+00
1.021808798142197716e+00
1.021811779799994158e+00
1.021815687370591030e+00
1.021813096571421831e+00
1.021809388656210515e+00
1.021812147952682714e+00
1.021816200982216705e+00
1.021813829563090525e+00
1.021809965839374890e+00
1.021812494016319572e+00
1.021816679464389921e+00
1.021814535771215393e+00
1.021810529630446940e+00
1.021812818674981749e+00
1.021817123105636105e+00
1.021815214729975718e+00
1.021811080068690369e+00
1.021813122751853209e+00
1.021817532389248662e+00
1.021815866150958652e+00
1.021811617329728472e+00
1.021813407240407923e+00
1.021817908022417676e+00
1.021816489952388052e+00
1.021812141750541914e+00
1.021813673324229566e+00
1.021818250953440810e+00
1.021817086276253228e+00
1.021812653842390839e+00
1.021813922384415152e+00
1.021818562376132000e+00
1.021817655492600174e+00
1.021813154291078884e+00
1.021814155994163142e+00
1.021818843721227665e+00
1.021818198190926452e+00
1.021813643944657457e+00
1.021814375900820471e+00
1.021819096635254054e+00
1.021818715159301227e+00
1.021814123789331230e+00
1.021814583996325743e+00
1.021819322947985720e+00
1.021819207352471004e+00
1.021814594914960850e+00
1.021814782277595146e+00
1.021819524630210640e+00
1.021819675850793141e+00
1.021815058472099969e+00
1.021814972798929855e+00
1.021819703744027752e+00
1.021820121812313964e+00
1.021815515622976456e+00
1.021815157618940262e+00
1.021819862388278377e+00
1.021820546420669329e+00
1.021815967489126731e+00
1.021815338744773927e+00
1.021820002641978586e+00
1.021820950831693553e+00
1.021816415098591335e+00
1.021815518076566898e+00
1.021820126508695470e+00
1.021821336121687018e+00
1.021816859335598071e+00
1.021815697355042296e+00
1.021820235864773219e+00
1.021821703240196610e+00
1.021817300895530023e+00
1.021815878114996412e+00
1.021820332414097976e+00
1.021822052969917571e+00
1.021817740247703332e+00
1.021816061647116358e+00
1.021820417651737811e+00
1.021822385895942320e+00
1.021818177608067479e+00
1.021816248970132568e+00
1.021820492838328764e+00
1.021822702386077975e+00
1.021818612923421021e+00
1.021816440814763638e+00
1.021820558986506366e+00
1.021823002583367446e+00
1.021819045868123110e+00
1.021816637620297286e+00
1.021820616860042996e+00
1.021823286411288834e+00
1.021819475853627424e+00
1.021816839543980837e+00
1.021820666985673753e+00
1.021823553591435063e+00
1.021819902050485229e+00
1.021817046482732749e+00
1.021820709676941608e+00
1.021823803672808673e+00
1.021820323421802401e+00
1.021817258106021420e+00
1.021820745068727776e+00
1.021824036071235842e+00
1.021820738766523684e+00
1.021817473898190443e+00
1.021820773160595497e+00
1.021824250116869504e+00
1.021821146770406141e+00
1.021817693207997202e+00
1.021820793866587973e+00
1.021824445107305968e+00
1.021821546062118280e+00
1.021817915302758895e+00
1.021820807068791304e+00
1.021824620363542380e+00
1.021821935271637560e+00
1.021818139424267136e+00
1.021820812671771161e+00
1.021824775285831377e+00
1.021822313087990430e+00
1.021818364843524840e+00
1.021820810654942235e+00
1.021824909406503945e+00
1.021822678313411004e+00
1.021818590911443003e+00
1.021820801120037814e+00
1.021825022436963604e+00
1.021823029911175462e+00
1.021818817102842614e+00
1.021820784331116450e+00
1.021825114306377902e+00
1.021823367044716990e+00
1.021819043051471532e+00
1.021820760744926115e+00
1.021825185190006424e+00
1.021823689106067246e+00
1.021819268574227113e+00
1.021820731029963181e+00
1.021825235525666731e+00
1.021823995732248580e+00
1.021819493683346236e+00
1.021820696073158174e+00
1.021825266017439615e+00
1.021824286808869608e+00
1.021819718585981640e+00
1.021820656973783770e+00
1.021825277626401851e+00
1.021824562460855734e+00
1.021819943671239628e+00
1.021820615024842560e+00
1.021825271548844061e+00
1.021824823030918594e+00
1.021820169485440521e+00
1.021820571682867662e+00
1.021825249183089035e+00
1.021825069047025192e+00
1.021820396696976552e+00
1.021820528527668914e+00
1.021825212086619139e+00
1.021825301180691703e+00
1.021820626052712733e+00
1.021820487214099682e+00
1.021825161925730363e+00
1.021825520198418991e+00
1.021820858328313708e+00
1.021820449418329613e+00
1.021825100420313381e+00
1.021825726908934806e+00
1.021821094275220831e+00
1.021820416781407559e+00
1.021825029286614894e+00
1.021825922109133922e+00
1.021821334567170059e+00
1.021820390853036331e+00
1.021824950180934444e+00
1.021826106531659173e+00
1.021821579749184306e+00
1.021820373038476504e+00
1.021824864647153719e+00
1.021826280796983344e+00
1.021821830191839142e+00
1.021820364551329519e+00
1.021824774070794195e+00
1.021826445372603587e+00
1.021822086053329137e+00
1.021820366374641020e+00
1.021824679641942790e+00
1.021826600541575480e+00
1.021822347251455154e+00
1.021820379232343257e+00
1.021824582328929809e+00
1.021826746382124451e+00
1.021822613447129546e+00
1.021820403572491376e+00
1.021824482864054140e+00
1.021826882759466093e+00
1.021822884040393120e+00
1.021820439563154714e+00
1.021824381742036048e+00
1.021827009330328329e+00
1.021823158179276714e+00
1.021820487101141595e+00
1.021824279231188237e+00
1.021827125559984673e+00
1.021823434781160556e+00
1.021820545833074245e+00
1.021824175396633283e+00
1.021827230750935289e+00
1.021823712565629538e+00
1.021820615187677861e+00
1.021824070134258466e+00
1.021827324081757027e+00
1.021823990097202817e+00
1.021820694417560960e+00
1.021823963213526865e+00
1.021827404654093163e+00
1.021824265835803436e+00
1.021820782648260817e+00
1.021823854326803005e+00
1.021827471545313504e+00
1.021824538192413812e+00
1.021820878931962273e+00
1.021823743142499685e+00
1.021827523864072829e+00
1.021824805587088436e+00
1.021820982303033087e+00
1.021823629359159158e+00
1.021827560805829815e+00
1.021825066506365953e+00
1.021821091832449291e+00
1.021823512757521701e+00
1.021827581705386567e+00
1.021825319557160716e+00
1.021821206678232397e+00
1.021823393247754952e+00
1.021827586083659201e+00
1.021825563514381585e+00
1.021821326129244811e+00
1.021823270909267389e+00
1.021827573686189261e+00
1.021825797359876109e+00
1.021821449640043067e+00
1.021823146020919504e+00
1.021827544511334729e+00
1.021826020310741434e+00
1.021821576854971436e+00
1.021823019079965755e+00
1.021827498826626712e+00
1.021826231835613719e+00
1.021821707620254704e+00
1.021822890808646855e+00
1.021827437172389885e+00
1.021826431658181100e+00
1.021821841983487689e+00
1.021822762148017816e+00
1.021827360352398628e+00
1.021826619747835618e+00
1.021821980180595890e+00
1.021822634239258676e+00
1.021827269412019179e+00
1.021826796298070050e+00
1.021822122611012240e+00
1.021822508393390727e+00
1.021827165604944243e+00
1.021826961693854008e+00
1.021822269802441063e+00
1.021822386050925235e+00
1.021827050350216481e+00
1.021827116469821828e+00
1.021822422367141048e+00
1.021822268733506345e+00
1.021826925181755774e+00
1.021827261261571529e+00
1.021822580952108428e+00
1.021822157990034619e+00
1.021826791692980629e+00
1.021827396752743145e+00
1.021822746185877540e+00
1.021822055340046553e+00
1.021826651479381454e+00
1.021827523620758793e+00
1.021822918624831544e+00
1.021821962217274393e+00
1.021826506081989994e+00
1.021827642484170795e+00
1.021823098701950094e+00
1.021821879916297027e+00
1.021826356934652846e+00
1.021827753854480214e+00
1.021823286680803911e+00
1.021821809545045978e+00
1.021826205317801106e+00
1.021827858095036179e+00
1.021823482617320256e+00
