1.000603444564682754e+00
1.000677379395784161e+00
1.000799615808686482e+00
1.000943058149658782e+00
1.001098349570895385e+00
1.001260850421288540e+00
1.001427729311118231e+00
1.001597039204774386e+00
1.001767350364503706e+00
1.001937577569491200e+00
1.002106886990774992e+00
1.002274640063559819e+00
1.002440356186959480e+00
1.002603685694377855e+00
1.002764388801432371e+00
1.002922318304651395e+00
1.003077404860486244e+00
1.003229644225922534e+00
1.003379086126826802e+00
1.003525824558972213e+00
1.003669989385414629e+00
1.003811739110761492e+00
1.003951254711030527e+00
1.004088734391063387e+00
1.004224389137544193e+00
1.004358438937854592e+00
1.004491109543699023e+00
1.004622629672300427e+00
1.004753228554924549e+00
1.004883133760351654e+00
1.005012569237886844e+00
1.005141753539303684e+00
1.005270898191070961e+00
1.005400206197141433e+00
1.005529870658725011e+00
1.005660073501367435e+00
1.005790984302017854e+00
1.005922759210354123e+00
1.006055539960129863e+00
1.006189452968270004e+00
1.006324608522154218e+00
1.006461100059114155e+00
1.006599003546424287e+00
1.006738376974731342e+00
1.006879259982379038e+00
1.007021673632023662e+00
1.007165620363687841e+00
1.007311084149532521e+00
1.007458030874729182e+00
1.007606408965636691e+00
1.007756150280926466e+00
1.007907171273427771e+00
1.008059374420529064e+00
1.008212649909435488e+00
1.008366877551024832e+00
1.008521928883240770e+00
1.008677669412710198e+00
1.008833960932481233e+00
1.008990663845215741e+00
1.009147639415571618e+00
1.009304751873382644e+00
1.009461870290830898e+00
1.009618870162168003e+00
1.009775634623341301e+00
1.009932055260681416e+00
1.010088032471846198e+00
1.010243475357768261e+00
1.010398301140545296e+00
1.010552434118314746e+00
1.010705804183573697e+00
1.010858344945665177e+00
1.011009991511053308e+00
1.011160677986498335e+00
1.011310334780390008e+00
1.011458885786537643e+00
1.011606245542761462e+00
1.011752316463887746e+00
1.011896986255094166e+00
1.012040125616828767e+00
1.012181586356202034e+00
1.012321200021102374e+00
1.012458777171335589e+00
1.012594107394709786e+00
1.012726960163927936e+00
1.012857086611332669e+00
1.012984222272046431e+00
1.013108090811519979e+00
1.013228408711178918e+00
1.013344890836959999e+00
1.013457256762188452e+00
1.013565237661679497e+00
1.013668583542344681e+00
1.013767070531679249e+00
1.013860507914446263e+00
1.013948744594233231e+00
1.014031674664130911e+00
1.014109241801434802e+00
1.014181442254840970e+00
1.014248326266244948e+00
1.014309997857697709e+00
1.014366613009885842e+00
1.014418376353076745e+00
1.014465536575813065e+00
1.014508380822919831e+00
1.014547228396683654e+00
1.014582424090441304e+00
1.014614331472528219e+00
1.014643326403922075e+00
1.014669791020704093e+00
1.014694108349845525e+00
1.014716657661216326e+00
1.014737810596819667e+00
1.014757928065125547e+00
1.014777357847151062e+00
1.014796432832664408e+00
1.014815469788989510e+00
1.014834768559511380e+00
1.014854611591683220e+00
1.014875263702598396e+00
1.014896972001711362e+00
1.014919965903301247e+00
1.014944457174567161e+00
1.014970639978076017e+00
1.014998690879302945e+00
1.015028768801145009e+00
1.015061014917522542e+00
1.015095552487579766e+00
1.015132486640583309e+00
1.015171904129323899e+00
1.015213873076576734e+00
1.015258442744801259e+00
1.015305643363555443e+00
1.015355486051853662e+00
1.015407962873679626e+00
1.015463047063877022e+00
1.015520693458515700e+00
1.015580839158504389e+00
1.015643404447685638e+00
1.015708293977070742e+00
1.015775398215528647e+00
1.015844595154578034e+00
1.015915752241548065e+00
1.015988728501965976e+00
1.016063376799437146e+00
1.016139546170276020e+00
1.016217084161579631e+00
1.016295839095897824e+00
1.016375662183696349e+00
1.016456409406615080e+00
1.016537943100130903e+00
1.016620133173282259e+00
1.016702857915142921e+00
1.016786004351976302e+00
1.016869468134695698e+00
1.016953152952545292e+00
1.017036969485074493e+00
1.017120833919856970e+00
1.017204666077631048e+00
1.017288387199317912e+00
1.017371917460740072e+00
1.017455173290861214e+00
1.017538064578237922e+00
1.017620491858289622e+00
1.017702343581054603e+00
1.017783493565335595e+00
1.017863798750248794e+00
1.017943097358722682e+00
1.018021207588697852e+00
1.018097926945663367e+00
1.018173032323590244e+00
1.018246280929059777e+00
1.018317412124315702e+00
1.018386150238225207e+00
1.018452208359321931e+00
1.018515293082556505e+00
1.018575110132265538e+00
1.018631370730420427e+00
1.018683798524663509e+00
1.018732136839163971e+00
1.018776155967794139e+00
1.018815660198542306e+00
1.018850494245180371e+00
1.018880548770576766e+00
1.018905764717649154e+00
1.018926136218429646e+00
1.018941711926216520e+00
1.018952594704874759e+00
1.018958939705615352e+00
1.018960950956239619e+00
1.018958876672001246e+00
1.018953003563003445e+00
1.018943650454611660e+00
1.018931161551859255e+00
1.018915899666603231e+00
1.018898239690695373e+00
1.018878562545499022e+00
1.018857249774924867e+00
1.018834678883250744e+00
1.018811219456991601e+00
1.018787230057053517e+00
1.018763055826379160e+00
1.018739026730324682e+00
1.018715456331397595e+00
1.018692640994899978e+00
1.018670859424965158e+00
1.018650372438907104e+00
1.018631422899450190e+00
1.018614235737474782e+00
1.018599018011246748e+00
1.018585958960910753e+00
1.018575230029048484e+00
1.018566984829200939e+00
1.018561359054465321e+00
1.018558470327659560e+00
1.018558418003106203e+00
1.018561282937785695e+00
1.018567127256356786e+00
1.018575994140149987e+00
1.018587907674531001e+00
1.018602872791777081e+00
1.018620875347568733e+00
1.018641882368180429e+00
1.018665842502308516e+00
1.018692686706088812e+00
1.018722329182287112e+00
1.018754668585016177e+00
1.018789589489934810e+00
1.018826964117201417e+00
1.018866654281022743e+00
1.018908513526251891e+00
1.018952389399896186e+00
1.018998125794450704e+00
1.019045565291454514e+00
1.019094551428240791e+00
1.019144930808991489e+00
1.019196554983141656e+00
1.019249282019897507e+00
1.019302977716819214e+00
1.019357516392534801e+00
1.019412781228001164e+00
1.019468664136477631e+00
1.019525065158715771e+00
1.019581891396039275e+00
1.019639055509371950e+00
1.019696473826471994e+00
1.019754064112385894e+00
1.019811743069462207e+00
1.019869423643227968e+00
1.019927012219264295e+00
1.019984405804076122e+00
1.020041489290000492e+00
1.020098132910359112e+00
1.020154189996123728e+00
1.020209495148821421e+00
1.020263862945500533e+00
1.020317087289339009e+00
1.020368941512721506e+00
1.020419179327157533e+00
1.020467536695103039e+00
1.020513734671740336e+00
1.020557483229701079e+00
1.020598486036921715e+00
1.020636446108496909e+00
1.020671072199816232e+00
1.020702085753696808e+00
1.020729228162856828e+00
1.020752268065800328e+00
1.020771008364024457e+00
1.020785292636102293e+00
1.020795010633253952e+00
1.020800102573306667e+00
1.020800562005154788e+00
1.020796437090906394e+00
1.020787830242465777e+00
1.020774896145769439e+00
1.020757838300526910e+00
1.020736904287193436e+00
1.020712380038157008e+00
1.020684583431000991e+00
1.020653857535458897e+00
1.020620563832692174e+00
1.020585075689388610e+00
1.020547772315726132e+00
1.020509033372780650e+00
1.020469234328918340e+00
1.020428742602764505e+00
1.020387914477486557e+00
1.020347092730363947e+00
1.020306604893936875e+00
1.020266762049723663e+00
1.020227858050637426e+00
1.020190169071406583e+00
1.020153953394884905e+00
1.020119451353881823e+00
1.020086885361317197e+00
1.020056459974856278e+00
1.020028361955054308e+00
1.020002760288071020e+00
1.019979806155132618e+00
1.019959632841159314e+00
1.019942355584340987e+00
1.019928071377027567e+00
1.019916858735975929e+00
1.019908777466728811e+00
1.019903868452486595e+00
1.019902153502081354e+00
1.019903635294362676e+00
1.019908297457201796e+00
1.019916104818247016e+00
1.019927003861334169e+00
1.019940923417001599e+00
1.019957775607921002e+00
1.019977457060338155e+00
1.019999850381189788e+00
1.020024825887796194e+00
1.020052243563603467e+00
1.020081955200037083e+00
1.020113806671953283e+00
1.020147640283280754e+00
1.020183297110986764e+00
1.020220619270156615e+00
1.020259452021215152e+00
1.020299645642358533e+00
1.020341056996089790e+00
1.020383550728024336e+00
1.020427000048343080e+00
1.020471287060674470e+00
1.020516302618982518e+00
1.020561945709399509e+00
1.020608122370110893e+00
1.020654744177781570e+00
1.020701726343172577e+00
1.020748985471349179e+00
1.020796437053151262e+00
1.020843992764559616e+00
1.020891557659373339e+00
1.020939027348477079e+00
1.020986285265979010e+00
1.021033200128659280e+00
1.021079623700169137e+00
1.021125388974847947e+00
1.021170308897020540e+00
1.021214175729299622e+00
1.021256761176521977e+00
1.021297817359302806e+00
1.021337078711698876e+00
1.021374264850216651e+00
1.021409084426126768e+00
1.021441239930010347e+00
1.021470433368001363e+00
1.021496372675484654e+00
1.021518778679456396e+00
1.021537392369502584e+00
1.021551982194330632e+00
1.021562351071038099e+00
1.021568342782447791e+00
1.021569847447498125e+00
1.021566805782603726e+00
1.021559211927695277e+00
1.021547114686233604e+00
1.021530617118379336e+00
1.021509874523084838e+00
1.021485090939401541e+00
1.021456514380817193e+00
1.021424431081159323e+00
1.021389159070822394e+00
1.021351041415118122e+00
1.021310439432899564e+00
1.021267726176916746e+00
1.021223280403524170e+00
1.021177481195684189e+00
1.021130703337166601e+00
1.021083313474033361e+00
1.021035667046889639e+00
1.020988105936936119e+00
1.020940956741495320e+00
1.020894529579663201e+00
1.020849117324147848e+00
1.020804995158683948e+00
1.020762420369130563e+00
1.020721632288170477e+00
1.020682852326734835e+00
1.020646284038640106e+00
1.020612113177781222e+00
1.020580507719252905e+00
1.020551617826867652e+00
1.020525575759751558e+00
1.020502495720066571e+00
1.020482473652444266e+00
1.020465587013392517e+00
1.020451894535625570e+00
1.020441436017822223e+00
1.020434232174535882e+00
1.020430284583613290e+00
1.020429575769349340e+00
1.020432069458454771e+00
1.020437711042629259e+00
1.020446428276025941e+00
1.020458132228180936e+00
1.020472718503227627e+00
1.020490068724726695e+00
1.020510052272658896e+00
1.020532528245687409e+00
1.020557347608384458e+00
1.020584355470580018e+00
1.020613393435145788e+00
1.020644301942135623e+00
1.020676922531950526e+00
1.020711099948533818e+00
1.020746684005739979e+00
1.020783531145940115e+00
1.020821505629302406e+00
1.020860480304447648e+00
1.020900336925653296e+00
1.020940965997603422e+00
1.020982266145039841e+00
1.021024143020856423e+00
1.021066507781510868e+00
1.021109275172779718e+00
1.021152361281586707e+00
1.021195681020875767e+00
1.021239145424427619e+00
1.021282658837279644e+00
1.021326116095246483e+00
1.021369399794017419e+00
1.021412377754437051e+00
1.021454900795556675e+00
1.021496800930391302e+00
1.021537890100260082e+00
1.021577959561138282e+00
1.021616780028410165e+00
1.021654102673619668e+00
1.021689661047103348e+00
1.021723173972953536e+00
1.021754349427240083e+00
1.021782889367226277e+00
1.021808495429664898e+00
1.021830875362514490e+00
1.021849749999853785e+00
1.021864860538669761e+00
1.021875975833456351e+00
1.021882899395177402e+00
1.021885475769833462e+00
1.021883595982096882e+00
1.021877201763017773e+00
1.021866288337169193e+00
1.021850905620641070e+00
1.021831157771474707e+00
1.021807201130800591e+00
1.021779240687308743e+00
1.021747525280850333e+00
1.021712341825119053e+00
1.021674008868945549e+00
1.021632869828054124e+00
1.021589286204862557e+00
1.021543631076665015e+00
1.021496283078347833e+00
1.021447621041950748e+00
1.021398019389342826e+00
1.021347844312643582e+00
1.021297450724675038e+00
1.021247179921602743e+00
1.021197357872883904e+00
1.021148294038905613e+00
1.021100280612341704e+00
1.021053592082749928e+00
1.021008485032757207e+00
1.020965198086057013e+00
1.020923951940653662e+00
1.020884949434166744e+00
1.020848375600836633e+00
1.020814397691887754e+00
1.020783165141980753e+00
1.020754809474675451e+00
1.020729444149176324e+00
1.020707164359153429e+00
1.020688046802078031e+00
1.020672149444181054e+00
1.020659511311669654e+00
1.020650152343008488e+00
1.020644073339681768e+00
1.020641256053653079e+00
1.020641663448550673e+00
1.020645240168268852e+00
1.020651913241093389e+00
1.020661593039712045e+00
1.020674174507654630e+00
1.020689538651179396e+00
1.020707554282823670e+00
1.020728079989361881e+00
1.020750966283537453e+00
1.020776057886418675e+00
1.020803196076427666e+00
1.020832221032787812e+00
1.020862974095954723e+00
1.020895299866035000e+00
1.020929048062426681e+00
1.020964075073942379e+00
1.021000245138116158e+00
1.021037431100737525e+00
1.021075514721177191e+00
1.021114386504906157e+00
1.021153945060995882e+00
1.021194095998533946e+00
1.021234750391227131e+00
1.021275822853564774e+00
1.021317229284577577e+00
1.021358884346458495e+00
1.021400698755178915e+00
1.021442576468993169e+00
1.021484411868514686e+00
1.021526087029033913e+00
1.021567469191826172e+00
1.021608408546155200e+00
1.021648736436981286e+00
1.021688264114236633e+00
1.021726782136989975e+00
1.021764060538648655e+00
1.021799849846384944e+00
1.021833883028084200e+00
1.021865878412452133e+00
1.021895543592215461e+00
1.021922580276952708e+00
1.021946690012309977e+00
1.021967580628543537e+00
1.021984973226786719e+00
1.021998609460499141e+00
1.022008258827065585e+00
1.022013725655558813e+00
1.022014855465850580e+00
1.022011540385069361e+00
1.022003723341538439e+00
1.021991400813242024e+00
1.021974623984352348e+00
1.021953498253814985e+00
1.021928181136705138e+00
1.021898878693289436e+00
1.021865840703489736e+00
1.021829354868060813e+00
1.021789740356692455e+00
1.021747341034882517e+00
1.021702518686516736e+00
1.021655646511328008e+00
1.021607103121891180e+00
1.021557267200800423e+00
1.021506512912675468e+00
1.021455206104173064e+00
1.021403701273109643e+00
1.021352339248005503e+00
1.021301445492628357e+00
1.021251328935690150e+00
1.021202281221698316e+00
1.021154576282649495e+00
1.021108470139164615e+00
1.021064200851601544e+00
1.021021988554916771e+00
1.020982035524403031e+00
1.020944526232266281e+00
1.020909627366973549e+00
1.020877487798376837e+00
1.020848238481772974e+00
1.020821992303404535e+00
1.020798843878390372e+00
1.020778869319713955e+00
1.020762126003535331e+00
1.020748652361579190e+00
1.020738467735506916e+00
1.020731572330724202e+00
1.020727947307847661e+00
1.020727555048802415e+00
1.020730339631124028e+00
1.020736227538419527e+00
1.020745128627112086e+00
1.020756937359754479e+00
1.020771534303613670e+00
1.020788787880408055e+00
1.020808556339599438e+00
1.020830689914273837e+00
1.020855033106155663e+00
1.020881427035565281e+00
1.020909711783880569e+00
1.020939728650983369e+00
1.020971322248694468e+00
1.021004342353541539e+00
1.021038645448302695e+00
1.021074095891308042e+00
1.021110566664891639e+00
1.021147939668925364e+00
1.021186105541263434e+00
1.021224963003290576e+00
1.021264417744912834e+00
1.021304380878637508e+00
1.021344767006451715e+00
1.021385491955852265e+00
1.021426470252547958e+00
1.021467612407218173e+00
1.021508822102425551e+00
1.021549993373563892e+00
1.021591007884675273e+00
1.021631732406032667e+00
1.021672016605306155e+00
1.021711691267375377e+00
1.021750567058645309e+00
1.021788433949062380e+00
1.021825061397739987e+00
1.021860199394964752e+00
1.021893580433286708e+00
1.021924922452528195e+00
1.021953932767643458e+00
1.021980312944777980e+00
1.022003764540966086e+00
1.022023995569012911e+00
1.022040727494610168e+00
1.022053702521938057e+00
1.022062690881790692e+00
1.022067497807717995e+00
1.022067969875353644e+00
1.022064000391479155e+00
1.022055533554120821e+00
1.022042567162410709e+00
1.022025153731890956e+00
1.022003399961633807e+00
1.021977464596347307e+00
1.021947554820664017e+00
1.021913921405178893e+00
1.021876852886870690e+00
1.021836669104750683e+00
1.021793714422551957e+00
1.021748350954701845e+00
1.021700952073587132e+00
1.021651896421225114e+00
1.021601562584350198e+00
1.021550324525919873e+00
1.021498547804787105e+00
1.021446586563476089e+00
1.021394781224537418e+00
1.021343456809550521e+00
1.021292921780694307e+00
1.021243467300900321e+00
1.021195366812429395e+00
1.021148875842748271e+00
1.021104231958556596e+00
1.021061654802071672e+00
1.021021346157030329e+00
1.020983490004674588e+00
1.020948252541953316e+00
1.020915782145195960e+00
1.020886209272678702e+00
1.020859646308799107e+00
1.020836187361057856e+00
1.020815908028658736e+00
1.020798865168135006e+00
1.020785096686895432e+00
1.020774621399661797e+00
1.020767438985314080e+00
1.020763530082345216e+00
1.020762856559845666e+00
1.020765361997482579e+00
1.020770972402249122e+00
1.020779597181892706e+00
1.020791130385030110e+00
1.020805452206346553e+00
1.020822430742419851e+00
1.020841923970238208e+00
1.020863781907106249e+00
1.020887848898195394e+00
1.020913965967299886e+00
1.020941973158192795e+00
1.020971711788974723e+00
1.021003026540431513e+00
1.021035767301847530e+00
1.021069790703920344e+00
1.021104961278035628e+00
1.021141152193634660e+00
1.021178245539996254e+00
1.021216132134669774e+00
1.021254710857161019e+00
1.021293887522615407e+00
1.021333573325510891e+00
1.021373682897409152e+00
1.021414132035420419e+00
1.021454835169164577e+00
1.021495702643850478e+00
1.021536637905778200e+00
1.021577534684333211e+00
1.021618274271470339e+00
1.021658723005726799e+00
1.021698730072690742e+00
1.021738125737037484e+00
1.021776720121980286e+00
1.021814302649204587e+00
1.021850642244946705e+00
1.021885488404576714e+00
1.021918573187773127e+00
1.021949614188339073e+00
1.021978318486573833e+00
1.022004387548361537e+00
1.022027522985105019e+00
1.022047433034662722e+00
1.022063839568994936e+00
1.022076485383579758e+00
1.022085141481727355e+00
1.022089614038779626e+00
1.022089750721368873e+00
1.022085446048866197e+00
1.022076645519484295e+00
1.022063348281481820e+00
1.022045608207279521e+00
1.022023533319257993e+00
1.021997283612846363e+00
1.021967067416339914e+00
1.021933136508883067e+00
1.021895780280523525e+00
1.021855319255810191e+00
1.021812098312671502e+00
1.021766479912128878e+00
1.021718837615633202e+00
1.021669550111641289e+00
1.021618995908748939e+00
1.021567548786787683e+00
1.021515574036184981e+00
1.021463425464378627e+00
1.021411443108935835e+00
1.021359951570943725e+00
1.021309258868378755e+00
1.021259655705471836e+00
1.021211415058091765e+00
1.021164791984287223e+00
1.021120023581163272e+00
1.021077329022532343e+00
1.021036909625134159e+00
1.020998948904000336e+00
1.020963612589477654e+00
1.020931048589440726e+00
1.020901386890352924e+00
1.020874739400112752e+00
1.020851199744094551e+00
1.020830843033362356e+00
1.020813725630628443e+00
1.020799884944958436e+00
1.020789339290295139e+00
1.020782087845340858e+00
1.020778110753004286e+00
1.020777369396270728e+00
1.020779806883843399e+00
1.020785348773158407e+00
1.020793904050464107e+00
1.020805366377694590e+00
1.020819615604224184e+00
1.020836519528716124e+00
1.020855935882784227e+00
1.020877714494842436e+00
1.020901699580099908e+00
1.020927732092023366e+00
1.020955652062495389e+00
1.020985300852979671e+00
1.021016523237719742e+00
1.021049169242533861e+00
1.021083095669047536e+00
1.021118167243906694e+00
1.021154257345043170e+00
1.021191248271706042e+00
1.021229031040902679e+00
1.021267504709263862e+00
1.021306575235469527e+00
1.021346153913623045e+00
1.021386155421956099e+00
1.021426495543814372e+00
1.021467088628976505e+00
1.021507844873151605e+00
1.021548667502174546e+00
1.021589449955150108e+00
1.021630073167703934e+00
1.021670403062528099e+00
1.021710288359241936e+00
1.021749558818739523e+00
1.021788024037847409e+00
1.021825472907237575e+00
1.021861673838000417e+00
1.021896375848816652e+00
1.021929310585212747e+00
1.021960195314136843e+00
1.021988736900759864e+00
1.022014636730483428e+00
1.022037596488948541e+00
1.022057324658834698e+00
1.022073543537816764e+00
1.022085996531546748e+00
1.022094455433903981e+00
1.022098727379002536e+00
1.022098661140150799e+00
1.022094152463499883e+00
1.022085148160016388e+00
1.022071648737965743e+00
1.022053709435850166e+00
1.022031439606976289e+00
1.022005000503686922e+00
1.021974601602938293e+00
1.021940495696497697e+00
1.021902973030931028e+00
1.021862354819456309e+00
1.021818986457303069e+00
1.021773230755416595e+00
1.021725461468088625e+00
1.021676057334590659e+00
1.021625396790464935e+00
1.021573853438268120e+00
1.021521792306628207e+00
1.021469566875280233e+00
1.021417516804898895e+00
1.021365966284819349e+00
1.021315222898129260e+00
1.021265576900178829e+00
1.021217300810699724e+00
1.021170649228947180e+00
1.021125858793366925e+00
1.021083148220564230e+00
1.021042718371695246e+00
1.021004752307173025e+00
1.020969415302482419e+00
1.020936854808906613e+00
1.020907200353061928e+00
1.020880563378406158e+00
1.020857037040324045e+00
1.020836695973951880e+00
1.020819596060464907e+00
1.020805774222946383e+00
1.020795248286994195e+00
1.020788016943643850e+00
1.020784059852810177e+00
1.020783337924038747e+00
1.020785793807803099e+00
1.020791352624777382e+00
1.020799922952544847e+00
1.020811398079205512e+00
1.020825657521654328e+00
1.020842568793409511e+00
1.020861989393372804e+00
1.020883768973564365e+00
1.020907751631502158e+00
1.020933778262308467e+00
1.020961688897604969e+00
1.020991324953434809e+00
1.021022531308244607e+00
1.021055158134614782e+00
1.021089062414770599e+00
1.021124109079705633e+00
1.021160171724335042e+00
1.021197132865778734e+00
1.021234883727823117e+00
1.021273323550992540e+00
1.021312358443761559e+00
1.021351899805661212e+00
1.021391862366996861e+00
1.021432161902424696e+00
1.021472712686700479e+00
1.021513424770676970e+00
1.021554201164276421e+00
1.021594935020865069e+00
1.021635506924365444e+00
1.021675782386413989e+00
1.021715609665705404e+00
1.021754818024732003e+00
1.021793216539724547e+00
1.021830593576613211e+00
1.021866717038148575e+00
1.021901335473702099e+00
1.021934180122616276e+00
1.021964967933529866e+00
1.021993405565569280e+00
1.022019194333194658e+00
1.022042036006174381e+00
1.022061639322101367e+00
1.022077727014475634e+00
1.022090043109055379e+00
1.022098360199820810e+00
1.022102486388572373e+00
1.022102271563389175e+00
1.022097612704293113e+00
1.022088457940969253e+00
1.022074809146445329e+00
1.022056722928847083e+00
1.022034309974787281e+00
1.022007732794865120e+00
1.021977202015178499e+00
1.021942971439953718e+00
1.021905332171708647e+00
1.021864606111605234e+00
1.021821139171520620e+00
1.021775294511946264e+00
1.021727446080072266e+00
1.021677972666591216e+00
1.021627252635218142e+00
1.021575659413098247e+00
1.021523557769552726e+00
1.021471300859686737e+00
1.021419227970879806e+00
1.021367662884756777e+00
1.021316912753928996e+00
1.021267267389573519e+00
1.021218998860214722e+00
1.021172361311404320e+00
1.021127590928125217e+00
1.021084905975031099e+00
1.021044506862975210e+00
1.021006576203024485e+00
1.020971278821050099e+00
1.020938761716951859e+00
1.020909153962661797e+00
1.020882566542310910e+00
1.020859092146365832e+00
1.020838804939077304e+00
1.020821760325105521e+00
1.020807994746572689e+00
1.020797525545770412e+00
1.020790350931144008e+00
1.020786450084746111e+00
1.020785783447887063e+00
1.020788293218099607e+00
1.020793904084675408e+00
1.020802524222007124e+00
1.020814046549918919e+00
1.020828350258455863e+00
1.020845302581667724e+00
1.020864760791432513e+00
1.020886574369040511e+00
1.020910587299909134e+00
1.020936640426283404e+00
1.020964573784814977e+00
1.020994228851184848e+00
1.021025450612825569e+00
1.021058089393533042e+00
1.021092002360225459e+00
1.021127054651947752e+00
1.021163120083894427e+00
1.021200081393939030e+00
1.021237830015124137e+00
1.021276265373957770e+00
1.021315293730437723e+00
1.021354826590929576e+00
1.021394778738942799e+00
1.021435065941352693e+00
1.021475602398639548e+00
1.021516298017451030e+00
1.021557055592417607e+00
1.021597767991838657e+00
1.021638315448723411e+00
1.021678563064647438e+00
1.021718358638651569e+00
1.021757530936456160e+00
1.021795888515757422e+00
1.021833219220305011e+00
1.021869290447628753e+00
1.021903850281507431e+00
1.021936629559440757e+00
1.021967344916721698e+00
1.021995702811984152e+00
1.022021404494825259e+00
1.022044151825647784e+00
1.022063653803756633e+00
1.022079633605402771e+00
1.022091835883311095e+00
1.022100034038151861e+00
1.022104037145514344e+00
1.022103696213662705e+00
1.022098909461041760e+00
1.022089626339604651e+00
1.022075850089607219e+00
1.022057638690151649e+00
1.022035104161444163e+00
1.022008410271655343e+00
1.021977768794527508e+00
1.021943434544623663e+00
1.021905699477887453e+00
1.021864886180711807e+00
1.021821341078934076e+00
1.021775427680109427e+00
1.021727520122193145e+00
1.021677997245619363e+00
1.021627237341103056e+00
1.021575613659734039e+00
1.021523490711392590e+00
1.021471221326889944e+00
1.021419144421054970e+00
1.021367583368890219e+00
1.021316844893894071e+00
1.021267218364636964e+00
1.021218975400149720e+00
1.021172369694087756e+00
1.021127636979825004e+00
1.021084995071934065e+00
1.021044643932820684e+00
1.021006765726032883e+00
1.020971524829611399e+00
1.020939067793810828e+00
1.020909523237571559e+00
1.020883001687353797e+00
1.020859595370341211e+00
1.020839377981521023e+00
1.020822404450678400e+00
1.020808710740647385e+00
1.020798313712146577e+00
1.020791211092848982e+00
1.020787381588870169e+00
1.020786785175337608e+00
1.020789363599041710e+00
1.020795041120246216e+00
1.020803725512665849e+00
1.020815309330523002e+00
1.020829671439829056e+00
1.020846678798108087e+00
1.020866188453253276e+00
1.020888049718922996e+00
1.020912106471547176e+00
1.020938199503572452e+00
1.020966168859675172e+00
1.020995856078032560e+00
1.021027106257732520e+00
1.021059769876227374e+00
1.021093704287294734e+00
1.021128774839898501e+00
1.021164855571060182e+00
1.021201829440622877e+00
1.021239588091773509e+00
1.021278031137573539e+00
1.021317064989820889e+00
1.021356601261726116e+00
1.021396554789790967e+00
1.021436841332719947e+00
1.021477375016200728e+00
1.021518065602091241e+00
1.021558815669142195e+00
1.021599517800056756e+00
1.021640051876535615e+00
1.021680282589900512e+00
1.021720057279625449e+00
1.021759204215097139e+00
1.021797531436342110e+00
1.021834826266281748e+00
1.021870855599123828e+00
1.021905367055545355e+00
1.021938091074306776e+00
1.021968743981070293e+00
1.021997032038281183e+00
1.022022656435501720e+00
1.022045319129025742e+00
1.022064729385427251e+00
1.022080610829405156e+00
1.022092708746297207e+00
1.022100797348855616e+00
1.022104686691389874e+00
1.022104228906616896e+00
1.022099323454836561e+00
1.022089921112726341e+00
1.022076026489168843e+00
1.022057698934557557e+00
1.022035051801957639e+00
1.022008250115425509e+00
1.021977506793857460e+00
1.021943077659050569e+00
1.021905255516863509e+00
1.021864363635221151e+00
1.021820748950234004e+00
1.021774775313024186e+00
1.021726817049148472e+00
1.021677253046046285e+00
1.021626461519186124e+00
1.021574815541857584e+00
1.021522679363245922e+00
1.021470405489063982e+00
1.021418332461178968e+00
1.021366783247890542e+00
1.021316064143765745e+00
1.021266464075152092e+00
1.021218254212111543e+00
1.021171687797021832e+00
1.021127000112321603e+00
1.021084408523192266e+00
1.021044112544279514e+00
1.021006293892278372e+00
1.020971116498034625e+00
1.020938726462756740e+00
1.020909251952963004e+00
1.020882803037987951e+00
1.020859471482261416e+00
1.020839330512048448e+00
