1.000603444564682754e+00
1.000678173046754216e+00
1.000802198542568133e+00
1.000946281041955155e+00
1.001104043965501234e+00
1.001272577037276346e+00
1.001444260838498801e+00
1.001620636926577435e+00
1.001803201880892669e+00
1.001985468345696795e+00
1.002168524819102347e+00
1.002355874466164032e+00
1.002542710378496738e+00
1.002727522387529380e+00
1.002915254308597959e+00
1.003103513341379038e+00
1.003287640912537304e+00
1.003473394539028174e+00
1.003660925541508320e+00
1.003843170226318193e+00
1.004025646585622766e+00
1.004210751532716550e+00
1.004390634795317760e+00
1.004569137704473203e+00
1.004750472939557771e+00
1.004927822984729158e+00
1.005101995643381763e+00
1.005278601179638853e+00
1.005453196243505154e+00
1.005622888788688440e+00
1.005794198739054846e+00
1.005965588583775716e+00
1.006130861728115722e+00
1.006296653861528778e+00
1.006464181697819260e+00
1.006625342475137463e+00
1.006785651512196900e+00
1.006948596571610732e+00
1.007106099224604367e+00
1.007261113863011648e+00
1.007418865614743142e+00
1.007573068525719151e+00
1.007723039232001350e+00
1.007875225454459400e+00
1.008026180652761505e+00
1.008171408915414347e+00
1.008317931515123833e+00
1.008465346266175455e+00
1.008606260606585536e+00
1.008747255230010076e+00
1.008890608708463699e+00
1.009027786925832837e+00
1.009163545844311116e+00
1.009302276671020238e+00
1.009436294088462027e+00
1.009567173099933601e+00
1.009700857342536118e+00
1.009832047813598255e+00
1.009958408252934925e+00
1.010086860968012035e+00
1.010215182664445877e+00
1.010337433159018028e+00
1.010460713936208066e+00
1.010585793613505423e+00
1.010704472754206940e+00
1.010822830728978161e+00
1.010944127111782942e+00
1.011059863672716386e+00
1.011173654108423747e+00
1.011290655590135090e+00
1.011403962870438988e+00
1.011513561498815328e+00
1.011625942097824193e+00
1.011737005963783353e+00
1.011842790822894855e+00
1.011950472370163556e+00
1.012059095237982653e+00
1.012161524150915426e+00
1.012264652302039103e+00
1.012370359788994811e+00
1.012470022062841757e+00
1.012568897931340528e+00
1.012671127985085739e+00
1.012768628402876514e+00
1.012863619161718409e+00
1.012961912377324580e+00
1.013057637898099994e+00
1.013149109494463573e+00
1.013243230334553324e+00
1.013337192110576268e+00
1.013425535750573703e+00
1.013515494823769014e+00
1.013607347712426998e+00
1.013693068487152127e+00
1.013779075690955711e+00
1.013868270496480983e+00
1.013951978714922486e+00
1.014034363807069017e+00
1.014120346941187467e+00
1.014202574101088494e+00
1.014281697690143869e+00
1.014364080560173242e+00
1.014445054475888952e+00
1.014521273248869537e+00
1.014599912415609317e+00
1.014679471013250733e+00
1.014753203763816725e+00
1.014828188795786623e+00
1.014905865350155700e+00
1.014977661812719312e+00
1.015049251995197244e+00
1.015124457514841927e+00
1.015194913526132448e+00
1.015263450085689856e+00
1.015335669805128793e+00
1.015405200972152144e+00
1.015471030230637339e+00
1.015539960929306984e+00
1.015608620096459358e+00
1.015672101546759132e+00
1.015737689939162580e+00
1.015805157573755224e+00
1.015866751445468008e+00
1.015929155596166922e+00
1.015994876475871944e+00
1.016055162225737440e+00
1.016114675955298363e+00
1.016178057276395208e+00
1.016237574520870934e+00
1.016294536624518408e+00
1.016355128176914535e+00
1.016414143665593794e+00
1.016468887970247481e+00
1.016526479762424939e+00
1.016584870902039306e+00
1.016637777587611424e+00
1.016692400775927485e+00
1.016749716362421285e+00
1.016801292705667326e+00
1.016853162079929485e+00
1.016908795024099366e+00
1.016959622060054746e+00
1.017009050849323248e+00
1.017062438281044034e+00
1.017112957310311039e+00
1.017160273346140453e+00
1.017211048558451791e+00
1.017261357700923963e+00
1.017306893207139851e+00
1.017354940854854117e+00
1.017404754826639612e+00
1.017448928212176362e+00
1.017494355317582144e+00
1.017543123629464086e+00
1.017586481647310581e+00
1.017629546358708170e+00
1.017676647306577475e+00
1.017719734377213747e+00
1.017760755170587395e+00
1.017805684615190831e+00
1.017848807644765596e+00
1.017888100443785859e+00
1.017930586374513613e+00
1.017973669426263772e+00
1.018011582110533109e+00
1.018051599940487550e+00
1.018094217999264472e+00
1.018131217797171306e+00
1.018168939542363649e+00
1.018210478888027737e+00
1.018247129748281798e+00
1.018282842127324450e+00
1.018322701659404306e+00
1.018359469162277708e+00
1.018393485190201009e+00
1.018431241373364937e+00
1.018468273032085314e+00
1.018500904414558317e+00
1.018536383708611215e+00
1.018573437514178615e+00
1.018605066532640713e+00
1.018638327394664866e+00
1.018674868769622099e+00
1.018706009809209778e+00
1.018737276353578469e+00
1.018772665566275215e+00
1.018803865128130814e+00
1.018833437697633348e+00
1.018867125067173474e+00
1.018898730684449472e+00
1.018926912501327164e+00
1.018958569083260102e+00
1.018990557628476123e+00
1.019017671296583050e+00
1.019047219695378370e+00
1.019079202182366251e+00
1.019105678496964540e+00
1.019133249844455635e+00
1.019164616803571954e+00
1.019191000827280424e+00
1.019216856725903453e+00
1.019246978429964923e+00
1.019273757664048041e+00
1.019298199382288717e+00
1.019326602016246586e+00
1.019353975854900840e+00
1.019377300854769741e+00
1.019403756288462137e+00
1.019431533571030446e+00
1.019454094074041084e+00
1.019478614303686470e+00
1.019506286427402708e+00
1.019528565395146691e+00
1.019551341770362995e+00
1.019578261092444871e+00
1.019600803940458711e+00
1.019622120150804223e+00
1.019647699429039989e+00
1.019670893199639439e+00
1.019691043979734646e+00
1.019714902072123452e+00
1.019738780839825276e+00
1.019758070141459250e+00
1.019780079263775674e+00
1.019804298509271678e+00
1.019823124743194143e+00
1.019843376510659372e+00
1.019867340859492488e+00
1.019886228549347518e+00
1.019904960228273483e+00
1.019928020287143688e+00
1.019947475393162994e+00
1.019964978531791466e+00
1.019986616368417476e+00
1.020006890810776445e+00
1.020023453896063081e+00
1.020043389917441479e+00
1.020064349291172290e+00
1.020080300411640550e+00
1.020098501633265098e+00
1.020119672103962927e+00
1.020135464104559464e+00
1.020152089762899728e+00
1.020172825002372052e+00
1.020188998604874442e+00
1.020204316315230120e+00
1.020223998980342994e+00
1.020240978004736565e+00
1.020255276950358780e+00
1.020273478016841873e+00
1.020291356242961411e+00
1.020304927501523906e+00
1.020321470600971114e+00
1.020339954896053225e+00
1.020353168612946781e+00
1.020368106512363537e+00
1.020386624319756574e+00
1.020399982892677748e+00
1.020413528525880187e+00
1.020431419020672248e+00
1.020445442349647625e+00
1.020457878359779080e+00
1.020474585217435504e+00
1.020489576498355255e+00
1.020501186334077159e+00
1.020516381119908278e+00
1.020532266839370816e+00
1.020543359837119857e+00
1.020556965352934498e+00
1.020573313908302415e+00
1.020584314265410963e+00
1.020596457540348556e+00
1.020612632212677173e+00
1.020624071971989455e+00
1.020635004144066826e+00
1.020650364407587052e+00
1.020662699903618353e+00
1.020672706122662365e+00
1.020686778993400878e+00
1.020700164300984092e+00
1.020709527407698936e+00
1.020722089152480638e+00
1.020736287906539363e+00
1.020745353720998061e+00
1.020756418197800386e+00
1.020770888284124656e+00
1.020780135588157389e+00
1.020789890616596418e+00
1.020803967324060979e+00
1.020813924589313970e+00
1.020822643542378394e+00
1.020835737518092978e+00
1.020846756200429084e+00
1.020854720007237315e+00
1.020866456217512486e+00
1.020878526109930240e+00
1.020886030002753575e+00
1.020896287191666474e+00
1.020909025138577064e+00
1.020916466275290091e+00
1.020925338495829227e+00
1.020938124856987095e+00
1.020946022490569760e+00
1.020953743154044746e+00
1.020965920718294395e+00
1.020974758199752142e+00
1.020981608643678262e+00
1.020992664174913411e+00
1.021002654716938629e+00
1.021008913012716013e+00
1.021018576256142563e+00
1.021029544232119335e+00
1.021035535597496935e+00
1.021043780879446583e+00
1.021055221302434202e+00
1.021061399713505624e+00
1.021068388357653234e+00
1.021079639649797421e+00
1.021086536326166971e+00
1.021092531139403237e+00
1.021102976115423777e+00
1.021110986306230206e+00
1.021116266958189689e+00
1.021125486103902080e+00
1.021134663788483277e+00
1.021139515345432347e+00
1.021147343145090369e+00
1.021157358762564193e+00
1.021162153209786538e+00
1.021168649517825600e+00
1.021178907343318620e+00
1.021184147279240673e+00
1.021189525965933376e+00
1.021199358373249044e+00
1.021205547864726615e+00
1.021210085674244983e+00
1.021218942910740779e+00
1.021226351681072009e+00
1.021230324356991570e+00
1.021237890402199255e+00
1.021246406310181598e+00
1.021250122045556097e+00
1.021256330768377518e+00
1.021265491893174282e+00
1.021269379224248652e+00
1.021274363731104806e+00
1.021283518310125427e+00
1.021288105374837940e+00
1.021292116008968964e+00
1.021300624255895073e+00
1.021306344557762813e+00
1.021309659991339158e+00
1.021317060168722701e+00
1.021324031428846979e+00
1.021326929884577295e+00
1.021333011933243995e+00
1.021340962432788491e+00
1.021343792970303310e+00
1.021348581107963005e+00
1.021356945411076467e+00
1.021360190702045756e+00
1.021363877159052524e+00
1.021371983428472241e+00
1.021376161582685071e+00
1.021379017037543413e+00
1.021386282964922065e+00
1.021391716389482340e+00
1.021394015839478087e+00
1.021400080557060885e+00
1.021406722260125521e+00
1.021408760350115852e+00
1.021413516267931865e+00
1.021420952718533615e+00
1.021423132641364973e+00
1.021426682797356156e+00
1.021434278515733762e+00
1.021437119869780030e+00
1.021439699918077704e+00
1.021446797910384729e+00
1.021450766180278080e+00
1.021452653289927515e+00
1.021458752172917928e+00
1.021464027205495562e+00
1.021465495514006339e+00
1.021470340527610876e+00
1.021476711875932475e+00
1.021478090168185027e+00
1.021481668405402221e+00
1.021488606917771769e+00
1.021490355485820789e+00
1.021492835342064920e+00
1.021499671181334001e+00
1.021502315481921386e+00
1.021503959640902348e+00
1.021510082230167482e+00
1.021513992539820670e+00
1.021515076086153107e+00
1.021520080949821718e+00
1.021525276066612697e+00
1.021526083432344745e+00
1.021529820593492621e+00
1.021535940124452146e+00
1.021536850032476851e+00
1.021539390596860386e+00
1.021545821636146600e+00
1.021547340322523700e+00
1.021548902876206366e+00
1.021554976815582050e+00
1.021557595011003627e+00
1.021558454108614900e+00
1.021563632905022168e+00
1.021567589887061089e+00
1.021568017765495995e+00
1.021572002054649930e+00
1.021577151262825778e+00
1.021577459408385291e+00
1.021580197711998483e+00
1.021586051902340087e+00
1.021586676697200602e+00
1.021588311380742908e+00
1.021594208935607373e+00
1.021595676732359070e+00
1.021596460254104333e+00
1.021601766963864844e+00
1.021604490276589949e+00
1.021604697959384911e+00
1.021608967384987299e+00
1.021613030424521451e+00
1.021612939580452739e+00
1.021615978593670260e+00
1.021621078252181958e+00
1.021621044728366456e+00
1.021622890678387074e+00
1.021628442720359020e+00
1.021628955371810310e+00
1.021629807342717466e+00
1.021635137318943620e+00
1.021636705157481728e+00
1.021636833488764218e+00
1.021641370117533754e+00
1.021644288146247082e+00
1.021643964747860567e+00
1.021647364489877585e+00
1.021651551792953638e+00
1.021651074014074290e+00
1.021653245466434434e+00
1.021658261922893551e+00
1.021658041641999581e+00
1.021659098986368752e+00
1.021664297389534015e+00
1.021664855862186361e+00
1.021665038905669176e+00
1.021669766377221844e+00
1.021671552067570099e+00
1.021671135890701798e+00
1.021674906118990256e+00
1.021678067246850397e+00
1.021677324771705475e+00
1.021679900940857477e+00
1.021684195173490739e+00
1.021683461568414941e+00
1.021684845509936768e+00
1.021689723140665640e+00
1.021689466767693677e+00
1.021689835631134136e+00
1.021694622279515352e+00
1.021695363452784333e+00
1.021694981370171895e+00
1.021699076367252212e+00
1.021701161177514194e+00
1.021700300663915151e+00
1.021703317112210518e+00
1.021706731137578039e+00
1.021705678589748256e+00
1.021707483943421924e+00
1.021711838937641836e+00
1.021710982027840497e+00
1.021711660189710269e+00
1.021716329471863638e+00
1.021716179000825120e+00
1.021715954587094410e+00
1.021720271863584273e+00
1.021721305476556374e+00
1.021720452272850910e+00
1.021723893916810955e+00
1.021726321414951455e+00
1.021725110211338716e+00
1.021727395468186028e+00
1.021731038060599062e+00
1.021729785996809969e+00
1.021730879502445788e+00
1.021735227580433669e+00
1.021734380373854112e+00
1.021734434947429992e+00
1.021738820194209696e+00
1.021738902678302807e+00
1.021738173953478768e+00
1.021741970574034486e+00
1.021743374459800568e+00
1.021742135840645549e+00
1.021744914827530604e+00
1.021747692081252268e+00
1.021746222060647913e+00
1.021747808687151871e+00
1.021751627163451914e+00
1.021750290310294407e+00
1.021750736175718544e+00
1.021754995706671387e+00
1.021754287789618632e+00
1.021753799731800250e+00
1.021757826105484046e+00
1.021758246892221722e+00
1.021757095851796304e+00
1.021760331156865265e+00
1.021762148605943388e+00
1.021760604944517370e+00
1.021762724577957471e+00
1.021765825418058826e+00
1.021764191186496973e+00
1.021765121020066669e+00
1.021769040965842645e+00
1.021767738056438724e+00
1.021767604244119498e+00
1.021771687070619272e+00
1.021771238450389419e+00
1.021770285628208930e+00
1.021773885055387465e+00
1.021774721891738569e+00
1.021773224010873893e+00
1.021775870635771355e+00
1.021778110191943201e+00
1.021776340610289768e+00
1.021777816719561915e+00
1.021781186586436796e+00
1.021779488561284976e+00
1.021779811509483826e+00
1.021783743840921632e+00
1.021782594423858992e+00
1.021781950689284457e+00
1.021785769046395842e+00
1.021785682984604815e+00
1.021784338702646178e+00
1.021787454389125216e+00
1.021788753435625585e+00
1.021786979637768322e+00
1.021789024687304259e+00
1.021791662218171526e+00
1.021789748929074815e+00
1.021790609025007956e+00
1.021794170902487808e+00
1.021792515950850966e+00
1.021792288325938269e+00
1.021796136426663004e+00
1.021795255109886114e+00
1.021794170778879129e+00
1.021797643320967008e+00
1.021797999563503812e+00
1.021796332105447291e+00
1.021798921495301604e+00
1.021800695770601397e+00
1.021798715776814470e+00
1.021800160796730639e+00
1.021803143409119929e+00
1.021801175165759412e+00
1.021801457085073528e+00
1.021805118088304987e+00
1.021803617210397253e+00
1.021802899614526527e+00
1.021806566176784559e+00
1.021806055374238520e+00
1.021804597316323893e+00
1.021807653908366031e+00
1.021808503514772148e+00
1.021806577170123465e+00
1.021808613389537657e+00
1.021810843653482292e+00
1.021808730043865854e+00
1.021809590147914282e+00
1.021812841440564501e+00
1.021810914966693407e+00
1.021810665102699023e+00
1.021814323341154074e+00
1.021813086570499962e+00
1.021811941457017925e+00
1.021815334637995676e+00
1.021815277200138317e+00
1.021813508615902588e+00
1.021816093661876312e+00
1.021817456171762117e+00
1.021815333814832805e+00
1.021816805829974806e+00
1.021819443555644913e+00
1.021817275472857389e+00
1.021817577924157172e+00
1.021821004111117315e+00
1.021819222757985868e+00
1.021818493881546219e+00
1.021822045227572806e+00
1.021821174591720727e+00
1.021819663857058469e+00
1.021822702376518954e+00
1.021823155424772978e+00
1.021821136010282238e+00
1.021823210271265658e+00
1.021825073406159801e+00
1.021822820163369006e+00
1.021823731993617868e+00
1.021826703926617563e+00
1.021824569234979885e+00
1.021824351634941674e+00
1.021827848137362382e+00
1.021826317644104254e+00
1.021825166368986126e+00
1.021828510742625484e+00
1.021828092575838287e+00
1.021826275748448420e+00
1.021828892637946851e+00
1.021829883543375228e+00
1.021827671280411298e+00
1.021829212334285142e+00
1.021831533999452368e+00
1.021829221064407989e+00
1.021829590381865271e+00
1.021832804189385602e+00
1.021830799139483492e+00
1.021830107246050945e+00
1.021833565377969322e+00
1.021832387316508273e+00
1.021830871457732215e+00
1.021833918234457794e+00
1.021834016225410924e+00
1.021831949862216149e+00
1.021834094733560239e+00
1.021835619646466409e+00
1.021833273967984290e+00
1.021834275613449083e+00
1.021836987729833890e+00
1.021834695139535842e+00
1.021834551465544916e+00
1.021837902042749935e+00
1.021836128035603419e+00
1.021835013218589827e+00
1.021838326580063017e+00
1.021837590626292869e+00
1.021835766938195444e+00
1.021838439140224430e+00
1.021839089232299935e+00
1.021836827921851265e+00
1.021838467821657215e+00
1.021840492665216482e+00
1.021838078223968660e+00
1.021838549173654132e+00
1.021841562821803162e+00
1.021839380099882622e+00
1.021838762658778599e+00
1.021842138706786418e+00
1.021840696452446462e+00
1.021839212937125208e+00
1.021842283112349925e+00
1.021842059530009506e+00
1.021839982439173511e+00
1.021842219501024829e+00
1.021843427268272153e+00
1.021841026200188685e+00
1.021842145297011006e+00
1.021844608819230782e+00
1.021842198730506190e+00
1.021842160856786696e+00
1.021845372267369934e+00
1.021843396273145466e+00
1.021842351492684209e+00
1.021845641984401531e+00
1.021844623994616619e+00
1.021842826283041683e+00
1.021845567468394833e+00
1.021845901063072048e+00
1.021843622907906202e+00
1.021845381995897251e+00
1.021847122587413725e+00
1.021844641113106356e+00
1.021845239555678742e+00
1.021848057918594233e+00
1.021845735297274294e+00
1.021845221544082749e+00
1.021848518531074390e+00
1.021846848514806894e+00
1.021845427244614690e+00
1.021848527375412097e+00
1.021848010118174166e+00
1.021845951169812361e+00
1.021848293456685042e+00
1.021849199834951261e+00
1.021846772766499711e+00
1.021848028828777455e+00
1.021850249175613623e+00
1.021847754341378645e+00
1.021847846593560094e+00
1.021850919003332248e+00
1.021848775918469343e+00
1.021847827877547132e+00
1.021851096330574471e+00
1.021849826890304680e+00
1.021848081624133764e+00
1.021850897849991613e+00
1.021850934914939169e+00
1.021848665668898981e+00
1.021850556876488847e+00
1.021852021306481006e+00
1.021849500488731133e+00
1.021850245347890151e+00
1.021852868132945513e+00
1.021850436980511923e+00
1.021850049806247274e+00
1.021853264755666624e+00
1.021851398315301473e+00
1.021850063482446558e+00
1.021853193519896674e+00
1.021852406668149582e+00
1.021850389286553362e+00
1.021852843121797472e+00
1.021853460425223403e+00
1.021851030987610764e+00
1.021852437143137671e+00
1.021854415846512154e+00
1.021851863091750356e+00
1.021852103911467857e+00
1.021855032782832851e+00
1.021852752374265538e+00
1.021851922503592469e+00
1.021855164238500091e+00
1.021853670226180455e+00
1.021851999123707389e+00
1.021854890498709034e+00
1.021854648222958906e+00
1.021852408866045447e+00
1.021854439257821490e+00
1.021855632800902969e+00
1.021853095151875834e+00
1.021853999884992259e+00
1.021856423312455409e+00
1.021853909981017994e+00
1.021853667339023719e+00
1.021856792909322298e+00
1.021854757522444812e+00
1.021853528985696702e+00
1.021856683803233246e+00
1.021855648898925661e+00
1.021853692493613242e+00
1.021856258885914359e+00
1.021856597393531185e+00
1.021854184921333619e+00
1.021855749214573672e+00
1.021857485393726339e+00
1.021854896938051427e+00
1.021855300127153310e+00
1.021858077688989841e+00
1.021855685699944116e+00
1.021854991348476682e+00
1.021858197579756267e+00
1.021856503206028943e+00
1.021854924436365053e+00
1.021857886405902249e+00
1.021857380348568878e+00
1.021855188361199041e+00
1.021857360303650264e+00
1.021858286683543726e+00
1.021855750784962380e+00
1.021856824483371007e+00
1.021859042590713251e+00
1.021856469470441509e+00
1.021856385423752567e+00
1.021859411188146716e+00
1.021857231354319273e+00
1.021856125654435621e+00
1.021859296241033332e+00
1.021858033195245374e+00
1.021856154229349611e+00
1.021858829943299130e+00
1.021858898943789562e+00
1.021856519600840896e+00
1.021858245970447499e+00
1.021859737466360718e+00
1.021857131950287823e+00
1.021857707596368625e+00
1.021860323993510233e+00
1.021857842958291407e+00
1.021857298270997028e+00
1.021860457210284068e+00
1.021858584739264941e+00
1.021857113803819495e+00
1.021860138148893871e+00
1.021859383058757231e+00
1.021857253382697728e+00
1.021859565429088512e+00
1.021860227771727248e+00
1.021857709244689882e+00
1.021858957450466177e+00
1.021860963105195808e+00
1.021858349429498825e+00
1.021858434922417791e+00
1.021861348374768053e+00
1.021859046234935731e+00
1.021858077332896908e+00
1.021861251729822673e+00
1.021859779440463356e+00
1.021857992214718402e+00
1.021860770593723489e+00
1.021860579142024328e+00
1.021858246782065160e+00
1.021860135789107060e+00
1.021861380031017230e+00
1.021858773315206692e+00
1.021859528470729916e+00
1.021861972663190343e+00
1.021859422505643877e+00
1.021859039060263097e+00
1.021862136786323649e+00
1.021860107013842223e+00
1.021858757378826921e+00
1.021861832995948793e+00
1.021860843369661653e+00
1.021858789119857391e+00
1.021861236678763607e+00
1.021861638216298163e+00
1.021859150472764766e+00
1.021860575776804891e+00
1.021862361459620505e+00
1.021859723923407515e+00
1.021859987339825526e+00
1.021862774686901343e+00
1.021860370447345234e+00
1.021859550248954918e+00
1.021862714289234919e+00
1.021861051033122303e+00
1.021859368246227806e+00
1.021862239847576959e+00
1.021861797290639640e+00
1.021859524106425443e+00
1.021861573472683693e+00
1.021862568131660431e+00
1.021859973921311227e+00
1.021860913092792478e+00
1.021863173559161453e+00
1.021860572032971870e+00
1.021860359292044773e+00
1.021863380440612090e+00
1.021861212990295531e+00
1.021859996527315628e+00
1.021863110042558809e+00
1.021861900476576324e+00
1.021859933455816272e+00
1.021862509297454480e+00
1.021862653873123028e+00
1.021860208695369199e+00
1.021861811169401779e+00
1.021863369576994085e+00
1.021860722816815503e+00
1.021861170375763628e+00
1.021863817164430976e+00
1.021861329380460370e+00
1.021860668099194180e+00
1.021863805997504038e+00
1.021861969650969870e+00
1.021860402787059474e+00
1.021863355877807855e+00
1.021862672196968136e+00
1.021860469202041433e+00
1.021862674207510757e+00
1.021863417681773356e+00
1.021860848017748236e+00
1.021861973511775545e+00
1.021864038801312713e+00
1.021861401819310400e+00
1.021861367443704705e+00
1.021864295760649188e+00
1.021862009249396852e+00
1.021860936531900688e+00
1.021864072792573408e+00
1.021862658175803240e+00
1.021860789236143763e+00
1.021863483881282342e+00
1.021863376296438419e+00
1.021860984282251028e+00
1.021862761788838947e+00
1.021864086296677021e+00
1.021861443271710801e+00
1.021862079301884219e+00
1.021864570921120041e+00
1.021862016686188035e+00
1.021861523087137735e+00
1.021864617919111540e+00
1.021862626053515299e+00
1.021861185639556968e+00
1.021864206593022129e+00
1.021863292602920747e+00
1.021861169982895223e+00
1.021863523763207215e+00
1.021864015531484426e+00
1.021861481181125075e+00
1.021862793345974296e+00
1.021864652515563243e+00
1.021861994405619312e+00
1.021862144467142297e+00
1.021864963260249448e+00
1.021862575376165871e+00
1.021861655871119545e+00
1.021864798349980230e+00
1.021863193937013747e+00
1.021861433224645399e+00
1.021864235252334385e+00
1.021863881489204484e+00
1.021861552393012129e+00
1.021863500809607528e+00
1.021864585826723681e+00
1.021861958130435566e+00
1.021862785257322326e+00
1.021865107346809465e+00
1.021862502423446450e+00
1.021862183982512828e+00
1.021865218084224036e+00
1.021863087975070972e+00
1.021861783743181151e+00
1.021864857367271284e+00
1.021863724804112250e+00
1.021861692167199909e+00
1.021864185943397452e+00
1.021864426814583116e+00
1.021861937586955982e+00
1.021863434980728513e+00
1.021865077944603906e+00
1.021862411660219294e+00
1.021862750782518647e+00
1.021865443299061038e+00
1.021862970826254546e+00
1.021862213011941689e+00
1.021865344150563848e+00
1.021863565548213337e+00
1.021861922661146060e+00
1.021864818963041044e+00
1.021864226309391110e+00
1.021861969302221063e+00
1.021864082687422570e+00
1.021864923927067847e+00
1.021862322050594241e+00
1.021863341322025942e+00
1.021865480111099789e+00
1.021862839030791559e+00
1.021862702034821879e+00
1.021865657345230716e+00
1.021863405925862001e+00
1.021862246907690341e+00
1.021865356728073992e+00
1.021864018253216599e+00
1.021862084802918735e+00
1.021864708067973027e+00
1.021864700347787203e+00
1.021862265350542254e+00
1.021863944859310536e+00
1.021865362671654287e+00
1.021862699976425315e+00
1.021863231425596652e+00
1.021865781175351318e+00
1.021863239991577688e+00
1.021862651424397583e+00
1.021865752934608906e+00
1.021863816027787530e+00
1.021862300108891786e+00
1.021865276110146326e+00
1.021864453205459711e+00
1.021862277070172187e+00
1.021864547793058353e+00
1.021865142475775201e+00
1.021862576036368875e+00
1.021863787005374835e+00
1.021865729598932404e+00
1.021863065749583965e+00
1.021863115355653218e+00
1.021865973717849041e+00
1.021863617501563848e+00
1.021862612074871945e+00
1.021865740588799421e+00
1.021864209727914030e+00
1.021862384374984556e+00
1.021865125054416401e+00
1.021864872643484912e+00
1.021862500492302317e+00
1.021864357415418256e+00
1.021865542499225565e+00
1.021862894136781996e+00
1.021863619876678175e+00
1.021866010913705880e+00
1.021863415979422651e+00
1.021863003325751418e+00
1.021866056461763428e+00
1.021863977299128701e+00
1.021862597081334867e+00
1.021865636941576616e+00
1.021864593759274520e+00
1.021862507032565537e+00
1.021864925879996333e+00
1.021865272879837638e+00
