1.000603444564682754e+00
1.000677872247184075e+00
1.000800639227902966e+00
1.000946237149778595e+00
1.001105301649286350e+00
1.001273013675705315e+00
1.001447014631793309e+00
1.001623690445107240e+00
1.001804099486689692e+00
1.001986221598227367e+00
1.002171219135936209e+00
1.002358174047385475e+00
1.002545368925719993e+00
1.002733439561241280e+00
1.002919408305170457e+00
1.003105995094204062e+00
1.003291511896603483e+00
1.003477731603745093e+00
1.003664176420722587e+00
1.003849125719046054e+00
1.004033816255655687e+00
1.004215169172769873e+00
1.004396373494699901e+00
1.004575731354583557e+00
1.004755100694213255e+00
1.004934144155089637e+00
1.005111006696814080e+00
1.005287229449974618e+00
1.005459647248655441e+00
1.005631680660879601e+00
1.005801627252001396e+00
1.005971309064382035e+00
1.006140481268652742e+00
1.006307142327729220e+00
1.006473046695089746e+00
1.006634978585493778e+00
1.006796494175572931e+00
1.006955908606402605e+00
1.007114955131321654e+00
1.007273468841516362e+00
1.007429304845723461e+00
1.007584386230158113e+00
1.007735474876159110e+00
1.007886207693324820e+00
1.008034934376213831e+00
1.008183269708349261e+00
1.008331123695306530e+00
1.008476215043633939e+00
1.008620608997408574e+00
1.008761066163391451e+00
1.008901268964996545e+00
1.009039612844108813e+00
1.009177576320845926e+00
1.009315142084312500e+00
1.009449900358577956e+00
1.009584042277210880e+00
1.009714342507184393e+00
1.009844505336880305e+00
1.009972978818824307e+00
1.010101094236416586e+00
1.010228906324987630e+00
1.010353884685370573e+00
1.010478336360624230e+00
1.010599061246495012e+00
1.010719768797699425e+00
1.010838963685449121e+00
1.010957822903884029e+00
1.011076473657454233e+00
1.011192272438206974e+00
1.011307635943782479e+00
1.011419397644808482e+00
1.011531259447497888e+00
1.011641784909056208e+00
1.011751991914249249e+00
1.011862081232800747e+00
1.011969303456268676e+00
1.012076180686447335e+00
1.012179586489182048e+00
1.012283204663662062e+00
1.012385658909563890e+00
1.012487804498187316e+00
1.012589917244788529e+00
1.012689148875682177e+00
1.012788123580115940e+00
1.012883760363727070e+00
1.012979715488045995e+00
1.013074673475095500e+00
1.013169324341629096e+00
1.013264020622254735e+00
1.013355822159082154e+00
1.013447452242697722e+00
1.013535879868052714e+00
1.013624724934589105e+00
1.013712733133950161e+00
1.013800427244957003e+00
1.013888238280999055e+00
1.013973141198233119e+00
1.014057955425588631e+00
1.014139703907366741e+00
1.014221961724676380e+00
1.014303535889917729e+00
1.014384780528478025e+00
1.014466206924601988e+00
1.014544712191937759e+00
1.014623208813340671e+00
1.014698777160213394e+00
1.014774939308475066e+00
1.014850563627280433e+00
1.014925834697492757e+00
1.015001345874781524e+00
1.015073923518752252e+00
1.015146569893778494e+00
1.015216425852535354e+00
1.015286952509451224e+00
1.015357079564577880e+00
1.015426821660299295e+00
1.015496856019466376e+00
1.015563945366596332e+00
1.015631178253305400e+00
1.015695758681325778e+00
1.015761079062488026e+00
1.015826130378534309e+00
1.015890757415061962e+00
1.015955723041329861e+00
1.016017733475794937e+00
1.016079959820379131e+00
1.016139671535207345e+00
1.016200184798137673e+00
1.016260551829344827e+00
1.016320448096678097e+00
1.016380723865279334e+00
1.016438035964237763e+00
1.016495634052134722e+00
1.016550855021740807e+00
1.016606931495852573e+00
1.016662976918491390e+00
1.016718498420437156e+00
1.016774435367752361e+00
1.016827402281334169e+00
1.016880723117608909e+00
1.016931803861622186e+00
1.016983786475796681e+00
1.017035845659911786e+00
1.017087321616310103e+00
1.017139244457383018e+00
1.017188193417781328e+00
1.017237562224795333e+00
1.017284827319203666e+00
1.017333033123015262e+00
1.017381415684434520e+00
1.017429150101424096e+00
1.017477358803568599e+00
1.017522592677889026e+00
1.017568310429344924e+00
1.017612060039013500e+00
1.017656781745931216e+00
1.017701773111889807e+00
1.017746046357733913e+00
1.017790817712179940e+00
1.017832616545760738e+00
1.017874961487593932e+00
1.017915472881685712e+00
1.017956980392550559e+00
1.017998843343169924e+00
1.018039913695180321e+00
1.018081502855424425e+00
1.018120125377954155e+00
1.018159354510895120e+00
1.018196883539203235e+00
1.018235425426026630e+00
1.018274401594114753e+00
1.018312506741225310e+00
1.018351148714386145e+00
1.018386833797393365e+00
1.018423184311074703e+00
1.018457966832861494e+00
1.018493771775524914e+00
1.018530083098379890e+00
1.018565441594057264e+00
1.018601352680618799e+00
1.018634320742851873e+00
1.018668011398442541e+00
1.018700264661405619e+00
1.018733542835139616e+00
1.018767392956478224e+00
1.018800205620370658e+00
1.018833584800807879e+00
1.018864039160392032e+00
1.018895271620714693e+00
1.018925195589014177e+00
1.018956140001514576e+00
1.018987715622188928e+00
1.019018166889088528e+00
1.019049197155831976e+00
1.019077325327699679e+00
1.019106285433259096e+00
1.019134064062770850e+00
1.019162851838927963e+00
1.019192324014111861e+00
1.019220583227709032e+00
1.019249432859825610e+00
1.019275407795729560e+00
1.019302266783955968e+00
1.019328069241756118e+00
1.019354862852853039e+00
1.019382388232324299e+00
1.019408610880196520e+00
1.019435434657237849e+00
1.019459415924791834e+00
1.019484331589015635e+00
1.019508313413404421e+00
1.019533261847016314e+00
1.019558983854648604e+00
1.019583312740504510e+00
1.019608253091677241e+00
1.019630387988643694e+00
1.019653505773189472e+00
1.019675809970534752e+00
1.019699049837404781e+00
1.019723099786140619e+00
1.019745666135562612e+00
1.019768854220688858e+00
1.019789278821141121e+00
1.019810732849381951e+00
1.019831490924592909e+00
1.019853147499335755e+00
1.019875645638552264e+00
1.019896570135194303e+00
1.019918126854705065e+00
1.019936966984502202e+00
1.019956881017542116e+00
1.019976213935876341e+00
1.019996402129258461e+00
1.020017458622394901e+00
1.020036852372569580e+00
1.020056889304763903e+00
1.020074261444819275e+00
1.020092749769497820e+00
1.020110768848450755e+00
1.020129594110054327e+00
1.020149309941425830e+00
1.020167275366099080e+00
1.020185895631004591e+00
1.020201907747917858e+00
1.020219075993908486e+00
1.020235883725029380e+00
1.020253442876167149e+00
1.020271910686981753e+00
1.020288542341289961e+00
1.020305841391532242e+00
1.020320593696246281e+00
1.020336539583069246e+00
1.020352230384599101e+00
1.020368612382407170e+00
1.020385917237025986e+00
1.020401302558468615e+00
1.020417368898593136e+00
1.020430954534754298e+00
1.020445768550517940e+00
1.020460429452735962e+00
1.020475716087322127e+00
1.020491936171770808e+00
1.020506156159199485e+00
1.020521071995824869e+00
1.020533577660462266e+00
1.020547343675039409e+00
1.020561054941092394e+00
1.020575321468504715e+00
1.020590528724092838e+00
1.020603658550474302e+00
1.020617500376499009e+00
1.020629006876450973e+00
1.020641802692590527e+00
1.020654638378347245e+00
1.020667954092868923e+00
1.020682214788510400e+00
1.020694324351178572e+00
1.020707163467956979e+00
1.020717746216162292e+00
1.020729644062673191e+00
1.020741672519781984e+00
1.020754101269674807e+00
1.020767476517079553e+00
1.020778630929765507e+00
1.020790533911733355e+00
1.020800263368017990e+00
1.020811330339657541e+00
1.020822614666441641e+00
1.020834215317699467e+00
1.020846761534029534e+00
1.020857021565377387e+00
1.020868050671968952e+00
1.020876992733315003e+00
1.020887291182329681e+00
1.020897889627439881e+00
1.020908716480383394e+00
1.020920485803201050e+00
1.020929908266702713e+00
1.020940121806619638e+00
1.020948338152062762e+00
1.020957926036457408e+00
1.020967892360321372e+00
1.020977995523957293e+00
1.020989036183359344e+00
1.020997674283699919e+00
1.021007126936612108e+00
1.021014675331908705e+00
1.021023606525505389e+00
1.021032990324542977e+00
1.021042416053532520e+00
1.021052772706274148e+00
1.021060676346983387e+00
1.021069419447620197e+00
1.021076354014670784e+00
1.021084678583819683e+00
1.021093525582200900e+00
1.021102316581076419e+00
1.021112030611253996e+00
1.021119246668312108e+00
1.021127328457648087e+00
1.021133699913369997e+00
1.021141464364900608e+00
1.021149816678297739e+00
1.021158012377235691e+00
1.021167122167764063e+00
1.021173694733481963e+00
1.021181160581372538e+00
1.021187016450350260e+00
1.021194263954936954e+00
1.021202160330333175e+00
1.021209797136386488e+00
1.021218338315104335e+00
1.021224308916190093e+00
1.021231201519392062e+00
1.021236586324186124e+00
1.021243356918890566e+00
1.021250832954045507e+00
1.021257944481298807e+00
1.021265950145087142e+00
1.021271357938359214e+00
1.021277717497437010e+00
1.021282672929973323e+00
1.021289003703238940e+00
1.021296092048961324e+00
1.021302709330599523e+00
1.021310210250442996e+00
1.021315092199214902e+00
1.021320956577361105e+00
1.021325521654365076e+00
1.021331446916291963e+00
1.021338177464189645e+00
1.021344329149022956e+00
1.021351353958500852e+00
1.021355744992210379e+00
1.021361149858594608e+00
1.021365361063577559e+00
1.021370912503855699e+00
1.021377312561813522e+00
1.021383025097367447e+00
1.021389600466650727e+00
1.021393533625909233e+00
1.021398512585746321e+00
1.021402403999646769e+00
1.021407610835128432e+00
1.021413705292351315e+00
1.021419003096249334e+00
1.021425153893298798e+00
1.021428660462166516e+00
1.021433245175337845e+00
1.021436848597560232e+00
1.021441737711078712e+00
1.021447549194191673e+00
1.021452454815206856e+00
1.021458204255549784e+00
1.021461313882521926e+00
1.021465534172268708e+00
1.021468879233523808e+00
1.021473475305266110e+00
1.021479024326648499e+00
1.021483558596509411e+00
1.021488928382687567e+00
1.021491669191610052e+00
1.021495553144531332e+00
1.021498667412630956e+00
1.021502993045089402e+00
1.021508298144364613e+00
1.021512480321158378e+00
1.021517490772709813e+00
1.021519889464607367e+00
1.021523463522985065e+00
1.021526372602496346e+00
1.021530448439810890e+00
1.021535526319198972e+00
1.021539374223001895e+00
1.021544044397655338e+00
1.021546126344276217e+00
1.021549415391550530e+00
1.021552143018046532e+00
1.021555987860360837e+00
1.021560853514421607e+00
1.021564383655634067e+00
1.021568731462243917e+00
1.021570520791980297e+00
1.021573548232050044e+00
1.021576116361533781e+00
1.021579747274850458e+00
1.021584414115007000e+00
1.021587641815744796e+00
1.021591684119377952e+00
1.021593203796101079e+00
1.021595991627014310e+00
1.021598420520978268e+00
1.021601852942872757e+00
1.021606332917001314e+00
1.021609272425790804e+00
1.021613025145302611e+00
1.021614297040570385e+00
1.021616865923068218e+00
1.021619174229566163e+00
1.021622422071040592e+00
1.021626725778322697e+00
1.021629390378287372e+00
1.021632868576652697e+00
1.021633913535682003e+00
1.021636282856997591e+00
1.021638487688030228e+00
1.021641563431716637e+00
1.021645700232892917e+00
1.021648102343566400e+00
1.021651320311200317e+00
1.021652158212951855e+00
1.021654346146211090e+00
1.021656463151686678e+00
1.021659377946555924e+00
1.021663356069676176e+00
1.021665507342546908e+00
1.021668478673822156e+00
1.021669128485515277e+00
1.021671152045052544e+00
1.021673195483539187e+00
1.021675959236247877e+00
1.021679785877981805e+00
1.021681697285855117e+00
1.021684434949016840e+00
1.021684914775371045e+00
1.021686789868245127e+00
1.021688772674714141e+00
1.021691394137688835e+00
1.021695075560241639e+00
1.021696757480503148e+00
1.021699273881173209e+00
1.021699601008668079e+00
1.021701342482649544e+00
1.021703276333391530e+00
1.021705763189734162e+00
1.021709304813404273e+00
1.021710767105268980e+00
1.021713074143744349e+00
1.021713265080179678e+00
1.021714886768467334e+00
1.021716782143354596e+00
1.021719141088648808e+00
1.021722547580058205e+00
1.021723799655894549e+00
1.021725908778450931e+00
1.021725979288092390e+00
1.021727494051015928e+00
1.021729360293276434e+00
1.021731597114366119e+00
1.021734872470391409e+00
1.021735923361228426e+00
1.021737845605656059e+00
1.021737810740251273e+00
1.021739230504205675e+00
1.021741075877877547e+00
1.021743195528686199e+00
1.021746343156130443e+00
1.021747201571460373e+00
1.021748947607072466e+00
1.021748821733029500e+00
1.021750157526891023e+00
1.021751989272120298e+00
1.021753995946578675e+00
1.021757018737617040e+00
1.021757693119635935e+00
1.021759273282002445e+00
1.021759070104024225e+00
1.021760332093294199e+00
1.021762156479638417e+00
1.021764053681790241e+00
1.021766954085240098e+00
1.021767452657670328e+00
1.021768876978348395e+00
1.021768609559814855e+00
1.021769807078733994e+00
1.021771629456635910e+00
1.021773420067987992e+00
1.021776200156449432e+00
1.021776530968112606e+00
1.021777809199657217e+00
1.021777489980057574e+00
1.021778631561930384e+00
1.021780456412519023e+00
1.021782142756701095e+00
1.021784804289630255e+00
1.021784975252951533e+00
1.021786116889493279e+00
1.021785757699201547e+00
1.021786851105164207e+00
1.021788682088541567e+00
1.021790265993340663e+00
1.021792810476112034e+00
1.021792829400747227e+00
1.021793843694443371e+00
1.021793455767129100e+00
1.021794508013594394e+00
1.021796348015754141e+00
1.021797830872584356e+00
1.021800259611610473e+00
1.021800134233401547e+00
1.021801030207061700e+00
1.021800624190026596e+00
1.021801641575022179e+00
1.021803492753543541e+00
1.021804875574407134e+00
1.021807189728385801e+00
1.021806927733855286e+00
1.021807714190050786e+00
1.021807300152775433e+00
1.021808288281384147e+00
1.021810152110034675e+00
1.021811435582024252e+00
1.021813636209383258e+00
1.021813245255990488e+00
1.021813930782959012e+00
1.021813518224125694e+00
1.021814482033231997e+00
1.021816359345598668e+00
1.021817543882988399e+00
1.021819631985599885e+00
1.021819119717982227e+00
1.021819712692634052e+00
1.021819310545893700e+00
1.021820254328417388e+00
1.021822145360679279e+00
1.021823231154638467e+00
1.021825207717882211e+00
1.021824581780311991e+00
1.021825090368634781e+00
1.021824707007370048e+00
1.021825634436163810e+00
1.021827538869096497e+00
1.021828525935059462e+00
1.021830391964307694e+00
1.021829660009593077e+00
1.021830092164762727e+00
1.021829735406080797e+00
1.021830649557642801e+00
1.021832566557944633e+00
1.021833454780658901e+00
1.021835211334260585e+00
1.021834381029325778e+00
1.021834744487801983e+00
1.021834421595985143e+00
1.021835324974133652e+00
1.021837253235133636e+00
1.021838042411405967e+00
1.021839690630247377e+00
1.021838769658620194e+00
1.021839071934514065e+00
1.021838789624137878e+00
1.021839684183771801e+00
1.021841621965576152e+00
1.021842311844719742e+00
1.021843852978444600e+00
1.021842849039881429e+00
1.021843097417862278e+00
1.021842861856775198e+00
1.021843749027827153e+00
1.021845694196941157e+00
1.021846284518934667e+00
1.021847719948898892e+00
1.021846640756375990e+00
1.021846842283374635e+00
1.021846659095723808e+00
1.021847539807402061e+00
1.021849489875847450e+00
1.021849980407202096e+00
1.021851311666250872e+00
1.021850164940541594e+00
1.021850326416501309e+00
1.021850200685966215e+00
1.021851075391357888e+00
1.021853027555297722e+00
1.021853418122624646e+00
1.021854646911773301e+00
1.021853440373836630e+00
1.021853568341741569e+00
1.021853504615131580e+00
1.021854373316232856e+00
1.021856324494093915e+00
1.021856615015366287e+00
1.021857743217476688e+00
1.021856484578865576e+00
1.021856585314272259e+00
1.021856587605621591e+00
1.021857449878834201e+00
1.021859396748909798e+00
1.021859587262406333e+00
1.021860616952948053e+00
1.021859313904453614e+00
1.021859393404732863e+00
1.021859465200018580e+00
1.021860320222145901e+00
1.021862259259647132e+00
1.021862349950567683e+00
1.021863283405557876e+00
1.021861943604293277e+00
1.021862007577778897e+00
1.021862151840370547e+00
1.021862998415123513e+00
1.021864925928636758e+00
1.021864917153374686e+00
1.021865756854599905e+00
1.021864387909719341e+00
1.021864441764948506e+00
1.021864660941884440e+00
1.021865497526903699e+00
1.021867409694198647e+00
1.021867302002262612e+00
1.021868050639885173e+00
1.021866660097136448e+00
1.021866708932346324e+00
1.021867004961524827e+00
1.021867829695899843e+00
1.021869722599026531e+00
1.021869516752601736e+00
1.021870177225257192e+00
1.021868772550552418e+00
1.021868821143598893e+00
1.021869195461948099e+00
1.021870006194211644e+00
1.021871875853815670e+00
1.021871572844960330e+00
1.021872148257463087e+00
1.021870736819648240e+00
1.021870789618485098e+00
1.021871243171176946e+00
1.021872037487734808e+00
1.021873879896509241e+00
1.021873480961986047e+00
1.021873974620761016e+00
1.021872563673758671e+00
1.021872624787611983e+00
1.021873158038365315e+00
1.021873933292309689e+00
1.021875744447506174e+00
1.021875251081252767e+00
1.021875666487614964e+00
1.021874263152108275e+00
1.021874336343468137e+00
1.021874949285976886e+00
1.021875702626227511e+00
1.021877478561128871e+00
1.021876892524379521e+00
1.021877233365792170e+00
1.021875844610608652e+00
1.021875933288145522e+00
1.021876625458661314e+00
1.021877353859359072e+00
1.021879090673629475e+00
1.021878414002702407e+00
1.021878684142146998e+00
1.021877316765496424e+00
1.021877423978001520e+00
1.021878194469079570e+00
1.021878894759159939e+00
1.021880588647973820e+00
1.021879823659752162e+00
1.021880027123344359e+00
1.021878687734059543e+00
1.021878816165492587e+00
1.021879663640916203e+00
1.021880332533766422e+00
1.021881979815623342e+00
1.021881129110760789e+00
1.021881270073756287e+00
1.021879965072671981e+00
1.021880117038398872e+00
1.021881039749268805e+00
1.021881673872383267e+00
1.021883271015513461e+00
1.021882337479401714e+00
1.021882420250736834e+00
1.021881155812342179e+00
1.021881333256624114e+00
1.021882329058604544e+00
1.021882924983133378e+00
1.021884468630403164e+00
1.021883455431955579e+00
1.021883484437466905e+00
1.021882266491955571e+00
1.021882470986745783e+00
1.021883537358445171e+00
1.021884091628530555e+00
1.021885578620755020e+00
1.021884489209057723e+00
1.021884468973534243e+00
1.021883303189372150e+00
1.021883535934468235e+00
1.021884669996923511e+00
1.021885179158713131e+00
1.021886606556294153e+00
1.021885444655194375e+00
1.021885379783410652e+00
1.021884271550530299e+00
1.021884533375121640e+00
1.021885731912341999e+00
1.021886192542569738e+00
1.021887557645377420e+00
1.021886327246078530e+00
1.021886222402961675e+00
1.021885176816692775e+00
1.021885468182324841e+00
1.021886727662854932e+00
1.021887136396870899e+00
1.021888436762294461e+00
1.021887142114040525e+00
1.021887002004125966e+00
1.021886023849955638e+00
1.021886344854938233e+00
1.021887661454380813e+00
1.021888015013511897e+00
1.021889248472614309e+00
1.021887894071555891e+00
1.021887723417880700e+00
1.021886817157138694e+00
1.021887167542403940e+00
1.021888537166840027e+00
1.021888832384970858e+00
1.021889997056686816e+00
1.021888587633018819e+00
1.021888391155608478e+00
1.021887560912159820e+00
1.021887940068576306e+00
1.021889358378813117e+00
1.021889592228062860e+00
1.021890686531393921e+00
1.021889227034876058e+00
1.021889009428969430e+00
1.021888258976995090e+00
1.021888665954129305e+00
1.021890128390699370e+00
1.021890298006088216e+00
1.021891320670251124e+00
1.021889816254212047e+00
1.021889582168377775e+00
1.021888914921316616e+00
1.021889348437630574e+00
1.021890850246457427e+00
1.021890952949446651e+00
1.021891903021946213e+00
1.021890359025895645e+00
1.021890113040176518e+00
1.021889532040893611e+00
1.021889990495355338e+00
1.021891526753998081e+00
1.021891560074795979e+00
1.021892436927406944e+00
1.021890858858365281e+00
1.021890605462601354e+00
1.021890113374840370e+00
1.021890594859920842e+00
1.021892160504299873e+00
1.021892122202831876e+00
1.021892925535476504e+00
1.021891319048156443e+00
1.021891062620613688e+00
1.021890661721791549e+00
1.021891164037807886e+00
1.021892753889312111e+00
1.021892641974758487e+00
1.021893371817283569e+00
1.021891742693243454e+00
1.021891487479686944e+00
1.021891179655075810e+00
1.021891700325839647e+00
1.021893309118707682e+00
1.021893121867513354e+00
1.021893778579386458e+00
1.021892132705288558e+00
1.021891882798621864e+00
1.021891669536960423e+00
1.021892205826674616e+00
1.021893828235542756e+00
1.021893564207818628e+00
1.021894148475762432e+00
1.021892491820869830e+00
1.021892251141466090e+00
1.021892133532031899e+00
1.021892682463382940e+00
1.021894313130881304e+00
1.021893971185119376e+00
1.021894484018725624e+00
1.021892822611767393e+00
1.021892594888601291e+00
1.021892573619780364e+00
1.021893131993153681e+00
1.021894765557436191e+00
1.021894344863468751e+00
1.021894787588839781e+00
1.021893127494380327e+00
1.021892916247074012e+00
1.021892991606443646e+00
1.021893556020190719e+00
1.021895187142277006e+00
1.021894687192420825e+00
1.021895061443898189e+00
1.021893408738342668e+00
1.021893217260224862e+00
1.021893389136167674e+00
1.021893956007847049e+00
1.021895579398652831e+00
1.021895000016991517e+00
1.021895307727038293e+00
1.021893668474407546e+00
1.021893499816680428e+00
1.021893767701541611e+00
1.021894333290041645e+00
1.021895943736977452e+00
1.021895285086734884e+00
1.021895528474057624e+00
1.021893908701662301e+00
1.021893765658764330e+00
1.021894128653551448e+00
1.021894689082004870e+00
1.021896281475014767e+00
1.021895544063998518e+00
1.021895725619990980e+00
1.021894131294131647e+00
1.021894016390374471e+00
1.021894473211001353e+00
1.021895024490393045e+00
1.021896593847309909e+00
1.021895778531398902e+00
1.021895901005011265e+00
1.021894338006831493e+00
1.021894253484387338e+00
1.021894802469447194e+00
1.021895340522806173e+00
1.021896882013904939e+00
1.021895989998571785e+00
1.021896056379709261e+00
1.021894530481324281e+00
1.021894478289620434e+00
1.021895117409677312e+00
1.021895638096748549e+00
1.021897147068368206e+00
1.021896179908245106e+00
1.021896193409808751e+00
1.021894710250822902e+00
1.021894692037412122e+00
1.021895418905781394e+00
1.021895918048058016e+00
1.021897390045182874e+00
1.021896349641676416e+00
1.021896313680366042e+00
1.021894878744899815e+00
1.021894895847844653e+00
1.021895707732837666e+00
1.021896181138836956e+00
1.021897611926516181e+00
1.021896500523497675e+00
1.021896418699503872e+00
1.021895037293834241e+00
1.021895090735655209e+00
1.021895984574248351e+00
1.021896428064909657e+00
1.021897813648407816e+00
1.021896633826014034e+00
1.021896509901728534e+00
1.021895187132648708e+00
1.021895277615865627e+00
1.021896250028749620e+00
1.021896659462829593e+00
1.021897996106404083e+00
1.021896750772988138e+00
1.021896588650865967e+00
1.021895329404864938e+00
1.021895457309160093e+00
1.021896504617123558e+00
1.021896875916458169e+00
1.021898160160661817e+00
1.021896852542955259e+00
1.021896656242666790e+00
1.021895465166021033e+00
1.021895630547042133e+00
1.021896748788625242e+00
1.021897077963136446e+00
1.021898306640558252e+00
1.021896940272098764e+00
1.021896713907111121e+00
1.021895595386978162e+00
1.021895797976791975e+00
1.021896982927150699e+00
1.021897266099462076e+00
1.021898436348820161e+00
1.021897015056727032e+00
1.021896762810452497e+00
1.021895720957048059e+00
1.021895960166248729e+00
1.021897207357158166e+00
1.021897440786695199e+00
1.021898550065207356e+00
1.021897077955375988e+00
1.021896804057031982e+00
1.021895842686969313e+00
1.021896117608436017e+00
1.021897422349354656e+00
1.021897602455800191e+00
1.021898648549766309e+00
1.021897129990579245e+00
1.021896838690895093e+00
1.021895961311757972e+00
1.021896270726050604e+00
1.021897628126160917e+00
1.021897751512141017e+00
1.021898732545683419e+00
1.021897172150326938e+00
1.021896867697238642e+00
1.021896077493452459e+00
1.021896419875827577e+00
1.021897824866964566e+00
1.021897888339840632e+00
1.021898802781754156e+00
1.021897205389245222e+00
1.021896892003716584e+00
1.021896191823777222e+00
1.021896565352794939e+00
1.021898012713165382e+00
1.021898013305813091e+00
1.021898859974493146e+00
1.021897230629527309e+00
1.021896912481623731e+00
1.021896304826741764e+00
1.021896707394430948e+00
1.021898191773021658e+00
1.021898126763483905e+00
1.021898904829906307e+00
1.021897248761634458e+00
1.021896929946988219e+00
1.021896416961190823e+00
1.021896846184728647e+00
1.021898362126298920e+00
1.021898229056199536e+00
1.021898938044945027e+00
1.021897260644798244e+00
1.021896945161583803e+00
1.021896528623321920e+00
1.021896981858183562e+00
1.021898523828725480e+00
1.021898320520343795e+00
1.021898960308659010e+00
1.021897267107345852e+00
1.021896958833888647e+00
1.021896640149182245e+00
1.021897114503698356e+00
1.021898676916252136e+00
1.021898401488160246e+00
1.021898972303077358e+00
1.021897268946866832e+00
1.021896971620004146e+00
1.021896751817157334e+00
1.021897244168419761e+00
1.021898821409122915e+00
1.021898472290295734e+00
1.021898974703824514e+00
1.021897266930249293e+00
1.021896984124547991e+00
1.021896863850457304e+00
1.021897370861501786e+00
1.021898957315746426e+00
1.021898533258066344e+00
1.021898968180497969e+00
1.021897261793599299e+00
1.021896996901538790e+00
1.021896976419614633e+00
1.021897494557800989e+00
1.021899084636376687e+00
1.021898584725457582e+00
1.021898953396825682e+00
1.021897254242064346e+00
1.021897010455279808e+00
1.021897089644991263e+00
1.021897615201501353e+00
1.021899203366589681e+00
1.021898627030860318e+00
1.021898931010616796e+00
1.021897244949579120e+00
1.021897025241258694e+00
1.021897203599309689e+00
