1.000603444564682754e+00
1.000677302428246485e+00
1.000799173490130478e+00
1.000941617100532088e+00
1.001094876995406224e+00
1.001253977629364300e+00
1.001415851480293773e+00
1.001578442939829117e+00
1.001740364640840042e+00
1.001900736821810689e+00
1.002059090759567672e+00
1.002215293283846176e+00
1.002369477255315999e+00
1.002521974700324447e+00
1.002673254258811708e+00
1.002823865879613141e+00
1.002974394919966983e+00
1.003125426191286085e+00
1.003277516963232863e+00
1.003431177027521493e+00
1.003586853761420983e+00
1.003744920551683295e+00
1.003905667648672839e+00
1.004069295242913107e+00
1.004235909110088087e+00
1.004405519472181707e+00
1.004578043757537120e+00
1.004753313734857212e+00
1.004931087091136099e+00
1.005111062985839077e+00
1.005292900528767408e+00
1.005476238598856487e+00
1.005660715050337384e+00
1.005845983226659524e+00
1.006031723865622229e+00
1.006217650920774531e+00
1.006403510481141739e+00
1.006589072745512237e+00
1.006774117793356460e+00
1.006958416605211681e+00
1.007141709368036153e+00
1.007323683534371739e+00
1.007503954382138911e+00
1.007682050931083984e+00
1.007857409973432539e+00
1.008029380602456948e+00
1.008197240893749180e+00
1.008360227254737396e+00
1.008517575426172819e+00
1.008668570330662373e+00
1.008812600191431041e+00
1.008949208974386780e+00
1.009078140650204958e+00
1.009199369338625640e+00
1.009313111150600184e+00
1.009419816224250699e+00
1.009520142492637440e+00
1.009614915404610791e+00
1.009705079501413749e+00
1.009791648088045113e+00
1.009875656298698132e+00
1.009958121069398196e+00
1.010040009501992575e+00
1.010122215381468624e+00
1.010205542523034961e+00
1.010290693240250226e+00
1.010378260400103922e+00
1.010468722031436339e+00
1.010562438051379353e+00
1.010659649201918420e+00
1.010760478645299720e+00
1.010864936806998626e+00
1.010972929968993350e+00
1.011084272822307062e+00
1.011198704730816411e+00
1.011315908910817019e+00
1.011435533189485980e+00
1.011557210577802568e+00
1.011680577676738135e+00
1.011805288992013052e+00
1.011931025572923470e+00
1.012057496969291481e+00
1.012184436229740081e+00
1.012311588439285259e+00
1.012438694020770136e+00
1.012565468639432975e+00
1.012691582023440340e+00
1.012816638337629360e+00
1.012940160914571619e+00
1.013061584126824677e+00
1.013180254916941525e+00
1.013295445907379522e+00
1.013406381021026981e+00
1.013512273141287334e+00
1.013612371619876606e+00
1.013706015627942492e+00
1.013792687796064795e+00
1.013872061717576045e+00
1.013944037057887826e+00
1.014008757382387049e+00
1.014066608240517642e+00
1.014118196050196374e+00
1.014164311221371850e+00
1.014205881040585622e+00
1.014243918642829145e+00
1.014279473848459734e+00
1.014313590065686554e+00
1.014347269426717713e+00
1.014381446433469947e+00
1.014416969055990325e+00
1.014454585606566539e+00
1.014494935721826696e+00
1.014538544207161053e+00
1.014585817091771425e+00
1.014637039814922925e+00
1.014692377891148078e+00
1.014751880621834079e+00
1.014815488412693867e+00
1.014883044030607806e+00
1.014954307724864613e+00
1.015028975610361650e+00
1.015106700153475261e+00
1.015187111121361507e+00
1.015269835056058723e+00
1.015354511293012685e+00
1.015440802789179475e+00
1.015528400531826803e+00
1.015617020989745711e+00
1.015706396841104198e+00
1.015796261965687286e+00
1.015886332348231003e+00
1.015976285063296292e+00
1.016065737887651643e+00
1.016154232308053240e+00
1.016241222740480232e+00
1.016326074601990204e+00
1.016408073402925272e+00
1.016486446177107039e+00
1.016560395302204434e+00
1.016629143131678292e+00
1.016691984042484176e+00
1.016748338813842079e+00
1.016797805098417662e+00
1.016840197524528699e+00
1.016875571923464783e+00
1.016904230278335541e+00
1.016926705873614889e+00
1.016943731149449581e+00
1.016956193204804348e+00
1.016965083175179974e+00
1.016971445613245484e+00
1.016976332720394449e+00
1.016980766326051722e+00
1.016985708504995145e+00
1.016992040159383270e+00
1.017000546020172314e+00
1.017011904331940997e+00
1.017026679791835253e+00
1.017045318873743609e+00
1.017068147267470524e+00
1.017095369651233927e+00
1.017127072312517200e+00
1.017163229204195218e+00
1.017203711869950844e+00
1.017248303321887537e+00
1.017296715457646217e+00
1.017348609045527486e+00
1.017403614786518862e+00
1.017461353589100392e+00
1.017521454055399177e+00
1.017583565323717298e+00
1.017647363835392227e+00
1.017712553232589023e+00
1.017778857351238297e+00
1.017846007045023260e+00
1.017913722275542776e+00
1.017981691477676032e+00
1.018049550636874523e+00
1.018116864791311249e+00
1.018183114783828724e+00
1.018247691998010573e+00
1.018309903451489529e+00
1.018368988906568129e+00
1.018424150535416572e+00
1.018474594158223834e+00
1.018519579288979404e+00
1.018558473444978185e+00
1.018590804786482895e+00
1.018616306567357910e+00
1.018634947411617864e+00
1.018646943161724439e+00
1.018652748721509571e+00
1.018653031379918250e+00
1.018648629827796581e+00
1.018640504813602909e+00
1.018629687765538971e+00
1.018617232791547256e+00
1.018604175677950252e+00
1.018591501449654491e+00
1.018580120290953461e+00
1.018570850499526337e+00
1.018564406731339300e+00
1.018561391954315498e+00
1.018562292028478478e+00
1.018567472437136967e+00
1.018577177234016418e+00
1.018591530641480336e+00
1.018610541887209120e+00
1.018634113790686690e+00
1.018662055324047078e+00
1.018694097918395380e+00
1.018729914738704112e+00
1.018769141604294104e+00
1.018811397795918339e+00
1.018856304763016363e+00
1.018903500790417915e+00
1.018952650015343853e+00
1.019003444759545518e+00
1.019055600870610867e+00
1.019108846545414337e+00
1.019162905841748623e+00
1.019217478706052393e+00
1.019272219824977066e+00
1.019326718938119214e+00
1.019380485421056193e+00
1.019432939933759386e+00
1.019483415671038617e+00
1.019531171169133721e+00
1.019575415644593974e+00
1.019615346451284044e+00
1.019650196524886532e+00
1.019679287863559214e+00
1.019702085519250234e+00
1.019718245663995271e+00
1.019727651416465708e+00
1.019730431440406537e+00
1.019726958726073551e+00
1.019717829975577139e+00
1.019703828942473134e+00
1.019685879217088864e+00
1.019664992818044125e+00
1.019642220453687464e+00
1.019618607764910978e+00
1.019595159823018626e+00
1.019572814235273128e+00
1.019552421838743284e+00
1.019534733306328933e+00
1.019520389972737195e+00
1.019509917598433457e+00
1.019503722383292121e+00
1.019502089121177901e+00
1.019505181824719386e+00
1.019513047380957715e+00
1.019525622801567000e+00
1.019542746414307643e+00
1.019564172939981805e+00
1.019589591873824697e+00
1.019618648030989672e+00
1.019650962628868784e+00
1.019686152969084381e+00
1.019723848728135263e+00
1.019763703100005525e+00
1.019805397532056901e+00
1.019848639482844543e+00
1.019893153404583419e+00
1.019938665911848119e+00
1.019984886764307763e+00
1.020031487822627536e+00
1.020078082519167095e+00
1.020124208613696570e+00
1.020169317060031222e+00
1.020212769644385231e+00
1.020253847595625540e+00
1.020291772532646135e+00
1.020325739863133130e+00
1.020354963126371528e+00
1.020378725953418053e+00
1.020396436611050284e+00
1.020407678906581461e+00
1.020412252959554067e+00
1.020410200250924326e+00
1.020401809423523654e+00
1.020387602176663799e+00
1.020368301641598308e+00
1.020344788112853118e+00
1.020318048356060547e+00
1.020289124675803905e+00
1.020259068685948289e+00
1.020228902783452130e+00
1.020199590302603321e+00
1.020172013729263139e+00
1.020146959445950241e+00
1.020125107258839536e+00
1.020107023247807998e+00
1.020093155036586374e+00
1.020083829183072055e+00
1.020079250887769629e+00
1.020079506526296198e+00
1.020084569595003599e+00
1.020094310515796909e+00
1.020108510402598423e+00
1.020126878400314574e+00
1.020149071647922678e+00
1.020174716392435954e+00
1.020203428397901124e+00
1.020234830644016100e+00
1.020268566442747105e+00
1.020304306513862613e+00
1.020341749192707592e+00
1.020380613699968020e+00
1.020420627178100226e+00
1.020461506904566606e+00
1.020502939673295195e+00
1.020544560770853870e+00
1.020585935257147359e+00
1.020626544380192957e+00
1.020665779873677792e+00
1.020702948537660859e+00
1.020737288805671383e+00
1.020767999895414668e+00
1.020794282634854389e+00
1.020815389275912644e+00
1.020830677818628462e+00
1.020839664950016212e+00
1.020842071070857893e+00
1.020837851364266857e+00
1.020827208542539832e+00
1.020810585558003414e+00
1.020788639630243022e+00
1.020762201704186856e+00
1.020732227246230028e+00
1.020699744731381919e+00
1.020665807308557049e+00
1.020631451363842368e+00
1.020597663638140862e+00
1.020565356764913334e+00
1.020535351932133405e+00
1.020508366925998001e+00
1.020485007953018108e+00
1.020465764128022590e+00
1.020451004123416272e+00
1.020440975022561592e+00
1.020435803800548324e+00
1.020435502018811835e+00
1.020439974254288451e+00
1.020449030505512500e+00
1.020462402370138522e+00
1.020479762241864430e+00
1.020500744225332879e+00
1.020524965023571040e+00
1.020552042813446691e+00
1.020581612157213103e+00
1.020613333317800908e+00
1.020646894910949953e+00
1.020682009552783542e+00
1.020718402941495739e+00
1.020755797549762978e+00
1.020793892733177666e+00
1.020832343547170895e+00
1.020870740901686169e+00
1.020908595862301427e+00
1.020945330901706694e+00
1.020980280659336659e+00
1.021012704200124688e+00
1.021041809803217681e+00
1.021066791937482954e+00
1.021086878373471230e+00
1.021101383556796804e+00
1.021109762771866158e+00
1.021111660674504318e+00
1.021106947840181078e+00
1.021095740247514039e+00
1.021078398977494972e+00
1.021055510408098277e+00
1.021027850136608794e+00
1.020996336054828868e+00
1.020961976935964133e+00
1.020925822453290222e+00
1.020888919033755116e+00
1.020852273917918218e+00
1.020816827857575992e+00
1.020783435477773171e+00
1.020752851639610270e+00
1.020725722098797972e+00
1.020702577151565427e+00
1.020683827550434408e+00
1.020669762556603022e+00
1.020660550442623160e+00
1.020656242001000136e+00
1.020656777627890088e+00
1.020661998343365351e+00
1.020671660714268292e+00
1.020685455123679475e+00
1.020703026270536551e+00
1.020723994289830294e+00
1.020747974563488203e+00
1.020774594225294374e+00
1.020803503584634342e+00
1.020834381181549233e+00
1.020866931866999838e+00
1.020900878075411411e+00
1.020935945218738761e+00
1.020971842803539253e+00
1.021008243410918448e+00
1.021044762068873402e+00
1.021080938782512382e+00
1.021116227051969805e+00
1.021149991054094652e+00
1.021181513718327993e+00
1.021210017110134594e+00
1.021234695302449147e+00
1.021254758307184263e+00
1.021269483821580781e+00
1.021278271822540162e+00
1.021280695818900242e+00
1.021276544250907747e+00
1.021265846375201347e+00
1.021248878990139275e+00
1.021226153202544396e+00
1.021198383491020101e+00
1.021166443851571515e+00
1.021131317218908263e+00
1.021094044382579780e+00
1.021055677421379260e+00
1.021017240755250910e+00
1.020979700879479424e+00
1.020943944219796728e+00
1.020910761604033379e+00
1.020880837597192947e+00
1.020854743218829519e+00
1.020832931110873698e+00
1.020815732829214895e+00
1.020803358437749608e+00
1.020795898901627918e+00
1.020793331870208709e+00
1.020795531307229220e+00
1.020802281090179564e+00
1.020813292214244328e+00
1.020828222677640618e+00
1.020846698596045599e+00
1.020868334702256686e+00
1.020892752225389444e+00
1.020919592264416309e+00
1.020948523171753441e+00
1.020979241087168976e+00
1.021011463515796303e+00
1.021044916620708287e+00
1.021079317610994464e+00
1.021114354194275098e+00
1.021149663504691052e+00
1.021184813207923536e+00
1.021219287612584292e+00
1.021252481546870428e+00
1.021283704424866379e+00
1.021312196247142534e+00
1.021337156193100615e+00
1.021357782973094874e+00
1.021373324335982602e+00
1.021383131330419580e+00
1.021386711472623166e+00
1.021383774297424551e+00
1.021374263194768428e+00
1.021358369064369942e+00
1.021336523937043328e+00
1.021309375775368622e+00
1.021277748459768819e+00
1.021242592815549521e+00
1.021204935047152151e+00
1.021165828133500764e+00
1.021126309999109250e+00
1.021087370211256840e+00
1.021049925139488446e+00
1.021014800318535976e+00
1.020982718277473555e+00
1.020954290214763249e+00
1.020930010379152097e+00
1.020910252623513648e+00
1.020895269152124474e+00
1.020885191871630626e+00
1.020880036929747048e+00
1.020879712970388820e+00
1.020884033364610310e+00
1.020892732235175959e+00
1.020905483548483872e+00
1.020921921995774362e+00
1.020941663934200161e+00
1.020964326407914680e+00
1.020989542288670116e+00
1.021016969882374559e+00
1.021046295904006307e+00
1.021077231443955124e+00
1.021109501328989033e+00
1.021142828022923998e+00
1.021176911846968016e+00
1.021211409793809421e+00
1.021245915553406380e+00
1.021279943555476244e+00
1.021312919838360811e+00
1.021344182320489402e+00
1.021372992500245491e+00
1.021398559668810879e+00
1.021420077364468826e+00
1.021436770100949243e+00
1.021447946575908095e+00
1.021453053949646694e+00
1.021451726794671000e+00
1.021443824331790928e+00
1.021429450786112358e+00
1.021408956014999703e+00
1.021382916544570474e+00
1.021352100123420259e+00
1.021317419144320393e+00
1.021279879282542602e+00
1.021240529320398327e+00
1.021200416648852860e+00
1.021160550914560927e+00
1.021121876324134981e+00
1.021085251681535855e+00
1.021051436510769239e+00
1.021021081548560527e+00
1.020994722273679711e+00
1.020972774726598420e+00
1.020955533461317177e+00
1.020943171926534054e+00
1.020935745825610752e+00
1.020933200028975030e+00
1.020935379414555477e+00
1.020942043623849660e+00
1.020952885203238791e+00
1.020967550039062921e+00
1.020985658496245119e+00
1.021006825339824120e+00
1.021030676439090845e+00
1.021056860462254967e+00
1.021085054246359203e+00
1.021114961201906812e+00
1.021146302883154444e+00
1.021178804619863101e+00
1.021212176784074277e+00
1.021246093810649791e+00
1.021280173486969201e+00
1.021313959270480298e+00
1.021346908465807557e+00
1.021378388950859195e+00
1.021407686710944951e+00
1.021434025641283494e+00
1.021456599864352999e+00
1.021474617214593206e+00
1.021487350729360699e+00
1.021494193250284344e+00
1.021494708983364141e+00
1.021488675496178278e+00
1.021476110423270356e+00
1.021457279118541228e+00
1.021432682313871299e+00
1.021403025904394024e+00
1.021369177551251450e+00
1.021332116261399303e+00
1.021292881193323954e+00
1.021252524789113103e+00
1.021212073428843903e+00
1.021172496760565762e+00
1.021134685205560277e+00
1.021099434161673480e+00
1.021067433149424275e+00
1.021039258398784622e+00
1.021015367916393135e+00
1.020996098679634034e+00
1.020981666116559161e+00
1.020972166358512512e+00
1.020967581856770945e+00
1.020967790831664335e+00
1.020972580695519216e+00
1.020981665109534919e+00
1.020994703777300394e+00
1.021011323544679605e+00
1.021031138975578401e+00
1.021053770399066973e+00
1.021078857530412387e+00
1.021106067157414810e+00
1.021135093999673282e+00
1.021165654598414907e+00
1.021197474872428845e+00
1.021230272690819785e+00
1.021263737407747563e+00
1.021297508753416405e+00
1.021331157773214038e+00
1.021364172642783563e+00
1.021395952126707085e+00
1.021425809127943340e+00
1.021452986112961980e+00
1.021476683129671770e+00
1.021496097662637936e+00
1.021510473806008346e+00
1.021519156430584996e+00
1.021521644550135388e+00
1.021517637371908815e+00
1.021507066886219839e+00
1.021490112427106745e+00
1.021467195216303026e+00
1.021438953961762763e+00
1.021406205404387979e+00
1.021369895611606848e+00
1.021331048392132734e+00
1.021290716448700842e+00
1.021249939176489985e+00
1.021209708951625661e+00
1.021170945918111084e+00
1.021134480053363491e+00
1.021101038782382009e+00
1.021071238504573042e+00
1.021045578866316195e+00
1.021024439218213065e+00
1.021008077254871527e+00
1.020996630233991453e+00
1.020990119355861703e+00
1.020988457839512753e+00
1.020991462971608144e+00
1.020998871969231114e+00
1.021010360956366991e+00
1.021025565800070867e+00
1.021044103093867950e+00
1.021065589314362532e+00
1.021089656183035599e+00
1.021115960559324520e+00
1.021144187737146769e+00
1.021174047732410717e+00
1.021205264928834122e+00
1.021237562194895254e+00
1.021270641225638931e+00
1.021304161364041452e+00
1.021337719507568575e+00
1.021370833900221875e+00
1.021402934624458858e+00
1.021433363386559545e+00
1.021461384655027560e+00
1.021486209289525826e+00
1.021507030460130139e+00
1.021523069972890330e+00
1.021533631290481914e+00
1.021538153901925483e+00
1.021536262667615658e+00
1.021527805728171145e+00
1.021512875727330627e+00
1.021491811374170666e+00
1.021465179337552209e+00
1.021433739455096079e+00
1.021398398528784890e+00
1.021360159041156290e+00
1.021320068807463066e+00
1.021279176140375444e+00
1.021238493092341937e+00
1.021198967369151500e+00
1.021161462041700219e+00
1.021126741425833817e+00
1.021095461406088312e+00
1.021068162845826688e+00
1.021045267308845705e+00
1.021027074909181209e+00
1.021013764569334903e+00
1.021005397229696188e+00
1.021001922586756372e+00
1.021003189749442486e+00
1.021008961822576611e+00
1.021018933912741344e+00
1.021032753490451084e+00
1.021050041538468012e+00
1.021070412575767250e+00
1.021093491554130761e+00
1.021118925819261447e+00
1.021146390793898684e+00
1.021175588708159054e+00
1.021206240471735693e+00
1.021238071549829929e+00
1.021270793387797138e+00
1.021304082481357067e+00
1.021337559592880195e+00
1.021370771864855254e+00
1.021403180663293497e+00
1.021434157852953328e+00
1.021462992790994617e+00
1.021488911545537670e+00
1.021511108650891897e+00
1.021528790132350206e+00
1.021541224724347163e+00
1.021547798458982914e+00
1.021548066514450959e+00
1.021541795794216778e+00
1.021528992443938133e+00
1.021509910431061652e+00
1.021485040104782804e+00
1.021455078720371112e+00
1.021420887520465781e+00
1.021383441495083533e+00
1.021343778095335164e+00
1.021302950076050209e+00
1.021261985759463142e+00
1.021221857962620438e+00
1.021183461150992677e+00
1.021147595370097694e+00
1.021114955199127872e+00
1.021086122204374558e+00
1.021061559904083094e+00
1.021041610864166671e+00
1.021026496063606848e+00
1.021016317005999596e+00
1.021011061168842105e+00
1.021010611269509427e+00
1.021014758508314024e+00
1.021023219473429222e+00
1.021035655836453282e+00
1.021051695430870376e+00
1.021070952897005224e+00
1.021093047890949013e+00
1.021117618948552463e+00
1.021144331472178868e+00
1.021172878915497684e+00
1.021202976987802380e+00
1.021234351478169211e+00
1.021266721019464807e+00
1.021299776713022744e+00
1.021333160990858469e+00
1.021366448397045712e+00
1.021399131113788439e+00
1.021430612007885763e+00
1.021460207666571307e+00
1.021487163247031482e+00
1.021510679915495601e+00
1.021529954196414458e+00
1.021544226797153287e+00
1.021552836663946140e+00
1.021555274528770596e+00
1.021551229443190323e+00
1.021540622109821772e+00
1.021523620345193173e+00
1.021500634550991826e+00
1.021472294122677482e+00
1.021439408574187135e+00
1.021402919116904284e+00
1.021363847071805386e+00
1.021323244791988216e+00
1.021282153095331768e+00
1.021241567146264462e+00
1.021202410868562449e+00
1.021165518710207110e+00
1.021131623039056802e+00
1.021101345518716119e+00
1.021075191271176408e+00
1.021053545236963345e+00
1.021036670707638816e+00
1.021024710413435344e+00
1.021017690743671880e+00
1.021015529643233277e+00
1.021018048477543072e+00
1.021024987730309697e+00
1.021036025859992868e+00
1.021050800085350652e+00
1.021068927405163418e+00
1.021090023884663633e+00
1.021113720233888911e+00
1.021139671984352404e+00
1.021167563106348819e+00
1.021197102619041175e+00
1.021228014524603989e+00
1.021260022146641688e+00
1.021292828599891900e+00
1.021326095626042818e+00
1.021359423388466414e+00
1.021392334020890802e+00
1.021424261748459905e+00
1.021454552191296106e+00
1.021482472943037845e+00
1.021507236613862446e+00
1.021528036208402046e+00
1.021544091037815960e+00
1.021554699538161692e+00
1.021559293714587424e+00
1.021557488865737273e+00
1.021549122152668909e+00
1.021534274682020627e+00
1.021513274003500449e+00
1.021486676870868360e+00
1.021455235120489968e+00
1.021419849857839068e+00
1.021381520267778509e+00
1.021341293107035142e+00
1.021300217539694799e+00
1.021259307977670172e+00
1.021219515602579619e+00
1.021181707748837653e+00
1.021146653537096771e+00
1.021115014026109380e+00
1.021087335501882354e+00
1.021064045100618323e+00
1.021045448556787694e+00
1.021031730339149624e+00
1.021022956710293972e+00
1.021019082290755664e+00
1.021019960530343607e+00
1.021025358116825377e+00
1.021034972842847388e+00
1.021048453890579299e+00
1.021065422984412052e+00
1.021085494511991598e+00
1.021108292608579937e+00
1.021133463381243223e+00
1.021160680903605122e+00
1.021189646272348206e+00
1.021220079783751400e+00
1.021251707057936553e+00
1.021284240626852302e+00
1.021317359060525121e+00
1.021350686116748729e+00
1.021383772657273425e+00
1.021416084163733640e+00
1.021446996566948595e+00
1.021475802702960234e+00
1.021501730947459663e+00
1.021523976404872247e+00
1.021541743464958518e+00
1.021554296735914136e+00
1.021561015605010336e+00
1.021561446359640080e+00
1.021555345334841602e+00
1.021542707232987013e+00
1.021523774628656955e+00
1.021499027435451623e+00
1.021469154181135153e+00
1.021435009582901010e+00
1.021397564503382593e+00
1.021357854585553726e+00
1.021316932814614997e+00
1.021275829394780343e+00
1.021235520273860775e+00
1.021196903942456213e+00
1.021160785090206469e+00
1.021127863363643584e+00
1.021098725684018049e+00
1.021073841108807612e+00
1.021053557829125547e+00
1.021038102421314431e+00
1.021027581818291452e+00
1.021021988592008878e+00
1.021021210036021865e+00
1.021025041227280994e+00
1.021033201776429866e+00
1.021045355421560163e+00
1.021061131080522211e+00
1.021080143560017639e+00
1.021102011921636521e+00
1.021126373585123481e+00
1.021152892613408358e+00
1.021181261222644521e+00
1.021211194302622305e+00
1.021242417512495670e+00
1.021274650240786785e+00
1.021307585325768486e+00
1.021340867895291993e+00
1.021374075997007136e+00
1.021406705841763962e+00
1.021438164443315699e+00
1.021467772144373676e+00
1.021494776891785916e+00
1.021518381094639105e+00
1.021537780461219569e+00
1.021552212465198117e+00
1.021561010276900383e+00
1.021563656475606763e+00
1.021559830052517048e+00
1.021549440473607406e+00
1.021532644040217264e+00
1.021509840290242721e+00
1.021481649226150923e+00
1.021448873031500337e+00
1.021412447950614144e+00
1.021373392711779404e+00
1.021332759229318876e+00
1.021291589675456413e+00
1.021250881955981349e+00
1.021211563746561080e+00
1.021174473953230688e+00
1.021140349885930387e+00
1.021109818480703701e+00
1.021083390350968401e+00
1.021061456050296190e+00
1.021044284498212384e+00
1.021032023937332056e+00
1.021024705995515536e+00
1.021022253402903868e+00
1.021024491672214651e+00
1.021031164629481847e+00
1.021041953147316939e+00
1.021056495875637626e+00
1.021074410292985402e+00
1.021095312118098786e+00
1.021118831100896074e+00
1.021144621480105208e+00
1.021172365920423708e+00
1.021201772446083345e+00
1.021232564665965015e+00
1.021264466337612697e+00
1.021297181970093781e+00
1.021330375680302049e+00
1.021363650882278540e+00
1.021396533598895484e+00
1.021428462217864652e+00
1.021458786318052425e+00
1.021486776690593512e+00
1.021511647795412703e+00
1.021532592593448641e+00
1.021548828036777046e+00
1.021559647672590110e+00
1.021564476147438505e+00
1.021562919296499672e+00
1.021554803360662511e+00
1.021540197923204829e+00
1.021519419342543422e+00
1.021493014386582798e+00
1.021461726792977975e+00
1.021426451861192852e+00
1.021388185370909696e+00
1.021347972925643832e+00
1.021306864465286957e+00
1.021265876706407560e+00
1.021225964270748188e+00
1.021187998736112768e+00
1.021152754019555742e+00
1.021120896354249741e+00
1.021092977455770434e+00
1.021069430045768556e+00
1.021050565498705875e+00
1.021036573856639373e+00
1.021027526739920699e+00
1.021023383737837964e+00
1.021024002694729482e+00
1.021029153942544898e+00
1.021038538026245224e+00
1.021051805907234433e+00
1.021068580116013980e+00
1.021088474965680781e+00
1.021111113819909599e+00
1.021136141577154266e+00
1.021163230975505209e+00
1.021192081975583310e+00
1.021222414243394994e+00
1.021253953526428893e+00
1.021286413409751237e+00
1.021319474503962432e+00
1.021352763534494557e+00
1.021385835066874082e+00
1.021418158701205448e+00
1.021449114460639906e+00
1.021477998713153479e+00
1.021504042222550535e+00
1.021526440768624422e+00
1.021544397228780987e+00
1.021557172215399545e+00
1.021564138595012938e+00
1.021564833867403932e+00
1.021559003868472093e+00
1.021546631883912148e+00
1.021527949076820985e+00
1.021503424865689347e+00
1.021473738960637423e+00
1.021439739446452721e+00
1.021402392948855820e+00
1.021362733202450190e+00
1.021321813339522322e+00
1.021280665382961805e+00
1.021240268367225701e+00
1.021201524779970171e+00
1.021165243939036404e+00
1.021132130551084760e+00
1.021102776891533725e+00
1.021077657561751728e+00
1.021057126388333014e+00
1.021041415561795507e+00
1.021030637468898661e+00
1.021024789809215294e+00
1.021023764494534358e+00
1.021027360528588890e+00
1.021035300600718898e+00
1.021047250574618204e+00
1.021062840510398750e+00
1.021081685433312458e+00
1.021103403852601677e+00
1.021127632100581106e+00
1.021154032913855314e+00
1.021182297268179440e+00
1.021212139216296499e+00
1.021243284258170680e+00
1.021275452501267278e+00
1.021308338481925926e+00
1.021341589988758569e+00
1.021374788547968038e+00
1.021407434390226188e+00
1.021438938689086973e+00
1.021468625581330780e+00
1.021495745869585914e+00
1.021519503298066844e+00
1.021539092872068011e+00
1.021553748956404828e+00
1.021562799069405170e+00
1.021565717746269142e+00
1.021562173997380807e+00
1.021552066092054734e+00
1.021535538811930710e+00
1.021512980783967350e+00
1.021485002536106634e+00
1.021452398818319507e+00
1.021416100797235771e+00
1.021377124503171530e+00
1.021336521320840962e+00
1.021295334704916735e+00
1.021254565249919644e+00
1.021215144347514370e+00
1.021177915338844056e+00
1.021143620462260149e+00
1.021112891919162324e+00
1.021086245812531823e+00
1.021064078312216461e+00
1.021046663974797486e+00
1.021034156571440032e+00
1.021026592992933857e+00
1.021023900787894068e+00
1.021025909658060282e+00
1.021032366820533888e+00
1.021042955615111048e+00
1.021057316176447127e+00
1.021075066512596052e+00
1.021095822037342504e+00
1.021119211570020280e+00
1.021144888071500834e+00
1.021172532900165075e+00
1.021201853069632515e+00
1.021232571767195063e+00
1.021264413147199734e+00
1.021297083071966316e+00
1.021330247994251872e+00
1.021363514547289908e+00
1.021396412625661387e+00
1.021428384781998266e+00
1.021458784580688839e+00
1.021486886064268518e+00
1.021511905623300187e+00
