1.000603444564682754e+00
1.000676713803721807e+00
1.000795932120205567e+00
1.000932514248151550e+00
1.001078376556179705e+00
1.001233332362705841e+00
1.001398918112104575e+00
1.001574788033687158e+00
1.001758571192917557e+00
1.001947535446271909e+00
1.002139291175057068e+00
1.002330759161408347e+00
1.002517687450150241e+00
1.002696841154346208e+00
1.002869161886171812e+00
1.003039862853915221e+00
1.003214749213673596e+00
1.003396571285029015e+00
1.003584511797464218e+00
1.003776105883971592e+00
1.003968791497273694e+00
1.004159519438800885e+00
1.004344092312944747e+00
1.004518839626659776e+00
1.004683943781800259e+00
1.004844440849415488e+00
1.005007021652060351e+00
1.005175818217027839e+00
1.005350992382980646e+00
1.005530299476808498e+00
1.005711022483329664e+00
1.005890104669257212e+00
1.006063385807746791e+00
1.006226704962495777e+00
1.006379173001731964e+00
1.006525041754326333e+00
1.006671288498979688e+00
1.006823132191858150e+00
1.006981739953798805e+00
1.007145249948139476e+00
1.007310900208481019e+00
1.007475674013185385e+00
1.007635556974349811e+00
1.007786068272309432e+00
1.007925265405641868e+00
1.008056331488934809e+00
1.008186128434998885e+00
1.008320739779633879e+00
1.008462370134792785e+00
1.008609689299826861e+00
1.008759980353129748e+00
1.008910274388863160e+00
1.009056767238115437e+00
1.009194840792447145e+00
1.009321622412650221e+00
1.009439076896328613e+00
1.009553617057358466e+00
1.009671964517208087e+00
1.009797369739857231e+00
1.009929173593448359e+00
1.010064797081031251e+00
1.010201308551510468e+00
1.010335131109007634e+00
1.010461667769091854e+00
1.010577292607321098e+00
1.010682701456576460e+00
1.010783574992609735e+00
1.010887027051937670e+00
1.010997325913355560e+00
1.011114610890181398e+00
1.011236547831760646e+00
1.011360234174196071e+00
1.011482301461103628e+00
1.011598294796752562e+00
1.011704035905584220e+00
1.011798981684391308e+00
1.011887848319959815e+00
1.011977874869293581e+00
1.012074273732152641e+00
1.012178089990053875e+00
1.012287357164300516e+00
1.012399211058762738e+00
1.012510451422328206e+00
1.012616844760079626e+00
1.012713863860755126e+00
1.012799822990902987e+00
1.012878298384209508e+00
1.012956373588790315e+00
1.013040081233512080e+00
1.013131449843348131e+00
1.013229014695543828e+00
1.013329985142406464e+00
1.013431281482586543e+00
1.013528930350915847e+00
1.013618244842464211e+00
1.013696544886892204e+00
1.013766155319021145e+00
1.013833723231111206e+00
1.013905928042840632e+00
1.013985820880426214e+00
1.014072575844129354e+00
1.014163539793164759e+00
1.014255710846918124e+00
1.014345378670032716e+00
1.014427859095301088e+00
1.014499662447016615e+00
1.014561819150628263e+00
1.014620275158388818e+00
1.014682139070590905e+00
1.014751478146194819e+00
1.014828235452581717e+00
1.014909986688919297e+00
1.014993780330958772e+00
1.015076143767817962e+00
1.015152522521573619e+00
1.015218821871333388e+00
1.015274803030535411e+00
1.015325479177332513e+00
1.015378135805520721e+00
1.015437799399148355e+00
1.015505294854549323e+00
1.015578540707749999e+00
1.015654631533577490e+00
1.015730288675235515e+00
1.015801174287995323e+00
1.015862796387518197e+00
1.015913735001489515e+00
1.015957886956582179e+00
1.016002440684594443e+00
1.016053272524825024e+00
1.016112174739864926e+00
1.016177538104367173e+00
1.016246527340255668e+00
1.016316006440102893e+00
1.016381900750284117e+00
1.016439516735019755e+00
1.016486394022657835e+00
1.016525189145704111e+00
1.016562713562129572e+00
1.016605532902584486e+00
1.016656455915024182e+00
1.016714481336068676e+00
1.016776898316788191e+00
1.016840665726245652e+00
1.016901981755311990e+00
1.016956122177699706e+00
1.016999766082963941e+00
1.017034272326099220e+00
1.017065806782702975e+00
1.017101417557123355e+00
1.017144935028873043e+00
1.017196097768827467e+00
1.017252402568466163e+00
1.017310869080121138e+00
1.017367947850333465e+00
1.017419020601502799e+00
1.017460108939965080e+00
1.017491284777987781e+00
1.017517828435421379e+00
1.017547026152330059e+00
1.017583685672033500e+00
1.017628402868060444e+00
1.017678989998511696e+00
1.017732515379383473e+00
1.017785640512483880e+00
1.017833950068594673e+00
1.017873017913028644e+00
1.017901703947038383e+00
1.017924207363963163e+00
1.017947782967774772e+00
1.017978119415745564e+00
1.018016762663400021e+00
1.018061966015771924e+00
1.018110862016091689e+00
1.018160271529992889e+00
1.018206038243692602e+00
1.018243489089434517e+00
1.018270402179162648e+00
1.018289757035768961e+00
1.018308497406831048e+00
1.018333044650318708e+00
1.018365953464076545e+00
1.018406052746911206e+00
1.018450585176831069e+00
1.018496480342406807e+00
1.018539858729530234e+00
1.018575978794559633e+00
1.018601709498201169e+00
1.018618737360047044e+00
1.018633422421769907e+00
1.018652722770696517e+00
1.018680218369201640e+00
1.018715447200499113e+00
1.018755837776647244e+00
1.018798389208781074e+00
1.018839484379320925e+00
1.018874459172089519e+00
1.018899472998439082e+00
1.018914914168088437e+00
1.018926310787914513e+00
1.018940921722443882e+00
1.018963320528979866e+00
1.018993876144474342e+00
1.019030304775680795e+00
1.019069656152400194e+00
1.019108537745352372e+00
1.019142469868578038e+00
1.019167112482882942e+00
1.019181616007790003e+00
1.019190469088312012e+00
1.019200966847457979e+00
1.019218593049456834e+00
1.019244647377152369e+00
1.019277255440288688e+00
1.019313525401090992e+00
1.019350238622959814e+00
1.019383165722690165e+00
1.019407671875741661e+00
1.019421787704712923e+00
1.019428809082513432e+00
1.019435788822313782e+00
1.019448985328699653e+00
1.019470696999685400e+00
1.019499591989815990e+00
1.019532874867558059e+00
1.019567448495413586e+00
1.019599360318079295e+00
1.019623865938937390e+00
1.019638040051614070e+00
1.019643896035228758e+00
1.019647968438229579e+00
1.019657105613387404e+00
1.019674632352182142e+00
1.019699894098993420e+00
1.019730260184525061e+00
1.019762711654193632e+00
1.019793565322044682e+00
1.019818121960295532e+00
1.019832695042195425e+00
1.019837993590239744e+00
1.019839778028348576e+00
1.019845259659782677e+00
1.019858770426111505e+00
1.019880458868427819e+00
1.019907954887857127e+00
1.019938292822095027e+00
1.019968025652317145e+00
1.019992616294815191e+00
1.020007826215940661e+00
1.020013104845925778e+00
1.020013219449612984e+00
1.020015485518205089e+00
1.020025171749736170e+00
1.020043336069295092e+00
1.020067986470782451e+00
1.020096211191418245e+00
1.020124750638687017e+00
1.020149305866124401e+00
1.020165293878732671e+00
1.020171009381733995e+00
1.020170058627259513e+00
1.020169584594512013e+00
1.020175669917616990e+00
1.020190358668965125e+00
1.020212168177628609e+00
1.020238270875846176e+00
1.020265541446980784e+00
1.020289954934127552e+00
1.020306775175973790e+00
1.020313296083544152e+00
1.020311856748078227e+00
1.020309149255579584e+00
1.020311897080338426e+00
1.020323168828645155e+00
1.020342126549876216e+00
1.020366087851831249e+00
1.020392015102399075e+00
1.020416157589814743e+00
1.020433789201610431e+00
1.020441391718165391e+00
1.020439998238847013e+00
1.020435587329806104e+00
1.020435305821101535e+00
1.020443239720052464e+00
1.020459324872972084e+00
1.020481113530914641e+00
1.020505625487921897e+00
1.020529356543009136e+00
1.020547717512219510e+00
1.020556585313847409e+00
1.020555715690699472e+00
1.020550143903268925e+00
1.020547187920840759e+00
1.020551893627444251e+00
1.020565082792407319e+00
1.020584655157067644e+00
1.020607681703016301e+00
1.020630858821882647e+00
1.020649820565354249e+00
1.020660048512039175e+00
1.020660111893317179e+00
1.020653920823588745e+00
1.020648690552840687e+00
1.020650316878660036e+00
1.020660592464888161e+00
1.020677893261599856e+00
1.020699364150363442e+00
1.020721849006000159e+00
1.020741250703672831e+00
1.020752852159523272e+00
1.020754179131541539e+00
1.020747894296017089e+00
1.020740830451713155e+00
1.020739572183050115e+00
1.020746931679373137e+00
1.020761896432506255e+00
1.020781738677817962e+00
1.020803400572824149e+00
1.020823062354859534e+00
1.020835979501756308e+00
1.020838815880106276e+00
1.020832930893892598e+00
1.020824506571729184e+00
1.020820608949320807e+00
1.020825074420880885e+00
1.020837633667467159e+00
1.020855769046238315e+00
1.020876485860299443e+00
1.020896220113268527e+00
1.020910336410744357e+00
1.020914841019204822e+00
1.020909802217893514e+00
1.020900511689492696e+00
1.020894272120588919e+00
1.020895899358524428e+00
1.020905984583759807e+00
1.020922327930318119e+00
1.020941985047217893e+00
1.020961605320142684e+00
1.020976759128779054e+00
1.020983005692518653e+00
1.020979198339121652e+00
1.020969543321290862e+00
1.020961310007014511e+00
1.020960196722509039e+00
1.020967747757758559e+00
1.020982206598812336e+00
1.021000694441473122e+00
1.021020021676693590e+00
1.021036020030201108e+00
1.021044002944410556e+00
1.021041740065452119e+00
1.021032214223263512e+00
1.021022381527022294e+00
1.021018673999211757e+00
1.021023647464110562e+00
1.021036123371050541e+00
1.021053334256099454e+00
1.021072200321012202e+00
1.021088831896913351e+00
1.021098475303775732e+00
1.021097989993434041e+00
1.021089062631062028e+00
1.021078063192442986e+00
1.021071960826204439e+00
1.021074339081014859e+00
1.021084730914094019e+00
1.021100555954297828e+00
1.021118804687487946e+00
1.021135851172154663e+00
1.021147020523532012e+00
1.021148462260483836e+00
1.021140562283987530e+00
1.021128856094080106e+00
1.021120613416978795e+00
1.021120413422648809e+00
1.021128622431515920e+00
1.021142949164663083e+00
1.021160435355955798e+00
1.021177680605216409e+00
1.021190195728785000e+00
1.021193630899891236e+00
1.021187132176025081e+00
1.021175193063219799e+00
1.021165118793150084e+00
1.021162400251375058e+00
1.021168336799152421e+00
1.021181048111017065e+00
1.021197634994459591e+00
1.021214871632631027e+00
1.021228520264287010e+00
1.021233936723791924e+00
1.021229145891919821e+00
1.021217446101789328e+00
1.021205899052531674e+00
1.021200771209814562e+00
1.021204362721098491e+00
1.021215337469294049e+00
1.021230893409672991e+00
1.021247926764461633e+00
1.021262477555223258e+00
1.021269792710557844e+00
1.021266940328697359e+00
1.021255934090264050e+00
1.021243315854467149e+00
1.021235942396273799e+00
1.021237142004899567e+00
1.021246257556275960e+00
1.021260652646326150e+00
1.021277302163062561e+00
1.021292516299881603e+00
1.021301587942677003e+00
1.021300823577798500e+00
1.021290930700875066e+00
1.021277675257023398e+00
1.021268276787384632e+00
1.021267072082139959e+00
1.021274208768947922e+00
1.021287312023788640e+00
1.021303410520939536e+00
1.021319051297017833e+00
1.021329690216613795e+00
1.021331081752793857e+00
1.021322672368896178e+00
1.021309232991171934e+00
1.021298086690481721e+00
1.021294507924032535e+00
1.021299555224224775e+00
1.021311232965546933e+00
1.021326624268384720e+00
1.021342464176314691e+00
1.021354447515063324e+00
1.021357984590420820e+00
1.021351366113278702e+00
1.021338200202540181e+00
1.021325636385777447e+00
1.021319763517558599e+00
1.021322627590957266e+00
1.021332743465779958e+00
1.021347279074097836e+00
1.021363104250889275e+00
1.021376188584464328e+00
1.021381789722060507e+00
1.021377196956746003e+00
1.021364749631215263e+00
1.021351145094067991e+00
1.021343113074848930e+00
1.021343725152892290e+00
1.021352142045759859e+00
1.021365677546317130e+00
1.021381289651133617e+00
1.021395222890512766e+00
1.021402745598736006e+00
1.021400334681016542e+00
1.021389022136462321e+00
1.021374790377568953e+00
1.021364792147575029e+00
1.021363117186423697e+00
1.021369701079102299e+00
1.021382093000720914e+00
1.021397308834336659e+00
1.021411840229581092e+00
1.021421093143263015e+00
1.021420939668756800e+00
1.021411133410669692e+00
1.021396712047015543e+00
1.021384998810853872e+00
1.021381043775181130e+00
1.021385669405276753e+00
1.021396773136474145e+00
1.021411422499395982e+00
1.021426310255856951e+00
1.021437066286263740e+00
1.021439167629907052e+00
1.021431180671983574e+00
1.021417016605300709e+00
1.021403895068985879e+00
1.021397716211249751e+00
1.021400274200213065e+00
1.021409943454324232e+00
1.021423865874963255e+00
1.021438882146473048e+00
1.021450891608242983e+00
1.021455173081402545e+00
1.021449249085706334e+00
1.021435782206317144e+00
1.021421608618536148e+00
1.021413317148841760e+00
1.021413722125579682e+00
1.021421810260618734e+00
1.021434851296532775e+00
1.021449784575136466e+00
1.021462787351331114e+00
1.021469111537453678e+00
1.021465417647888785e+00
1.021453064049282489e+00
1.021438235081792989e+00
1.021428000681450454e+00
1.021426199828507242e+00
1.021432563127226523e+00
1.021444570946732799e+00
1.021459226104374451e+00
1.021472962079018831e+00
1.021481140461311998e+00
1.021479764275734503e+00
1.021468900068201791e+00
1.021453840793517642e+00
1.021441892510059235e+00
1.021437873906155369e+00
1.021442376716808376e+00
1.021453199606038087e+00
1.021467396042978315e+00
1.021481613251451481e+00
1.021491419117076971e+00
1.021492369889689611e+00
1.021483316719955514e+00
1.021468466184410673e+00
1.021455090359941531e+00
1.021448890480989302e+00
1.021451411931390885e+00
1.021460897250006994e+00
1.021474465753501537e+00
1.021488925951303806e+00
1.021500107531239765e+00
1.021503321338194548e+00
1.021496334630752401e+00
1.021482129755320933e+00
1.021467664788006768e+00
1.021459374551490162e+00
1.021459816394534315e+00
1.021467811334675790e+00
1.021480590339274963e+00
1.021495071946268096e+00
1.021507364821153452e+00
1.021512713100630299e+00
1.021507973837338934e+00
1.021494832578677014e+00
1.021479660501117603e+00
1.021469429290091213e+00
1.021467724328014137e+00
1.021474078633278104e+00
1.021485910595233193e+00
1.021500209214687427e+00
1.021513347168248931e+00
1.021520647796634762e+00
1.021518258362428933e+00
1.021506563202069895e+00
1.021491098276825937e+00
1.021479135457588061e+00
1.021475255927809744e+00
1.021479826522884160e+00
1.021490555075004636e+00
1.021504481996568181e+00
1.021518205708096705e+00
1.021527235619138718e+00
1.021527219895896010e+00
1.021517302769857638e+00
1.021501977539828410e+00
1.021488551093605368e+00
1.021482516377523186e+00
1.021485173665133583e+00
1.021494642110411410e+00
1.021508021368496166e+00
1.021522084580774870e+00
1.021532592883480639e+00
1.021534900412401470e+00
1.021527030129969704e+00
1.021512279599386952e+00
1.021497711627398219e+00
1.021489594658274713e+00
1.021490230076033123e+00
1.021498281619816595e+00
1.021510946282586874e+00
1.021525119338565046e+00
1.021536839937814634e+00
1.021541353635999627e+00
1.021535726663037824e+00
1.021521971496215597e+00
1.021506630532401871e+00
1.021496562323029433e+00
1.021495096630452348e+00
1.021501576558551116e+00
1.021513364960663806e+00
1.021527435849721055e+00
1.021540098706654076e+00
1.021546645353176963e+00
1.021543380566299897e+00
1.021531010345528401e+00
1.021515300620272848e+00
1.021503472402203627e+00
1.021499864092201282e+00
1.021504623896205111e+00
1.021515376498816297e+00
1.021529149772818057e+00
1.021542490139409010e+00
1.021550852666324616e+00
1.021549990349029713e+00
1.021539348002042047e+00
1.021523696033937334e+00
1.021510358598828550e+00
1.021504611796325124e+00
1.021507515048579950e+00
1.021517072516692881e+00
1.021530366611446361e+00
1.021544131812057721e+00
1.021554062358714932e+00
1.021555567348722215e+00
1.021546935820367263e+00
1.021531774953276406e+00
1.021517234917325379e+00
1.021509406134061937e+00
1.021510335741846687e+00
1.021518538681786215e+00
1.021531182298674789e+00
1.021545135887358846e+00
1.021556368600814668e+00
1.021560137152621062e+00
1.021553729248688036e+00
1.021539482972168233e+00
1.021524095850454117e+00
1.021514299002601378e+00
1.021513165337593732e+00
1.021519855951674938e+00
1.021531684209035173e+00
1.021545607583119519e+00
1.021557870261125434e+00
1.021563739898398104e+00
1.021559691982165230e+00
1.021546757044650811e+00
1.021530917223279378e+00
1.021519326383014015e+00
1.021516075694581138e+00
1.021521101405404419e+00
1.021531952456347536e+00
1.021545644234866934e+00
1.021558668091361533e+00
1.021566429519655372e+00
1.021564799419632186e+00
1.021553529836365382e+00
1.021537657759230111e+00
1.021524507203004362e+00
1.021519129681647708e+00
1.021522348575940153e+00
1.021532061311148709e+00
1.021545334974392150e+00
1.021558862037829973e+00
1.021568272085040086e+00
1.021569041213167939e+00
1.021559734262430741e+00
1.021544261390162411e+00
1.021529842628493334e+00
1.021522379483384313e+00
1.021523667244455424e+00
1.021532080563435141e+00
1.021544760984056888e+00
1.021558548892647078e+00
1.021569343444525657e+00
1.021572422770802957e+00
1.021565307952719603e+00
1.021550660279807232e+00
1.021535315910236719e+00
1.021525864855134635e+00
1.021525122708849542e+00
1.021532076665315980e+00
1.021543996232871176e+00
1.021557820445591069e+00
1.021569726436698744e+00
1.021574965659693968e+00
1.021570197367825950e+00
1.021556778470474214e+00
1.021540892888017860e+00
1.021529611487850930e+00
1.021526774587841802e+00
1.021532113513093698e+00
1.021543108557924961e+00
1.021556762235837468e+00
1.021569507924453779e+00
1.021576706949753666e+00
1.021574361299137257e+00
1.021562536001171750e+00
1.021546523223725078e+00
1.021533629638736063e+00
1.021528675263444486e+00
1.021532252766613524e+00
1.021542160926646403e+00
1.021555452938236908e+00
1.021568775914688532e+00
1.021577697624364678e+00
1.021577773525802701e+00
1.021567853288247729e+00
1.021552142394224649e+00
1.021537913172647194e+00
1.021530868095162692e+00
1.021532553651377073e+00
1.021541212703432677e+00
1.021553964356292532e+00
1.021567616984274451e+00
1.021578000255217722e+00
1.021580424466872694e+00
1.021572655515337935e+00
1.021557674424959927e+00
1.021542439143096281e+00
1.021533385557549689e+00
1.021533072240685014e+00
1.021540320749233288e+00
1.021552361938143250e+00
1.021566114185154195e+00
1.021577686185396683e+00
1.021582321751129063e+00
1.021576876755809327e+00
1.021563035287414323e+00
1.021547168019916629e+00
1.021536247459592595e+00
1.021533860265521731e+00
1.021539540204056573e+00
1.021550705686588234e+00
1.021564345541804197e+00
1.021576832485361574e+00
1.021583489719772420e+00
1.021580463554063289e+00
1.021568136822134765e+00
1.021552044641814039e+00
1.021539459401982430e+00
1.021534963543892394e+00
1.021538924837995133e+00
1.021549051302562683e+00
1.021562383190260492e+00
1.021575518941017169e+00
1.021583967966609219e+00
1.021583377724518682e+00
1.021572890990339433e+00
1.021556999934279508e+00
1.021543011619093111e+00
1.021536420155084057e+00
1.021538526902394883e+00
1.021547451385678595e+00
1.021560293144687437e+00
1.021573825304891603e+00
1.021583809095886863e+00
1.021585598186852462e+00
1.021577214209106188e+00
1.021561953385929034e+00
1.021546878337840081e+00
1.021538258505916508e+00
1.021538396464301446e+00
1.021545956516453080e+00
1.021558135619804464e+00
1.021571828995727849e+00
1.021583075931531859e+00
1.021587121736728276e+00
1.021581031495899961e+00
1.021566816220415230e+00
1.021551017765580216e+00
1.021540495445772301e+00
1.021538580258805951e+00
1.021544616062525890e+00
1.021555965789447296e+00
1.021569603374382185e+00
1.021581838438970768e+00
1.021587962743065958e+00
1.021584280144488321e+00
1.021571495140182861e+00
1.021555372792469996e+00
1.021543134587049373e+00
1.021539120140118273e+00
1.021543478583688547e+00
1.021553834826452789e+00
1.021567216660630439e+00
1.021580170621699812e+00
1.021588151854395221e+00
1.021586912679594228e+00
1.021575896458438715e+00
1.021559872458470686e+00
1.021546164980097871e+00
1.021540051248934766e+00
1.021542591754569518e+00
1.021551791049303493e+00
1.021564731491750644e+00
1.021578147631970523e+00
1.021587733876866633e+00
1.021588898891147679e+00
1.021579930384362900e+00
1.021564434190297632e+00
1.021549560278476987e+00
1.021541400038459724e+00
1.021542001774578878e+00
1.021549880997868254e+00
1.021562205064400652e+00
1.021575843293215158e+00
1.021586765046208933e+00
1.021590226825340952e+00
1.021583515192050706e+00
1.021568966759670793e+00
1.021553278511861951e+00
1.021543182314095910e+00
1.021541752286811766e+00
1.021548150274276034e+00
1.021559689750609401e+00
1.021573328176850204e+00
1.021585309950149512e+00
1.021590902699846648e+00
1.021586580993172344e+00
1.021573373854189670e+00
1.021557262559110058e+00
1.021545401443963552e+00
1.021541882875656171e+00
1.021546644014101446e+00
1.021557234040184614e+00
1.021570668313833696e+00
1.021583438365310181e+00
1.021590949803279136e+00
1.021589072851356139e+00
1.021577558091405713e+00
1.021561441381089175e+00
1.021548046891520345e+00
1.021542427252302154e+00
1.021545406894631025e+00
1.021554883638133404e+00
1.021567924557269968e+00
1.021581222255377508e+00
1.021590406522858707e+00
1.021590953023131076e+00
1.021581425252447328e+00
1.021565732030447204e+00
1.021551093209671635e+00
1.021543411265259493e+00
1.021544482636574713e+00
1.021552682538393375e+00
1.021565152551536348e+00
1.021578733139847373e+00
1.021589323709693131e+00
1.021592202181663023e+00
1.021584888472092612e+00
1.021570042403666889e+00
1.021554499618644973e+00
1.021544850888611133e+00
1.021543913007891824e+00
1.021550673904764395e+00
1.021562403210185099e+00
1.021576039990426343e+00
1.021587761631965741e+00
1.021592819567218591e+00
1.021587872105129469e+00
1.021574274641822822e+00
1.021558210266811706e+00
1.021546750345262211e+00
1.021543736387921397e+00
1.021548900615430355e+00
1.021559723563044031e+00
1.021573207751175438e+00
1.021585786780402794e+00
1.021592822101489162e+00
1.021590314999547111e+00
1.021578329025285781e+00
1.021562155242928149e+00
1.021549100518360120e+00
1.021543985991965942e+00
1.021547405366315164e+00
1.021557157805336402e+00
1.021570296514388243e+00
1.021583468779026393e+00
1.021592242589991262e+00
1.021592172946956367e+00
1.021582108151001034e+00
1.021566252368286243e+00
1.021551877793526630e+00
1.021544687887430580e+00
1.021546230276582534e+00
1.021554748370162802e+00
1.021567361322105016e+00
1.021580877621264261e+00
1.021591127207540417e+00
1.021593420146531539e+00
1.021585521137061470e+00
1.021570409747653230e+00
1.021555043458752587e+00
1.021545858951244279e+00
1.021545415991736094e+00
1.021552536851075166e+00
1.021564452507672360e+00
1.021578081402382931e+00
1.021589532509164844e+00
1.021594049603346654e+00
1.021588487576024828e+00
1.021574529000366383e+00
1.021558543767342453e+00
1.021547504925405914e+00
1.021545000330482011e+00
1.021550564623188606e+00
1.021561616446776455e+00
1.021575144659865764e+00
1.021587522229605582e+00
1.021594072474885984e+00
1.021590940961884186e+00
1.021578509031765503e+00
1.021562310740659507e+00
1.021549618725313469e+00
1.021545016565745811e+00
1.021548873047116057e+00
1.021558896556005624e+00
1.021572127369531069e+00
1.021585164129250822e+00
1.021593516469173402e+00
1.021592831348303587e+00
1.021582250146664705e+00
1.021566263749862591e+00
1.021552179146464567e+00
1.021545491464162403e+00
1.021547503186247319e+00
1.021556334361384932e+00
1.021569084582153453e+00
1.021582527116343897e+00
1.021592423473628219e+00
1.021594127055662993e+00
1.021585658258718166e+00
1.021570311868559955e+00
1.021555150100617038e+00
1.021546443230061163e+00
1.021546495019531875e+00
1.021553970460496119e+00
1.021566066627816127e+00
1.021579678829697801e+00
1.021590846647433937e+00
1.021594815325252315e+00
1.021588648920428222e+00
1.021574356932471339e+00
1.021558480492575249e+00
1.021547879509801859e+00
1.021545886183512053e+00
1.021551845219592414e+00
1.021563119767309846e+00
1.021576683808815833e+00
1.021588847237721032e+00
1.021594901910879649e+00
1.021591150894964883e+00
1.021578297181414685e+00
1.021562104822098860e+00
1.021549795612220590e+00
1.021545710323622735e+00
1.021549999079726545e+00
1.021560287134887890e+00
1.021573602315108076e+00
1.021586491380864548e+00
1.021594409689704275e+00
1.021593109016362799e+00
1.021582031299091309e+00
1.021565944560259398e+00
1.021552173093424942e+00
1.021545995171563082e+00
1.021548472390000795e+00
1.021557609797012489e+00
1.021570489804209725e+00
1.021583847127448763e+00
1.021593376454172475e+00
1.021594486138262869e+00
1.021585462614874373e+00
1.021569910304708007e+00
1.021554978840983896e+00
1.021546760490353201e+00
1.021547304736849293e+00
1.021555127748690284e+00
1.021567396990110232e+00
1.021580981887718398e+00
1.021591852106658926e+00
1.021595264047761686e+00
1.021588503197324194e+00
1.021573904664409671e+00
1.021558164774090116e+00
1.021548016041379237e+00
1.021546533790396616e+00
1.021552880682745412e+00
1.021564370391149001e+00
1.021577960439378208e+00
1.021589895512654333e+00
1.021595443311134055e+00
1.021591077558717808e+00
1.021577825764391712e+00
1.021561668251463662e+00
1.021549759729883267e+00
1.021546193736996955e+00
1.021550908396564816e+00
1.021561453209465231e+00
1.021574843577357061e+00
1.021587571275822448e+00
1.021595042110952312e+00
1.021593125707974892e+00
1.021581571200347760e+00
1.021565413245895115e+00
1.021551976079496660e+00
1.021546313406531015e+00
1.021549250742489923e+00
1.021558686371825786e+00
1.021571687421121144e+00
1.021584946681054484e+00
1.021594094217999071e+00
1.021594605336243688e+00
1.021585042218754902e+00
1.021569312301909394e+00
1.021554635174553693e+00
1.021546914230968772e+00
1.021547947077654284e+00
1.021556109552516522e+00
1.021568543334311796e+00
1.021582089014150707e+00
1.021592646306851870e+00
1.021595492990871268e+00
1.021588147858760065e+00
1.021573269241228932e+00
1.021557692191836564e+00
1.021548008186327294e+00
