1.000603444564682754e+00
1.000677456130979248e+00
1.000800048481563564e+00
1.000944441960581077e+00
1.001101643845195621e+00
1.001267345969813150e+00
1.001439017185247859e+00
1.001614981452217723e+00
1.001794046683878614e+00
1.001975325635444669e+00
1.002158136954534928e+00
1.002341944987880762e+00
1.002526320617479927e+00
1.002710914561325772e+00
1.002895438569725517e+00
1.003079651871592537e+00
1.003263351232885681e+00
1.003446363559379773e+00
1.003628540320946616e+00
1.003809753295330509e+00
1.003989891276825919e+00
1.004168857496606782e+00
1.004346567572455662e+00
1.004522947855971626e+00
1.004697934081247190e+00
1.004871470244758758e+00
1.005043507664720392e+00
1.005214004181500975e+00
1.005382923470377943e+00
1.005550234444909208e+00
1.005715910734354068e+00
1.005879930222349783e+00
1.006042274636869571e+00
1.006202929183581452e+00
1.006361882216340042e+00
1.006519124939750043e+00
1.006674651139698673e+00
1.006828456938475558e+00
1.006980540571692506e+00
1.007130902184664833e+00
1.007279543646284914e+00
1.007426468378709306e+00
1.007571681201425040e+00
1.007715188188434530e+00
1.007856996537471739e+00
1.007997114450275733e+00
1.008135551023057186e+00
1.008272316146376246e+00
1.008407420413722111e+00
1.008540875038146378e+00
1.008672691776350661e+00
1.008802882859674011e+00
1.008931460931465018e+00
1.009058438990356521e+00
1.009183830338989063e+00
1.009307648537763669e+00
1.009429907363222689e+00
1.009550620770686358e+00
1.009669802860792220e+00
1.009787467849607490e+00
1.009903630042005229e+00
1.010018303808010387e+00
1.010131503561847666e+00
1.010243243743432773e+00
1.010353538802072793e+00
1.010462403182152746e+00
1.010569851310604061e+00
1.010675897585968208e+00
1.010780556368874983e+00
1.010883841973782005e+00
1.010985768661820439e+00
1.011086350634620157e+00
1.011185602028986885e+00
1.011283536912321868e+00
1.011380169278688346e+00
1.011475513045428709e+00
1.011569582050259486e+00
1.011662390048769122e+00
1.011753950712258820e+00
1.011844277625870481e+00
1.011933384286956450e+00
1.012021284103648888e+00
1.012107990393591894e+00
1.012193516382815517e+00
1.012277875204715460e+00
1.012361079899128491e+00
1.012443143411482005e+00
1.012524078592005328e+00
1.012603898194997187e+00
1.012682614878135157e+00
1.012760241201828393e+00
1.012836789628607459e+00
1.012912272522548562e+00
1.012986702148733764e+00
1.013060090672747160e+00
1.013132450160206144e+00
1.013203792576330198e+00
1.013274129785553423e+00
1.013343473551172158e+00
1.013411835535042549e+00
1.013479227297320318e+00
1.013545660296247597e+00
1.013611145887989506e+00
1.013675695326520909e+00
1.013739319763560465e+00
1.013802030248558417e+00
1.013863837728732342e+00
1.013924753049153971e+00
1.013984786952883077e+00
1.014043950081151779e+00
1.014102252973590801e+00
1.014159706068501698e+00
1.014216319703169056e+00
1.014272104114212203e+00
1.014327069437970907e+00
1.014381225710925705e+00
1.014434582870145762e+00
1.014487150753764055e+00
1.014538939101474968e+00
1.014589957555051214e+00
1.014640215658877853e+00
1.014689722860496968e+00
1.014738488511165437e+00
1.014786521866416713e+00
1.014833832086628140e+00
1.014880428237588728e+00
1.014926319291066026e+00
1.014971514125370788e+00
1.015016021525912526e+00
1.015059850185753731e+00
1.015103008706149446e+00
1.015145505597080167e+00
1.015187349277773876e+00
1.015228548077212967e+00
1.015269110234634731e+00
1.015309043900010755e+00
1.015348357134522983e+00
1.015387057911018687e+00
1.015425154114458772e+00
1.015462653542351212e+00
1.015499563905174707e+00
1.015535892826790132e+00
1.015571647844845327e+00
1.015606836411167224e+00
1.015641465892151762e+00
1.015675543569142247e+00
1.015709076638807495e+00
1.015742072213513092e+00
1.015774537321691540e+00
1.015806478908212629e+00
1.015837903834752476e+00
1.015868818880164781e+00
1.015899230740856973e+00
1.015929146031167463e+00
1.015958571283751777e+00
1.015987512949974247e+00
1.016015977400305914e+00
1.016043970924735973e+00
1.016071499733187888e+00
1.016098569955950381e+00
1.016125187644118189e+00
1.016151358770047697e+00
1.016177089227821906e+00
1.016202384833734262e+00
1.016227251326783598e+00
1.016251694369184388e+00
1.016275719546894996e+00
1.016299332370157682e+00
1.016322538274059051e+00
1.016345342619103143e+00
1.016367750691803851e+00
1.016389767705292435e+00
1.016411398799941024e+00
1.016432649044006098e+00
1.016453523434284634e+00
1.016474026896789784e+00
1.016494164287442770e+00
1.016513940392778981e+00
1.016533359930674285e+00
1.016552427551083548e+00
1.016571147836797362e+00
1.016589525304214314e+00
1.016607564404126585e+00
1.016625269522524189e+00
1.016642644981408772e+00
1.016659695039626943e+00
1.016676423893714709e+00
1.016692835678754125e+00
1.016708934469246817e+00
1.016724724279995939e+00
1.016740209067001910e+00
1.016755392728370566e+00
1.016770279105229990e+00
1.016784871982657323e+00
1.016799175090618457e+00
1.016813192104911723e+00
1.016826926648122686e+00
1.016840382290586930e+00
1.016853562551354617e+00
1.016866470899165042e+00
1.016879110753426074e+00
1.016891485485192925e+00
1.016903598418154475e+00
1.016915452829618260e+00
1.016927051951497907e+00
1.016938398971300117e+00
1.016949497033109884e+00
1.016960349238572814e+00
1.016970958647876344e+00
1.016981328280723407e+00
1.016991461117303430e+00
1.017001360099253127e+00
1.017011028130613504e+00
1.017020468078774220e+00
1.017029682775409505e+00
1.017038675017404303e+00
1.017047447567765328e+00
1.017056003156520783e+00
1.017064344481605653e+00
1.017072474209731459e+00
1.017080394977239344e+00
1.017088109390937856e+00
1.017095620028919178e+00
1.017102929441362491e+00
1.017110040151311123e+00
1.017116954655434835e+00
1.017123675424767448e+00
1.017130204905427160e+00
1.017136545519309099e+00
1.017142699664761896e+00
1.017148669717236942e+00
1.017154458029915665e+00
1.017160066934313267e+00
1.017165498740860707e+00
1.017170755739459587e+00
1.017175840200015058e+00
1.017180754372945861e+00
1.017185500489667715e+00
1.017190080763056059e+00
1.017194497387882590e+00
1.017198752541230489e+00
1.017202848382885660e+00
1.017206787055705774e+00
1.017210570685965543e+00
1.017214201383683347e+00
1.017217681242922112e+00
1.017221012342073516e+00
1.017224196744119569e+00
1.017227236496873743e+00
1.017230133633205913e+00
1.017232890171245518e+00
1.017235508114569198e+00
1.017237989452369984e+00
1.017240336159610958e+00
1.017242550197162698e+00
1.017244633511925844e+00
1.017246588036937904e+00
1.017248415691470065e+00
1.017250118381106905e+00
1.017251697997817006e+00
1.017253156420010018e+00
1.017254495512585066e+00
1.017255717126967385e+00
1.017256823101136298e+00
1.017257815259644094e+00
1.017258695413628011e+00
1.017259465360812243e+00
1.017260126885507709e+00
1.017260681758598961e+00
1.017261131737532853e+00
1.017261478566296340e+00
1.017261723975391829e+00
1.017261869681810094e+00
1.017261917388996739e+00
1.017261868786817569e+00
1.017261725551521057e+00
1.017261489345697711e+00
1.017261161818237891e+00
1.017260744604291611e+00
1.017260239325219473e+00
1.017259647588552696e+00
1.017258970987944711e+00
1.017258211103127419e+00
1.017257369499866781e+00
1.017256447729917967e+00
1.017255447330982054e+00
1.017254369826663840e+00
1.017253216726431653e+00
1.017251989525577827e+00
1.017250689705180955e+00
1.017249318732071695e+00
1.017247878058798793e+00
1.017246369123599337e+00
1.017244793350370546e+00
1.017243152148644914e+00
1.017241446913568659e+00
1.017239679025881305e+00
1.017237849851903242e+00
1.017235960743520629e+00
1.017234013038179175e+00
1.017232008058877923e+00
1.017229947114171029e+00
1.017227831498167978e+00
1.017225662490543581e+00
1.017223441356548630e+00
1.017221169347026111e+00
1.017218847698431627e+00
1.017216477632859384e+00
1.017214060358070160e+00
1.017211597067527507e+00
1.017209088940435713e+00
1.017206537141783773e+00
1.017203942822395124e+00
1.017201307118979825e+00
1.017198631154194954e+00
1.017195916036706116e+00
1.017193162861257605e+00
1.017190372708744794e+00
1.017187546646292517e+00
1.017184685727338112e+00
1.017181790991720458e+00
1.017178863465771688e+00
1.017175904162414657e+00
1.017172914081266200e+00
1.017169894208743930e+00
1.017166845518175489e+00
1.017163768969918003e+00
1.017160665511474438e+00
1.017157536077620827e+00
1.017154381590531953e+00
1.017151202959915679e+00
1.017148001083148401e+00
1.017144776845413379e+00
1.017141531119845510e+00
1.017138264767676770e+00
1.017134978638384979e+00
1.017131673569847461e+00
1.017128350388495139e+00
1.017125009909469746e+00
1.017121652936785026e+00
1.017118280263487495e+00
1.017114892671820758e+00
1.017111490933391149e+00
1.017108075809334933e+00
1.017104648050486393e+00
1.017101208397547918e+00
1.017097757581260087e+00
1.017094296322572422e+00
1.017090825332815918e+00
1.017087345313873570e+00
1.017083856958353127e+00
1.017080360949759177e+00
1.017076857962663450e+00
1.017073348662876686e+00
1.017069833707618276e+00
1.017066313745686790e+00
1.017062789417626512e+00
1.017059261355896194e+00
1.017055730185034257e+00
1.017052196521822438e+00
1.017048660975449659e+00
1.017045124147672119e+00
1.017041586632971839e+00
1.017038049018714307e+00
1.017034511885302361e+00
1.017030975806329174e+00
1.017027441348727912e+00
1.017023909072919619e+00
1.017020379532957097e+00
1.017016853276668131e+00
1.017013330845795149e+00
1.017009812776131561e+00
1.017006299597655650e+00
1.017002791834661357e+00
1.016999290005886181e+00
1.016995794624638183e+00
1.016992306198914564e+00
1.016988825231523119e+00
1.016985352220197925e+00
1.016981887657709915e+00
1.016978432031979018e+00
1.016974985826179623e+00
1.016971549518842721e+00
1.016968123583957828e+00
1.016964708491068681e+00
1.016961304705367608e+00
1.016957912687785903e+00
1.016954532895081975e+00
1.016951165779924615e+00
1.016947811790975376e+00
1.016944471372966508e+00
1.016941144966776456e+00
1.016937833009500247e+00
1.016934535934521655e+00
1.016931254171576704e+00
1.016927988146818507e+00
1.016924738282876328e+00
1.016921504998914649e+00
1.016918288710685569e+00
1.016915089830582319e+00
1.016911908767687667e+00
1.016908745927820323e+00
1.016905601713577134e+00
1.016902476524376597e+00
1.016899370756494614e+00
1.016896284803101569e+00
1.016893219054295194e+00
1.016890173897130989e+00
1.016887149715650862e+00
1.016884146890909335e+00
1.016881165800996190e+00
1.016878206821059116e+00
1.016875270323320812e+00
1.016872356677098299e+00
1.016869466248816245e+00
1.016866599402021176e+00
1.016863756497389915e+00
1.016860937892741346e+00
1.016858143943041748e+00
1.016855375000411010e+00
1.016852631414125963e+00
1.016849913530622374e+00
1.016847221693495840e+00
1.016844556243500453e+00
1.016841917518546357e+00
1.016839305853697306e+00
1.016836721581163561e+00
1.016834165030298553e+00
1.016831636527589122e+00
1.016829136396649957e+00
1.016826664958212945e+00
1.016824222530118504e+00
1.016821809427304713e+00
1.016819425961796641e+00
1.016817072442695036e+00
1.016814749176164101e+00
1.016812456465419512e+00
1.016810194610716644e+00
1.016807963909337031e+00
1.016805764655576372e+00
1.016803597140733206e+00
1.016801461653094485e+00
1.016799358477926241e+00
1.016797287897459823e+00
1.016795250190881905e+00
1.016793245634323606e+00
1.016791274500851383e+00
1.016789337060456599e+00
1.016787433580047306e+00
1.016785564323442248e+00
1.016783729551362869e+00
1.016781929521427319e+00
1.016780164488148896e+00
1.016778434702929168e+00
1.016776740414059743e+00
1.016775081866718278e+00
1.016773459302971805e+00
1.016771872961777401e+00
1.016770323078987293e+00
1.016768809887352187e+00
1.016767333616529045e+00
1.016765894493089517e+00
1.016764492740529491e+00
1.016763128579280417e+00
1.016761802226722633e+00
1.016760513897200013e+00
1.016759263802037072e+00
1.016758052149556280e+00
1.016756879145097825e+00
1.016755744991041821e+00
1.016754649886830064e+00
1.016753594028992236e+00
1.016752577611170771e+00
1.016751600824149726e+00
1.016750663855883197e+00
1.016749766891525741e+00
1.016748910113467019e+00
1.016748093701362432e+00
1.016747317832169095e+00
1.016746582680184252e+00
1.016745888417078802e+00
1.016745235211939047e+00
1.016744623231305544e+00
1.016744052639213081e+00
1.016743523597234411e+00
1.016743036264520006e+00
1.016742590797844681e+00
1.016742187351649340e+00
1.016741826078087607e+00
1.016741507127070454e+00
1.016741230646311944e+00
1.016740996781376971e+00
1.016740805675726556e+00
1.016740657470766251e+00
1.016740552305892109e+00
1.016740490318539525e+00
1.016740471644229871e+00
1.016740496416618011e+00
1.016740564767540267e+00
1.016740676827060375e+00
1.016740832723517673e+00
1.016741032583573290e+00
1.016741276532255878e+00
1.016741564693007582e+00
1.016741897187730004e+00
1.016742274136828161e+00
1.016742695659253792e+00
1.016743161872550871e+00
1.016743672892896022e+00
1.016744228835141595e+00
1.016744829812855633e+00
1.016745475938362953e+00
1.016746167322783556e+00
1.016746904076070823e+00
1.016747686307049481e+00
1.016748514123450686e+00
1.016749387631947332e+00
1.016750306938188242e+00
1.016751272146831697e+00
1.016752283361575859e+00
1.016753340685189633e+00
1.016754444219543529e+00
1.016755594065635870e+00
1.016756790323621651e+00
1.016758033092837632e+00
1.016759322471826543e+00
1.016760658558362174e+00
1.016762041449470244e+00
1.016763471241450834e+00
1.016764948029897919e+00
1.016766471909718028e+00
1.016768042975148223e+00
1.016769661319774087e+00
1.016771327036542605e+00
1.016773040217779478e+00
1.016774800955200675e+00
1.016776609339925974e+00
1.016778465462489400e+00
1.016780369412850327e+00
1.016782321280403245e+00
1.016784321153985093e+00
1.016786369121883471e+00
1.016788465271844633e+00
1.016790609691076597e+00
1.016792802466257140e+00
1.016795043683535793e+00
1.016797333428538952e+00
1.016799671786371428e+00
1.016802058841620005e+00
1.016804494678353432e+00
1.016806979380123543e+00
1.016809513029967249e+00
1.016812095710403652e+00
1.016814727503434490e+00
1.016817408490542807e+00
1.016820138752690950e+00
1.016822918370318352e+00
1.016825747423339088e+00
1.016828625991137880e+00
1.016831554152568540e+00
1.016834531985947976e+00
1.016837559569054639e+00
1.016840636979122525e+00
1.016843764292836738e+00
1.016846941586330155e+00
1.016850168935177212e+00
1.016853446414389683e+00
1.016856774098410909e+00
1.016860152061110689e+00
1.016863580375781062e+00
1.016867059115128313e+00
1.016870588351270754e+00
1.016874168155730063e+00
1.016877798599427951e+00
1.016881479752679507e+00
1.016885211685188306e+00
1.016888994466040863e+00
1.016892828163700635e+00
1.016896712846003137e+00
1.016900648580151056e+00
1.016904635432708037e+00
1.016908673469594682e+00
1.016912762756082778e+00
1.016916903356790636e+00
1.016921095335678649e+00
1.016925338756044628e+00
1.016929633680518474e+00
1.016933980171059515e+00
1.016938378288951395e+00
1.016942828094796969e+00
1.016947329648516751e+00
1.016951883009343804e+00
1.016956488235820633e+00
1.016961145385795628e+00
1.016965854516420187e+00
1.016970615684145152e+00
1.016975428944718818e+00
1.016980294353184266e+00
1.016985211963876035e+00
1.016990181830418116e+00
1.016995204005723075e+00
1.017000278541987601e+00
1.017005405490693626e+00
1.017010584902604542e+00
1.017015816827764318e+00
1.017021101315497056e+00
1.017026438414404765e+00
1.017031828172366037e+00
1.017037270636537150e+00
1.017042765853348740e+00
1.017048313868508025e+00
1.017053914726995689e+00
1.017059568473067221e+00
1.017065275150252468e+00
1.017071034801354745e+00
1.017076847468452172e+00
1.017082713192896559e+00
1.017088632015314742e+00
1.017094603975607914e+00
1.017100629112952959e+00
1.017106707465801563e+00
1.017112839071882879e+00
1.017119023968202418e+00
1.017125262191043600e+00
1.017131553775968200e+00
1.017137898757817460e+00
1.017144297170712530e+00
1.017150749048056024e+00
1.017157254422532908e+00
1.017163813326110500e+00
1.017170425790041133e+00
1.017177091844861714e+00
1.017183811520395942e+00
1.017190584845754531e+00
1.017197411849336319e+00
1.017204292558830936e+00
1.017211227001217022e+00
1.017218215202766673e+00
1.017225257189043219e+00
1.017232352984905219e+00
1.017239502614504687e+00
1.017246706101291309e+00
1.017253963468010003e+00
1.017261274736704912e+00
1.017268639928717633e+00
1.017276059064691207e+00
1.017283532164567461e+00
1.017291059247590113e+00
1.017298640332305215e+00
1.017306275436561824e+00
1.017313964577511332e+00
1.017321707771609685e+00
1.017329505034617831e+00
1.017337356381600388e+00
1.017345261826928304e+00
1.017353221384277973e+00
1.017361235066631675e+00
1.017369302886276916e+00
1.017377424854808865e+00
1.017385600983128136e+00
1.017393831281441230e+00
1.017402115759261205e+00
1.017410454425407007e+00
1.017418847288002581e+00
1.017427294354477763e+00
1.017435795631566720e+00
1.017444351125307733e+00
1.017452960841043641e+00
1.017461624783419616e+00
1.017470342956382279e+00
1.017479115363181030e+00
1.017487942006364499e+00
1.017496822887780761e+00
1.017505758008576233e+00
1.017514747369194561e+00
1.017523790969374176e+00
1.017532888808148961e+00
1.017542040883844479e+00
1.017551247194077746e+00
1.017560507735755460e+00
1.017569822505071997e+00
1.017579191497508084e+00
1.017588614707827688e+00
1.017598092130077125e+00
1.017607623757582624e+00
1.017617209582948323e+00
1.017626849598053163e+00
1.017636543794049553e+00
1.017646292161360488e+00
1.017656094689677104e+00
1.017665951367955568e+00
1.017675862184415525e+00
1.017685827126535436e+00
1.017695846181052133e+00
1.017705919333955489e+00
1.017716046570487087e+00
1.017726227875135780e+00
1.017736463231636357e+00
1.017746752622963324e+00
1.017757096031330910e+00
1.017767493438186843e+00
1.017777944824210579e+00
1.017788450169308190e+00
1.017799009452610814e+00
1.017809622652467993e+00
1.017820289746447227e+00
1.017831010711326645e+00
1.017841785523093456e+00
1.017852614156938396e+00
1.017863496587253280e+00
1.017874432787624350e+00
1.017885422730830269e+00
1.017896466388835908e+00
1.017907563732789455e+00
1.017918714733017094e+00
1.017929919359017887e+00
1.017941177579460232e+00
1.017952489362176305e+00
1.017963854674157620e+00
1.017975273481549925e+00
1.017986745749648092e+00
1.017998271442892122e+00
1.018009850524859594e+00
1.018021482958263668e+00
1.018033168704945979e+00
1.018044907725870640e+00
1.018056699981120694e+00
1.018068545429891891e+00
1.018080444030486031e+00
1.018092395740307410e+00
1.018104400515855712e+00
1.018116458312720463e+00
1.018128569085575919e+00
1.018140732788174407e+00
1.018152949373340332e+00
1.018165218792965288e+00
1.018177540998000730e+00
1.018189915938452650e+00
1.018202343563374468e+00
1.018214823820862147e+00
1.018227356658046201e+00
1.018239942021086808e+00
1.018252579855166484e+00
1.018265270104483200e+00
1.018278012712245051e+00
1.018290807620661820e+00
1.018303654770940536e+00
1.018316554103276816e+00
1.018329505556847758e+00
1.018342509069806834e+00
1.018355564579275674e+00
1.018368672021336740e+00
1.018381831331026888e+00
1.018395042442330034e+00
1.018408305288170057e+00
1.018421619800402356e+00
1.018434985909808299e+00
1.018448403546086123e+00
1.018461872637844268e+00
1.018475393112593608e+00
1.018488964896740123e+00
1.018502587915576463e+00
1.018516262093275060e+00
1.018529987352879917e+00
1.018543763616297504e+00
1.018557590804291646e+00
1.018571468836472427e+00
1.018585397631290634e+00
1.018599377106027770e+00
1.018613407176788943e+00
1.018627487758493544e+00
1.018641618764869028e+00
1.018655800108439813e+00
1.018670031700520395e+00
1.018684313451207357e+00
1.018698645269369152e+00
1.018713027062639220e+00
1.018727458737405556e+00
1.018741940198803819e+00
1.018756471350707127e+00
1.018771052095717611e+00
1.018785682335157983e+00
1.018800361969061985e+00
1.018815090896165731e+00
1.018829869013898604e+00
1.018844696218373036e+00
1.018859572404377412e+00
1.018874497465365403e+00
1.018889471293446869e+00
1.018904493779378750e+00
1.018919564812555523e+00
1.018934684280999647e+00
1.018949852071352469e+00
1.018965068068864444e+00
1.018980332157384927e+00
1.018995644219354180e+00
1.019011004135791598e+00
1.019026411786287944e+00
1.019041867048993799e+00
1.019057369800611124e+00
1.019072919916382602e+00
1.019088517270081429e+00
1.019104161734003089e+00
1.019119853178953372e+00
1.019135591474239044e+00
1.019151376487657856e+00
1.019167208085488996e+00
1.019183086132481542e+00
1.019199010491845581e+00
1.019214981025241107e+00
1.019230997592768473e+00
1.019247060052957732e+00
1.019263168262757757e+00
1.019279322077527361e+00
1.019295521351023304e+00
1.019311765935390968e+00
1.019328055681153256e+00
1.019344390437200820e+00
1.019360770050780296e+00
1.019377194367486084e+00
1.019393663231247249e+00
1.019410176484317976e+00
1.019426733967268461e+00
1.019443335518971150e+00
1.019459980976594071e+00
1.019476670175585964e+00
1.019493402949669836e+00
1.019510179130828975e+00
1.019526998549298069e+00
1.019543861033552545e+00
1.019560766410296804e+00
1.019577714504454669e+00
1.019594705139158286e+00
1.019611738135737911e+00
1.019628813313710136e+00
1.019645930490768571e+00
1.019663089482771845e+00
1.019680290103734954e+00
1.019697532165816600e+00
1.019714815479308978e+00
1.019732139852628894e+00
1.019749505092304886e+00
1.019766911002967902e+00
1.019784357387340856e+00
1.019801844046227757e+00
1.019819370778503043e+00
1.019836937381102038e+00
1.019854543649008738e+00
1.019872189375247817e+00
1.019889874350872194e+00
1.019907598364953927e+00
1.019925361204573999e+00
1.019943162654811220e+00
1.019961002498732450e+00
1.019978880517382835e+00
1.019996796489775814e+00
1.020014750192881792e+00
1.020032741401620591e+00
1.020050769888849018e+00
1.020068835425352649e+00
1.020086937779835390e+00
1.020105076718910375e+00
1.020123252007089754e+00
1.020141463406775806e+00
1.020159710678249843e+00
1.020177993579665987e+00
1.020196311867038297e+00
1.020214665294234768e+00
1.020233053612965346e+00
1.020251476572775484e+00
1.020269933921035488e+00
1.020288425402932297e+00
1.020306950761461495e+00
1.020325509737417757e+00
1.020344102069386416e+00
1.020362727493735910e+00
1.020381385744608904e+00
1.020400076553914737e+00
1.020418799651320763e+00
1.020437554764245025e+00
1.020456341617849150e+00
1.020475159935029019e+00
1.020494009436409000e+00
1.020512889840334836e+00
1.020531800862864991e+00
1.020550742217765539e+00
1.020569713616501728e+00
1.020588714768232652e+00
1.020607745379804587e+00
1.020626805155743888e+00
1.020645893798252324e+00
1.020665011007199752e+00
1.020684156480119897e+00
1.020703329912203028e+00
1.020722530996293065e+00
1.020741759422879591e+00
1.020761014880096074e+00
1.020780297053712093e+00
1.020799605627131568e+00
1.020818940281386755e+00
1.020838300695134926e+00
1.020857686544654808e+00
1.020877097503841924e+00
1.020896533244207260e+00
1.020915993434871716e+00
1.020935477742565656e+00
1.020954985831624473e+00
1.020974517363988365e+00
1.020994071999197228e+00
1.021013649394391987e+00
1.021033249204311932e+00
1.021052871081292501e+00
1.021072514675266163e+00
1.021092179633760644e+00
1.021111865601898261e+00
1.021131572222397477e+00
1.021151299135571566e+00
1.021171045979329950e+00
1.021190812389178859e+00
1.021210597998222447e+00
1.021230402437164564e+00
1.021250225334311423e+00
1.021270066315571823e+00
1.021289925004461363e+00
1.021309801022104669e+00
1.021329693987239162e+00
1.021349603516217730e+00
1.021369529223013828e+00
1.021389470719224812e+00
1.021409427614077048e+00
1.021429399514431680e+00
1.021449386024789074e+00
1.021469386747294372e+00
1.021489401281745479e+00
1.021509429225597954e+00
1.021529470173973220e+00
1.021549523719665675e+00
1.021569589453149351e+00
1.021589666962588794e+00
1.021609755833845501e+00
1.021629855650487695e+00
1.021649965993800535e+00
1.021670086442795444e+00
1.021690216574220544e+00
1.021710355962571981e+00
1.021730504180105470e+00
1.021750660796846955e+00
1.021770825380606151e+00
1.021790997496988762e+00
1.021811176709409574e+00
1.021831362579106228e+00
1.021851554665154094e+00
1.021871752524478705e+00
1.021891955711874189e+00
1.021912163780016591e+00
1.021932376279479415e+00
1.021952592758753386e+00
1.021972812764260219e+00
1.021993035840372155e+00
1.022013261529429506e+00
1.022033489371759085e+00
1.022053718905694186e+00
1.022073949667594128e+00
1.022094181191863349e+00
1.022114413010973166e+00
1.022134644655483982e+00
1.022154875654064821e+00
1.022175105533517980e+00
1.022195333818799901e+00
1.022215560033046700e+00
1.022235783697596379e+00
1.022256004332015022e+00
1.022276221454120115e+00
1.022296434580007851e+00
1.022316643224078447e+00
1.022336846899063678e+00
1.022357045116052632e+00
1.022377237384521464e+00
1.022397423212361378e+00
1.022417602105907042e+00
1.022437773569966568e+00
1.022457937107852155e+00
1.022478092221410062e+00
1.022498238411052141e+00
1.022518375175788474e+00
1.022538502013258910e+00
1.022558618419766363e+00
1.022578723890311014e+00
1.022598817918623837e+00
1.022618899997201014e+00
1.022638969617340798e+00
1.022659026269177263e+00
1.022679069441719601e+00
1.022699098622885661e+00
1.022719113299543015e+00
1.022739112957544494e+00
1.022759097081768598e+00
1.022779065156158573e+00
1.022799016663761273e+00
1.022818951086768458e+00
1.022838867906558091e+00
1.022858766603735425e+00
1.022878646658174295e+00
1.022898507549061531e+00
1.022918348754939810e+00
1.022938169753749182e+00
1.022957970022874807e+00
1.022977749039189144e+00
1.022997506279098356e+00
1.023017241218588946e+00
1.023036953333272159e+00
1.023056642098433056e+00
1.023076306989076256e+00
1.023095947479975898e+00
1.023115563045721821e+00
1.023135153160770416e+00
1.023154717299492589e+00
1.023174254936225491e+00
1.023193765545321376e+00
1.023213248601198888e+00
1.023232703578394798e+00
1.023252129951616185e+00
1.023271527195791730e+00
1.023290894786125227e+00
1.023310232198148428e+00
1.023329538907775005e+00
1.023348814391353834e+00
1.023368058125724955e+00
1.023387269588272197e+00
1.023406448256981127e+00
1.023425593610491680e+00
1.023444705128156995e+00
1.023463782290098045e+00
1.023482824577261141e+00
1.023501831471474555e+00
1.023520802455506695e+00
1.023539737013122730e+00
1.023558634629144093e+00
1.023577494789505327e+00
1.023596316981314480e+00
1.023615100692910396e+00
1.023633845413923549e+00
1.023652550635334002e+00
1.023671215849531801e+00
1.023689840550378261e+00
1.023708424233263692e+00
1.023726966395169802e+00
1.023745466534729864e+00
1.023763924152288229e+00
1.023782338749964049e+00
1.023800709831709455e+00
1.023819036903372393e+00
1.023837319472758356e+00
1.023855557049691001e+00
1.023873749146074319e+00
1.023891895275953701e+00
1.023909994955579217e+00
1.023928047703465571e+00
1.023946053040455606e+00
1.023964010489780696e+00
1.023981919577124922e+00
1.023999779830684576e+00
1.024017590781231668e+00
1.024035351962174767e+00
1.024053062909622280e+00
1.024070723162443075e+00
1.024088332262327983e+00
1.024105889753852416e+00
1.024123395184537433e+00
1.024140848104910573e+00
1.024158248068567811e+00
1.024175594632234620e+00
1.024192887355825921e+00
1.024210125802508031e+00
1.024227309538757957e+00
1.024244438134424673e+00
1.024261511162788185e+00
1.024278528200620375e+00
1.024295488828243172e+00
1.024312392629588953e+00
1.024329239192257823e+00
1.024346028107577800e+00
1.024362758970662313e+00
1.024379431380467276e+00
1.024396044939849926e+00
1.024412599255624112e+00
1.024429093938619584e+00
1.024445528603733724e+00
1.024461902869992391e+00
1.024478216360601435e+00
1.024494468703003314e+00
1.024510659528929946e+00
1.024526788474457772e+00
1.024542855180060830e+00
1.024558859290662038e+00
1.024574800455686940e+00
1.024590678329114102e+00
1.024606492569525962e+00
1.024622242840160791e+00
1.024637928808959098e+00
1.024653550148616032e+00
1.024669106536627128e+00
1.024684597655337814e+00
1.024700023191987830e+00
1.024715382838761180e+00
1.024730676292827658e+00
1.024745903256389923e+00
1.024761063436727238e+00
1.024776156546237216e+00
1.024791182302480008e+00
1.024806140428219159e+00
1.024821030651461573e+00
1.024835852705498818e+00
1.024850606328944647e+00
1.024865291265775413e+00
1.024879907265364265e+00
1.024894454082520223e+00
1.024908931477522600e+00
1.024923339216156304e+00
1.024937677069743369e+00
1.024951944815178928e+00
1.024966142234960298e+00
1.024980269117218512e+00
1.024994325255749406e+00
1.025008310450040483e+00
1.025022224505300006e+00
1.025036067232483417e+00
1.025049838448318873e+00
1.025063537975332117e+00
1.025077165641870902e+00
1.025090721282126083e+00
1.025104204736155378e+00
1.025117615849901131e+00
1.025130954475212075e+00
1.025144220469861311e+00
1.025157413697561637e+00
1.025170534027984193e+00
1.025183581336771788e+00
1.025196555505553331e+00
1.025209456421957155e+00
1.025222283979621452e+00
1.025235038078205596e+00
1.025247718623399473e+00
1.025260325526931915e+00
1.025272858706576251e+00
1.025285318086158082e+00
1.025297703595558829e+00
1.025310015170719957e+00
1.025322252753644525e+00
1.025334416292399631e+00
1.025346505741115077e+00
1.025358521059982486e+00
1.025370462215254852e+00
1.025382329179239438e+00
1.025394121930296443e+00
1.025405840452831230e+00
1.025417484737288110e+00
1.025429054780141236e+00
1.025440550583885724e+00
1.025451972157027436e+00
1.025463319514070326e+00
1.025474592675503338e+00
1.025485791667787083e+00
1.025496916523337632e+00
1.025507967280511412e+00
1.025518943983584563e+00
1.025529846682737389e+00
1.025540675434031934e+00
1.025551430299392219e+00
1.025562111346580707e+00
1.025572718649175652e+00
1.025583252286545566e+00
1.025593712343824571e+00
1.025604098911883755e+00
1.025614412087305194e+00
1.025624651972349977e+00
1.025634818674930671e+00
1.025644912308578238e+00
1.025654932992409618e+00
1.025664880851093752e+00
1.025674756014817834e+00
1.025684558619251119e+00
1.025694288805506726e+00
1.025703946720105897e+00
1.025713532514936466e+00
1.025723046347215117e+00
1.025732488379444085e+00
1.025741858779371185e+00
1.025751157719944517e+00
1.025760385379269390e+00
1.025769541940563911e+00
1.025778627592110581e+00
1.025787642527211219e+00
1.025796586944138111e+00
1.025805461046084943e+00
1.025814265041116169e+00
1.025822999142118164e+00
1.025831663566744378e+00
1.025840258537365379e+00
1.025848784281013559e+00
1.025857241029329181e+00
1.025865629018505309e+00
1.025873948489231191e+00
1.025882199686634966e+00
1.025890382860226380e+00
1.025898498263838388e+00
1.025906546155566534e+00
1.025914526797709669e+00
1.025922440456709772e+00
1.025930287403086894e+00
1.025938067911381424e+00
1.025945782260086814e+00
1.025953430731587623e+00
1.025961013612095352e+00
1.025968531191581379e+00
1.025975983763713018e+00
1.025983371625785345e+00
1.025990695078655479e+00
1.025997954426673076e+00
1.026005149977614161e+00
1.026012282042609858e+00
1.026019350936078212e+00
1.026026356975654030e+00
1.026033300482117827e+00
1.026040181779325211e+00
1.026047001194134278e+00
1.026053759056335224e+00
1.026060455698575513e+00
1.026067091456289271e+00
1.026073666667621342e+00
1.026080181673355796e+00
1.026086636816839981e+00
1.026093032443910147e+00
1.026099368902817055e+00
1.026105646544149597e+00
1.026111865720759964e+00
1.026118026787687487e+00
1.026124130102080922e+00
1.026130176023123841e+00
1.026136164911956250e+00
1.026142097131597097e+00
1.026147973046868778e+00
1.026153793024317196e+00
1.026159557432135161e+00
1.026165266640084006e+00
1.026170921019414983e+00
1.026176520942791548e+00
1.026182066784209201e+00
1.026187558918919773e+00
1.026192997723348821e+00
1.026198383575019246e+00
1.026203716852470693e+00
1.026208997935182721e+00
1.026214227203492868e+00
1.026219405038518051e+00
1.026224531822077068e+00
1.026229607936609334e+00
1.026234633765096049e+00
1.026239609690981158e+00
1.026244536098092519e+00
1.026249413370560859e+00
1.026254241892742725e+00
1.026259022049139880e+00
1.026263754224321367e+00
1.026268438802842686e+00
1.026273076169168963e+00
1.026277666707595237e+00
1.026282210802167416e+00
1.026286708836604333e+00
1.026291161194218926e+00
1.026295568257840740e+00
1.026299930409737549e+00
1.026304248031536748e+00
1.026308521504148530e+00
1.026312751207688834e+00
1.026316937521401185e+00
1.026321080823579646e+00
1.026325181491492433e+00
1.026329239901306423e+00
1.026333256428009211e+00
1.026337231445333176e+00
1.026341165325681537e+00
1.026345058440051750e+00
1.026348911157959787e+00
1.026352723847366422e+00
1.026356496874602842e+00
1.026360230604295598e+00
1.026363925399293553e+00
1.026367581620593938e+00
1.026371199627269970e+00
1.026374779776397572e+00
1.026378322422982992e+00
1.026381827919890855e+00
1.026385296617773113e+00
1.026388728864997546e+00
1.026392125007576706e+00
1.026395485389097972e+00
1.026398810350653390e+00
1.026402100230770831e+00
1.026405355365343386e+00
1.026408576087562530e+00
1.026411762727849286e+00
1.026414915613786505e+00
1.026418035070050472e+00
1.026421121418346960e+00
1.026424174977341952e+00
1.026427196062597691e+00
1.026430184986506955e+00
1.026433142058227777e+00
1.026436067583619272e+00
1.026438961865179245e+00
1.026441825201978464e+00
1.026444657889599377e+00
1.026447460220074603e+00
1.026450232481822988e+00
1.026452974959590758e+00
1.026455687934389349e+00
1.026458371683435900e+00
1.026461026480093963e+00
1.026463652593813558e+00
1.026466250290074322e+00
1.026468819830326229e+00
1.026471361471933408e+00
1.026473875468115970e+00
1.026476362067895609e+00
1.026478821516038753e+00
1.026481254053003056e+00
1.026483659914880775e+00
1.026486039333347478e+00
1.026488392535607197e+00
1.026490719744340474e+00
1.026493021177652398e+00
1.026495297049021538e+00
1.026497547567248425e+00
1.026499772936406485e+00
1.026501973355792074e+00
1.026504149019874967e+00
1.026506300118251280e+00
1.026508426835595511e+00
1.026510529351613243e+00
1.026512607840995628e+00
1.026514662473372086e+00
1.026516693413268122e+00
1.026518700820058250e+00
1.026520684847923803e+00
1.026522645645809639e+00
1.026524583357381504e+00
1.026526498120984954e+00
1.026528390069603613e+00
1.026530259330819872e+00
1.026532106026774249e+00
1.026533930274126760e+00
1.026535732184019389e+00
1.026537511862037455e+00
1.026539269408173194e+00
1.026541004916790234e+00
1.026542718476587623e+00
1.026544410170564525e+00
1.026546080075986911e+00
1.026547728264354920e+00
1.026549354801369329e+00
1.026550959746899583e+00
1.026552543154953145e+00
1.026554105073646195e+00
1.026555645545171203e+00
1.026557164605772066e+00
1.026558662285712131e+00
1.026560138609249329e+00
1.026561593594608857e+00
1.026563027253957205e+00
1.026564439593378175e+00
1.026565830612846675e+00
1.026567200306207628e+00
1.026568548661150881e+00
1.026569875659192332e+00
1.026571181275649947e+00
1.026572465479625773e+00
1.026573728233984628e+00
1.026574969495337442e+00
1.026576189214022161e+00
1.026577387334087543e+00
1.026578563793276277e+00
1.026579718523010776e+00
1.026580851448378073e+00
1.026581962488117616e+00
1.026583051554606385e+00
1.026584118553849123e+00
1.026585163385466348e+00
1.026586185942685692e+00
1.026587186112331462e+00
1.026588163774816653e+00
1.026589118804137168e+00
1.026590051067863829e+00
1.026590960427137489e+00
1.026591846736665481e+00
1.026592709844716511e+00
1.026593549593119770e+00
1.026594365817262267e+00
1.026595158346089054e+00
1.026595927002103448e+00
1.026596671601367028e+00
1.026597391953504301e+00
1.026598087861705366e+00
1.026598759122729021e+00
1.026599405526909647e+00
1.026600026858163872e+00
1.026600622893997006e+00
1.026601193405511925e+00
1.026601738157419952e+00
1.026602256908050403e+00
1.026602749409362136e+00
1.026603215406957981e+00
1.026603654640097396e+00
1.026604066841712459e+00
1.026604451738423851e+00
1.026604809050557954e+00
1.026605138492166613e+00
1.026605439771045347e+00
1.026605712588755548e+00
1.026605956640646022e+00
1.026606171615875418e+00
1.026606357197439312e+00
1.026606513062192416e+00
1.026606638880878553e+00
1.026606734318157521e+00
1.026606799032633521e+00
1.026606832676888237e+00
1.026606834897510367e+00
1.026606805335130268e+00
1.026606743624454365e+00
1.026606649394299797e+00
1.026606522267632826e+00
1.026606361861607031e+00
1.026606167787601720e+00
1.026605939651265231e+00
1.026605677052555787e+00
1.026605379585784794e+00
1.026605046839664359e+00
1.026604678397351478e+00
1.026604273836496883e+00
1.026603832729294341e+00
1.026603354642531496e+00
1.026602839137642054e+00
1.026602285770759071e+00
1.026601694092769357e+00
1.026601063649371870e+00
1.026600393981133896e+00
1.026599684623550779e+00
1.026598935107106758e+00
1.026598144957338254e+00
1.026597313694896263e+00
1.026596440835612967e+00
1.026595525890566574e+00
1.026594568366152149e+00
1.026593567764150006e+00
1.026592523581796979e+00
1.026591435311859479e+00
1.026590302442708325e+00
1.026589124458394675e+00
1.026587900838726641e+00
1.026586631059348997e+00
1.026585314591823561e+00
1.026583950903712461e+00
1.026582539458659626e+00
1.026581079716477607e+00
1.026579571133234836e+00
1.026578013161342007e+00
1.026576405249644441e+00
1.026574746843511798e+00
1.026573037384931997e+00
1.026571276312606251e+00
1.026569463062044552e+00
1.026567597065663140e+00
1.026565677752885097e+00
1.026563704550241152e+00
1.026561676881470930e+00
1.026559594167628209e+00
1.026557455827186160e+00
1.026555261276144382e+00
1.026553009928137916e+00
1.026550701194547166e+00
1.026548334484609803e+00
1.026545909205534013e+00
1.026543424762613954e+00
1.026540880559344560e+00
1.026538275997540772e+00
1.026535610477456562e+00
1.026532883397905049e+00
1.026530094156381301e+00
1.026527242149186225e+00
1.026524326771550699e+00
1.026521347417763019e+00
1.026518303481296579e+00
1.026515194354939320e+00
1.026512019430923850e+00
1.026508778101060004e+00
1.026505469756868294e+00
1.026502093789714021e+00
1.026498649590944279e+00
1.026495136552023624e+00
1.026491554064673739e+00
1.026487901521014212e+00
1.026484178313699980e+00
1.026480383836067212e+00
1.026476517482274087e+00
1.026472578647446454e+00
1.026468566727822385e+00
1.026464481120898720e+00
1.026460321225580063e+00
1.026456086442325111e+00
1.026451776173297636e+00
1.026447389822516820e+00
1.026442926796007127e+00
1.026438386501952627e+00
1.026433768350848874e+00
1.026429071755656119e+00
1.026424296131954739e+00
1.026419440898100888e+00
1.026414505475380601e+00
1.026409489288167665e+00
1.026404391764081270e+00
1.026399212334142330e+00
1.026393950432932023e+00
1.026388605498750994e+00
1.026383176973777012e+00
1.026377664304225945e+00
1.026372066940510308e+00
1.026366384337398907e+00
1.026360615954178490e+00
1.026354761254811621e+00
1.026348819708099436e+00
1.026342790787839743e+00
1.026336673972989777e+00
1.026330468747824076e+00
1.026324174602096129e+00
1.026317791031198023e+00
1.026311317536320766e+00
1.026304753624611932e+00
1.026298098809336867e+00
1.026291352610035901e+00
1.026284514552683547e+00
1.026277584169845047e+00
1.026270561000834913e+00
1.026263444591871243e+00
1.026256234496233821e+00
1.026248930274416882e+00
1.026241531494284320e+00
1.026234037731221349e+00
1.026226448568289484e+00
1.026218763596374206e+00
1.026210982414336392e+00
1.026203104629161089e+00
1.026195129856105837e+00
1.026187057718843665e+00
1.026178887849611421e+00
1.026170619889351210e+00
1.026162253487852283e+00
1.026153788303890479e+00
1.026145224005368783e+00
1.026136560269451659e+00
1.026127796782700941e+00
1.026118933241209730e+00
1.026109969350731621e+00
1.026100904826810822e+00
1.026091739394909386e+00
1.026082472790531330e+00
1.026073104759346100e+00
1.026063635057306911e+00
1.026054063450771103e+00
1.026044389716614713e+00
1.026034613642344384e+00
1.026024735026209500e+00
1.026014753677309210e+00
1.026004669415697457e+00
1.025994482072485781e+00
1.025984191489942354e+00
1.025973797521589681e+00
1.025963300032296743e+00
1.025952698898370929e+00
1.025941994007646185e+00
1.025931185259566059e+00
1.025920272565266078e+00
1.025909255847651913e+00
1.025898135041473758e+00
1.025886910093397830e+00
1.025875580962075428e+00
1.025864147618206879e+00
1.025852610044601931e+00
1.025840968236239270e+00
1.025829222200318025e+00
1.025817371956310842e+00
1.025805417536008513e+00
1.025793358983563941e+00
1.025781196355531222e+00
1.025768929720900502e+00
1.025756559161129289e+00
1.025744084770171982e+00
1.025731506654500969e+00
1.025718824933128825e+00
1.025706039737621644e+00
1.025693151212113463e+00
1.025680159513311596e+00
1.025667064810502183e+00
1.025653867285549081e+00
1.025640567132889203e+00
1.025627164559524296e+00
1.025613659785007847e+00
1.025600053041429094e+00
1.025586344573391262e+00
1.025572534637986699e+00
1.025558623504768230e+00
1.025544611455714294e+00
1.025530498785192091e+00
1.025516285799916938e+00
1.025501972818904761e+00
1.025487560173421908e+00
1.025473048206933191e+00
1.025458437275041046e+00
1.025443727745424694e+00
1.025428919997772415e+00
1.025414014423712494e+00
1.025399011426736617e+00
1.025383911422124372e+00
1.025368714836856432e+00
1.025353422109531509e+00
1.025338033690273543e+00
1.025322550040638880e+00
1.025306971633517694e+00
1.025291298953029395e+00
1.025275532494421382e+00
1.025259672763954910e+00
1.025243720278794513e+00
1.025227675566890317e+00
1.025211539166857033e+00
1.025195311627850714e+00
1.025178993509440861e+00
1.025162585381478753e+00
1.025146087823964880e+00
1.025129501426909950e+00
1.025112826790194109e+00
1.025096064523424388e+00
1.025079215245785491e+00
1.025062279585892577e+00
1.025045258181635166e+00
1.025028151680023480e+00
1.025010960737029464e+00
1.024993686017424910e+00
1.024976328194617814e+00
1.024958887950485620e+00
1.024941365975207130e+00
1.024923762967089758e+00
1.024906079632397882e+00
1.024888316685174772e+00
1.024870474847066948e+00
1.024852554847142105e+00
1.024834557421709480e+00
1.024816483314134441e+00
1.024798333274653972e+00
1.024780108060189487e+00
1.024761808434158095e+00
1.024743435166282524e+00
1.024724989032400835e+00
1.024706470814272130e+00
1.024687881299383374e+00
1.024669221280756215e+00
1.024650491556748477e+00
1.024631692930860094e+00
1.024612826211533267e+00
1.024593892211957069e+00
1.024574891749866934e+00
1.024555825647347262e+00
1.024536694730630026e+00
1.024517499829896927e+00
1.024498241779079333e+00
1.024478921415658217e+00
1.024459539580463652e+00
1.024440097117476522e+00
1.024420594873628687e+00
1.024401033698603802e+00
1.024381414444639038e+00
1.024361737966326125e+00
1.024342005120415067e+00
1.024322216765617188e+00
1.024302373762408624e+00
1.024282476972836253e+00
1.024262527260322297e+00
1.024242525489472921e+00
1.024222472525885497e+00
1.024202369235958088e+00
1.024182216486701158e+00
1.024162015145548832e+00
1.024141766080172600e+00
1.024121470158297686e+00
1.024101128247518533e+00
1.024080741215118717e+00
1.024060309927890877e+00
1.024039835251958408e+00
1.024019318052601601e+00
1.023998759194081565e+00
1.023978159539471022e+00
1.023957519950482675e+00
1.023936841287302890e+00
1.023916124408427386e+00
1.023895370170497365e+00
1.023874579428138976e+00
1.023853753033806768e+00
1.023832891837627601e+00
1.023811996687246761e+00
1.023791068427679196e+00
1.023770107901161186e+00
1.023749115947004684e+00
1.023728093401455652e+00
1.023707041097554171e+00
1.023685959864997663e+00
1.023664850530006998e+00
1.023643713915194819e+00
1.023622550839437206e+00
1.023601362117748659e+00
1.023580148561159531e+00
1.023558910976595904e+00
1.023537650166762569e+00
1.023516366930031340e+00
1.023495062060327587e+00
1.023473736347024543e+00
1.023452390574837612e+00
1.023431025523722671e+00
1.023409641968778816e+00
1.023388240680150663e+00
1.023366822422936639e+00
1.023345387957100172e+00
1.023323938037382641e+00
1.023302473413218783e+00
1.023280994828658308e+00
1.023259503022287298e+00
1.023237998727152931e+00
1.023216482670694871e+00
1.023194955574673548e+00
1.023173418155106873e+00
1.023151871122207623e+00
1.023130315180322825e+00
1.023108751027878682e+00
1.023087179357326182e+00
1.023065600855089574e+00
1.023044016201520190e+00
1.023022426070850477e+00
1.023000831131152477e+00
1.022979232044297415e+00
1.022957629465919727e+00
1.022936024045384196e+00
1.022914416425753537e+00
1.022892807243760638e+00
1.022871197129782805e+00
1.022849586707819114e+00
1.022827976595469535e+00
1.022806367403917172e+00
1.022784759737913607e+00
1.022763154195764690e+00
1.022741551369322544e+00
1.022719951843976016e+00
1.022698356198645353e+00
1.022676765005779975e+00
1.022655178831358258e+00
1.022633598234887753e+00
1.022612023769410072e+00
1.022590455981507107e+00
1.022568895411309020e+00
1.022547342592505792e+00
1.022525798052358548e+00
1.022504262311715539e+00
1.022482735885028138e+00
1.022461219280371703e+00
1.022439712999463346e+00
1.022418217537687024e+00
1.022396733384118850e+00
1.022375261021551518e+00
1.022353800926524503e+00
1.022332353569354257e+00
1.022310919414164854e+00
1.022289498918923956e+00
1.022268092535477013e+00
1.022246700709584566e+00
1.022225323880960879e+00
1.022203962483315021e+00
1.022182616944391942e+00
1.022161287686016662e+00
1.022139975124138456e+00
1.022118679668877705e+00
1.022097401724573196e+00
1.022076141689832518e+00
1.022054899957580032e+00
1.022033676915111267e+00
1.022012472944143990e+00
1.021991288420873722e+00
1.021970123716027912e+00
1.021948979194924334e+00
1.021927855217526160e+00
1.021906752138503238e+00
1.021885670307290050e+00
1.021864610068148327e+00
1.021843571760226332e+00
1.021822555717624370e+00
1.021801562269456287e+00
1.021780591739914978e+00
1.021759644448337667e+00
1.021738720709271631e+00
1.021717820832541035e+00
1.021696945123315547e+00
1.021676093882176506e+00
1.021655267405188861e+00
1.021634465983968010e+00
1.021613689905751521e+00
1.021592939453468629e+00
1.021572214905812626e+00
1.021551516537312576e+00
1.021530844618403266e+00
1.021510199415500475e+00
1.021489581191072027e+00
1.021468990203711957e+00
1.021448426708212676e+00
1.021427890955640017e+00
1.021407383193406737e+00
1.021386903665346457e+00
1.021366452611786935e+00
1.021346030269626226e+00
1.021325636872405962e+00
1.021305272650385065e+00
1.021284937830615469e+00
1.021264632637015612e+00
1.021244357290444604e+00
1.021224112008776608e+00
1.021203897006973893e+00
1.021183712497161444e+00
1.021163558688699791e+00
1.021143435788258280e+00
1.021123343999887689e+00
1.021103283525092387e+00
1.021083254562902720e+00
1.021063257309945627e+00
1.021043291960517019e+00
1.021023358706651063e+00
1.021003457738190345e+00
1.020983589242855372e+00
1.020963753406312957e+00
1.020943950412243506e+00
1.020924180442410290e+00
1.020904443676722950e+00
1.020884740293305892e+00
1.020865070468560898e+00
1.020845434377232408e+00
1.020825832192469695e+00
1.020806264085889703e+00
1.020786730227637662e+00
1.020767230786446822e+00
1.020747765929697959e+00
1.020728335823477551e+00
1.020708940632633954e+00
1.020689580520833362e+00
1.020670255650614422e+00
1.020650966183441533e+00
1.020631712279756353e+00
1.020612494099029988e+00
1.020593311799811387e+00
1.020574165539775535e+00
1.020555055475770967e+00
1.020535981763865729e+00
1.020516944559390016e+00
1.020497944016980130e+00
1.020478980290620452e+00
1.020460053533681410e+00
1.020441163898960113e+00
1.020422311538716098e+00
1.020403496604706861e+00
1.020384719248223604e+00
1.020365979620121877e+00
1.020347277870853109e+00
1.020328614150495028e+00
1.020309988608779195e+00
1.020291401395117425e+00
1.020272852658626661e+00
1.020254342548153836e+00
1.020235871212295642e+00
1.020217438799420506e+00
1.020199045457687692e+00
1.020180691335063061e+00
1.020162376579337282e+00
1.020144101338138487e+00
1.020125865758945594e+00
1.020107669989100074e+00
1.020089514175816170e+00
1.020071398466188661e+00
1.020053323007200419e+00
1.020035287945728175e+00
1.020017293428546523e+00
1.019999339602330801e+00
1.019981426613659092e+00
1.019963554609012224e+00
1.019945723734772658e+00
1.019927934137221825e+00
1.019910185962537019e+00
1.019892479356786730e+00
1.019874814465923762e+00
1.019857191435778576e+00
1.019839610412051734e+00
1.019822071540303021e+00
1.019804574965942123e+00
1.019787120834216410e+00
1.019769709290199167e+00
1.019752340478775610e+00
1.019735014544629337e+00
1.019717731632225455e+00
1.019700491885796811e+00
1.019683295449325122e+00
1.019666142466525427e+00
1.019649033080825440e+00
1.019631967435348674e+00
1.019614945672893569e+00
1.019597967935914173e+00
1.019581034366499050e+00
1.019564145106349740e+00
1.019547300296760106e+00
1.019530500078593249e+00
1.019513744592259963e+00
1.019497033977695422e+00
1.019480368374336088e+00
1.019463747921097285e+00
1.019447172756348996e+00
1.019430643017893212e+00
1.019414158842938400e+00
1.019397720368078186e+00
1.019381327729266040e+00
1.019364981061792186e+00
1.019348680500259841e+00
1.019332426178560791e+00
1.019316218229854298e+00
1.019300056786541342e+00
1.019283941980243302e+00
1.019267873941778424e+00
1.019251852801140057e+00
1.019235878687473562e+00
1.019219951729056106e+00
1.019204072053273791e+00
1.019188239786602113e+00
1.019172455054584425e+00
1.019156717981813287e+00
1.019141028691909368e+00
1.019125387307504571e+00
1.019109793950222498e+00
1.019094248740661346e+00
1.019078751798376814e+00
1.019063303241865448e+00
1.019047903188549986e+00
1.019032551754763372e+00
1.019017249055734986e+00
1.019001995205577327e+00
1.018986790317272462e+00
1.018971634502661372e+00
1.018956527872431739e+00
1.018941470536107730e+00
1.018926462602041116e+00
1.018911504177402172e+00
1.018896595368170344e+00
1.018881736279130035e+00
1.018866927013861279e+00
1.018852167674737075e+00
1.018837458362916282e+00
1.018822799178341842e+00
1.018808190219737453e+00
1.018793631584603787e+00
1.018779123369220496e+00
1.018764665668642433e+00
1.018750258576702539e+00
1.018735902186012510e+00
1.018721596587963907e+00
1.018707341872732375e+00
1.018693138129279863e+00
1.018678985445360841e+00
1.018664883907526519e+00
1.018650833601129957e+00
1.018636834610334496e+00
1.018622887018120426e+00
1.018608990906292533e+00
1.018595146355489423e+00
1.018581353445193960e+00
1.018567612253741039e+00
1.018553922858330907e+00
1.018540285335038043e+00
1.018526699758825815e+00
1.018513166203556031e+00
1.018499684742004252e+00
1.018486255445871791e+00
1.018472878385801028e+00
1.018459553631388070e+00
1.018446281251199625e+00
1.018433061312786991e+00
1.018419893882701599e+00
1.018406779026511888e+00
1.018393716808818850e+00
1.018380707293273124e+00
1.018367750542591210e+00
1.018354846618573450e+00
1.018341995582120685e+00
1.018329197493251570e+00
1.018316452411120787e+00
1.018303760394036805e+00
1.018291121499478979e+00
1.018278535784116645e+00
1.018266003303825551e+00
1.018253524113707398e+00
1.018241098268107159e+00
1.018228725820629732e+00
1.018216406824160591e+00
1.018204141330881107e+00
1.018191929392286532e+00
1.018179771059205319e+00
1.018167666381814218e+00
1.018155615409656933e+00
1.018143618191659883e+00
1.018131674776149964e+00
1.018119785210870987e+00
1.018107949542998547e+00
1.018096167819157571e+00
1.018084440085437858e+00
1.018072766387406958e+00
1.018061146770127934e+00
1.018049581278173132e+00
1.018038069955637948e+00
1.018026612846153700e+00
1.018015209992902959e+00
1.018003861438631752e+00
1.017992567225661116e+00
1.017981327395901303e+00
1.017970141990860444e+00
1.017959011051659424e+00
1.017947934619038985e+00
1.017936912733372612e+00
1.017925945434675405e+00
1.017915032762612526e+00
1.017904174756509850e+00
1.017893371455360629e+00
1.017882622897834377e+00
1.017871929122283525e+00
1.017861290166751420e+00
1.017850706068976763e+00
1.017840176866401602e+00
1.017829702596175334e+00
1.017819283295160027e+00
1.017808918999935308e+00
1.017798609746801919e+00
1.017788355571785042e+00
1.017778156510638299e+00
1.017768012598845306e+00
1.017757923871621895e+00
1.017747890363919439e+00
1.017737912110423970e+00
1.017727989145559064e+00
1.017718121503485396e+00
1.017708309218100737e+00
1.017698552323039962e+00
1.017688850851675486e+00
1.017679204837114604e+00
1.017669614312199933e+00
1.017660079309506749e+00
1.017650599861341210e+00
1.017641175999739467e+00
1.017631807756463669e+00
1.017622495163000407e+00
1.017613238250557384e+00
1.017604037050060750e+00
1.017594891592151107e+00
1.017585801907181065e+00
1.017576768025210798e+00
1.017567789976004944e+00
1.017558867789028154e+00
1.017550001493441325e+00
1.017541191118097821e+00
1.017532436691538811e+00
1.017523738241989495e+00
1.017515095797354663e+00
1.017506509385214475e+00
1.017497979032820243e+00
1.017489504767089770e+00
1.017481086614604013e+00
1.017472724601602430e+00
1.017464418753977862e+00
1.017456169097274987e+00
1.017447975656683878e+00
1.017439838457036894e+00
1.017431757522806235e+00
1.017423732878098619e+00
1.017415764546652834e+00
1.017407852551836633e+00
1.017399996916643179e+00
1.017392197663688158e+00
1.017384454815207118e+00
1.017376768393053243e+00
1.017369138418696028e+00
1.017361564913216831e+00
1.017354047897308877e+00
1.017346587391276591e+00
1.017339183415031378e+00
1.017331835988093847e+00
1.017324545129591140e+00
1.017317310858257162e+00
1.017310133192431465e+00
1.017303012150061692e+00
1.017295947748701357e+00
1.017288940005512066e+00
1.017281988937263959e+00
1.017275094560337712e+00
1.017268256890725420e+00
1.017261475944032600e+00
1.017254751735480189e+00
1.017248084279908316e+00
1.017241473591777634e+00
1.017234919685172656e+00
1.017228422573805968e+00
1.017221982271021341e+00
1.017215598789797060e+00
1.017209272142751697e+00
1.017203002342146334e+00
1.017196789399892332e+00
1.017190633327553329e+00
1.017184534136352569e+00
1.017178491837177123e+00
1.017172506440584989e+00
1.017166577956809093e+00
1.017160706395765946e+00
1.017154891767059643e+00
1.017149134079990525e+00
1.017143433343559611e+00
1.017137789566478379e+00
1.017132202757173198e+00
1.017126672923794661e+00
1.017121200074222909e+00
1.017115784216078289e+00
1.017110425356725578e+00
1.017105123503283304e+00
1.017099878662632628e+00
1.017094690841423343e+00
1.017089560046082974e+00
1.017084486282824773e+00
1.017079469557656157e+00
1.017074509876385813e+00
1.017069607244632801e+00
1.017064761667834549e+00
1.017059973151254404e+00
1.017055241699991397e+00
1.017050567318986243e+00
1.017045950013031552e+00
1.017041389786778049e+00
1.017036886644743898e+00
1.017032440591322251e+00
1.017028051630788577e+00
1.017023719767309542e+00
1.017019445004949230e+00
1.017015227347677797e+00
1.017011066799378805e+00
1.017006963363855654e+00
1.017002917044840249e+00
1.016998927845998324e+00
1.016994995770937216e+00
1.016991120823213191e+00
1.016987303006336552e+00
1.016983542323778966e+00
1.016979838778979017e+00
1.016976192375349086e+00
1.016972603116280460e+00
1.016969071005148439e+00
1.016965596045319886e+00
1.016962178240155446e+00
1.016958817593016873e+00
1.016955514107270364e+00
1.016952267786292552e+00
1.016949078633472947e+00
1.016945946652219934e+00
1.016942871845963658e+00
1.016939854218160022e+00
1.016936893772293571e+00
1.016933990511881714e+00
1.016931144440477386e+00
1.016928355561671271e+00
1.016925623879095131e+00
1.016922949396423359e+00
1.016920332117376313e+00
1.016917772045721424e+00
1.016915269185274751e+00
1.016912823539902977e+00
1.016910435113524525e+00
1.016908103910110661e+00
1.016905829933686833e+00
1.016903613188332223e+00
1.016901453678181078e+00
1.016899351407424046e+00
1.016897306380305732e+00
1.016895318601126696e+00
1.016893388074243454e+00
1.016891514804066698e+00
1.016889698795060859e+00
1.016887940051744987e+00
1.016886238578690094e+00
1.016884594380519591e+00
1.016883007461906852e+00
1.016881477827574987e+00
1.016880005482294624e+00
1.016878590430883245e+00
1.016877232678202514e+00
1.016875932229157398e+00
1.016874689088693717e+00
1.016873503261796152e+00
1.016872374753486907e+00
1.016871303568822826e+00
1.016870289712893172e+00
1.016869333190816960e+00
1.016868434007742072e+00
1.016867592168841039e+00
1.016866807679309259e+00
1.016866080544362561e+00
1.016865410769234090e+00
1.016864798359171651e+00
1.016864243319435923e+00
1.016863745655296025e+00
1.016863305372027737e+00
1.016862922474910835e+00
1.016862596969225763e+00
1.016862328860250297e+00
1.016862118153257999e+00
1.016861964853513989e+00
1.016861868966272509e+00
1.016861830496773811e+00
1.016861849450241939e+00
1.016861925831880509e+00
1.016862059646870264e+00
1.016862250900367970e+00
1.016862499597499969e+00
1.016862805743362186e+00
1.016863169343015905e+00
1.016863590401485773e+00
1.016864068923755138e+00
1.016864604914765380e+00
1.016865198379412805e+00
1.016865849322543980e+00
1.016866557748954625e+00
1.016867323663386724e+00
1.016868147070525863e+00
1.016869027974997231e+00
1.016869966381365176e+00
1.016870962294128988e+00
1.016872015717720235e+00
1.016873126656501647e+00
1.016874295114763793e+00
1.016875521096721302e+00
1.016876804606512863e+00
1.016878145648197229e+00
1.016879544225751442e+00
1.016881000343067498e+00
1.016882514003951687e+00
1.016884085212121480e+00
1.016885713971202421e+00
1.016887400284727461e+00
1.016889144156133851e+00
1.016890945588761141e+00
1.016892804585849630e+00
1.016894721150536807e+00
1.016896695285857577e+00
1.016898726994739821e+00
1.016900816280003950e+00
1.016902963144360683e+00
1.016905167590408388e+00
1.016907429620632186e+00
1.016909749237401073e+00
1.016912126442967246e+00
1.016914561239461889e+00
1.016917053628896728e+00
1.016919603613159140e+00
1.016922211194012160e+00
1.016924876373091369e+00
1.016927599151905115e+00
1.016930379531830075e+00
1.016933217514111476e+00
1.016936113099860650e+00
1.016939066290053262e+00
1.016942077085527529e+00
1.016945145486982893e+00
1.016948271494977796e+00
1.016951455109928126e+00
1.016954696332105446e+00
1.016957995161635209e+00
1.016961351598495433e+00
1.016964765642514257e+00
1.016968237293368826e+00
1.016971766550582856e+00
1.016975353413526406e+00
1.016978997881411662e+00
1.016982699953292935e+00
1.016986459628065109e+00
1.016990276904460311e+00
1.016994151781047684e+00
1.016998084256230284e+00
1.017002074328244188e+00
1.017006121995156276e+00
1.017010227254862009e+00
1.017014390105084320e+00
1.017018610543370727e+00
1.017022888567092664e+00
1.017027224173442157e+00
1.017031617359431372e+00
1.017036068121888626e+00
1.017040576457458601e+00
1.017045142362598575e+00
1.017049765833577091e+00
1.017054446866472173e+00
1.017059185457168224e+00
1.017063981601355138e+00
1.017068835294525408e+00
1.017073746531971468e+00
1.017078715308784798e+00
1.017083741619852155e+00
1.017088825459854906e+00
1.017093966823264806e+00
1.017099165704343777e+00
1.017104422097139693e+00
1.017109735995485487e+00
1.017115107392995155e+00
1.017120536283063092e+00
1.017126022658859430e+00
1.017131566513330476e+00
1.017137167839192280e+00
1.017142826628931740e+00
1.017148542874802164e+00
1.017154316568820160e+00
1.017160147702764972e+00
1.017166036268172480e+00
1.017171982256336094e+00
1.017177985658301642e+00
1.017184046464864933e+00
1.017190164666569085e+00
1.017196340253702314e+00
1.017202573216293482e+00
1.017208863544110553e+00
1.017215211226656590e+00
1.017221616253167538e+00
1.017228078612608666e+00
1.017234598293671244e+00
1.017241175284770094e+00
1.017247809574039596e+00
1.017254501149331025e+00
1.017261249998209438e+00
1.017268056107949903e+00
1.017274919465533722e+00
1.017281840057646880e+00
1.017288817870674489e+00
1.017295852890699015e+00
1.017302945103495393e+00
1.017310094494528805e+00
1.017317301048950684e+00
1.017324564751594274e+00
1.017331885586972406e+00
1.017339263539273064e+00
1.017346698592355381e+00
1.017354190729746533e+00
1.017361739934638187e+00
1.017369346189881840e+00
1.017377009477985261e+00
1.017384729781109165e+00
1.017392507081062547e+00
1.017400341359298910e+00
1.017408232596912931e+00
1.017416180774635137e+00
1.017424185872829456e+00
1.017432247871487228e+00
1.017440366750224978e+00
1.017448542488278651e+00
1.017456775064500274e+00
1.017465064457353519e+00
1.017473410644909038e+00
1.017481813604840468e+00
1.017490273314420435e+00
1.017498789750514554e+00
1.017507362889579436e+00
1.017515992707655581e+00
1.017524679180364933e+00
1.017533422282904665e+00
1.017542221990044293e+00
1.017551078276118570e+00
1.017559991115025708e+00
1.017568960480220053e+00
1.017577986344708973e+00
1.017587068681047313e+00
1.017596207461332281e+00
1.017605402657198788e+00
1.017614654239815453e+00
1.017623962179878161e+00
1.017633326447605402e+00
1.017642747012733384e+00
1.017652223844510928e+00
1.017661756911695026e+00
1.017671346182543068e+00
1.017680991624811293e+00
1.017690693205746344e+00
1.017700450892081276e+00
1.017710264650030449e+00
1.017720134445282865e+00
1.017730060242998169e+00
1.017740042007800216e+00
1.017750079703771515e+00
1.017760173294447679e+00
1.017770322742812539e+00
1.017780528011290819e+00
1.017790789061743695e+00
1.017801105855463240e+00
1.017811478353164656e+00
1.017821906514983166e+00
1.017832390300464906e+00
1.017842929668564045e+00
1.017853524577634339e+00
1.017864174985424697e+00
1.017874880849071850e+00
1.017885642125094359e+00
1.017896458769387724e+00
1.017907330737216398e+00
1.017918257983207564e+00
1.017929240461346030e+00
1.017940278124967568e+00
1.017951370926750698e+00
1.017962518818712248e+00
1.017973721752199578e+00
1.017984979677884372e+00
1.017996292545756187e+00
1.018007660305114914e+00
1.018019082904564776e+00
1.018030560292007003e+00
1.018042092414633837e+00
1.018053679218920315e+00
1.018065320650617611e+00
1.018077016654747258e+00
1.018088767175592491e+00
1.018100572156691364e+00
1.018112431540830531e+00
1.018124345270037256e+00
1.018136313285571859e+00
1.018148335527921500e+00
1.018160411936790855e+00
1.018172542451096785e+00
1.018184727008959456e+00
1.018196965547695010e+00
1.018209258003808459e+00
1.018221604312985917e+00
1.018234004410085713e+00
1.018246458229132623e+00
1.018258965703308316e+00
1.018271526764944035e+00
1.018284141345513039e+00
1.018296809375622392e+00
1.018309530785004302e+00
1.018322305502509684e+00
1.018335133456097941e+00
1.018348014572829641e+00
1.018360948778859187e+00
1.018373935999425051e+00
1.018386976158841772e+00
1.018400069180493084e+00
1.018413214986820359e+00
1.018426413499317285e+00
1.018439664638519204e+00
1.018452968323996011e+00
1.018466324474341045e+00
1.018479733007165544e+00
1.018493193839087541e+00
1.018506706885723645e+00
1.018520272061680387e+00
1.018533889280545335e+00
1.018547558454877766e+00
1.018561279496199345e+00
1.018575052314985907e+00
1.018588876820657685e+00
1.018602752921569987e+00
1.018616680525004758e+00
1.018630659537159922e+00
1.018644689863141384e+00
1.018658771406952379e+00
1.018672904071485696e+00
1.018687087758512355e+00
1.018701322368672724e+00
1.018715607801467637e+00
1.018729943955247297e+00
1.018744330727203717e+00
1.018758768013357852e+00
1.018773255708552483e+00
1.018787793706442013e+00
1.018802381899480913e+00
1.018817020178915511e+00
1.018831708434773553e+00
1.018846446555852880e+00
1.018861234429713880e+00
1.018876071942667050e+00
1.018890958979763450e+00
1.018905895424786046e+00
1.018920881160236380e+00
1.018935916067327252e+00
1.018951000025970943e+00
1.018966132914768785e+00
1.018981314611000499e+00
1.018996544990615982e+00
1.019011823928221094e+00
1.019027151297070333e+00
1.019042526969054396e+00
1.019057950814690194e+00
1.019073422703110410e+00
1.019088942502052619e+00
1.019104510077848191e+00
1.019120125295412294e+00
1.019135788018232791e+00
1.019151498108358256e+00
1.019167255426389307e+00
1.019183059831466620e+00
1.019198911181259382e+00
1.019214809331955296e+00
1.019230754138249040e+00
1.019246745453332714e+00
1.019262783128881633e+00
1.019278867015047441e+00
1.019294996960443456e+00
1.019311172812136235e+00
1.019327394415632249e+00
1.019343661614868779e+00
1.019359974252201262e+00
1.019376332168393073e+00
1.019392735202603983e+00
1.019409183192379054e+00
1.019425675973637535e+00
1.019442213380661322e+00
1.019458795246084515e+00
1.019475421400880988e+00
1.019492091674354839e+00
1.019508805894127734e+00
1.019525563886128028e+00
1.019542365474579881e+00
1.019559210481992384e+00
1.019576098729147118e+00
1.019593030035088166e+00
1.019610004217109900e+00
1.019627021090747432e+00
1.019644080469762848e+00
1.019661182166136104e+00
1.019678325990053924e+00
1.019695511749897587e+00
1.019712739252231604e+00
1.019730008301794388e+00
1.019747318701484717e+00
1.019764670252353067e+00
1.019782062753589624e+00
1.019799496002512740e+00
1.019816969794557604e+00
1.019834483923268253e+00
1.019852038180282472e+00
1.019869632355324462e+00
1.019887266236191969e+00
1.019904939608746508e+00
1.019922652256901596e+00
1.019940403962614095e+00
1.019958194505871107e+00
1.019976023664681097e+00
1.019993891215063009e+00
1.020011796931035608e+00
1.020029740584606603e+00
1.020047721945764208e+00
1.020065740782464259e+00
1.020083796860622893e+00
1.020101889944103224e+00
1.020120019794708677e+00
1.020138186172170336e+00
1.020156388834138728e+00
1.020174627536173162e+00
1.020192902031732851e+00
1.020211212072166251e+00
1.020229557406703291e+00
1.020247937782443159e+00
1.020266352944348753e+00
1.020284802635234023e+00
1.020303286595756642e+00
1.020321804564409796e+00
1.020340356277511074e+00
1.020358941469196035e+00
1.020377559871407769e+00
1.020396211213890014e+00
1.020414895224178498e+00
1.020433611627590498e+00
1.020452360147221293e+00
1.020471140503931728e+00
1.020489952416343327e+00
1.020508795600829410e+00
1.020527669771508217e+00
1.020546574640234905e+00
1.020565509916596003e+00
1.020584475307900307e+00
1.020603470519173772e+00
1.020622495253152628e+00
1.020641549210276056e+00
1.020660632088681075e+00
1.020679743584195887e+00
1.020698883390334100e+00
1.020718051198289622e+00
1.020737246696930001e+00
1.020756469572792868e+00
1.020775719510079504e+00
1.020794996190650172e+00
1.020814299294020788e+00
1.020833628497357815e+00
1.020852983475472930e+00
1.020872363900821256e+00
1.020891769443496466e+00
1.020911199771227462e+00
1.020930654549376149e+00
1.020950133440932994e+00
1.020969636106515477e+00
1.020989162204365641e+00
1.021008711390348100e+00
1.021028283317947594e+00
1.021047877638267876e+00
1.021067494000030829e+00
1.021087132049574908e+00
1.021106791430854255e+00
1.021126471785440026e+00
1.021146172752517511e+00
1.021165893968889460e+00
1.021185635068973863e+00
1.021205395684807282e+00
1.021225175446044187e+00
1.021244973979959836e+00
1.021264790911450948e+00
1.021284625863039253e+00
1.021304478454873266e+00
1.021324348304730734e+00
1.021344235028023517e+00
1.021364138237799368e+00
1.021384057544747481e+00
1.021403992557202045e+00
1.021423942881147351e+00
1.021443908120222233e+00
1.021463887875726950e+00
1.021483881746627853e+00
1.021503889329564263e+00
1.021523910218855136e+00
1.021543944006506610e+00
1.021563990282218892e+00
1.021584048633394248e+00
1.021604118645145887e+00
1.021624199900306618e+00
1.021644291979437957e+00
1.021664394460839898e+00
1.021684506920561120e+00
1.021704628932409431e+00
1.021724760067962867e+00
1.021744899896581238e+00
1.021765047985417896e+00
1.021785203899432837e+00
1.021805367201404469e+00
1.021825537451943600e+00
1.021845714209507872e+00
1.021865897030414416e+00
1.021886085468857175e+00
1.021906279076919555e+00
1.021926477404591527e+00
1.021946679999786722e+00
1.021966886408357755e+00
1.021987096174114429e+00
1.022007308838840611e+00
1.022027523942314442e+00
1.022047741022325207e+00
1.022067959614694210e+00
1.022088179253293205e+00
1.022108399470066153e+00
1.022128619795050541e+00
1.022148839756396921e+00
1.022169058880392889e+00
1.022189276691484405e+00
1.022209492712300438e+00
1.022229706463674948e+00
1.022249917464672420e+00
1.022270125232611626e+00
1.022290329283092269e+00
1.022310529130019408e+00
1.022330724285631653e+00
1.022350914260526489e+00
1.022371098563688907e+00
1.022391276702519392e+00
1.022411448182862781e+00
1.022431612509036913e+00
1.022451769183863490e+00
1.022471917708697609e+00
1.022492057583459513e+00
1.022512188306665237e+00
1.022532309375460358e+00
1.022552420285651298e+00
1.022572520531739304e+00
1.022592609606953751e+00
1.022612687003287224e+00
1.022632752211530605e+00
1.022652804721307929e+00
1.022672844021113692e+00
1.022692869598348597e+00
1.022712880939356861e+00
1.022732877529465290e+00
1.022752858853020808e+00
1.022772824393429092e+00
1.022792773633195207e+00
1.022812706053963794e+00
1.022832621136557485e+00
1.022852518361021978e+00
1.022872397206665118e+00
1.022892257152099749e+00
1.022912097675287235e+00
1.022931918253580541e+00
1.022951718363768414e+00
1.022971497482120018e+00
1.022991255084430451e+00
1.023010990646064489e+00
1.023030703642005435e+00
1.023050393546899750e+00
1.023070059835105461e+00
1.023089701980739008e+00
1.023109319457724542e+00
1.023128911739841662e+00
1.023148478300774489e+00
1.023168018614162511e+00
1.023187532153650103e+00
1.023207018392937151e+00
1.023226476805829899e+00
1.023245906866293797e+00
1.023265308048503908e+00
1.023284679826899080e+00
1.023304021676233244e+00
1.023323333071630481e+00
1.023342613488637420e+00
1.023361862403278311e+00
1.023381079292109419e+00
1.023400263632274321e+00
1.023419414901558966e+00
1.023438532578447635e+00
1.023457616142179338e+00
1.023476665072804215e+00
1.023495678851240598e+00
1.023514656959331637e+00
1.023533598879903916e+00
1.023552504096824745e+00
1.023571372095060772e+00
1.023590202360735502e+00
1.023608994381189685e+00
1.023627747645039054e+00
1.023646461642234273e+00
1.023665135864120890e+00
1.023683769803498178e+00
1.023702362954680645e+00
1.023720914813556204e+00
1.023739424877649906e+00
1.023757892646180778e+00
1.023776317620125997e+00
1.023794699302279732e+00
1.023813037197315978e+00
1.023831330811848739e+00
1.023849579654493303e+00
1.023867783235928863e+00
1.023885941068959582e+00
1.023904052668576092e+00
1.023922117552017896e+00
1.023940135238834426e+00
1.023958105250947881e+00
1.023976027112713627e+00
1.023993900350984587e+00
1.024011724495170084e+00
1.024029499077300009e+00
1.024047223632086112e+00
1.024064897696982612e+00
1.024082520812249486e+00
1.024100092521013528e+00
1.024117612369329411e+00
1.024135079906240753e+00
1.024152494683843173e+00
1.024169856257342914e+00
1.024187164185120125e+00
1.024204418028787256e+00
1.024221617353251457e+00
1.024238761726773639e+00
1.024255850721029315e+00
1.024272883911168774e+00
1.024289860875874147e+00
1.024306781197422023e+00
1.024323644461740290e+00
1.024340450258466095e+00
1.024357198181006900e+00
1.024373887826595109e+00
1.024390518796348237e+00
1.024407090695323763e+00
1.024423603132578631e+00
1.024440055721221654e+00
1.024456448078473247e+00
1.024472779825718716e+00
1.024489050588563099e+00
1.024505259996886686e+00
1.024521407684896968e+00
1.024537493291185264e+00
1.024553516458775126e+00
1.024569476835178961e+00
1.024585374072446209e+00
1.024601207827216864e+00
1.024616977760770542e+00
1.024632683539075995e+00
1.024648324832842405e+00
1.024663901317564907e+00
1.024679412673575207e+00
1.024694858586086443e+00
1.024710238745241142e+00
1.024725552846156074e+00
1.024740800588967771e+00
1.024755981678876271e+00
1.024771095826188638e+00
1.024786142746362039e+00
1.024801122160044153e+00
1.024816033793116699e+00
1.024830877376732730e+00
1.024845652647358163e+00
1.024860359346808858e+00
1.024874997222289696e+00
1.024889566026429222e+00
1.024904065517317164e+00
1.024918495458539081e+00
1.024932855619209437e+00
1.024947145774005364e+00
1.024961365703198846e+00
1.024975515192686704e+00
1.024989594034022566e+00
1.025003602024444405e+00
1.025017538966903619e+00
1.025031404670091462e+00
1.025045198948465686e+00
1.025058921622275410e+00
1.025072572517585545e+00
1.025086151466299000e+00
1.025099658306179329e+00
1.025113092880870935e+00
1.025126455039919726e+00
1.025139744638790873e+00
1.025152961538887464e+00
1.025166105607566047e+00
1.025179176718151730e+00
1.025192174749954166e+00
1.025205099588278879e+00
1.025217951124440585e+00
1.025230729255772300e+00
1.025243433885638211e+00
1.025256064923437904e+00
1.025268622284618569e+00
1.025281105890676780e+00
1.025293515669167155e+00
1.025305851553704350e+00
1.025318113483965732e+00
1.025330301405694922e+00
1.025342415270699359e+00
1.025354455036852297e+00
1.025366420668088807e+00
1.025378312134403558e+00
1.025390129411846374e+00
1.025401872482517351e+00
1.025413541334558643e+00
1.025425135962148016e+00
1.025436656365489529e+00
1.025448102550802432e+00
1.025459474530310944e+00
1.025470772322230939e+00
1.025481995950756398e+00
1.025493145446043641e+00
1.025504220844196457e+00
1.025515222187248554e+00
1.025526149523143360e+00
1.025537002905717365e+00
1.025547782394676144e+00
1.025558488055574813e+00
1.025569119959793163e+00
1.025579678184512344e+00
1.025590162812689554e+00
1.025600573933030057e+00
1.025610911639961653e+00
1.025621176033603144e+00
1.025631367219737022e+00
1.025641485309776613e+00
1.025651530420734314e+00
1.025661502675188519e+00
1.025671402201249194e+00
1.025681229132522132e+00
1.025690983608072315e+00
1.025700665772386611e+00
1.025710275775334690e+00
1.025719813772130617e+00
1.025729279923289550e+00
1.025738674394587768e+00
1.025747997357020269e+00
1.025757248986755021e+00
1.025766429465089669e+00
1.025775538978405343e+00
1.025784577718118928e+00
1.025793545880637314e+00
1.025802443667306107e+00
1.025811271284362336e+00
1.025820028942882267e+00
1.025828716858730338e+00
1.025837335252506755e+00
1.025845884349494863e+00
1.025854364379605421e+00
1.025862775577323305e+00
1.025871118181649777e+00
1.025879392436047199e+00
1.025887598588381078e+00
1.025895736890860999e+00
1.025903807599982898e+00
1.025911810976466887e+00
1.025919747285199080e+00
1.025927616795167197e+00
1.025935419779402391e+00
1.025943156514911525e+00
1.025950827282617217e+00
1.025958432367291451e+00
1.025965972057492070e+00
1.025973446645495057e+00
1.025980856427230359e+00
1.025988201702213498e+00
1.025995482773478962e+00
1.026002699947510477e+00
1.026009853534174177e+00
1.026016943846647766e+00
1.026023971201351470e+00
1.026030935917877196e+00
1.026037838318917483e+00
1.026044678730194892e+00
1.026051457480388285e+00
1.026058174901062436e+00
1.026064831326594318e+00
1.026071427094098709e+00
1.026077962543356259e+00
1.026084438016738432e+00
1.026090853859132235e+00
1.026097210417867167e+00
1.026103508042637946e+00
1.026109747085430124e+00
1.026115927900443925e+00
1.026122050844017197e+00
1.026128116274549695e+00
1.026134124552426030e+00
1.026140076039938620e+00
1.026145971101209309e+00
1.026151810102113426e+00
1.026157593410201185e+00
1.026163321394618633e+00
1.026168994426031045e+00
1.026174612876543435e+00
1.026180177119623060e+00
1.026185687530019486e+00
1.026191144483686424e+00
1.026196548357702687e+00
1.026201899530193140e+00
1.026207198380249874e+00
1.026212445287851827e+00
1.026217640633787731e+00
1.026222784799574406e+00
1.026227878167379259e+00
1.026232921119939689e+00
1.026237914040485144e+00
1.026242857312655632e+00
1.026247751320425117e+00
1.026252596448020249e+00
1.026257393079842206e+00
1.026262141600386979e+00
1.026266842394166767e+00
1.026271495845631154e+00
1.026276102339087171e+00
1.026280662258622023e+00
1.026285175988024267e+00
1.026289643910704319e+00
1.026294066409616956e+00
1.026298443867183829e+00
1.026302776665213745e+00
1.026307065184826950e+00
1.026311309806376304e+00
1.026315510909370676e+00
1.026319668872396562e+00
1.026323784073043255e+00
1.026327856887824908e+00
1.026331887692103484e+00
1.026335876860015262e+00
1.026339824764392450e+00
1.026343731776688806e+00
1.026347598266904360e+00
1.026351424603510143e+00
1.026355211153374025e+00
1.026358958281686551e+00
1.026362666351886999e+00
1.026366335725588996e+00
1.026369966762507691e+00
1.026373559820388248e+00
1.026377115254931471e+00
1.026380633419722521e+00
1.026384114666159197e+00
1.026387559343380662e+00
1.026390967798196607e+00
1.026394340375016423e+00
1.026397677415779031e+00
1.026400979259884050e+00
1.026404246244121854e+00
1.026407478702604958e+00
1.026410676966699853e+00
1.026413841364958834e+00
1.026416972223052948e+00
1.026420069863704709e+00
1.026423134606622156e+00
1.026426166768432902e+00
1.026429166662617298e+00
1.026432134599445156e+00
1.026435070885910905e+00
1.026437975825668536e+00
1.026440849718969428e+00
1.026443692862598622e+00
1.026446505549812649e+00
1.026449288070277799e+00
1.026452040710008173e+00
1.026454763751305954e+00
1.026457457472699897e+00
1.026460122148886711e+00
1.026462758050670221e+00
1.026465365444904965e+00
1.026467944594436688e+00
1.026470495758044832e+00
1.026473019190386804e+00
1.026475515141940242e+00
1.026477983858948173e+00
1.026480425583363054e+00
1.026482840552793263e+00
1.026485229000448474e+00
1.026487591155085699e+00
1.026489927240958666e+00
1.026492237477762526e+00
1.026494522080584559e+00
1.026496781259853552e+00
1.026499015221287170e+00
1.026501224165844217e+00
1.026503408289674901e+00
1.026505567784073314e+00
1.026507702835427471e+00
1.026509813625174461e+00
1.026511900329752480e+00
1.026513963120555761e+00
1.026516002163889052e+00
1.026518017620922762e+00
1.026520009647649445e+00
1.026521978394841161e+00
1.026523924008005073e+00
1.026525846627343475e+00
1.026527746387711382e+00
1.026529623418576787e+00
1.026531477843979800e+00
1.026533309782494463e+00
1.026535119347190328e+00
1.026536906645592939e+00
1.026538671779648970e+00
1.026540414845688698e+00
1.026542135934390032e+00
1.026543835130744764e+00
1.026545512514022818e+00
1.026547168157740053e+00
1.026548802129624294e+00
1.026550414491584018e+00
1.026552005299677051e+00
1.026553574604079477e+00
1.026555122449056334e+00
1.026556648872931854e+00
1.026558153908061488e+00
1.026559637580804818e+00
1.026561099911497577e+00
1.026562540914426336e+00
1.026563960597803860e+00
1.026565358963742902e+00
1.026566736008234004e+00
1.026568091721121956e+00
1.026569426086083148e+00
1.026570739080606476e+00
1.026572030675969360e+00
1.026573300837221092e+00
1.026574549523162183e+00
1.026575776686327490e+00
1.026576982272968008e+00
1.026578166223035105e+00
1.026579328470165198e+00
1.026580468941663993e+00
1.026581587558494268e+00
1.026582684235261445e+00
1.026583758880203145e+00
1.026584811395176100e+00
1.026585841675648147e+00
1.026586849610685803e+00
1.026587835082949152e+00
1.026588797968682520e+00
1.026589738137707597e+00
1.026590655453418544e+00
1.026591549772776668e+00
1.026592420946306650e+00
1.026593268818095206e+00
1.026594093225785986e+00
1.026594894000581792e+00
1.026595670967242802e+00
1.026596423944088787e+00
1.026597152742999786e+00
1.026597857169420980e+00
1.026598537022364477e+00
1.026599192094416635e+00
1.026599822171743170e+00
1.026600427034095597e+00
1.026601006454821441e+00
1.026601560200871344e+00
1.026602088032811277e+00
1.026602589704832535e+00
1.026603064964765721e+00
1.026603513554092961e+00
1.026603935207963669e+00
1.026604329655210091e+00
1.026604696618364621e+00
1.026605035813677347e+00
1.026605346951136255e+00
1.026605629734486769e+00
1.026605883861254842e+00
1.026606109022767832e+00
1.026606304904180700e+00
1.026606471184499325e+00
1.026606607536608706e+00
1.026606713627299605e+00
1.026606789117297858e+00
1.026606833661294349e+00
1.026606846907976989e+00
1.026606828500063351e+00
1.026606778074333981e+00
1.026606695261669033e+00
1.026606579687083354e+00
1.026606430969765782e+00
1.026606248723117343e+00
1.026606032554793213e+00
1.026605782066742689e+00
1.026605496855254707e+00
1.026605176511000916e+00
1.026604820619082314e+00
1.026604428759076759e+00
1.026604000505087377e+00
1.026603535425793190e+00
1.026603033084501071e+00
1.026602493039197483e+00
1.026601914842605545e+00
1.026601298042236765e+00
1.026600642180453882e+00
1.026599946794524820e+00
1.026599211416685531e+00
1.026598435574202162e+00
1.026597618789432342e+00
1.026596760579891798e+00
1.026595860458319409e+00
1.026594917932746487e+00
1.026593932506563611e+00
1.026592903678594126e+00
1.026591830943165196e+00
1.026590713790180853e+00
1.026589551705199721e+00
1.026588344169508726e+00
1.026587090660205037e+00
1.026585790650273555e+00
1.026584443608669739e+00
1.026583049000402426e+00
1.026581606286618875e+00
1.026580114924689813e+00
1.026578574368299357e+00
1.026576984067532283e+00
1.026575343468966839e+00
1.026573652015766447e+00
1.026571909147772743e+00
1.026570114301603498e+00
1.026568266910748317e+00
1.026566366405668118e+00
1.026564412213895050e+00
1.026562403760135300e+00
1.026560340466371013e+00
1.026558221751967537e+00
1.026556047033777563e+00
1.026553815726251706e+00
1.026551527241546857e+00
1.026549180989636989e+00
1.026546776378427506e+00
1.026544312813868043e+00
1.026541789700069263e+00
1.026539206439418539e+00
1.026536562432701860e+00
1.026533857079220180e+00
1.026531089776914207e+00
1.026528259922485864e+00
1.026525366911523296e+00
1.026522410138627883e+00
1.026519388997540361e+00
1.026516302881269826e+00
1.026513151182224526e+00
1.026509933292343302e+00
1.026506648603227490e+00
1.026503296506277696e+00
1.026499876392826138e+00
1.026496387654275200e+00
1.026492829682235541e+00
1.026489201868665102e+00
1.026485503606008987e+00
1.026481734287342462e+00
1.026477893306512179e+00
1.026473980058281832e+00
1.026469993938475600e+00
1.026465934344125808e+00
1.026461800673618585e+00
1.026457592326843304e+00
1.026453308705340683e+00
1.026448949212453998e+00
1.026444513253478963e+00
1.026440000235816496e+00
1.026435409569125046e+00
1.026430740665473795e+00
1.026425992939497434e+00
1.026421165808551361e+00
1.026416258692866457e+00
1.026411271015705617e+00
1.026406202203521634e+00
1.026401051686113952e+00
1.026395818896785883e+00
1.026390503272504473e+00
1.026385104254058600e+00
1.026379621286217514e+00
1.026374053817892484e+00
1.026368401302293565e+00
1.026362663197092573e+00
1.026356838964581186e+00
1.026350928071831925e+00
1.026344929990859356e+00
1.026338844198778855e+00
1.026332670177968254e+00
1.026326407416227049e+00
1.026320055406937826e+00
1.026313613649223910e+00
1.026307081648111685e+00
1.026300458914687352e+00
1.026293744966256805e+00
1.026286939326504610e+00
1.026280041525650555e+00
1.026273051100607958e+00
1.026265967595139106e+00
1.026258790560013345e+00
1.026251519553159186e+00
1.026244154139821729e+00
1.026236693892713436e+00
1.026229138392168005e+00
1.026221487226291584e+00
1.026213739991113094e+00
1.026205896290733222e+00
1.026197955737471190e+00
1.026189917952014197e+00
1.026181782563559519e+00
1.026173549209960179e+00
1.026165217537866381e+00
1.026156787202866738e+00
1.026148257869627267e+00
1.026139629212027726e+00
1.026130900913298838e+00
1.026122072666153962e+00
1.026113144172922542e+00
1.026104115145680007e+00
1.026094985306373220e+00
1.026085754386948601e+00
1.026076422129473809e+00
1.026066988286260528e+00
1.026057452619980825e+00
1.026047814903785715e+00
1.026038074921418186e+00
1.026028232467324219e+00
1.026018287346762925e+00
1.026008239375910014e+00
1.025998088381964379e+00
1.025987834203246241e+00
1.025977476689296175e+00
1.025967015700969043e+00
1.025956451110526801e+00
1.025945782801725770e+00
1.025935010669904335e+00
1.025924134622063333e+00
1.025913154576946873e+00
1.025902070465118054e+00
1.025890882229031131e+00
1.025879589823101012e+00
1.025868193213769430e+00
1.025856692379567781e+00
1.025845087311174408e+00
1.025833378011471453e+00
1.025821564495595695e+00
1.025809646790987184e+00
1.025797624937432762e+00
1.025785498987106692e+00
1.025773269004608190e+00
1.025760935066993396e+00
1.025748497263804682e+00
1.025735955697095747e+00
1.025723310481453154e+00
1.025710561744012539e+00
1.025697709624473486e+00
1.025684754275106414e+00
1.025671695860760124e+00
1.025658534558861579e+00
1.025645270559412792e+00
1.025631904064984168e+00
1.025618435290702735e+00
1.025604864464237931e+00
1.025591191825780957e+00
1.025577417628021681e+00
1.025563542136119999e+00
1.025549565627675630e+00
1.025535488392689931e+00
1.025521310733526814e+00
1.025507032964868781e+00
1.025492655413666743e+00
1.025478178419088282e+00
1.025463602332461255e+00
1.025448927517211839e+00
1.025434154348799698e+00
1.025419283214649369e+00
1.025404314514076987e+00
1.025389248658212349e+00
1.025374086069918089e+00
1.025358827183704635e+00
1.025343472445641169e+00
1.025328022313262144e+00
1.025312477255470256e+00
1.025296837752436518e+00
1.025281104295494350e+00
1.025265277387032992e+00
1.025249357540383821e+00
1.025233345279705555e+00
1.025217241139864788e+00
1.025201045666313648e+00
1.025184759414962343e+00
1.025168382952051260e+00
1.025151916854015077e+00
1.025135361707349757e+00
1.025118718108469995e+00
1.025101986663568221e+00
1.025085167988467383e+00
1.025068262708473288e+00
1.025051271458221169e+00
1.025034194881522032e+00
1.025017033631204555e+00
1.024999788368954556e+00
1.024982459765152232e+00
1.024965048498707176e+00
1.024947555256888521e+00
1.024929980735155732e+00
1.024912325636986310e+00
1.024894590673699479e+00
1.024876776564279890e+00
1.024858884035197981e+00
1.024840913820229460e+00
1.024822866660270559e+00
1.024804743303156185e+00
1.024786544503470509e+00
1.024768271022360899e+00
1.024749923627346959e+00
1.024731503092131568e+00
1.024713010196406593e+00
1.024694445725660819e+00
1.024675810470985216e+00
1.024657105228877096e+00
1.024638330801044939e+00
1.024619487994209655e+00
1.024600577619908304e+00
1.024581600494295142e+00
1.024562557437942001e+00
1.024543449275640894e+00
1.024524276836202397e+00
1.024505040952257584e+00
1.024485742460057525e+00
1.024466382199273440e+00
1.024446961012797086e+00
1.024427479746541358e+00
1.024407939249241783e+00
1.024388340372256456e+00
1.024368683969368865e+00
1.024348970896590050e+00
1.024329202011960760e+00
1.024309378175356500e+00
1.024289500248291906e+00
1.024269569093725352e+00
1.024249585575866650e+00
1.024229550559984769e+00
1.024209464912216649e+00
1.024189329499377354e+00
1.024169145188772445e+00
1.024148912848010351e+00
1.024128633344816963e+00
1.024108307546853780e+00
1.024087936321533387e+00
1.024067520535841602e+00
1.024047061056157171e+00
1.024026558748077242e+00
1.024006014476241067e+00
1.023985429104159683e+00
1.023964803494043618e+00
1.023944138506636126e+00
1.023923435001047100e+00
1.023902693834589428e+00
1.023881915862617564e+00
1.023861101938369655e+00
1.023840252912809223e+00
