1.000603444564682754e+00
1.000677451667873363e+00
1.000800023616458478e+00
1.000944363550622995e+00
1.001101459685668660e+00
1.001266987130696506e+00
1.001438399726160000e+00
1.001614007561894448e+00
1.001792605634353350e+00
1.001973294716093310e+00
1.002155382415720331e+00
1.002338322974872131e+00
1.002521678065737554e+00
1.002705090030369117e+00
1.002888263003771652e+00
1.003070949285605584e+00
1.003252939330354643e+00
1.003434054292527744e+00
1.003614140405674870e+00
1.003793064692814596e+00
1.003970711652120373e+00
1.004146980662529387e+00
1.004321783924837508e+00
1.004495044804351700e+00
1.004666696477393595e+00
1.004836680810015537e+00
1.005004947416161087e+00
1.005171452856107317e+00
1.005336159945946051e+00
1.005499037156056374e+00
1.005660058081809805e+00
1.005819200973627758e+00
1.005976448316415084e+00
1.006131786450545462e+00
1.006285205228227397e+00
1.006436697700330951e+00
1.006586259829720831e+00
1.006733890227911044e+00
1.006879589912433426e+00
1.007023362082799744e+00
1.007165211913293223e+00
1.007305146361128889e+00
1.007443173988756158e+00
1.007579304799258724e+00
1.007713550083952914e+00
1.007845922281406459e+00
1.007976434847185576e+00
1.008105102133701969e+00
1.008231939279597533e+00
1.008356962108140520e+00
1.008480187034132669e+00
1.008601630978864350e+00
1.008721311292661404e+00
1.008839245684593156e+00
1.008955452158912358e+00
1.009069948957820539e+00
1.009182754510150826e+00
1.009293887385574795e+00
1.009403366253946999e+00
1.009511209849410784e+00
1.009617436938896384e+00
1.009722066294653331e+00
1.009825116670471257e+00
1.009926606781254455e+00
1.010026555285625349e+00
1.010124980771250236e+00
1.010221901742593520e+00
1.010317336610817573e+00
1.010411303685571749e+00
1.010503821168416305e+00
1.010594907147656762e+00
1.010684579594376853e+00
1.010772856359468674e+00
1.010859755171495511e+00
1.010945293635211462e+00
1.011029489230611977e+00
1.011112359312375419e+00
1.011193921109597937e+00
1.011274191725718197e+00
1.011353188138561565e+00
1.011430927200432928e+00
1.011507425638209057e+00
1.011582700053390349e+00
1.011656766922082618e+00
1.011729642594890066e+00
1.011801343296708788e+00
1.011871885126419235e+00
1.011941284056476986e+00
1.012009555932416927e+00
1.012076716472277038e+00
1.012142781265962466e+00
1.012207765774566504e+00
1.012271685329665161e+00
1.012334555132613501e+00
1.012396390253852640e+00
1.012457205632255164e+00
1.012517016074523379e+00
1.012575836254654416e+00
1.012633680713490358e+00
1.012690563858359205e+00
1.012746499962819069e+00
1.012801503166512074e+00
1.012855587475125718e+00
1.012908766760467705e+00
1.012961054760650681e+00
1.013012465080379343e+00
1.013063011191336793e+00
1.013112706432659493e+00
1.013161564011489268e+00
1.013209597003594364e+00
1.013256818354040911e+00
1.013303240877907463e+00
1.013348877261021741e+00
1.013393740060712700e+00
1.013437841706556597e+00
1.013481194501109961e+00
1.013523810620611698e+00
1.013565702115646561e+00
1.013606880911755326e+00
1.013647358809985910e+00
1.013687147487377871e+00
1.013726258497366750e+00
1.013764703270116030e+00
1.013802493112763159e+00
1.013839639209581422e+00
1.013876152622062321e+00
1.013912044288912462e+00
1.013947325025976953e+00
1.013982005526084862e+00
1.014016096358831831e+00
1.014049607970298972e+00
1.014082550682722239e+00
1.014114934694114289e+00
1.014146770077858362e+00
1.014178066782269294e+00
1.014208834630147660e+00
1.014239083318322798e+00
1.014268822417207172e+00
1.014298061370361381e+00
1.014326809494086046e+00
1.014355075977048104e+00
1.014382869879950189e+00
1.014410200135247742e+00
1.014437075546929190e+00
1.014463504790355852e+00
1.014489496412179559e+00
1.014515058830328220e+00
1.014540200334080655e+00
1.014564929084221134e+00
1.014589253113283629e+00
1.014613180325888209e+00
1.014636718499166479e+00
1.014659875283286938e+00
1.014682658202070265e+00
1.014705074653702521e+00
1.014727131911545399e+00
1.014748837125039271e+00
1.014770197320703726e+00
1.014791219403231581e+00
1.014811910156675712e+00
1.014832276245728249e+00
1.014852324217092816e+00
1.014872060500940698e+00
1.014891491412462265e+00
1.014910623153497671e+00
1.014929461814256140e+00
1.014948013375114977e+00
1.014966283708500727e+00
1.014984278580847388e+00
1.015002003654628782e+00
1.015019464490466206e+00
1.015036666549303135e+00
1.015053615194648540e+00
1.015070315694882819e+00
1.015086773225622796e+00
1.015102992872141119e+00
1.015118979631838947e+00
1.015134738416762383e+00
1.015150274056161095e+00
1.015165591299082459e+00
1.015180694816993467e+00
1.015195589206429272e+00
1.015210278991656612e+00
1.015224768627347673e+00
1.015239062501259060e+00
1.015253164936905428e+00
1.015267080196222693e+00
1.015280812482212358e+00
1.015294365941561416e+00
1.015307744667227841e+00
1.015320952700985657e+00
1.015333994035922283e+00
1.015346872618879903e+00
1.015359592352838014e+00
1.015372157099223571e+00
1.015384570680149423e+00
1.015396836880573472e+00
1.015408959450367465e+00
1.015420942106300961e+00
1.015432788533927377e+00
1.015444502389371895e+00
1.015456087301018107e+00
1.015467546871091420e+00
1.015478884677133653e+00
1.015490104273372385e+00
1.015501209191981502e+00
1.015512202944232723e+00
1.015523089021538539e+00
1.015533870896390134e+00
1.015544552023187830e+00
1.015555135838969836e+00
1.015565625764038193e+00
1.015576025202489241e+00
1.015586337542647932e+00
1.015596566157411562e+00
1.015606714404508670e+00
1.015616785626673568e+00
1.015626783151744483e+00
1.015636710292688427e+00
1.015646570347559008e+00
1.015656366599389404e+00
1.015666102316029162e+00
1.015675780749926815e+00
1.015685405137866093e+00
1.015694978700657725e+00
1.015704504642793271e+00
1.015713986152066539e+00
1.015723426399165907e+00
1.015732828537240007e+00
1.015742195701446526e+00
1.015751531008483255e+00
1.015760837556104690e+00
1.015770118422632651e+00
1.015779376666458900e+00
1.015788615325546207e+00
1.015797837416928306e+00
1.015807045936213626e+00
1.015816243857093681e+00
1.015825434130856353e+00
1.015834619685911822e+00
1.015843803427324943e+00
1.015852988236362275e+00
1.015862176970051323e+00
1.015871372460753541e+00
1.015880577515752670e+00
1.015889794916860822e+00
1.015899027420037681e+00
1.015908277755029676e+00
1.015917548625025812e+00
1.015926842706330824e+00
1.015936162648056307e+00
1.015945511071831842e+00
1.015954890571531433e+00
1.015964303713021266e+00
1.015973753033924565e+00
1.015983241043402652e+00
1.015992770221959551e+00
1.016002343021260135e+00
1.016011961863966917e+00
1.016021629143598615e+00
1.016031347224401138e+00
1.016041118441241231e+00
1.016050945099513658e+00
1.016060829475069704e+00
1.016070773814160333e+00
1.016080780333396660e+00
1.016090851219729085e+00
1.016100988630441959e+00
1.016111194693164688e+00
1.016121471505899709e+00
1.016131821137067348e+00
1.016142245625564655e+00
1.016152746980842903e+00
1.016163327182996623e+00
1.016173988182871080e+00
1.016184731902182836e+00
1.016195560233654760e+00
1.016206475041166346e+00
1.016217478159914922e+00
1.016228571396592395e+00
1.016239756529574212e+00
1.016251035309119199e+00
1.016262409457582283e+00
1.016273880669637641e+00
1.016285450612512076e+00
1.016297120926229258e+00
1.016308893223860865e+00
1.016320769091789700e+00
1.016332750089976589e+00
1.016344837752238162e+00
1.016357033586527514e+00
1.016369339075223532e+00
1.016381755675423992e+00
1.016394284819241101e+00
1.016406927914104363e+00
1.016419686343061457e+00
1.016432561465085982e+00
1.016445554615381219e+00
1.016458667105688995e+00
1.016471900224595437e+00
1.016485255237836727e+00
1.016498733388603082e+00
1.016512335897839847e+00
1.016526063964547699e+00
1.016539918766076411e+00
1.016553901458415288e+00
1.016568013176480711e+00
1.016582255034396365e+00
1.016596628125766344e+00
1.016611133523946053e+00
1.016625772282302220e+00
1.016640545434468024e+00
1.016655453994588676e+00
1.016670498957561009e+00
1.016685681299263733e+00
1.016701001976777485e+00
1.016716461928598658e+00
1.016732062074841902e+00
1.016747803317434862e+00
1.016763686540301359e+00
1.016779712609535036e+00
1.016795882373565441e+00
1.016812196663311241e+00
1.016828656292324551e+00
1.016845262056925492e+00
1.016862014736324316e+00
1.016878915092737090e+00
1.016895963871487396e+00
1.016913161801100252e+00
1.016930509593384935e+00
1.016948007943507148e+00
1.016965657530052525e+00
1.016983459015080582e+00
1.017001413044165581e+00
1.017019520246432274e+00
1.017037781234578997e+00
1.017056196604891660e+00
1.017074766937250851e+00
1.017093492795126508e+00
1.017112374725566371e+00
1.017131413259174444e+00
1.017150608910080800e+00
1.017169962175904496e+00
1.017189473537706723e+00
1.017209143459936183e+00
1.017228972390367359e+00
1.017248960760031684e+00
1.017269108983140047e+00
1.017289417456998635e+00
1.017309886561917676e+00
1.017330516661115070e+00
1.017351308100610696e+00
1.017372261209116058e+00
1.017393376297917928e+00
1.017414653660755341e+00
1.017436093573691025e+00
1.017457696294976843e+00
1.017479462064915463e+00
1.017501391105714692e+00
1.017523483621338487e+00
1.017545739797351523e+00
1.017568159800761540e+00
1.017590743779854368e+00
1.017613491864026720e+00
1.017636404163615005e+00
1.017659480769717462e+00
1.017682721754017194e+00
1.017706127168596097e+00
1.017729697045750559e+00
1.017753431397801167e+00
1.017777330216898202e+00
1.017801393474827121e+00
1.017825621122809832e+00
1.017850013091303740e+00
1.017874569289795916e+00
1.017899289606599700e+00
1.017924173908645535e+00
1.017949222041270030e+00
1.017974433828005010e+00
1.017999809070363693e+00
1.018025347547625303e+00
1.018051049016618359e+00
1.018076913211503287e+00
1.018102939843553933e+00
1.018129128600937294e+00
1.018155479148493026e+00
1.018181991127513175e+00
1.018208664155520360e+00
1.018235497826045943e+00
1.018262491708409101e+00
1.018289645347493888e+00
1.018316958263529415e+00
1.018344429951866914e+00
1.018372059882761693e+00
1.018399847501151534e+00
1.018427792226438644e+00
1.018455893452272498e+00
1.018484150546333566e+00
1.018512562850117487e+00
1.018541129678723234e+00
1.018569850320641290e+00
1.018598724037544700e+00
1.018627750064081905e+00
1.018656927607672902e+00
1.018686255848307187e+00
1.018715733938345025e+00
1.018745361002321825e+00
1.018775136136754966e+00
1.018805058409957054e+00
1.018835126861848739e+00
1.018865340503779082e+00
1.018895698318348142e+00
1.018926199259235332e+00
1.018956842251032002e+00
1.018987626189078011e+00
1.019018549939305185e+00
1.019049612338086330e+00
1.019080812192088681e+00
1.019112148278133567e+00
1.019143619343063412e+00
1.019175224103614941e+00
1.019206961246298615e+00
1.019238829427286941e+00
1.019270827272307445e+00
1.019302953376545418e+00
1.019335206304555319e+00
1.019367584590177955e+00
1.019400086736468314e+00
1.019432711215632503e+00
1.019465456468972686e+00
1.019498320906841116e+00
1.019531302908607495e+00
1.019564400822631001e+00
1.019597612966248290e+00
1.019630937625769063e+00
1.019664373056483164e+00
1.019697917482680349e+00
1.019731569097679813e+00
1.019765326063874378e+00
1.019799186512785116e+00
1.019833148545128410e+00
1.019867210230898991e+00
1.019901369609461650e+00
1.019935624689661147e+00
1.019969973449943446e+00
1.020004413838491164e+00
1.020038943773376339e+00
1.020073561142723850e+00
1.020108263804892390e+00
1.020143049588672746e+00
1.020177916293497855e+00
1.020212861689670181e+00
1.020247883518608845e+00
1.020282979493106534e+00
1.020318147297610611e+00
1.020353384588514878e+00
1.020388688994473103e+00
1.020424058116727206e+00
1.020459489529455421e+00
1.020494980780135563e+00
1.020530529389930052e+00
1.020566132854085373e+00
1.020601788642352181e+00
1.020637494199424067e+00
1.020673246945394519e+00
1.020709044276232103e+00
1.020744883564275174e+00
1.020780762158747024e+00
1.020816677386286786e+00
1.020852626551503217e+00
1.020888606937545795e+00
1.020924615806692692e+00
1.020960650400965175e+00
1.020996707942751991e+00
1.021032785635460183e+00
1.021068880664181666e+00
1.021104990196379347e+00
1.021141111382591227e+00
1.021177241357157151e+00
1.021213377238958664e+00
1.021249516132181290e+00
1.021285655127094349e+00
1.021321791300847437e+00
1.021357921718286432e+00
1.021394043432786614e+00
1.021430153487102199e+00
1.021466248914234320e+00
1.021502326738313648e+00
1.021538383975502562e+00
1.021574417634908194e+00
1.021610424719517018e+00
1.021646402227139649e+00
1.021682347151371850e+00
1.021718256482571086e+00
1.021754127208843954e+00
1.021789956317049386e+00
1.021825740793811832e+00
1.021861477626548442e+00
1.021897163804507347e+00
1.021932796319813486e+00
1.021968372168530870e+00
1.022003888351726619e+00
1.022039341876550100e+00
1.022074729757316058e+00
1.022110049016596633e+00
1.022145296686319593e+00
1.022180469808872338e+00
1.022215565438209239e+00
1.022250580640966078e+00
1.022285512497576043e+00
1.022320358103386395e+00
1.022355114569780454e+00
1.022389779025296708e+00
1.022424348616750578e+00
1.022458820510352417e+00
1.022493191892824616e+00
1.022527459972517594e+00
1.022561621980518476e+00
1.022595675171756202e+00
1.022629616826102872e+00
1.022663444249464204e+00
1.022697154774867556e+00
1.022730745763535731e+00
1.022764214605955235e+00
1.022797558722931210e+00
1.022830775566633488e+00
1.022863862621626652e+00
1.022896817405890113e+00
1.022929637471820419e+00
1.022962320407221126e+00
1.022994863836273360e+00
1.023027265420491716e+00
1.023059522859659953e+00
1.023091633892747598e+00
1.023123596298808335e+00
1.023155407897854641e+00
1.023187066551712876e+00
1.023218570164853514e+00
1.023249916685200711e+00
1.023281104104913464e+00
1.023312130461144998e+00
1.023342993836773962e+00
1.023373692361110532e+00
1.023404224210572977e+00
1.023434587609336921e+00
1.023464780829956844e+00
1.023494802193954945e+00
1.023524650072382691e+00
1.023554322886349954e+00
1.023583819107521720e+00
1.023613137258585049e+00
1.023642275913681843e+00
1.023671233698808081e+00
1.023700009292180635e+00
1.023728601424569451e+00
1.023757008879595531e+00
1.023785230493993392e+00
1.023813265157838437e+00
1.023841111814740135e+00
1.023868769461998784e+00
1.023896237150724087e+00
1.023923513985921518e+00
1.023950599126538741e+00
1.023977491785476701e+00
1.024004191229566985e+00
1.024030696779505423e+00
1.024057007809757724e+00
1.024083123748420032e+00
1.024109044077049724e+00
1.024134768330454914e+00
1.024160296096449319e+00
1.024185627015570255e+00
1.024210760780760676e+00
1.024235697137015677e+00
1.024260435880990139e+00
1.024284976860576402e+00
1.024309319974440191e+00
1.024333465171527235e+00
1.024357412450531468e+00
1.024381161859330369e+00
1.024404713494386332e+00
1.024428067500115613e+00
1.024451224068222421e+00
1.024474183437001917e+00
1.024496945890610355e+00
1.024519511758305246e+00
1.024541881413652655e+00
1.024564055273706309e+00
1.024586033798154494e+00
1.024607817488440542e+00
1.024629406886852667e+00
1.024650802575587383e+00
1.024672005175785383e+00
1.024693015346539671e+00
1.024713833783881478e+00
1.024734461219735770e+00
1.024754898420857430e+00
1.024775146187741015e+00
1.024795205353508321e+00
1.024815076782774836e+00
1.024834761370492231e+00
1.024854260040774401e+00
1.024873573745698430e+00
1.024892703464092669e+00
1.024911650200300173e+00
1.024930414982931026e+00
1.024948998863592253e+00
1.024967402915606840e+00
1.024985628232714552e+00
1.025003675927758540e+00
1.025021547131361954e+00
1.025039242990587685e+00
1.025056764667588993e+00
1.025074113338248161e+00
1.025091290190804916e+00
1.025108296424475984e+00
1.025125133248066422e+00
1.025141801878571179e+00
1.025158303539772220e+00
1.025174639460827208e+00
1.025190810874854863e+00
1.025206819017514093e+00
1.025222665125578914e+00
1.025238350435512258e+00
1.025253876182035118e+00
1.025269243596696356e+00
1.025284453906438742e+00
1.025299508332168763e+00
1.025314408087322660e+00
1.025329154376437568e+00
1.025343748393721999e+00
1.025358191321632084e+00
1.025372484329446943e+00
1.025386628571853809e+00
1.025400625187533166e+00
1.025414475297751427e+00
1.025428180004962275e+00
1.025441740391409784e+00
1.025455157517745075e+00
1.025468432421645870e+00
1.025481566116450693e+00
1.025494559589797516e+00
1.025507413802276835e+00
1.025520129686093851e+00
1.025532708143742422e+00
1.025545150046693221e+00
1.025557456234092113e+00
1.025569627511476067e+00
1.025581664649499514e+00
1.025593568382679344e+00
1.025605339408153682e+00
1.025616978384457978e+00
1.025628485930317968e+00
1.025639862623460630e+00
1.025651108999444228e+00
1.025662225550507234e+00
1.025673212724436345e+00
1.025684070923457369e+00
1.025694800503145210e+00
1.025705401771358050e+00
1.025715874987191967e+00
1.025726220359962415e+00
1.025736438048206800e+00
1.025746528158713478e+00
1.025756490745577842e+00
1.025766325809283952e+00
1.025776033295812573e+00
1.025785613095778537e+00
1.025795065043598076e+00
1.025804388916684129e+00
1.025813584434673853e+00
1.025822651258686324e+00
1.025831588990614218e+00
1.025840397172446128e+00
1.025849075285626189e+00
1.025857622750447451e+00
1.025866038925478785e+00
1.025874323107032637e+00
1.025882474528667432e+00
1.025890492360730377e+00
1.025898375709938470e+00
1.025906123619001242e+00
1.025913735066284360e+00
1.025921208965515419e+00
1.025928544165534362e+00
1.025935739450086981e+00
1.025942793537663711e+00
1.025949705081386831e+00
1.025956472668942965e+00
1.025963094822564869e+00
1.025969569999062081e+00
1.025975896589902181e+00
1.025982072921344912e+00
1.025988097254626030e+00
1.025993967786196004e+00
1.025999682648013334e+00
1.026005239907893607e+00
1.026010637569912509e+00
1.026015873574869008e+00
1.026020945800804718e+00
1.026025852063583432e+00
1.026030590117531061e+00
1.026035157656134178e+00
1.026039552312804526e+00
1.026043771661700799e+00
1.026047813218618598e+00
1.026051674441942341e+00
1.026055352733662218e+00
1.026058845440455780e+00
1.026062149854838790e+00
1.026065263216380696e+00
1.026068182712986054e+00
1.026070905482247664e+00
1.026073428612864546e+00
1.026075749146131644e+00
1.026077864077495683e+00
1.026079770358182319e+00
1.026081464896891227e+00
1.026082944561563792e+00
1.026084206181215652e+00
1.026085246547842722e+00
1.026086062418396505e+00
1.026086650516824683e+00
1.026087007536185647e+00
1.026087130140827419e+00
1.026087014968637634e+00
1.026086658633358351e+00
1.026086057726967926e+00
1.026085208822130168e+00
1.026084108474706325e+00
1.026082753226331246e+00
1.026081139607052384e+00
1.026079264138029412e+00
1.026077123334294017e+00
1.026074713707566310e+00
1.026072031769130088e+00
1.026069074032759154e+00
1.026065837017700488e+00
1.026062317251702716e+00
1.026058511274096530e+00
1.026054415638919082e+00
1.026050026918082114e+00
1.026045341704578950e+00
1.026040356615731231e+00
1.026035068296470065e+00
1.026029473422644722e+00
1.026023568704366173e+00
1.026017350889369295e+00
1.026010816766400158e+00
1.026003963168618416e+00
1.025996786977016129e+00
1.025989285123843686e+00
1.025981454596043285e+00
1.025973292438684181e+00
1.025964795758393056e+00
1.025955961726780385e+00
1.025946787583853048e+00
1.025937270641412491e+00
1.025927408286428699e+00
1.025917197984393070e+00
1.025906637282638201e+00
1.025895723813621485e+00
1.025884455298170295e+00
1.025872829548680976e+00
1.025860844472266775e+00
1.025848498073850479e+00
1.025835788459197317e+00
1.025822713837880373e+00
1.025809272526176263e+00
1.025795462949883774e+00
1.025781283647062558e+00
1.025766733270684350e+00
1.025751810591193580e+00
1.025736514498972074e+00
1.025720844006703603e+00
1.025704798251628969e+00
1.025688376497696508e+00
1.025671578137592688e+00
1.025654402694656797e+00
1.025636849824669961e+00
1.025618919317517808e+00
1.025600611098721471e+00
1.025581925230833580e+00
1.025562861914693702e+00
1.025543421490546780e+00
1.025523604439008807e+00
1.025503411381892382e+00
1.025482843082877071e+00
1.025461900448028540e+00
1.025440584526162269e+00
1.025418896509052269e+00
1.025396837731479494e+00
1.025374409671123477e+00
1.025351613948291440e+00
1.025328452325489970e+00
1.025304926706831710e+00
1.025281039137286410e+00
1.025256791801768319e+00
1.025232187024064157e+00
1.025207227265605425e+00
1.025181915124081300e+00
1.025156253331897638e+00
1.025130244754483666e+00
1.025103892388446569e+00
1.025077199359580860e+00
1.025050168920731863e+00
1.025022804449516878e+00
1.024995109445913100e+00
1.024967087529708998e+00
1.024938742437826900e+00
1.024910078021525450e+00
1.024881098243477506e+00
1.024851807174737672e+00
1.024822208991601480e+00
1.024792307972358874e+00
1.024762108493954216e+00
1.024731615028553477e+00
1.024700832140027051e+00
1.024669764480356182e+00
1.024638416785965234e+00
1.024606793873991339e+00
1.024574900638495656e+00
1.024542742046623545e+00
1.024510323134720569e+00
1.024477649004411850e+00
1.024444724818652119e+00
1.024411555797751339e+00
1.024378147215386337e+00
1.024344504394601785e+00
1.024310632703812729e+00
1.024276537552806898e+00
1.024242224388764333e+00
1.024207698692291224e+00
1.024172965973480842e+00
1.024138031768006218e+00
1.024102901633246798e+00
1.024067581144463279e+00
1.024032075891017302e+00
1.023996391472648870e+00
1.023960533495811287e+00
1.023924507570073139e+00
1.023888319304587569e+00
1.023851974304639256e+00
1.023815478168263793e+00
1.023778836482958088e+00
1.023742054822466496e+00
1.023705138743665533e+00
1.023668093783533628e+00
1.023630925456219920e+00
1.023593639250208964e+00
1.023556240625583147e+00
1.023518735011389236e+00
1.023481127803104407e+00
1.023443424360207743e+00
1.023405630003854316e+00
1.023367750014655631e+00
1.023329789630563980e+00
1.023291754044863389e+00
1.023253648404263139e+00
1.023215477807096097e+00
1.023177247301622295e+00
1.023138961884430209e+00
1.023100626498944843e+00
1.023062246034029954e+00
1.023023825322690428e+00
1.022985369140870571e+00
1.022946882206345887e+00
1.022908369177704113e+00
1.022869834653420407e+00
1.022831283171014016e+00
1.022792719206291778e+00
1.022754147172672878e+00
1.022715571420591552e+00
1.022676996236977054e+00
1.022638425844803578e+00
1.022599864402713887e+00
1.022561316004709120e+00
1.022522784679899432e+00
1.022484274392321701e+00
1.022445789040810737e+00
1.022407332458929341e+00
1.022368908414948319e+00
1.022330520611878235e+00
1.022292172687548684e+00
1.022253868214729300e+00
1.022215610701296740e+00
1.022177403590437184e+00
1.022139250260888810e+00
1.022101154027216019e+00
1.022063118140120519e+00
1.022025145786777056e+00
1.021987240091202676e+00
1.021949404114649962e+00
1.021911640856023595e+00
1.021873953252323552e+00
1.021836344179106071e+00
1.021798816450967484e+00
1.021761372822044489e+00
1.021724015986532619e+00
1.021686748579221593e+00
1.021649573176045545e+00
1.021612492294645902e+00
1.021575508394951148e+00
1.021538623879766128e+00
1.021501841095375340e+00
1.021465162332157561e+00
1.021428589825210453e+00
1.021392125754988278e+00
1.021355772247947602e+00
1.021319531377204104e+00
1.021283405163200042e+00
1.021247395574381489e+00
1.021211504527883562e+00
1.021175733890227866e+00
1.021140085478028148e+00
1.021104561058707727e+00
1.021069162351222470e+00
1.021033891026800422e+00
1.020998748709684767e+00
1.020963736977892111e+00
1.020928857363978981e+00
1.020894111355818534e+00
1.020859500397389263e+00
1.020825025889575244e+00
1.020790689190974820e+00
1.020756491618723061e+00
1.020722434449323313e+00
1.020688518919493859e+00
1.020654746227021681e+00
1.020621117531631317e+00
1.020587633955863271e+00
1.020554296585964860e+00
1.020521106472793482e+00
1.020488064632729452e+00
1.020455172048602588e+00
1.020422429670627240e+00
1.020389838417351536e+00
1.020357399176615276e+00
1.020325112806518053e+00
1.020292980136399130e+00
1.020261001967824877e+00
1.020229179075587744e+00
1.020197512208711688e+00
1.020166002091465351e+00
1.020134649424385032e+00
1.020103454885302074e+00
1.020072419130375385e+00
1.020041542795131484e+00
1.020010826495504341e+00
1.019980270828882984e+00
1.019949876375156439e+00
1.019919643697761114e+00
1.019889573344728628e+00
1.019859665849729646e+00
1.019829921733115263e+00
1.019800341502955954e+00
1.019770925656070304e+00
1.019741674679050192e+00
1.019712589049275087e+00
1.019683669235915913e+00
1.019654915700928033e+00
1.019626328900027801e+00
1.019597909283657344e+00
1.019569657297930920e+00
1.019541573385559730e+00
1.019513657986762523e+00
1.019485911540148226e+00
1.019458334483579698e+00
1.019430927255009056e+00
1.019403690293288367e+00
1.019376624038951906e+00
1.019349728934967558e+00
1.019323005427458684e+00
1.019296453966392235e+00
1.019270075006233789e+00
1.019243869006568826e+00
1.019217836432683377e+00
1.019191977756115142e+00
1.019166293455158856e+00
1.019140784015337253e+00
1.019115449929831829e+00
1.019090291699872308e+00
1.019065309835085253e+00
1.019040504853802709e+00
1.019015877283329097e+00
1.018991427660166149e+00
1.018967156530196760e+00
1.018943064448825764e+00
1.018919151981083182e+00
1.018895419701682625e+00
1.018871868195041941e+00
1.018848498055263896e+00
1.018825309886076447e+00
1.018802304300735928e+00
1.018779481921894492e+00
1.018756843381428689e+00
1.018734389320234968e+00
1.018712120387991416e+00
1.018690037242886426e+00
1.018668140551318047e+00
1.018646430987562468e+00
1.018624909233415421e+00
1.018603575977807596e+00
1.018582431916395858e+00
1.018561477751131816e+00
1.018540714189808849e+00
1.018520141945591373e+00
1.018499761736525677e+00
1.018479574285036104e+00
1.018459580317408353e+00
1.018439780563258790e+00
1.018420175754997770e+00
1.018400766627281406e+00
1.018381553916459570e+00
1.018362538360017888e+00
1.018343720696018195e+00
1.018325101662538090e+00
1.018306681997110275e+00
1.018288462436164998e+00
1.018270443714476947e+00
1.018252626564615015e+00
1.018235011716403182e+00
1.018217599896384273e+00
1.018200391827297935e+00
1.018183388227566377e+00
1.018166589810792999e+00
1.018149997285273223e+00
1.018133611353521317e+00
1.018117432711809212e+00
1.018101462049722628e+00
1.018085700049733644e+00
1.018070147386790580e+00
1.018054804727924090e+00
1.018039672731875012e+00
1.018024752048737547e+00
1.018010043319622859e+00
1.017995547176344662e+00
1.017981264241120565e+00
1.017967195126296964e+00
1.017953340434092802e+00
1.017939700756363752e+00
1.017926276674387509e+00
1.017913068758667050e+00
1.017900077568759221e+00
1.017887303653117526e+00
1.017874747548958680e+00
1.017862409782148259e+00
1.017850290867105212e+00
1.017838391306725265e+00
1.017826711592324074e+00
1.017815252203598142e+00
1.017804013608603064e+00
1.017792996263751526e+00
1.017782200613824406e+00
1.017771627092001419e+00
1.017761276119907521e+00
1.017751148107671311e+00
1.017741243454002298e+00
1.017731562546279056e+00
1.017722105760651807e+00
1.017712873462157663e+00
1.017703866004847857e+00
1.017695083731925632e+00
1.017686526975894790e+00
1.017678196058718676e+00
1.017670091291987600e+00
1.017662212977094693e+00
1.017654561405419100e+00
1.017647136858516710e+00
1.017639939608316002e+00
1.017632969917320329e+00
1.017626228038813307e+00
1.017619714217069982e+00
1.017613428687569987e+00
1.017607371677212935e+00
1.017601543404536679e+00
1.017595944079935588e+00
1.017590573905879925e+00
1.017585433077134116e+00
1.017580521780975911e+00
1.017575840197411985e+00
1.017571388499392215e+00
1.017567166853022398e+00
1.017563175417772081e+00
1.017559414346679958e+00
1.017555883786552595e+00
1.017552583878163608e+00
1.017549514756440843e+00
1.017546676550653117e+00
1.017544069384588967e+00
1.017541693376728951e+00
1.017539548640410629e+00
1.017537635283989328e+00
1.017535953410986682e+00
1.017534503120236078e+00
1.017533284506017210e+00
1.017532297658183982e+00
1.017531542662284849e+00
1.017531019599670739e+00
1.017530728547599184e+00
1.017530669579327363e+00
1.017530842764195587e+00
1.017531248167703239e+00
1.017531885851576501e+00
1.017532755873823191e+00
1.017533858288784065e+00
1.017535193147169892e+00
1.017536760496094539e+00
1.017538560379094292e+00
1.017540592836142066e+00
1.017542857903651621e+00
1.017545355614472236e+00
1.017548085997876717e+00
1.017551049079538750e+00
1.017554244881504255e+00
1.017557673422153641e+00
1.017561334716154953e+00
1.017565228774412134e+00
1.017569355604003078e+00
1.017573715208111018e+00
1.017578307585949915e+00
1.017583132732680085e+00
1.017588190639321599e+00
1.017593481292655699e+00
1.017599004675123986e+00
1.017604760764718286e+00
1.017610749534869186e+00
1.017616970954322131e+00
1.017623424987015079e+00
1.017630111591944164e+00
1.017637030723030911e+00
1.017644182328977909e+00
1.017651566353125592e+00
1.017659182733299694e+00
1.017667031401658928e+00
1.017675112284533778e+00
1.017683425302265965e+00
1.017691970369040799e+00
1.017700747392717542e+00
1.017709756274655319e+00
1.017718996909538376e+00
1.017728469185192886e+00
1.017738172982408873e+00
1.017748108174750366e+00
1.017758274628370430e+00
1.017768672201819546e+00
1.017779300745851767e+00
1.017790160103231090e+00
1.017801250108534283e+00
1.017812570587949494e+00
1.017824121359077738e+00
1.017835902230727729e+00
1.017847913002713156e+00
1.017860153465644402e+00
1.017872623400722265e+00
1.017885322579527241e+00
1.017898250763810131e+00
1.017911407705279547e+00
1.017924793145387419e+00
1.017938406815116714e+00
1.017952248434764062e+00
1.017966317713722812e+00
1.017980614350266322e+00
1.017995138031328128e+00
1.018009888432283017e+00
1.018024865216724528e+00
1.018040068036245138e+00
1.018055496530211990e+00
1.018071150325543961e+00
1.018087029036487845e+00
1.018103132264391419e+00
1.018119459597479626e+00
1.018136010610625641e+00
1.018152784865124616e+00
1.018169781908464300e+00
1.018187001274097003e+00
1.018204442481208671e+00
1.018222105034488401e+00
1.018239988423898401e+00
1.018258092124439740e+00
1.018276415595921858e+00
1.018294958282728091e+00
1.018313719613582080e+00
1.018332699001313735e+00
1.018351895842622312e+00
1.018371309517843049e+00
1.018390939390709349e+00
1.018410784808117864e+00
1.018430845099888016e+00
1.018451119578528630e+00
1.018471607538996349e+00
1.018492308258460488e+00
1.018513220996060564e+00
1.018534344992672036e+00
1.018555679470663389e+00
1.018577223633659212e+00
1.018598976666300837e+00
1.018620937734005860e+00
1.018643105982731001e+00
1.018665480538731405e+00
1.018688060508322835e+00
1.018710844977644747e+00
1.018733833012419154e+00
1.018757023657717031e+00
1.018780415937719841e+00
1.018804008855483278e+00
1.018827801392704124e+00
1.018851792509484877e+00
1.018875981144102383e+00
1.018900366212775133e+00
1.018924946609434112e+00
1.018949721205495651e+00
1.018974688849632271e+00
1.018999848367551087e+00
1.019025198561769319e+00
1.019050738211395357e+00
1.019076466071910492e+00
1.019102380874955305e+00
1.019128481328114955e+00
1.019154766114714228e+00
1.019181233893607930e+00
1.019207883298982154e+00
1.019234712940153553e+00
1.019261721401377052e+00
1.019288907241654218e+00
1.019316268994549413e+00
1.019343805168007266e+00
1.019371514244178156e+00
1.019399394679247672e+00
1.019427444903271418e+00
1.019455663320015582e+00
1.019484048306805057e+00
1.019512598214376009e+00
1.019541311366736203e+00
1.019570186061032446e+00
1.019599220567424913e+00
1.019628413128968569e+00
1.019657761961504594e+00
1.019687265253556907e+00
1.019716921166240464e+00
1.019746727833175992e+00
1.019776683360415381e+00
1.019806785826375295e+00
1.019837033281782546e+00
1.019867423749627688e+00
1.019897955225130382e+00
1.019928625675716072e+00
1.019959433041001340e+00
1.019990375232793678e+00
1.020021450135102370e+00
1.020052655604160030e+00
1.020083989468459240e+00
1.020115449528799845e+00
1.020147033558350458e+00
1.020178739302723736e+00
1.020210564480064974e+00
1.020242506781155356e+00
1.020274563869529638e+00
1.020306733381607600e+00
1.020339012926842814e+00
1.020371400087885405e+00
1.020403892420759906e+00
1.020436487455061547e+00
1.020469182694164978e+00
1.020501975615454970e+00
1.020534863670568893e+00
1.020567844285659387e+00
1.020600914861672148e+00
1.020634072774644352e+00
1.020667315376018403e+00
1.020700639992974779e+00
1.020734043928781087e+00
1.020767524463164877e+00
1.020801078852698218e+00
1.020834704331205600e+00
1.020868398110190700e+00
1.020902157379279362e+00
1.020935979306684338e+00
1.020969861039687787e+00
1.021003799705145099e+00
1.021037792410005807e+00
1.021071836241855157e+00
1.021105928269474994e+00
1.021140065543424846e+00
1.021174245096640565e+00
1.021208463945055822e+00
1.021242719088238715e+00
1.021277007510051238e+00
1.021311326179326295e+00
1.021345672050564701e+00
1.021380042064650162e+00
1.021414433149583578e+00
1.021448842221236442e+00
1.021483266184121996e+00
1.021517701932184830e+00
1.021552146349608670e+00
1.021586596311641060e+00
1.021621048685435795e+00
1.021655500330913124e+00
1.021689948101635048e+00
1.021724388845698606e+00
1.021758819406642704e+00
1.021793236624372936e+00
1.021827637336100825e+00
1.021862018377294179e+00
1.021896376582646981e+00
1.021930708787058606e+00
1.021965011826627467e+00
1.021999282539655329e+00
1.022033517767667821e+00
1.022067714356439394e+00
1.022101869157033827e+00
1.022135979026852937e+00
1.022170040830692628e+00
1.022204051441812034e+00
1.022238007743003330e+00
1.022271906627673976e+00
1.022305745000932964e+00
1.022339519780682826e+00
1.022373227898714099e+00
1.022406866301807327e+00
1.022440431952833961e+00
1.022473921831860810e+00
1.022507332937255597e+00
1.022540662286793189e+00
1.022573906918758713e+00
1.022607063893051782e+00
1.022640130292286731e+00
1.022673103222889068e+00
1.022705979816186606e+00
1.022738757229499029e+00
1.022771432647215484e+00
1.022804003281868823e+00
1.022836466375200093e+00
1.022868819199213242e+00
1.022901059057220507e+00
1.022933183284876035e+00
1.022965189251196172e+00
1.022997074359569325e+00
1.023028836048748058e+00
1.023060471793829418e+00
1.023091979107216609e+00
1.023123355539564017e+00
1.023154598680706240e+00
1.023185706160565811e+00
1.023216675650042262e+00
1.023247504861879653e+00
1.023278191551513450e+00
1.023308733517894975e+00
1.023339128604290771e+00
1.023369374699059975e+00
1.023399469736404832e+00
1.023429411697097446e+00
1.023459198609177445e+00
1.023488828548624330e+00
1.023518299640000295e+00
1.023547610057066404e+00
1.023576758023366118e+00
1.023605741812781966e+00
1.023634559750059569e+00
1.023663210211299246e+00
1.023691691624419864e+00
1.023720002469585388e+00
1.023748141279601453e+00
1.023776106640278183e+00
1.023803897190756818e+00
1.023831511623806367e+00
1.023858948686081405e+00
1.023886207178346330e+00
1.023913285955665220e+00
1.023940183927554148e+00
1.023966900058100649e+00
1.023993433366042982e+00
1.024019782924816102e+00
1.024045947862561201e+00
1.024071927362095513e+00
1.024097720660851252e+00
1.024123327050771248e+00
1.024148745878172839e+00
1.024173976543573783e+00
1.024199018501480429e+00
1.024223871260139695e+00
1.024248534381257070e+00
1.024273007479674202e+00
1.024297290223015855e+00
1.024321382331294661e+00
1.024345283576485688e+00
1.024368993782064141e+00
1.024392512822506651e+00
1.024415840622759255e+00
1.024438977157671626e+00
1.024461922451396667e+00
1.024484676576756348e+00
1.024507239654575130e+00
1.024529611852982081e+00
1.024551793386678344e+00
1.024573784516175756e+00
1.024595585547002807e+00
1.024617196828881083e+00
1.024638618754872610e+00
1.024659851760496121e+00
1.024680896322816892e+00
1.024701752959507495e+00
1.024722422227882124e+00
1.024742904723903170e+00
1.024763201081163588e+00
1.024783311969843513e+00
1.024803238095642222e+00
1.024822980198685896e+00
1.024842539052414292e+00
1.024861915462444095e+00
1.024881110265409179e+00
1.024900124327785322e+00
1.024918958544688952e+00
1.024937613838660777e+00
1.024956091158430116e+00
1.024974391477661673e+00
1.024992515793685444e+00
1.025010465126211301e+00
1.025028240516027811e+00
1.025045843023687286e+00
1.025063273728178181e+00
1.025080533725581722e+00
1.025097624127721430e+00
1.025114546060797771e+00
1.025131300664013034e+00
1.025147889088189324e+00
1.025164312494374563e+00
1.025180572052443839e+00
1.025196668939689637e+00
1.025212604339412081e+00
1.025228379439495185e+00
1.025243995430985766e+00
1.025259453506665697e+00
1.025274754859620163e+00
1.025289900681804145e+00
1.025304892162607562e+00
1.025319730487418646e+00
1.025334416836189533e+00
1.025348952381998302e+00
1.025363338289616344e+00
1.025377575714074840e+00
1.025391665799235685e+00
1.025405609676366181e+00
1.025419408462715065e+00
1.025433063260097422e+00
1.025446575153481366e+00
1.025459945209584500e+00
1.025473174475474369e+00
1.025486263977178236e+00
1.025499214718301300e+00
1.025512027678652238e+00
1.025524703812880745e+00
1.025537244049123498e+00
1.025549649287663456e+00
1.025561920399596927e+00
1.025574058225518836e+00
1.025586063574214446e+00
1.025597937221370826e+00
1.025609679908298988e+00
1.025621292340672452e+00
1.025632775187281354e+00
1.025644129078802758e+00
1.025655354606589409e+00
1.025666452321474464e+00
1.025677422732595767e+00
1.025688266306239660e+00
1.025698983464703673e+00
1.025709574585180972e+00
1.025720039998665900e+00
1.025730379988879948e+00
1.025740594791223703e+00
1.025750684591749007e+00
1.025760649526157975e+00
1.025770489678825559e+00
1.025780205081848528e+00
1.025789795714120434e+00
1.025799261500434323e+00
1.025808602310614548e+00
1.025817817958675437e+00
1.025826908202011278e+00
1.025835872740616939e+00
1.025844711216338467e+00
1.025853423212158111e+00
1.025862008251510193e+00
1.025870465797633191e+00
1.025878795252955555e+00
1.025886995958515735e+00
1.025895067193423049e+00
1.025903008174352316e+00
1.025910818055078888e+00
1.025918495926051222e+00
1.025926040814008733e+00
1.025933451681633635e+00
1.025940727427252064e+00
1.025947866884574511e+00
1.025954868822481103e+00
1.025961731944854849e+00
1.025968454890455739e+00
1.025975036232848803e+00
1.025981474480375022e+00
1.025987768076173978e+00
1.025993915398257794e+00
1.025999914759631704e+00
1.026005764408474574e+00
1.026011462528364282e+00
1.026017007238563927e+00
1.026022396594359787e+00
1.026027628587456331e+00
1.026032701146428749e+00
1.026037612137233435e+00
1.026042359363777301e+00
1.026046940568546173e+00
1.026051353433297564e+00
1.026055595579809410e+00
1.026059664570696750e+00
1.026063557910288360e+00
1.026067273045569106e+00
1.026070807367185589e+00
1.026074158210520171e+00
1.026077322856827401e+00
1.026080298534440827e+00
1.026083082420043757e+00
1.026085671640010855e+00
1.026088063271816786e+00
1.026090254345512598e+00
1.026092241845273367e+00
1.026094022711012688e+00
1.026095593840068432e+00
1.026096952088956904e+00
1.026098094275198047e+00
1.026099017179209261e+00
1.026099717546267165e+00
1.026100192088541974e+00
1.026100437487198702e+00
1.026100450394566321e+00
1.026100227436376411e+00
1.026099765214068427e+00
1.026099060307161803e+00
1.026098109275692893e+00
1.026096908662719187e+00
1.026095454996883927e+00
1.026093744795046447e+00
1.026091774564973580e+00
1.026089540808086120e+00
1.026087040022271024e+00
1.026084268704744229e+00
1.026081223354971428e+00
1.026077900477639915e+00
1.026074296585681722e+00
1.026070408203345607e+00
1.026066231869312784e+00
1.026061764139860388e+00
1.026057001592061368e+00
1.026051940827023667e+00
1.026046578473166271e+00
1.026040911189524341e+00
1.026034935669084991e+00
1.026028648642147711e+00
1.026022046879705885e+00
1.026015127196846732e+00
1.026007886456166807e+00
1.026000321571195917e+00
1.025992429509828607e+00
1.025984207297758077e+00
1.025975652021906104e+00
1.025966760833849190e+00
1.025957530953232055e+00
1.025947959671165366e+00
1.025938044353604583e+00
1.025927782444702396e+00
1.025917171470132505e+00
1.025906209040377659e+00
1.025894892853978613e+00
1.025883220700738230e+00
1.025871190464874516e+00
1.025858800128121917e+00
1.025846047772768221e+00
1.025832931584630625e+00
1.025819449855958077e+00
1.025805600988259680e+00
1.025791383495052944e+00
1.025776796004526759e+00
1.025761837262111342e+00
1.025746506132955815e+00
1.025730801604304743e+00
1.025714722787767208e+00
1.025698268921479750e+00
1.025681439372152504e+00
1.025664233636997213e+00
1.025646651345534011e+00
1.025628692261267183e+00
1.025610356283234825e+00
1.025591643447421264e+00
1.025572553928029595e+00
1.025553088038616778e+00
1.025533246233081286e+00
1.025513029106503327e+00
1.025492437395835399e+00
1.025471471980441862e+00
1.025450133882480852e+00
1.025428424267133209e+00
1.025406344442670425e+00
1.025383895860366712e+00
1.025361080114248535e+00
1.025337898940685388e+00
1.025314354217818469e+00
1.025290447964830376e+00
1.025266182341052934e+00
1.025241559644915812e+00
1.025216582312738822e+00
1.025191252917363016e+00
1.025165574166631233e+00
1.025139548901711883e+00
1.025113180095274412e+00
1.025086470849514875e+00
1.025059424394038743e+00
1.025032044083600269e+00
1.025004333395705514e+00
1.024976295928081482e+00
1.024947935396015364e+00
1.024919255629570092e+00
1.024890260570678224e+00
1.024860954270125024e+00
1.024831340884416520e+00
1.024801424672550532e+00
1.024771209992685339e+00
1.024740701298717527e+00
1.024709903136777012e+00
1.024678820141640578e+00
1.024647457033074360e+00
1.024615818612109486e+00
1.024583909757260436e+00
1.024551735420691445e+00
1.024519300624336493e+00
1.024486610455983548e+00
1.024453670065325950e+00
1.024420484659991359e+00
1.024387059501554731e+00
1.024353399901538619e+00
1.024319511217414602e+00
1.024285398848606254e+00
1.024251068232503448e+00
1.024216524840494857e+00
1.024181774174024895e+00
1.024146821760678838e+00
1.024111673150307711e+00
1.024076333911192904e+00
1.024040809626261428e+00
1.024005105889353562e+00
1.023969228301549794e+00
1.023933182467564151e+00
1.023896973992202142e+00
1.023860608476898415e+00
1.023824091516325918e+00
1.023787428695092316e+00
1.023750625584517682e+00
1.023713687739502776e+00
1.023676620695490369e+00
1.023639429965517600e+00
1.023602121037369361e+00
1.023564699370826947e+00
1.023527170395019503e+00
1.023489539505878287e+00
1.023451812063691735e+00
1.023413993390767773e+00
1.023376088769198500e+00
1.023338103438730773e+00
1.023300042594743386e+00
1.023261911386324607e+00
1.023223714914460292e+00
1.023185458230319256e+00
1.023147146333644120e+00
1.023108784171244068e+00
1.023070376635584644e+00
1.023031928563475468e+00
1.022993444734858759e+00
1.022954929871683794e+00
1.022916388636881724e+00
1.022877825633423665e+00
1.022839245403466935e+00
1.022800652427590329e+00
1.022762051124103788e+00
1.022723445848443546e+00
1.022684840892639668e+00
1.022646240484858415e+00
1.022607648789014778e+00
1.022569069904453176e+00
1.022530507865691884e+00
1.022491966642228745e+00
1.022453450138407938e+00
1.022414962193340271e+00
1.022376506580876976e+00
1.022338087009635021e+00
1.022299707123068835e+00
1.022261370499586874e+00
1.022223080652710614e+00
1.022184841031274161e+00
1.022146655019660288e+00
1.022108525938070223e+00
1.022070457042828728e+00
1.022032451526718955e+00
1.021994512519345033e+00
1.021956643087520877e+00
1.021918846235686962e+00
1.021881124906346194e+00
1.021843481980524881e+00
1.021805920278251234e+00
1.021768442559054968e+00
1.021731051522481781e+00
1.021693749808627150e+00
1.021656539998684110e+00
1.021619424615503036e+00
1.021582406124171394e+00
1.021545486932598612e+00
1.021508669392119817e+00
1.021471955798106235e+00
1.021435348390591136e+00
1.021398849354902882e+00
1.021362460822309970e+00
1.021326184870677611e+00
1.021290023525131208e+00
1.021253978758734249e+00
1.021218052493169992e+00
1.021182246599439125e+00
1.021146562898562538e+00
1.021111003162297859e+00
1.021075569113860659e+00
1.021040262428662082e+00
1.021005084735052026e+00
1.020970037615072101e+00
1.020935122605225009e+00
1.020900341197246153e+00
1.020865694838893001e+00
1.020831184934741120e+00
1.020796812846993751e+00
1.020762579896301148e+00
1.020728487362590364e+00
1.020694536485911019e+00
1.020660728467286837e+00
1.020627064469582290e+00
1.020593545618379228e+00
1.020560173002868609e+00
1.020526947676747342e+00
1.020493870659133551e+00
1.020460942935489390e+00
1.020428165458555192e+00
1.020395539149297370e+00
1.020363064897862770e+00
1.020330743564548115e+00
1.020298575980776334e+00
1.020266562950083777e+00
1.020234705249116747e+00
1.020203003628636917e+00
1.020171458814532306e+00
1.020140071508839785e+00
1.020108842390771375e+00
1.020077772117745418e+00
1.020046861326426857e+00
1.020016110633766182e+00
1.019985520638045706e+00
1.019955091919924728e+00
1.019924825043488248e+00
1.019894720557291468e+00
1.019864778995407395e+00
1.019835000878467346e+00
1.019805386714697892e+00
1.019775937000954702e+00
1.019746652223745498e+00
1.019717532860246578e+00
1.019688579379308457e+00
1.019659792242449070e+00
1.019631171904833655e+00
1.019602718816240872e+00
1.019574433422010262e+00
1.019546316163971733e+00
1.019518367481356602e+00
1.019490587811684668e+00
1.019462977591630182e+00
1.019435537257860513e+00
1.019408267247851274e+00
1.019381168000670357e+00
1.019354239957734443e+00
1.019327483563535752e+00
1.019300899266332827e+00
1.019274487518810446e+00
1.019248248778704902e+00
1.019222183509391755e+00
1.019196292180438279e+00
1.019170575268116385e+00
1.019145033255878019e+00
1.019119666634789922e+00
1.019094475903929542e+00
1.019069461570738966e+00
1.019044624151338230e+00
1.019019964170797987e+00
1.018995482163369104e+00
1.018971178672671840e+00
1.018947054251844841e+00
1.018923109463648835e+00
1.018899344880534130e+00
1.018875761084664600e+00
1.018852358667903690e+00
1.018829138231760467e+00
1.018806100387297242e+00
1.018783245755000566e+00
1.018760574964615584e+00
1.018738088654946861e+00
1.018715787473621681e+00
1.018693672076826040e+00
1.018671743129004659e+00
