1.000603444564682754e+00
1.000677227816644255e+00
1.000798740538353382e+00
1.000940203590758859e+00
1.001091508533634933e+00
1.001247488706701105e+00
1.001405126844445270e+00
1.001562694811405141e+00
1.001719397996478023e+00
1.001875153576466282e+00
1.002030396641182097e+00
1.002185893919271598e+00
1.002342572862241266e+00
1.002501377846606090e+00
1.002663159650070135e+00
1.002828597636308050e+00
1.002998150564230251e+00
1.003172032142549241e+00
1.003350209468869991e+00
1.003532423882357083e+00
1.003718232973485058e+00
1.003907069427990351e+00
1.004098308204479428e+00
1.004291330113019853e+00
1.004485568923273453e+00
1.004680531565076196e+00
1.004875786415884598e+00
1.005070921683552720e+00
1.005265482737161653e+00
1.005458902544061228e+00
1.005650442424765867e+00
1.005839160812212807e+00
1.006023925201266156e+00
1.006203476405741259e+00
1.006376544316415877e+00
1.006542001539944886e+00
1.006699028555536835e+00
1.006847256000828583e+00
1.006986850908032860e+00
1.007118525791470098e+00
1.007243469217224519e+00
1.007363216459628008e+00
1.007479491106481273e+00
1.007594048970828826e+00
1.007708546382229731e+00
1.007824442064990667e+00
1.007942931635351425e+00
1.008064909300349310e+00
1.008190951890337805e+00
1.008321323091811994e+00
1.008455997833807016e+00
1.008594706578119116e+00
1.008736996589510992e+00
1.008882303144396086e+00
1.009030019821150592e+00
1.009179555298358233e+00
1.009330365584126810e+00
1.009481955252630847e+00
1.009633847895015979e+00
1.009785532897020222e+00
1.009936401354360580e+00
1.010085687570670077e+00
1.010232433760157811e+00
1.010375493922746948e+00
1.010513587778220757e+00
1.010645406678383651e+00
1.010769761126418143e+00
1.010885746378215266e+00
1.010992892947480737e+00
1.011091267500856761e+00
1.011181499221825320e+00
1.011264725274073184e+00
1.011342469853190762e+00
1.011416486157414418e+00
1.011488594034650745e+00
1.011560538578213375e+00
1.011633882099717274e+00
1.011709930427320714e+00
1.011789688427529477e+00
1.011873839154808108e+00
1.011962743569802203e+00
1.012056460309424644e+00
1.012154785511565791e+00
1.012257310639343322e+00
1.012363492374408036e+00
1.012472724583522332e+00
1.012584399970169580e+00
1.012697949659903784e+00
1.012812852896176175e+00
1.012928615307102653e+00
1.013044721194277464e+00
1.013160571393733056e+00
1.013275422445374163e+00
1.013388344615354875e+00
1.013498215412342196e+00
1.013603761080605903e+00
1.013703650576792903e+00
1.013796634946386721e+00
1.013881711732691704e+00
1.013958283031607177e+00
1.014026271976583349e+00
1.014086169250027814e+00
1.014138997999793679e+00
1.014186206656469746e+00
1.014229516263175146e+00
1.014270755481187614e+00
1.014311711332685384e+00
1.014354011552949686e+00
1.014399042014790808e+00
1.014447895061615590e+00
1.014501342835742559e+00
1.014559831757593455e+00
1.014623497109855776e+00
1.014692197836401411e+00
1.014765570242488479e+00
1.014843095739087708e+00
1.014924173571679855e+00
1.015008186487842412e+00
1.015094547085795051e+00
1.015182715724336049e+00
1.015272186707676827e+00
1.015362446446657740e+00
1.015452913757421971e+00
1.015542877197730842e+00
1.015631446783442193e+00
1.015717537252674774e+00
1.015799896773261546e+00
1.015877188007810350e+00
1.015948117670778084e+00
1.016011597545742440e+00
1.016066907854908496e+00
1.016113827759644428e+00
1.016152701730883123e+00
1.016184425135653102e+00
1.016210353184959558e+00
1.016232156343490844e+00
1.016251654938539861e+00
1.016270663340361313e+00
1.016290863050992144e+00
1.016313711046921142e+00
1.016340380579241920e+00
1.016371728470500946e+00
1.016408284326703271e+00
1.016450259973133541e+00
1.016497579153399666e+00
1.016549926777190915e+00
1.016606813892138472e+00
1.016667650343473284e+00
1.016731813609564217e+00
1.016798701274888472e+00
1.016867756899915820e+00
1.016938464320298330e+00
1.017010312277792483e+00
1.017082738029195577e+00
1.017155063841247653e+00
1.017226443344147579e+00
1.017295835245120905e+00
1.017362019480022806e+00
1.017423664888399415e+00
1.017479447621706168e+00
1.017528206677817071e+00
1.017569110150230882e+00
1.017601797658161278e+00
1.017626465562671001e+00
1.017643873688841571e+00
1.017655272191276383e+00
1.017662267477433602e+00
1.017666658651011469e+00
1.017670276558427789e+00
1.017674848119334285e+00
1.017681895452397844e+00
1.017692668788782395e+00
1.017708107476936297e+00
1.017728823857353859e+00
1.017755107585336383e+00
1.017786950198753981e+00
1.017824089655860353e+00
1.017866071979746767e+00
1.017912323051559653e+00
1.017962219745880192e+00
1.018015147818209121e+00
1.018070535384358433e+00
1.018127855445875252e+00
1.018186597547736660e+00
1.018246215591256831e+00
1.018306064565172919e+00
1.018365342627831183e+00
1.018423056182727660e+00
1.018478023975300850e+00
1.018528931213610544e+00
1.018574435806499645e+00
1.018613316545488257e+00
1.018644639841738808e+00
1.018667911811536930e+00
1.018683180937372423e+00
1.018691065929725248e+00
1.018692701928688660e+00
1.018689619219418585e+00
1.018683583806972104e+00
1.018676432946606925e+00
1.018669931402207851e+00
1.018665661306270120e+00
1.018664946813389038e+00
1.018668808471113518e+00
1.018677941602192494e+00
1.018692715501790413e+00
1.018713192846855131e+00
1.018739169312739223e+00
1.018770231396063597e+00
1.018805826585557073e+00
1.018845335924434936e+00
1.018888136544297662e+00
1.018933642307284781e+00
1.018981314565608587e+00
1.019030641322049568e+00
1.019081090102176290e+00
1.019132046011092640e+00
1.019182750701108420e+00
1.019232259846395872e+00
1.019279435877688655e+00
1.019322988639411509e+00
1.019361568722628952e+00
1.019393906670972960e+00
1.019418977927511794e+00
1.019436162210457519e+00
1.019445361921315740e+00
1.019447050741448590e+00
1.019442240223547902e+00
1.019432373392265223e+00
1.019419171779445854e+00
1.019404469232181976e+00
1.019390060979506352e+00
1.019377584291056849e+00
1.019368434503717724e+00
1.019363712352016726e+00
1.019364196624812147e+00
1.019370338179581559e+00
1.019382274173874503e+00
1.019399862603189710e+00
1.019422735882283604e+00
1.019450368697748743e+00
1.019482151139857962e+00
1.019517455071714540e+00
1.019555681395634128e+00
1.019596278941769185e+00
1.019638731505505991e+00
1.019682516566744024e+00
1.019727045739299509e+00
1.019771601807743400e+00
1.019815289720777507e+00
1.019857018804326110e+00
1.019895530261851757e+00
1.019929477129064566e+00
1.019957553129337002e+00
1.019978653698729421e+00
1.019992040247061027e+00
1.019997472365207436e+00
1.019995276360285752e+00
1.019986332903414672e+00
1.019971987374113098e+00
1.019953905671362238e+00
1.019933908254295085e+00
1.019913813113263901e+00
1.019895307450259692e+00
1.019879854766714278e+00
1.019868634719641731e+00
1.019862509764601466e+00
1.019862013896097430e+00
1.019867361694895891e+00
1.019878477688724416e+00
1.019895045355147634e+00
1.019916572033540358e+00
1.019942461800050548e+00
1.019972084830944370e+00
1.020004830667534002e+00
1.020040135008811744e+00
1.020077474879509394e+00
1.020116333890387583e+00
1.020156146094296501e+00
1.020196232269349190e+00
1.020235745596470789e+00
1.020273644299804605e+00
1.020308706475200333e+00
1.020339596429114204e+00
1.020364982053415304e+00
1.020383689967445884e+00
1.020394872267645692e+00
1.020398150387451741e+00
1.020393702413265657e+00
1.020382272060122553e+00
1.020365097345990346e+00
1.020343777438050603e+00
1.020320109022311961e+00
1.020295924505239427e+00
1.020272955135652637e+00
1.020252728938237485e+00
1.020236502663862899e+00
1.020225222087919104e+00
1.020219505351263933e+00
1.020219646823033788e+00
1.020225641237789471e+00
1.020237227864545737e+00
1.020253951935625514e+00
1.020275236482540260e+00
1.020300453837529542e+00
1.020328984194919242e+00
1.020360249964311627e+00
1.020393719194390592e+00
1.020428877958327707e+00
1.020465178557016683e+00
1.020501976195839156e+00
1.020538470531114461e+00
1.020573669765144853e+00
1.020606393435641746e+00
1.020635325113752545e+00
1.020659117408339034e+00
1.020676539457310517e+00
1.020686643824771478e+00
1.020688919724558774e+00
1.020683397636926060e+00
1.020670679491893384e+00
1.020651886953990006e+00
1.020628541459717153e+00
1.020602405121132428e+00
1.020575315712664244e+00
1.020549041875300489e+00
1.020525171808990050e+00
1.020505036910348995e+00
1.020489665358780051e+00
1.020479759889847404e+00
1.020475696464205662e+00
1.020477543172341850e+00
1.020485099387446581e+00
1.020497953249391854e+00
1.020515551733631066e+00
1.020537273435465409e+00
1.020562491663937976e+00
1.020590615902176257e+00
1.020621103483274839e+00
1.020653439567954290e+00
1.020687090550655096e+00
1.020721442233547549e+00
1.020755738429327542e+00
1.020789037596283144e+00
1.020820204346516658e+00
1.020847948671780525e+00
1.020870917922981569e+00
1.020887835095705132e+00
1.020897663633807628e+00
1.020899767641499700e+00
1.020894032042825028e+00
1.020880913470710416e+00
1.020861409107479023e+00
1.020836951914229740e+00
1.020809258337520564e+00
1.020780161848252598e+00
1.020751461103076130e+00
1.020724799463817334e+00
1.020701579961805106e+00
1.020682911773923784e+00
1.020669582210047555e+00
1.020662050154062639e+00
1.020660459748657933e+00
1.020664674411861927e+00
1.020674329993366047e+00
1.020688902410816334e+00
1.020707780876668913e+00
1.020730334714950782e+00
1.020755961376808463e+00
1.020784106239938316e+00
1.020814250525641009e+00
1.020845870671597266e+00
1.020878379054160012e+00
1.020911060826602101e+00
1.020943024223083473e+00
1.020973181650700390e+00
1.021000275788819911e+00
1.021022958118877000e+00
1.021039916675765991e+00
1.021050036655136495e+00
1.021052565206366225e+00
1.021047245146180282e+00
1.021034385686311552e+00
1.021014852415693452e+00
1.020989979514606460e+00
1.020961426545082817e+00
1.020931012493859091e+00
1.020900558004806502e+00
1.020871755972337480e+00
1.020846077541428532e+00
1.020824711056730560e+00
1.020808527992148829e+00
1.020798071092619885e+00
1.020793562857636783e+00
1.020794934352235117e+00
1.020801873728666820e+00
1.020813890833013104e+00
1.020830390063537818e+00
1.020850740070896379e+00
1.020874327690947769e+00
1.020900585619611167e+00
1.020928988494576917e+00
1.020959018900267967e+00
1.020990111628482300e+00
1.021021589913078786e+00
1.021052610562560137e+00
1.021082135591913076e+00
1.021108945701331816e+00
1.021131705151258284e+00
1.021149077886275514e+00
1.021159882013512377e+00
1.021163256786400630e+00
1.021158807702476023e+00
1.021146695861642417e+00
1.021127649300545226e+00
1.021102893727121819e+00
1.021074020630289958e+00
1.021042823928598686e+00
1.021011137623943910e+00
1.020980697916576974e+00
1.020953040046659321e+00
1.020929429297327440e+00
1.020910820542965336e+00
1.020897840973979509e+00
1.020890793390615059e+00
1.020889679778855808e+00
1.020894244961824349e+00
1.020904037652790475e+00
1.020918482175374509e+00
1.020936950193846560e+00
1.020958819852543886e+00
1.020983510964860175e+00
1.021010489361636520e+00
1.021039240088768452e+00
1.021069216126222257e+00
1.021099775151755429e+00
1.021130120680177500e+00
1.021159265265947358e+00
1.021186032009769873e+00
1.021209105781126336e+00
1.021227136858723572e+00
1.021238887542881280e+00
1.021243399003656682e+00
1.021240145462861015e+00
1.021229140666099156e+00
1.021210970398484408e+00
1.021186742974972361e+00
1.021157970802184511e+00
1.021126411841473791e+00
1.021093904260590435e+00
1.021062220736868476e+00
1.021032956071498132e+00
1.021007449846687454e+00
1.020986739224493789e+00
1.020971536084646525e+00
1.020962225121053724e+00
1.020958882181231875e+00
1.020961312877282090e+00
1.020969109637157368e+00
1.020981721569411249e+00
1.020998527371712816e+00
1.021018898907688044e+00
1.021042243443457842e+00
1.021068016241324816e+00
1.021095701398968103e+00
1.021124765867226669e+00
1.021154597836276823e+00
1.021184445065448809e+00
1.021213370746831162e+00
1.021240243812702175e+00
1.021263776699936843e+00
1.021282615885851008e+00
1.021295479111805626e+00
1.021301319874553304e+00
1.021299488314486137e+00
1.021289853015020288e+00
1.021272854152162068e+00
1.021249474640911981e+00
1.021221137122762634e+00
1.021189552510477494e+00
1.021156553422370106e+00
1.021123941572148253e+00
1.021093366240844347e+00
1.021066238232449352e+00
1.021043675521673411e+00
1.021026474579997068e+00
1.021015103237369104e+00
1.021009713799965413e+00
1.021010176508559963e+00
1.021016132216215677e+00
1.021027059741711041e+00
1.021042349120674153e+00
1.021061368807137493e+00
1.021083514395420222e+00
1.021108229315904392e+00
1.021134993647737410e+00
1.021163284186712428e+00
1.021192515497218345e+00
1.021221976609985926e+00
1.021250780681074222e+00
1.021277844979501470e+00
1.021301915563187279e+00
1.021321644316837363e+00
1.021335715491123564e+00
1.021343005757695543e+00
1.021342749398904015e+00
1.021334673423456740e+00
1.021319070440691146e+00
1.021296791002843207e+00
1.021269157778888159e+00
1.021237823453753357e+00
1.021204604910869174e+00
1.021171324845151052e+00
1.021139681357775109e+00
1.021111152926288401e+00
1.021086936481313767e+00
1.021067912641633768e+00
1.021054633264334210e+00
1.021047329359606515e+00
1.021045939333237396e+00
1.021050156993443148e+00
1.021059495805594075e+00
1.021073361680455704e+00
1.021091122959727038e+00
1.021112164976894832e+00
1.021135918593741199e+00
1.021161857197463219e+00
1.021189463472116810e+00
1.021218174098828424e+00
1.021247315980417403e+00
1.021276050859934781e+00
1.021303345956744435e+00
1.021327986081078887e+00
1.021348636997979620e+00
1.021363960220524225e+00
1.021372766721108993e+00
1.021374184040174438e+00
1.021367802531455204e+00
1.021353766714677924e+00
1.021332788977773687e+00
1.021306082436225449e+00
1.021275230408658974e+00
1.021242023459039139e+00
1.021208296605389920e+00
1.021175790505903347e+00
1.021146047259893663e+00
1.021120340493922418e+00
1.021099634176223514e+00
1.021084564731717270e+00
1.021075443764255519e+00
1.021072281058391429e+00
1.021074827688716713e+00
1.021082636661817755e+00
1.021095134478616329e+00
1.021111693050845926e+00
1.021131689383310892e+00
1.021154541577487196e+00
1.021179714100782565e+00
1.021206691809314560e+00
1.021234929207718523e+00
1.021263787329724337e+00
1.021292474496737102e+00
1.021320008642839117e+00
1.021345217534291860e+00
1.021366788487719557e+00
1.021383370591708140e+00
1.021393720363650726e+00
1.021396868462906227e+00
1.021392274754722163e+00
1.021379936590858684e+00
1.021360423655414129e+00
1.021334830705359353e+00
1.021304660736375602e+00
1.021271667098965885e+00
1.021237687901139335e+00
1.021204499475860006e+00
1.021173702958566576e+00
1.021146645985843149e+00
1.021124374716501970e+00
1.021107610335761917e+00
1.021096746575225200e+00
1.021091867476032755e+00
1.021092785438737494e+00
1.021099097814237133e+00
1.021110256530519234e+00
1.021125641090079750e+00
1.021144622599087226e+00
1.021166606760113282e+00
1.021191047377898009e+00
1.021217428068895039e+00
1.021245216911025544e+00
1.021273805068375840e+00
1.021302444873948279e+00
1.021330204940576358e+00
1.021355959272876479e+00
1.021378423556812409e+00
1.021396244216898008e+00
1.021408134522951316e+00
1.021413038702163822e+00
1.021410293438556938e+00
1.021399751266736100e+00
1.021381835970443630e+00
1.021357516062630477e+00
1.021328203591006289e+00
1.021295603596146684e+00
1.021261547512593459e+00
1.021227839841302831e+00
1.021196135606900146e+00
1.021167853319718599e+00
1.021144119799266115e+00
1.021125740837122375e+00
1.021113193474010972e+00
1.021106638541209755e+00
1.021105953545883516e+00
1.021110784848760389e+00
1.021120614707745400e+00
1.021134834524071167e+00
1.021152812402021492e+00
1.021173942558449177e+00
1.021197666907918133e+00
1.021223464776894740e+00
1.021250813683560743e+00
1.021279130743163233e+00
1.021307709250684148e+00
1.021335667716406048e+00
1.021361928761331583e+00
1.021385242367585544e+00
1.021404261404297964e+00
1.021417666916054845e+00
1.021424327573249968e+00
1.021423465202808689e+00
1.021414791261399113e+00
1.021398581837227315e+00
1.021375672366206633e+00
1.021347373809004200e+00
1.021315331719249375e+00
1.021281360625563295e+00
1.021247285071306354e+00
1.021214808238069649e+00
1.021185415896902260e+00
1.021160313613545201e+00
1.021140391285479065e+00
1.021126210095138376e+00
1.021118009848787533e+00
1.021115736639770510e+00
1.021119090324672740e+00
1.021127588405215780e+00
1.021140638722349170e+00
1.021157609703935876e+00
1.021177885535991425e+00
1.021200895552611065e+00
1.021226112151457421e+00
1.021253018345000818e+00
1.021281052920993249e+00
1.021309546680864155e+00
1.021337666566552116e+00
1.021364385316869461e+00
1.021388492223003208e+00
1.021408654971567298e+00
1.021423533080602519e+00
1.021431930802526367e+00
1.021432964309454405e+00
1.021426209042581856e+00
1.021411793034454840e+00
1.021390412981710405e+00
1.021363269259516926e+00
1.021331936811373797e+00
1.021298202636245378e+00
1.021263902593512629e+00
1.021230781684902666e+00
1.021200388824332839e+00
1.021174006006998702e+00
1.021152606386003914e+00
1.021136835773013285e+00
1.021127014783881348e+00
1.021123161259187562e+00
1.021125032820442868e+00
1.021132187085154630e+00
1.021144053051772804e+00
1.021160003182123965e+00
1.021179413609745623e+00
1.021201700948658253e+00
1.021226328483668233e+00
1.021252781028071821e+00
1.021280514741536249e+00
1.021308894148912572e+00
1.021337132539688053e+00
1.021364253432973435e+00
1.021389089519260107e+00
1.021410330871349581e+00
1.021426625729201954e+00
1.021436725168651360e+00
1.021439649637412517e+00
1.021434844859117730e+00
1.021422291893602896e+00
1.021402544306890148e+00
1.021376683181680178e+00
1.021346201926142339e+00
1.021312849088255037e+00
1.021278462547867694e+00
1.021244822172452604e+00
1.021213535367470726e+00
1.021185957816581391e+00
1.021163144721212834e+00
1.021145826667177348e+00
1.021134406564724983e+00
1.021128976831115143e+00
1.021129356872074512e+00
1.021135149200703918e+00
1.021145808810451028e+00
1.021160716243796784e+00
1.021179242057816516e+00
1.021200790562680094e+00
1.021224814237192691e+00
1.021250796315190001e+00
1.021278206081199569e+00
1.021306437752320884e+00
1.021334748333946996e+00
1.021362211995781255e+00
1.021387708000045524e+00
1.021409955517948109e+00
1.021427601196786217e+00
1.021439354124210386e+00
1.021444149524291856e+00
1.021441310828384852e+00
1.021430674631725211e+00
1.021412648328375194e+00
1.021388185936186188e+00
1.021358688751682564e+00
1.021325855761862744e+00
1.021291517048828368e+00
1.021257479769289267e+00
1.021225404607746245e+00
1.021196717745630478e+00
1.021172554856958126e+00
1.021153731104452067e+00
1.021140732829489473e+00
1.021133729514669186e+00
1.021132606091487149e+00
1.021137014609510452e+00
1.021146440957483970e+00
1.021160278089086049e+00
1.021177893925755420e+00
1.021198681442707201e+00
1.021222081139125493e+00
1.021247571657546427e+00
1.021274631286590573e+00
1.021302679735843100e+00
1.021331014621832178e+00
1.021358759897641910e+00
1.021384843669245646e+00
1.021408020025456054e+00
1.021426943045394831e+00
1.021440290816416407e+00
1.021446924248123889e+00
1.021446052906705093e+00
1.021437372812745270e+00
1.021421143552818211e+00
1.021398185373646239e+00
1.021369797387005729e+00
1.021337617843163237e+00
1.021303458747956805e+00
1.021269146354683688e+00
1.021236388828365760e+00
1.021206679179706311e+00
1.021181231595503114e+00
1.021160945273904996e+00
1.021146390778383317e+00
1.021137816799122966e+00
1.021135177234190117e+00
1.021138178128922380e+00
1.021146341174764327e+00
1.021159076295741874e+00
1.021175752144079185e+00
1.021195751870248802e+00
1.021218503360398433e+00
1.021243478071585331e+00
1.021270159371311825e+00
1.021297988172201077e+00
1.021326299201058774e+00
1.021354264651000765e+00
1.021380862872152573e+00
1.021404887775740677e+00
1.021425009153989594e+00
1.021439884744191673e+00
1.021448312296393102e+00
1.021449396800687470e+00
1.021442698907242042e+00
1.021428330196414436e+00
1.021406971619951864e+00
1.021379810689110990e+00
1.021348413810965194e+00
1.021314564255007884e+00
1.021280098580794160e+00
1.021246766029463959e+00
1.021216122265207638e+00
1.021189457624144037e+00
1.021167754449007870e+00
1.021151667972810095e+00
1.021141527886573863e+00
1.021137360176888498e+00
1.021138929124640216e+00
1.021145797084975992e+00
1.021157395683075730e+00
1.021173098049201533e+00
1.021192279541289105e+00
1.021214355351694802e+00
1.021238787617971600e+00
1.021265061121868101e+00
1.021292633677338468e+00
1.021320873303176890e+00
1.021348998279894671e+00
1.021376037769397227e+00
1.021400829488699369e+00
1.021422066414819252e+00
1.021438396122668069e+00
1.021448564443197871e+00
1.021451581790619123e+00
1.021446879873221469e+00
1.021434423508473133e+00
1.021414750109640002e+00
1.021388926979056366e+00
1.021358437788182583e+00
1.021325026123490076e+00
1.021290529495431088e+00
1.021256731198166179e+00
1.021225244836910129e+00
1.021197434106852153e+00
1.021174363246625472e+00
1.021156772264152357e+00
1.021145073295385952e+00
1.021139367205171844e+00
1.021139480497269325e+00
1.021145020954700167e+00
1.021155446748713391e+00
1.021170139566275559e+00
1.021188469500131202e+00
1.021209839524831020e+00
1.021233700819788703e+00
1.021259536236983845e+00
1.021286816252900076e+00
1.021314938121979488e+00
1.021343163521391428e+00
1.021370572207330518e+00
1.021396048770814913e+00
1.021418315985221481e+00
1.021436020877055872e+00
1.021447868529488323e+00
1.021452785333914814e+00
1.021450081599579063e+00
1.021439578045784113e+00
1.021421665660831035e+00
1.021397283879124318e+00
1.021367823109531781e+00
1.021334976132685313e+00
1.021300571537604451e+00
1.021266419025996797e+00
1.021234184867238381e+00
1.021205302872446152e+00
1.021180917557435563e+00
1.021161853468232072e+00
1.021148606282157090e+00
1.021141354190758133e+00
1.021139989627819045e+00
1.021144170424960418e+00
1.021153386201431701e+00
1.021167031557933313e+00
1.021184474310698143e+00
1.021205106244911232e+00
1.021228366466158555e+00
1.021253732927681401e+00
1.021280684664779725e+00
1.021308643952444140e+00
1.021336912710179678e+00
1.021364620341105311e+00
1.021390700481818126e+00
1.021413911418487919e+00
1.021432908573173926e+00
1.021446367236888086e+00
1.021453140721948483e+00
1.021452426468427266e+00
1.021443905137587649e+00
1.021427819816544957e+00
1.021404975492273159e+00
1.021376659304121137e+00
1.021344502052387471e+00
1.021310313079638377e+00
1.021275920234635315e+00
1.021243036585341990e+00
1.021213162334505320e+00
1.021187520270339100e+00
1.021167018895580370e+00
1.021152238180034200e+00
1.021143435743796068e+00
1.021140573355125314e+00
1.021143363329273468e+00
1.021151331636818149e+00
1.021163890371942440e+00
1.021180408484332336e+00
1.021200268138240386e+00
1.021222895792219809e+00
1.021247761955076605e+00
1.021274350320838797e+00
1.021302103889638824e+00
1.021330361282331900e+00
1.021358299933418312e+00
1.021384903829635427e+00
1.021408971571234225e+00
1.021429175169010106e+00
1.021444170725711365e+00
1.021452749646335700e+00
1.021454005877422411e+00
1.021447485367615426e+00
1.021433283265136716e+00
1.021412064724104507e+00
1.021385004281489595e+00
1.021353659667523450e+00
1.021319810281341223e+00
1.021285293263392457e+00
1.021251862006932853e+00
1.021221078871507482e+00
1.021194242507010408e+00
1.021172344441573898e+00
1.021156049345548489e+00
1.021145696020604010e+00
1.021141318653683960e+00
1.021142688255587183e+00
1.021149371999684696e+00
1.021160804218960161e+00
1.021176358782347027e+00
1.021195410321247721e+00
1.021217372627792885e+00
1.021241706685404260e+00
1.021267897214599429e+00
1.021295403641853117e+00
1.021323597440178865e+00
1.021351701858792094e+00
1.021378751711697674e+00
1.021403589793557831e+00
1.021424912081460024e+00
1.021441365618435793e+00
1.021451691142104323e+00
1.021454889174997493e+00
1.021450377511543550e+00
1.021438104764295307e+00
1.021418592158942484e+00
1.021392893120749434e+00
1.021362481450688975e+00
1.021329095632418360e+00
1.021294572682285517e+00
1.021260699226058444e+00
1.021229095005545595e+00
1.021201131692270891e+00
1.021177882549710869e+00
1.021160097015145318e+00
1.021148196476118652e+00
1.021142290289367205e+00
1.021142212117674308e+00
1.021147575086741810e+00
1.021157840621632840e+00
1.021172391622206188e+00
1.021190597766985730e+00
1.021211860719122289e+00
1.021235630354696333e+00
1.021261389115594609e+00
1.021288608627100469e+00
1.021316689136170464e+00
1.021344896960323601e+00
1.021372317438845823e+00
1.021397840527669576e+00
1.021420192683130779e+00
1.021438021432054866e+00
1.021450027998790588e+00
1.021455130086347474e+00
1.021452624994227065e+00
1.021442317619996043e+00
1.021424582529414593e+00
1.021400344491199652e+00
1.021370982900426716e+00
1.021338184190320852e+00
1.021303775326812602e+00
1.021269568453420096e+00
1.021237235352575601e+00
1.021208217421687658e+00
1.021183667998188938e+00
1.021164421010654966e+00
1.021150981489701515e+00
1.021143536371218019e+00
1.021141985643760020e+00
1.021145992986767226e+00
1.021155051821607707e+00
1.021168558463184661e+00
1.021185880674408519e+00
1.021206409078451394e+00
1.021229581387682828e+00
1.021254874841032390e+00
1.021281769178023158e+00
1.021309689191435943e+00
1.021337941065631583e+00
1.021365659639977164e+00
1.021391784104746847e+00
1.021415077010480177e+00
1.021434195231577524e+00
1.021447811401868577e+00
1.021454771381841820e+00
1.021454260607280951e+00
1.021445944450160237e+00
1.021430049499430393e+00
1.021407365415489821e+00
1.021379167248182451e+00
1.021347078208361570e+00
1.021312904840800062e+00
1.021278476478699737e+00
1.021245511012528251e+00
1.021215515785648620e+00
1.021189722160197322e+00
1.021169047935639007e+00
1.021154082498053395e+00
1.021145092425103762e+00
1.021142047400231956e+00
1.021144666068124485e+00
1.021152478746175207e+00
1.021164899764994693e+00
1.021181298425712924e+00
1.021201055938697921e+00
1.021223597340433775e+00
1.021248392170820196e+00
1.021274924410073837e+00
1.021302639097048992e+00
1.021330878703522904e+00
1.021358825882821009e+00
