1.000603444564682754e+00
1.000676259004688706e+00
1.000798221764561902e+00
1.000944022600402494e+00
1.001101112802824211e+00
1.001267307348922664e+00
1.001441769232880752e+00
1.001618035461816714e+00
1.001797969855178216e+00
1.001982816596014292e+00
1.002166226645759384e+00
1.002351264220234128e+00
1.002539829143642258e+00
1.002725327001594113e+00
1.002911476140467606e+00
1.003100447409785101e+00
1.003285388827529712e+00
1.003470464912973092e+00
1.003657953953770221e+00
1.003840784491847105e+00
1.004023465614217958e+00
1.004208299752343603e+00
1.004388038063558808e+00
1.004567475931470000e+00
1.004748891644972053e+00
1.004924896747181773e+00
1.005100534185906058e+00
1.005278026685223924e+00
1.005449879194023843e+00
1.005621353087036596e+00
1.005794593125437064e+00
1.005962026832950773e+00
1.006129110114981851e+00
1.006297892775350755e+00
1.006460751053473990e+00
1.006623314725127116e+00
1.006787525211577661e+00
1.006945731159436530e+00
1.007103717805899024e+00
1.007263307294665511e+00
1.007416842325066453e+00
1.007570246914712531e+00
1.007725214908332667e+00
1.007874102958431051e+00
1.008022958602292629e+00
1.008173339783839051e+00
1.008317635506805976e+00
1.008462002782930078e+00
1.008607857138468233e+00
1.008747637030563249e+00
1.008887595960968220e+00
1.009029001350548516e+00
1.009164357095995834e+00
1.009300001136489655e+00
1.009437047730438630e+00
1.009568081240729276e+00
1.009699512809992594e+00
1.009832298954200791e+00
1.009959118703784853e+00
1.010086445888533024e+00
1.010215075062024459e+00
1.010337793410594376e+00
1.010461127563314410e+00
1.010585706164410125e+00
1.010704437422674573e+00
1.010823891429654120e+00
1.010944527183756270e+00
1.011059386232426194e+00
1.011175073278603120e+00
1.011291874106120758e+00
1.011402975420546246e+00
1.011515008117243042e+00
1.011628081337129670e+00
1.011735538304761040e+00
1.011844028078401347e+00
1.011953479852722326e+00
1.012057404298603247e+00
1.012162460964256550e+00
1.012268395913254793e+00
1.012368897771095622e+00
1.012470629235064035e+00
1.012573150171195646e+00
1.012670337255050956e+00
1.012768849306562302e+00
1.012868057050706927e+00
1.012962034895659835e+00
1.013057431059767755e+00
1.013153424313986584e+00
1.013244296064242933e+00
1.013336677496952998e+00
1.013429552756411667e+00
1.013517419086463534e+00
1.013606884499553829e+00
1.013696735992139386e+00
1.013781695051756193e+00
1.013868340659226597e+00
1.013955260305492434e+00
1.014037407682757852e+00
1.014121327163863384e+00
1.014205404552661616e+00
1.014284833251497986e+00
1.014366117727234951e+00
1.014447440104135456e+00
1.014524240534124822e+00
1.014602978555206869e+00
1.014681630821827163e+00
1.014755890798893390e+00
1.014832168343892338e+00
1.014908233066838861e+00
1.014980037823736803e+00
1.015053938306382131e+00
1.015127495734761798e+00
1.015196927940477778e+00
1.015268532225225284e+00
1.015339660315800252e+00
1.015406800102982121e+00
1.015476186527995761e+00
1.015544960977067035e+00
1.015609885976589855e+00
1.015677130383260351e+00
1.015743624664361189e+00
1.015806410046106167e+00
1.015871585814219102e+00
1.015935871220694064e+00
1.015996589739603717e+00
1.016059767827279803e+00
1.016121913518837072e+00
1.016180635565332668e+00
1.016241884552884001e+00
1.016301957605261652e+00
1.016358751259146542e+00
1.016418137396056798e+00
1.016476202852990340e+00
1.016531133940041798e+00
1.016588721194346956e+00
1.016644842121122050e+00
1.016697974271645766e+00
1.016753824381083859e+00
1.016808061919043826e+00
1.016859456627769553e+00
1.016913629152157661e+00
1.016966042573634432e+00
1.017015759260422314e+00
1.017068311634817368e+00
1.017118958398049333e+00
1.017167054468970822e+00
1.017218042057254745e+00
1.017266977860943999e+00
1.017313508769379871e+00
1.017362984917995039e+00
1.017410263755234912e+00
1.017455283062719484e+00
1.017503299154341789e+00
1.017548973365716147e+00
1.017592532802300997e+00
1.017639138309303526e+00
1.017683258635011079e+00
1.017725408158989708e+00
1.017770650696588453e+00
1.017813266327489030e+00
1.017854054184349710e+00
1.017897979563358923e+00
1.017939138190878001e+00
1.017978610971385089e+00
1.018021263250535657e+00
1.018061011115376502e+00
1.018099213812704518e+00
1.018140635350491152e+00
1.018179017290126165e+00
1.018215993355975346e+00
1.018256224862011505e+00
1.018293284356934558e+00
1.018329075756568614e+00
1.018368156342428499e+00
1.018403935561148943e+00
1.018438582827306593e+00
1.018476550056832686e+00
1.018511089899597710e+00
1.018544632185216958e+00
1.018581522124279104e+00
1.018614862265510457e+00
1.018647337395216290e+00
1.018683184660890806e+00
1.018715363590319223e+00
1.018746808110623014e+00
1.018781645919767609e+00
1.018812700982250075e+00
1.018843150210405168e+00
1.018877010427600815e+00
1.018906977861597785e+00
1.018936465933065083e+00
1.018969379117881102e+00
1.018998294092585022e+00
1.019026854007053728e+00
1.019058849460612315e+00
1.019086746111702357e+00
1.019114409777624131e+00
1.019145515588415041e+00
1.019172427052429830e+00
1.019199225330021719e+00
1.019229468418936912e+00
1.019255426866250813e+00
1.019281389608933441e+00
1.019310795773478828e+00
1.019335832439879130e+00
1.019360988534114831e+00
1.019389582491768254e+00
1.019413727708625927e+00
1.019438105112136395e+00
1.019465910542812992e+00
1.019489193765857449e+00
1.019512819544201143e+00
1.019539859131799009e+00
1.019562308968500641e+00
1.019585209330001740e+00
1.019611504802999002e+00
1.019633149038580378e+00
1.019655349367604824e+00
1.019680921538682394e+00
1.019701787160778750e+00
1.019723312049363617e+00
1.019748180854036956e+00
1.019768294076034865e+00
1.019789167353883697e+00
1.019813351888122277e+00
1.019832738171214670e+00
1.019852982934075891e+00
1.019876501490902587e+00
1.019895185564898998e+00
1.019914824201355597e+00
1.019937694306414455e+00
1.019955700189355996e+00
1.019974754406059114e+00
1.019996992852146844e+00
1.020014343868780760e+00
1.020032834714162950e+00
1.020054457594726571e+00
1.020071176393894774e+00
1.020089124280410209e+00
1.020110147022009972e+00
1.020126255593018838e+00
1.020143680317957546e+00
1.020164117711703344e+00
1.020179637399738937e+00
1.020196558164668588e+00
1.020216424396640509e+00
1.020231375917302952e+00
1.020247811346195910e+00
1.020267120026859597e+00
1.020281523479886321e+00
1.020297491635993925e+00
1.020316255828628282e+00
1.020330130710887406e+00
1.020345649112422093e+00
1.020363881360578429e+00
1.020377246578403341e+00
1.020392332213098108e+00
1.020410044567109153e+00
1.020422918448060656e+00
1.020437587786672040e+00
1.020454791829235264e+00
1.020467192133362122e+00
1.020481461142185076e+00
1.020498168013046492e+00
1.020510111943729870e+00
1.020523996096196928e+00
1.020540216515958276e+00
1.020551720730413114e+00
1.020565235017843353e+00
1.020580979310921954e+00
1.020592059930434115e+00
1.020605218872007613e+00
1.020620496988777770e+00
1.020631169608746891e+00
1.020643987260768437e+00
1.020658808798910133e+00
1.020669088498773913e+00
1.020681578463297434e+00
1.020695952688383201e+00
1.020705854041482397e+00
1.020718029474360078e+00
1.020731965339708669e+00
1.020741502423164082e+00
1.020753376041586780e+00
1.020766882207407855e+00
1.020776068612058607e+00
1.020787652701647508e+00
1.020800737553510640e+00
1.020809586393973456e+00
1.020820892815485159e+00
1.020833564482129807e+00
1.020842088407022175e+00
1.020853128602721149e+00
1.020865394973242912e+00
1.020873606175611847e+00
1.020884391175366002e+00
1.020896259915792026e+00
1.020904170143784651e+00
1.020914710570935746e+00
1.020926189140215712e+00
1.020933809708017836e+00
1.020944115785070938e+00
1.020955211450500055e+00
1.020962553249567861e+00
1.020972634803745338e+00
1.020983354655838227e+00
1.020990428166434150e+00
1.021000294635136196e+00
1.021010645601961642e+00
1.021017460905004448e+00
1.021027121341212540e+00
1.021037110202206666e+00
1.021043676991438609e+00
1.021053140069092979e+00
1.021062773468355278e+00
1.021069101062820117e+00
1.021078375082206335e+00
1.021087659541287218e+00
1.021093756898109106e+00
1.021102849791274636e+00
1.021111791721462048e+00
1.021117667448905753e+00
1.021126586785138901e+00
1.021135192499241562e+00
1.021140854870033365e+00
1.021149607861417508e+00
1.021157883585046111e+00
1.021163340549928744e+00
1.021171934056992470e+00
1.021179885939340393e+00
1.021185145140824480e+00
1.021193585678303872e+00
1.021201219802418514e+00
1.021206288588695443e+00
1.021214582331420706e+00
1.021221904723960350e+00
1.021226790162936826e+00
1.021234942951850355e+00
1.021241959592322779e+00
1.021246668485725761e+00
1.021254685834044107e+00
1.021261402663511175e+00
1.021265941561024126e+00
1.021273828660542726e+00
1.021280251589787191e+00
1.021284626803158790e+00
1.021292388530708806e+00
1.021298523447847995e+00
1.021302741064924913e+00
1.021310381988981941e+00
1.021316234766515674e+00
1.021320300665146563e+00
1.021327825052586569e+00
1.021333401553870868e+00
1.021337321415625610e+00
1.021344733238631619e+00
1.021350039323761338e+00
1.021353818647411593e+00
1.021361121590525389e+00
1.021366163121614878e+00
1.021369807236321314e+00
1.021377004703633462e+00
1.021381787549484388e+00
1.021385301627639741e+00
1.021392396750116838e+00
1.021396926790256288e+00
1.021400315859929631e+00
1.021407311502864790e+00
1.021411594630951658e+00
1.021414863587887467e+00
1.021421762358471597e+00
1.021425804485053046e+00
1.021428958104174445e+00
1.021435762359176325e+00
1.021439569413794324e+00
1.021442612360168756e+00
1.021449324213715038e+00
1.021452902146350539e+00
1.021455838985575681e+00
1.021462460317020371e+00
1.021465815098877794e+00
1.021468650306850190e+00
1.021475182768721623e+00
1.021478320392347872e+00
1.021481058364379635e+00
1.021487503390396512e+00
1.021490429869137628e+00
1.021493074928394362e+00
1.021499433741535512e+00
1.021502155108337195e+00
1.021504711513568697e+00
1.021510985134187255e+00
1.021513507439745450e+00
1.021515979392292106e+00
1.021522168646263662e+00
1.021524497956534105e+00
1.021526889606588551e+00
1.021532995133479282e+00
1.021535137526566661e+00
1.021537452978686478e+00
1.021543475239930165e+00
1.021545436802368645e+00
1.021547680120227675e+00
1.021553619407302715e+00
1.021555406229754936e+00
1.021557581440136753e+00
1.021563437882731407e+00
1.021565056055129261e+00
1.021567167151163247e+00
1.021572940725319789e+00
1.021574396331477619e+00
1.021576447275128308e+00
1.021582137811356539e+00
1.021583436923090282e+00
1.021585431646913289e+00
1.021591038838265186e+00
1.021592187509054561e+00
1.021594129917236415e+00
1.021599653327335488e+00
1.021600657585571170e+00
1.021602551554273930e+00
1.021607990625290618e+00
1.021608856467150828e+00
1.021610705844189226e+00
1.021616059904759011e+00
1.021616793286761915e+00
1.021618601890642797e+00
1.021623870163720804e+00
1.021624476995006026e+00
1.021626248613362042e+00
1.021631430224010817e+00
1.021631916358401337e+00
1.021633654745857100e+00
1.021638748728966206e+00
1.021639119956869290e+00
1.021640828832377501e+00
1.021645834140310294e+00
1.021646096180512497e+00
1.021647779224202690e+00
1.021652694734372924e+00
1.021652853225793356e+00
1.021654514075377218e+00
1.021659338597751265e+00
1.021659399091209508e+00
1.021661041337984965e+00
1.021665773622517204e+00
1.021665741572578723e+00
1.021667368757085637e+00
1.021672007501078561e+00
1.021671888258044225e+00
1.021673503865410337e+00
1.021678047720811389e+00
1.021677846522904609e+00
1.021679453977936580e+00
1.021683901558566587e+00
1.021683623524387352e+00
1.021685226186449746e+00
1.021689576075169636e+00
1.021689226196468070e+00
1.021690827354201137e+00
1.021695078110017363e+00
1.021694661244850533e+00
1.021696264110768304e+00
1.021700414275882762e+00
1.021699935142204030e+00
1.021701542847225586e+00
1.021705590954026022e+00
1.021705054123766887e+00
1.021706669711715865e+00
1.021710614289717878e+00
1.021710024183403398e+00
1.021711650605526156e+00
1.021715490188259912e+00
1.021714851070211427e+00
1.021716491179748498e+00
1.021720224311596814e+00
1.021719540285755290e+00
1.021721196832609202e+00
1.021724822075593231e+00
1.021724097082006733e+00
1.021725772707538393e+00
1.021729288648053569e+00
1.021728526460055964e+00
1.021730223692044914e+00
1.021733628947541384e+00
1.021732833169651800e+00
1.021734554417451424e+00
1.021737847643059416e+00
1.021737021709621107e+00
1.021738769259537882e+00
1.021741949154630458e+00
1.021741096329205511e+00
1.021742872340125619e+00
1.021745937654817471e+00
1.021745061030345791e+00
1.021746867529635949e+00
1.021749817071203825e+00
1.021748919570931724e+00
1.021750758450629570e+00
1.021753591089853863e+00
1.021752675469029370e+00
1.021754548482343594e+00
1.021757263159755125e+00
1.021756332008078028e+00
1.021758240766216019e+00
1.021760836498238678e+00
1.021759892243056411e+00
1.021761838212384310e+00
1.021764314097361570e+00
1.021763359007584970e+00
1.021765343507137658e+00
1.021767698731225416e+00
1.021766734921944364e+00
1.021768759121288728e+00
1.021770992964199376e+00
1.021770022401962574e+00
1.021772087319419597e+00
1.021774199160004004e+00
1.021773223668727137e+00
1.021775330169958806e+00
1.021777319491600666e+00
1.021776340759065871e+00
1.021778489556022240e+00
1.021780355951831698e+00
1.021779375536726597e+00
1.021781567186961226e+00
1.021783310364742237e+00
1.021782329704195691e+00
1.021784564610538570e+00
1.021786184397510011e+00
1.021785204815064629e+00
1.021787483225654380e+00
1.021788979572904044e+00
1.021788002286875496e+00
1.021790324295542618e+00
1.021791697282188327e+00
1.021790723414348845e+00
1.021793088961346241e+00
1.021794338798381663e+00
1.021793369382906658e+00
1.021795778255977005e+00
1.021796905289778401e+00
1.021795941282395148e+00
1.021798393118168446e+00
1.021799397833639267e+00
1.021798440120912588e+00
1.021800934406623451e+00
1.021801817429950354e+00
1.021800866838641131e+00
1.021803402914155168e+00
1.021804165015154142e+00
1.021803222321586269e+00
1.021805799381725555e+00
1.021806441475756166e+00
1.021805507415125103e+00
1.021808124512278759e+00
1.021808647661700764e+00
1.021807722937266405e+00
1.021810378984274958e+00
1.021810784399430627e+00
1.021809869691524097e+00
1.021812563464826074e+00
1.021812852504523361e+00
1.021811948479315557e+00
1.021814678622338768e+00
1.021814852793823114e+00
1.021813960111790820e+00
1.021816725138580795e+00
1.021816786096971796e+00
1.021815905421010751e+00
1.021818703720074772e+00
1.021818653267259513e+00
1.021817785270392021e+00
1.021820615108749220e+00
1.021820455191717603e+00
1.021819600564339847e+00
1.021822460091763585e+00
1.021822192800373008e+00
1.021821352257008098e+00
1.021824239510441101e+00
1.021823867074608483e+00
1.021823041360117035e+00
1.021825954268249070e+00
1.021825479054562447e+00
1.021824668949774972e+00
1.021827605337767508e+00
1.021827029845516766e+00
1.021826236172261204e+00
1.021829193766602639e+00
1.021828520623234482e+00
1.021827744248726022e+00
1.021830720682205484e+00
1.021829952638203753e+00
1.021829194478781400e+00
1.021832187295566241e+00
1.021831327218772678e+00
1.021830588242959692e+00
1.021833594903763576e+00
1.021832645773147918e+00
1.021831927004031249e+00
1.021834944891358177e+00
1.021833909790258232e+00
1.021833212307174055e+00
1.021836238730630120e+00
1.021835120839481359e+00
1.021834445779008949e+00
1.021837477980665376e+00
1.021836280569246691e+00
1.021835629125514622e+00
1.021838664285313669e+00
1.021837390704537274e+00
1.021836764128849495e+00
1.021839799370042989e+00
1.021838453043323325e+00
1.021837852643117994e+00
1.021840885037727631e+00
1.021839469451966798e+00
1.021838896589125856e+00
1.021841923163421040e+00
1.021840441859649395e+00
1.021839897948182641e+00
1.021842915688162101e+00
1.021841372251881097e+00
1.021840858755008519e+00
1.021843864611887920e+00
1.021842262663160472e+00
1.021841781089825041e+00
1.021844771985516154e+00
1.021843115168858729e+00
1.021842667069702060e+00
1.021845639902286385e+00
1.021843931876412981e+00
1.021843518839248510e+00
1.021846470488439573e+00
1.021844714915915109e+00
1.021844338560742305e+00
1.021847265893333301e+00
1.021845466430194360e+00
1.021845128403790381e+00
1.021848028279086940e+00
1.021846188564489832e+00
1.021845890534625045e+00
1.021848759809864227e+00
1.021846883455817201e+00
1.021846627105139182e+00
1.021849462640891604e+00
1.021847553222138272e+00
1.021847340241769153e+00
1.021850138907326233e+00
1.021848199951437275e+00
1.021848032034330611e+00
1.021850790713079826e+00
1.021848825690814255e+00
1.021848704524919604e+00
1.021851420119707976e+00
1.021849432435705474e+00
1.021849359696988202e+00
1.021852029135474016e+00
1.021850022119334955e+00
1.021849999464694569e+00
1.021852619704693987e+00
1.021850596602505545e+00
1.021850625662639178e+00
1.021853193697464857e+00
1.021851157663825838e+00
1.021851240036083741e+00
1.021853752899879231e+00
1.021851706990474451e+00
1.021851844231746576e+00
1.021854299004816724e+00
1.021852246169589584e+00
1.021852439789267208e+00
1.021854833603405899e+00
1.021852776680372443e+00
1.021853028133421493e+00
1.021855358177237161e+00
1.021853299886980260e+00
1.021853610567164949e+00
1.021855874091399885e+00
1.021853817032279288e+00
1.021854188265570951e+00
1.021856382588414824e+00
1.021854329232521952e+00
1.021854762270723249e+00
1.021856884783117758e+00
1.021854837472999211e+00
1.021855333487615036e+00
1.021857381658544339e+00
1.021855342604713446e+00
1.021855902681093831e+00
1.021857874062855220e+00
1.021855845342103830e+00
1.021856470473884837e+00
1.021858362707331880e+00
1.021856346261850845e+00
1.021857037345711650e+00
1.021858848165463574e+00
1.021856845802771474e+00
1.021857603633529399e+00
1.021859330873133853e+00
1.021857344266808409e+00
1.021858169532865901e+00
1.021859811129905538e+00
1.021857841821110391e+00
1.021858735100266813e+00
1.021860289101396591e+00
1.021858338501180352e+00
1.021859300256821923e+00
1.021860764822720702e+00
1.021858834215072953e+00
1.021859864792745931e+00
1.021861238202968813e+00
1.021859328748598639e+00
1.021860428372973306e+00
1.021861709030686960e+00
1.021859821771494925e+00
1.021860990543724368e+00
1.021862176980305126e+00
1.021860312844507845e+00
1.021861550739982194e+00
1.021862641619458945e+00
1.021860801427323828e+00
1.021862108293820626e+00
1.021863102417140734e+00
1.021861286887284059e+00
1.021862662443512537e+00
1.021863558752607037e+00
1.021861768508801838e+00
1.021863212343338656e+00
1.021864009924968730e+00
1.021862245503410538e+00
1.021863757074016998e+00
1.021864455163372210e+00
1.021862717020343370e+00
1.021864295653667210e+00
1.021864893637694838e+00
1.021863182157565220e+00
1.021864827049207447e+00
1.021865324469648950e+00
1.021863639973153326e+00
1.021865350188101651e+00
1.021865746744208048e+00
1.021864089496936412e+00
1.021865863970348398e+00
1.021866159521251927e+00
1.021864529742284367e+00
1.021866367280613641e+00
1.021866561847332822e+00
1.021864959717955657e+00
1.021866859000407635e+00
1.021866952767458425e+00
1.021865378439897665e+00
1.021867338020203464e+00
1.021867331336793416e+00
1.021865784942895816e+00
1.021867803251391926e+00
1.021867696632175360e+00
1.021866178291980676e+00
1.021868253637977064e+00
1.021868047763351939e+00
1.021866557593484881e+00
1.021868688167915318e+00
1.021868383883835607e+00
1.021866922005665312e+00
1.021869105883997264e+00
1.021868704201288391e+00
1.021867270748790135e+00
1.021869505894186236e+00
1.021869007987342481e+00
1.021867603114614331e+00
1.021869887381325226e+00
1.021869294586776000e+00
1.021867918475151793e+00
1.021870249612129022e+00
1.021869563425962024e+00
1.021868216290675369e+00
1.021870591945387208e+00
1.021869814020517353e+00
1.021868496116872027e+00
1.021870913839307837e+00
1.021870045982085751e+00
1.021868757611092970e+00
1.021871214857939858e+00
1.021870259024195038e+00
1.021869000537640737e+00
1.021871494676617420e+00
1.021870452967137854e+00
1.021869224772048668e+00
1.021871753086384782e+00
1.021870627741830129e+00
1.021869430304315207e+00
1.021871989997354291e+00
1.021870783392616833e+00
1.021869617241059736e+00
1.021872205440979009e+00
1.021870920078995937e+00
1.021869785806584163e+00
1.021872399571212453e+00
1.021871038076245242e+00
1.021869936342826080e+00
1.021872572664550338e+00
1.021871137774949867e+00
1.021870069308204787e+00
1.021872725118947223e+00
1.021871219679427067e+00
1.021870185275366216e+00
1.021872857451625816e+00
1.021871284405067692e+00
1.021870284927848260e+00
1.021872970295791383e+00
1.021871332674613830e+00
1.021870369055692063e+00
1.021873064396283670e+00
1.021871365313408386e+00
1.021870438550036120e+00
1.021873140604203201e+00
1.021871383243654563e+00
1.021870494396744933e+00
1.021873199870560356e+00
1.021871387477743642e+00
1.021870537669122614e+00
1.021873243239004747e+00
1.021871379110703248e+00
1.021870569519776506e+00
1.021873271837698827e+00
1.021871359311841143e+00
1.021870591171708309e+00
1.021873286870411235e+00
1.021871329315658938e+00
1.021870603908703989e+00
1.021873289606906043e+00
1.021871290412115441e+00
1.021870609065117064e+00
1.021873281372721820e+00
1.021871243936337326e+00
1.021870608015130522e+00
1.021873263538429111e+00
1.021871191257862410e+00
1.021870602161601305e+00
1.021873237508462928e+00
1.021871133769522766e+00
1.021870592924581267e+00
1.021873204709639715e+00
1.021871072876068043e+00
1.021870581729626970e+00
1.021873166579455372e+00
1.021871009982632916e+00
1.021870569995998679e+00
1.021873124554278256e+00
1.021870946483162124e+00
1.021870559124861133e+00
1.021873080057543071e+00
1.021870883748892123e+00
1.021870550487592233e+00
1.021873034488054222e+00
1.021870823117005944e+00
1.021870545414307774e+00
1.021872989208506333e+00
1.021870765879562271e+00
1.021870545182705259e+00
1.021872945534327393e+00
1.021870713272801323e+00
1.021870551007334260e+00
1.021872904722949116e+00
1.021870666466930588e+00
1.021870564029387030e+00
1.021872867963595999e+00
1.021870626556484307e+00
1.021870585307103729e+00
1.021872836367694770e+00
1.021870594551343325e+00
1.021870615806883542e+00
1.021872810959987277e+00
1.021870571368504566e+00
1.021870656395178045e+00
1.021872792670424079e+00
1.021870557824669179e+00
1.021870707831244784e+00
1.021872782326918916e+00
1.021870554629724204e+00
1.021870770760823888e+00
1.021872780649021761e+00
1.021870562381170799e+00
1.021870845710795228e+00
1.021872788242571772e+00
1.021870581559555458e+00
1.021870933084866540e+00
1.021872805595373190e+00
1.021870612524942157e+00
1.021871033160328235e+00
1.021872833073932174e+00
1.021870655514455439e+00
1.021871146085902016e+00
1.021872870921283649e+00
1.021870710640920166e+00
1.021871271880707699e+00
1.021872919255923051e+00
1.021870777892604831e+00
1.021871410434350480e+00
1.021872978071848515e+00
1.021870857134069333e+00
1.021871561508129966e+00
1.021873047239714394e+00
1.021870948108112298e+00
1.021871724737356768e+00
1.021873126509080576e+00
1.021871050438794004e+00
1.021871899634758663e+00
1.021873215511732047e+00
1.021871163635506452e+00
1.021872085594942359e+00
1.021873313766039626e+00
1.021871287098057079e+00
1.021872281899868007e+00
1.021873420682319455e+00
1.021871420122712371e+00
1.021872487725296486e+00
1.021873535569136848e+00
1.021871561909150739e+00
1.021872702148136414e+00
1.021873657640502309e+00
1.021871711568260288e+00
1.021872924154643592e+00
1.021873786023888231e+00
1.021871868130707517e+00
1.021873152649386052e+00
1.021873919768992334e+00
1.021872030556206346e+00
1.021873386464903888e+00
1.021874057857175000e+00
1.021872197743397770e+00
1.021873624371977041e+00
1.021874199211478151e+00
1.021872368540257536e+00
1.021873865090411115e+00
1.021874342707137728e+00
1.021872541754937025e+00
1.021874107300251966e+00
1.021874487182501845e+00
1.021872716166940087e+00
1.021874349653324465e+00
1.021874631450246484e+00
1.021872890538542356e+00
1.021874590785003534e+00
1.021874774308800582e+00
1.021873063626347555e+00
1.021874829326113510e+00
1.021874914553873470e+00
1.021873234192883562e+00
1.021875063914853499e+00
1.021875050989982547e+00
1.021873401018133398e+00
1.021875293208645008e+00
1.021875182441884577e+00
1.021873562910905253e+00
1.021875515895806830e+00
1.021875307765806040e+00
1.021873718719933599e+00
1.021875730706948371e+00
1.021875425860375053e+00
1.021873867344627929e+00
1.021875936425990616e+00
1.021875535677158275e+00
1.021874007745358748e+00
1.021876131900719686e+00
1.021875636230712647e+00
1.021874138953204225e+00
1.021876316052777955e+00
1.021875726608058921e+00
1.021874260079066676e+00
1.021876487887012352e+00
1.021875805977496610e+00
1.021874370322074732e+00
1.021876646500094798e+00
1.021875873596681306e+00
1.021874468977202799e+00
1.021876791088343506e+00
1.021875928819892421e+00
1.021874555442037202e+00
1.021876920954675416e+00
1.021875971104424297e+00
1.021874629222626840e+00
1.021877035514627607e+00
1.021876000016045616e+00
1.021874689938367498e+00
1.021877134301398371e+00
1.021876015233476043e+00
1.021874737325874083e+00
1.021877216969858226e+00
1.021876016551839017e+00
1.021874771241800151e+00
1.021877283299499783e+00
1.021876003885056949e+00
1.021874791664587612e+00
1.021877333196294479e+00
1.021875977267167723e+00
1.021874798695114439e+00
1.021877366693442646e+00
1.021875936852546740e+00
1.021874792556244138e+00
1.021877383951006912e+00
1.021875882915031397e+00
