1.000603444564682754e+00
1.000677440478725977e+00
1.000799961099305246e+00
1.000944165709584111e+00
1.001100993345851231e+00
1.001266075312651216e+00
1.001436825652411322e+00
1.001611517362682946e+00
1.001788910718032222e+00
1.001968074215243476e+00
1.002148285776809811e+00
1.002328972630810222e+00
1.002509672102803062e+00
1.002690004775004695e+00
1.002869655483162203e+00
1.003048359544726154e+00
1.003225892610515091e+00
1.003402063090427454e+00
1.003576706438295441e+00
1.003749680794048249e+00
1.003920863623884774e+00
1.004090149098045170e+00
1.004257446016020960e+00
1.004422676139752557e+00
1.004585772832246704e+00
1.004746679926013408e+00
1.004905350765467498e+00
1.005061747381922110e+00
1.005215839770417396e+00
1.005367605245453433e+00
1.005517027858441992e+00
1.005664097863989692e+00
1.005808811225309185e+00
1.005951169151483082e+00
1.006091177661147862e+00
1.006228847168600948e+00
1.006364192089448384e+00
1.006497230463794246e+00
1.006627983595665965e+00
1.006756475707921261e+00
1.006882733612298519e+00
1.007006786394598841e+00
1.007128665115216259e+00
1.007248402525386055e+00
1.007366032799605682e+00
1.007481591284714373e+00
1.007595114266095049e+00
1.007706638751400430e+00
1.007816202272106665e+00
1.007923842703084105e+00
1.008029598100222746e+00
1.008133506556003089e+00
1.008235606072739543e+00
1.008335934453061133e+00
1.008434529207032027e+00
1.008531427475169329e+00
1.008626665966472657e+00
1.008720280910448963e+00
1.008812308022028148e+00
1.008902782478162008e+00
1.008991738904843505e+00
1.009079211373246299e+00
1.009165233403663375e+00
1.009249837975935593e+00
1.009333057545085843e+00
1.009414924060935359e+00
1.009495468990542433e+00
1.009574723342396840e+00
1.009652717691404078e+00
1.009729482203813644e+00
1.009805046661357730e+00
1.009879440484006796e+00
1.009952692750862857e+00
1.010024832218849422e+00
1.010095887338962495e+00
1.010165886269977609e+00
1.010234856889586919e+00
1.010302826803048948e+00
1.010369823349494212e+00
1.010435873606098323e+00
1.010501004390373270e+00
1.010565242260863084e+00
1.010628613516542096e+00
1.010691144195220659e+00
1.010752860071249870e+00
1.010813786652806634e+00
1.010873949179003972e+00
1.010933372617047965e+00
1.010992081659619402e+00
1.011050100722627132e+00
1.011107453943427936e+00
1.011164165179585961e+00
1.011220258008192818e+00
1.011275755725749015e+00
1.011330681348570515e+00
1.011385057613666705e+00
1.011438906980015151e+00
1.011492251630146111e+00
1.011545113471940871e+00
1.011597514140552656e+00
1.011649475000345078e+00
1.011701017146765746e+00
1.011752161408072892e+00
1.011802928346838604e+00
1.011853338261180291e+00
1.011903411185669732e+00
1.011953166891894629e+00
1.012002624888656221e+00
1.012051804421804757e+00
1.012100724473719682e+00
1.012149403762459432e+00
1.012197860740613464e+00
1.012246113593893160e+00
1.012294180239508457e+00
1.012342078324374173e+00
1.012389825223202644e+00
1.012437438036526860e+00
1.012484933588702951e+00
1.012532328425942207e+00
1.012579638814409044e+00
1.012626880738423107e+00
1.012674069898801266e+00
1.012721221711356812e+00
1.012768351305584291e+00
1.012815473523537513e+00
1.012862602918910948e+00
1.012909753756326747e+00
1.012956940010824702e+00
1.013004175367545612e+00
1.013051473221601606e+00
1.013098846678112785e+00
1.013146308552395958e+00
1.013193871370285493e+00
1.013241547368564532e+00
1.013289348495482134e+00
1.013337286411334581e+00
1.013385372489088443e+00
1.013433617815019838e+00
1.013482033189345932e+00
1.013530629126830673e+00
1.013579415857339461e+00
1.013628403326322980e+00
1.013677601195212663e+00
1.013727018841708016e+00
1.013776665359942930e+00
1.013826549560508550e+00
1.013876679970327377e+00
1.013927064832361502e+00
1.013977712105143869e+00
1.014028629462125686e+00
1.014079824290828213e+00
1.014131303691797159e+00
1.014183074477347013e+00
1.014235143170099995e+00
1.014287516001310507e+00
1.014340198908973534e+00
1.014393197535724767e+00
1.014446517226524236e+00
1.014500163026133661e+00
1.014554139676386857e+00
1.014608451613266071e+00
1.014663102963782482e+00
1.014718097542678166e+00
1.014773438848955767e+00
1.014829130062248730e+00
1.014885174039044546e+00
1.014941573308780542e+00
1.014998330069820653e+00
1.015055446185340049e+00
1.015112923179131599e+00
1.015170762231354828e+00
1.015228964174252235e+00
1.015287529487855833e+00
1.015346458295707244e+00
1.015405750360617754e+00
1.015465405080495653e+00
1.015525421484269053e+00
1.015585798227934156e+00
1.015646533590754297e+00
1.015707625471647058e+00
1.015769071385785205e+00
1.015830868461446546e+00
1.015893013437142223e+00
1.015955502659058540e+00
1.016018332078844066e+00
1.016081497251773769e+00
1.016144993335323932e+00
1.016208815088191608e+00
1.016272956869786803e+00
1.016337412640233584e+00
1.016402175960907872e+00
1.016467239995543448e+00
1.016532597511933922e+00
1.016598240884261095e+00
1.016664162096073021e+00
1.016730352743937971e+00
1.016796804041800728e+00
1.016863506826055863e+00
1.016930451561365523e+00
1.016997628347230176e+00
1.017065026925336957e+00
1.017132636687686720e+00
1.017200446685519122e+00
1.017268445639036623e+00
1.017336621947931397e+00
1.017404963702717602e+00
1.017473458696864341e+00
1.017542094439723765e+00
1.017610858170241661e+00
1.017679736871443197e+00
1.017748717285668292e+00
1.017817785930543062e+00
1.017886929115657368e+00
1.017956132959922488e+00
1.018025383409577600e+00
1.018094666256805558e+00
1.018163967158920435e+00
1.018233271658086192e+00
1.018302565201512522e+00
1.018371833162087681e+00
1.018441060859384351e+00
1.018510233580992352e+00
1.018579336604110042e+00
1.018648355217341539e+00
1.018717274742626522e+00
1.018786080557245066e+00
1.018854758115823600e+00
1.018923292972274908e+00
1.018991670801601801e+00
1.019059877421491400e+00
1.019127898813629862e+00
1.019195721144662947e+00
1.019263330786733812e+00
1.019330714337520538e+00
1.019397858639709220e+00
1.019464750799827568e+00
1.019531378206374406e+00
1.019597728547176674e+00
1.019663789825908662e+00
1.019729550377716620e+00
1.019794998883883030e+00
1.019860124385479683e+00
1.019924916295955608e+00
1.019989364412607680e+00
1.020053458926893697e+00
1.020117190433541987e+00
1.020180549938420889e+00
1.020243528865138360e+00
1.020306119060336414e+00
1.020368312797661492e+00
1.020430102780388593e+00
1.020491482142682482e+00
1.020552444449486007e+00
1.020612983695030618e+00
1.020673094299962891e+00
1.020732771107092596e+00
1.020792009375768750e+00
1.020850804774891873e+00
1.020909153374580214e+00
1.020967051636507250e+00
1.021024496402933135e+00
1.021081484884456048e+00
1.021138014646514325e+00
1.021194083594670454e+00
1.021249689958716456e+00
1.021304832275633512e+00
1.021359509371456031e+00
1.021413720342074782e+00
1.021467464533036384e+00
1.021520741518378017e+00
1.021573551078555298e+00
1.021625893177514177e+00
1.021677767938959036e+00
1.021729175621878261e+00
1.021780116595379484e+00
1.021830591312898662e+00
1.021880600285840490e+00
1.021930144056712786e+00
1.021979223171816997e+00
1.022027838153561463e+00
1.022075989472459590e+00
1.022123677518882445e+00
1.022170902574628837e+00
1.022217664784388580e+00
1.022263964127159808e+00
1.022309800387701584e+00
1.022355173128084882e+00
1.022400081659422089e+00
1.022444525013850303e+00
1.022488501916837267e+00
1.022532010759902521e+00
1.022575049573818617e+00
1.022617616002386765e+00
1.022659707276862839e+00
1.022701320191122587e+00
1.022742451077654380e+00
1.022783095784466134e+00
1.022823249653002087e+00
1.022862907497158913e+00
1.022902063583499999e+00
1.022940711612764453e+00
1.022978844702767454e+00
1.023016455372798061e+00
1.023053535529611757e+00
1.023090076455124953e+00
1.023126068795913834e+00
1.023161502554623237e+00
1.023196367083391900e+00
1.023230651079397591e+00
1.023264342582629105e+00
1.023297428975984857e+00
1.023329896987803522e+00
1.023361732696921766e+00
1.023392921540357214e+00
1.023423448323706797e+00
1.023453297234345971e+00
1.023482451857511411e+00
1.023510895195338000e+00
1.023538609688916967e+00
1.023565577243432445e+00
1.023591779256419532e+00
1.023617196649181160e+00
1.023641809901388644e+00
1.023665599088865896e+00
1.023688543924563765e+00
1.023710623802691178e+00
1.023731817845970671e+00
1.023752104955959474e+00
1.023771463866360421e+00
1.023789873199222766e+00
1.023807311523923680e+00
1.023823757418781177e+00
1.023839189535147964e+00
1.023853586663794113e+00
1.023866927803379401e+00
1.023879192230781054e+00
1.023890359573027098e+00
1.023900409880562634e+00
1.023909323701553298e+00
1.023917082156904801e+00
1.023923667015670169e+00
1.023929060770486954e+00
1.023933246712670719e+00
1.023936209006586884e+00
1.023937932762898795e+00
1.023938404110285472e+00
1.023937610265216458e+00
1.023935539599368338e+00
1.023932181704259481e+00
1.023927527452690889e+00
1.023921569056583269e+00
1.023914300120813525e+00
1.023905715692660312e+00
1.023895812306495845e+00
1.023884588023378672e+00
1.023872042465223231e+00
1.023858176843260193e+00
1.023842993980527361e+00
1.023826498328168411e+00
1.023808695975362504e+00
1.023789594652738444e+00
1.023769203729183230e+00
1.023747534201994380e+00
1.023724598680378683e+00
1.023700411362343576e+00
1.023674988005086606e+00
1.023648345889026423e+00
1.023620503775683144e+00
1.023591481859650765e+00
1.023561301714959404e+00
1.023529986236170419e+00
1.023497559574580329e+00
1.023464047069962302e+00
1.023429475178292636e+00
1.023393871395955390e+00
1.023357264180928983e+00
1.023319682871492553e+00
1.023281157602995428e+00
1.023241719223247248e+00
1.023201399207086748e+00
1.023160229570692081e+00
1.023118242786174914e+00
1.023075471697006300e+00
1.023031949434779708e+00
1.022987709337818130e+00
1.022942784872083122e+00
1.022897209554819220e+00
1.022851016881334951e+00
1.022804240255267505e+00
1.022756912922653250e+00
1.022709067910060998e+00
1.022660737967020061e+00
1.022611955512903181e+00
1.022562752588402013e+00
1.022513160811662658e+00
1.022463211339117439e+00
1.022412934830998932e+00
1.022362361421476518e+00
1.022311520693323095e+00
1.022260441656971830e+00
1.022209152733803528e+00
1.022157681743457225e+00
1.022106055894948629e+00
1.022054301781346819e+00
1.022002445377742319e+00
1.021950512042238302e+00
1.021898526519667616e+00
1.021846512947752084e+00
1.021794494865404967e+00
1.021742495222889069e+00
1.021690536393539794e+00
1.021638640186780300e+00
1.021586827862161595e+00
1.021535120144171582e+00
1.021483537237582784e+00
1.021432098843113589e+00
1.021380824173206303e+00
1.021329731967743015e+00
1.021278840509533659e+00
1.021228167639443463e+00
1.021177730771033465e+00
1.021127546904623040e+00
1.021077632640690513e+00
1.021028004192551908e+00
1.020978677398278966e+00
1.020929667731826473e+00
1.020880990313361103e+00
1.020832659918798457e+00
1.020784690988557841e+00
1.020737097635569191e+00
1.020689893652566127e+00
1.020643092518711104e+00
1.020596707405603043e+00
1.020550751182726312e+00
1.020505236422399875e+00
1.020460175404290126e+00
1.020415580119549359e+00
1.020371462274646257e+00
1.020327833294947473e+00
1.020284704328113357e+00
1.020242086247361790e+00
1.020199989654657413e+00
1.020158424883872206e+00
1.020117402003961171e+00
1.020076930822195305e+00
1.020037020887484047e+00
1.019997681493811870e+00
1.019958921683817188e+00
1.019920750252524044e+00
1.019883175751244098e+00
1.019846206491648033e+00
1.019809850550012609e+00
1.019774115771638456e+00
1.019739009775428418e+00
1.019704539958618206e+00
1.019670713501642734e+00
1.019637537373121461e+00
1.019605018334941882e+00
1.019573162947420286e+00
1.019541977574518032e+00
1.019511468389087572e+00
1.019481641378126024e+00
1.019452502348010547e+00
1.019424056929694178e+00
1.019396310583834175e+00
1.019369268605838874e+00
1.019342936130801069e+00
1.019317318138307726e+00
1.019292419457101806e+00
1.019268244769579113e+00
1.019244798616106173e+00
1.019222085399143385e+00
1.019200109387160325e+00
1.019178874718329020e+00
1.019158385403990064e+00
1.019138645331873372e+00
1.019119658269072470e+00
1.019101427864759213e+00
1.019083957652633154e+00
1.019067251053098921e+00
1.019051311375166025e+00
1.019036141818062902e+00
1.019021745472563856e+00
1.019008125322018454e+00
1.018995284243086497e+00
1.018983225006163895e+00
1.018971950275507687e+00
1.018961462609045299e+00
1.018951764457872944e+00
1.018942858165435617e+00
1.018934745966390443e+00
1.018927429985147182e+00
1.018920912234090981e+00
1.018915194611479169e+00
1.018910278899021193e+00
1.018906166759136811e+00
1.018902859731897204e+00
1.018900359231651898e+00
1.018898666543347487e+00
1.018897782818538378e+00
1.018897709071102442e+00
1.018898446172664229e+00
1.018899994847735080e+00
1.018902355668583670e+00
1.018905529049839220e+00
1.018909515242849562e+00
1.018914314329799620e+00
1.018919926217605187e+00
1.018926350631601307e+00
1.018933587109034589e+00
1.018941634992382772e+00
1.018950493422513981e+00
1.018960161331708081e+00
1.018970637436557247e+00
1.018981920230767946e+00
1.018994007977882310e+00
1.019006898703944231e+00
1.019020590190130804e+00
1.019035079965369794e+00
1.019050365298972860e+00
1.019066443193301197e+00
1.019083310376494467e+00
1.019100963295284101e+00
1.019119398107919849e+00
1.019138610677234436e+00
1.019158596563870312e+00
1.019179351019700919e+00
1.019200868981469998e+00
1.019223145064676039e+00
1.019246173557734725e+00
1.019269948416439586e+00
1.019294463258758832e+00
1.019319711359989222e+00
1.019345685648298527e+00
1.019372378700686976e+00
1.019399782739393689e+00
1.019427889628776285e+00
1.019456690872696303e+00
1.019486177612431543e+00
1.019516340625150619e+00
1.019547170322968821e+00
1.019578656752618162e+00
1.019610789595753131e+00
1.019643558169918363e+00
1.019676951430201761e+00
1.019710957971594167e+00
1.019745566032077111e+00
1.019780763496458853e+00
1.019816537900974929e+00
1.019852876438669842e+00
1.019889765965571682e+00
1.019927193007675204e+00
1.019965143768736926e+00
1.020003604138894238e+00
1.020042559704107843e+00
1.020081995756430659e+00
1.020121897305101832e+00
1.020162249088458761e+00
1.020203035586659368e+00
1.020244241035205057e+00
1.020285849439243719e+00
1.020327844588640342e+00
1.020370210073790807e+00
1.020412929302147553e+00
1.020455985515438257e+00
1.020499361807533312e+00
1.020543041142932816e+00
1.020587006375829997e+00
1.020631240269705753e+00
1.020675725517410815e+00
1.020720444761680445e+00
1.020765380616033280e+00
1.020810515685992792e+00
1.020855832590574552e+00
1.020901313983978209e+00
1.020946942577417360e+00
1.020992701161024030e+00
1.021038572625756480e+00
1.021084539985245954e+00
1.021130586397503315e+00
1.021176695186423622e+00
1.021222849863010484e+00
1.021269034146247812e+00
1.021315231983551453e+00
1.021361427570721236e+00
1.021407605371333460e+00
1.021453750135491889e+00
1.021499846917877541e+00
1.021545881095028641e+00
1.021591838381784800e+00
1.021637704846835248e+00
1.021683466927312045e+00
1.021729111442370552e+00
1.021774625605706088e+00
1.021819997036957250e+00
1.021865213771949277e+00
1.021910264271735702e+00
1.021955137430402116e+00
1.021999822581597606e+00
1.022044309503764792e+00
1.022088588424041600e+00
1.022132650020820765e+00
1.022176485424942882e+00
1.022220086219517654e+00
1.022263444438366697e+00
1.022306552563078785e+00
1.022349403518689748e+00
1.022391990667984363e+00
1.022434307804435782e+00
1.022476349143797369e+00
1.022518109314359824e+00
1.022559583345904688e+00
1.022600766657374205e+00
1.022641655043286635e+00
1.022682244658934314e+00
1.022722532004397333e+00
1.022762513907412796e+00
1.022802187505138072e+00
1.022841550224858453e+00
1.022880599763680953e+00
1.022919334067264430e+00
1.022957751307636221e+00
1.022995849860151019e+00
1.023033628279641949e+00
1.023071085275823577e+00
1.023108219688005693e+00
1.023145030459169158e+00
1.023181516609476205e+00
1.023217677209265597e+00
1.023253511351605027e+00
1.023289018124455385e+00
1.023324196582519940e+00
1.023359045718842397e+00
1.023393564436218872e+00
1.023427751518493301e+00
1.023461605601809765e+00
1.023495125145888363e+00
1.023528308405396547e+00
1.023561153401495227e+00
1.023593657893628439e+00
1.023625819351635657e+00
1.023657634928266891e+00
1.023689101432177395e+00
1.023720215301484160e+00
1.023750972577971208e+00
1.023781368882024090e+00
1.023811399388383503e+00
1.023841058802807957e+00
1.023870341339735202e+00
1.023899240701037439e+00
1.023927750055963593e+00
1.023955862022367214e+00
1.023983568649319054e+00
1.024010861401204231e+00
1.024037731143406571e+00
1.024064168129683594e+00
1.024090161991334735e+00
1.024115701728272931e+00
1.024140775702095940e+00
1.024165371631273747e+00
1.024189476588546865e+00
1.024213077000642791e+00
1.024236158650415618e+00
1.024258706681499653e+00
1.024280705605581154e+00
1.024302139312373239e+00
1.024322991082387446e+00
1.024343243602573894e+00
1.024362878984915071e+00
1.024381878788029887e+00
1.024400224041851715e+00
1.024417895275423485e+00
1.024434872547850706e+00
1.024451135482430164e+00
1.024466663303971403e+00
1.024481434879300323e+00
1.024495428760928917e+00
1.024508623233855165e+00
1.024520996365430037e+00
1.024532526058230086e+00
1.024543190105828838e+00
1.024552966251363717e+00
1.024561832248750637e+00
1.024569765926400811e+00
1.024576745253245047e+00
1.024582748406876131e+00
1.024587753843568816e+00
1.024591740369943160e+00
1.024594687215983235e+00
1.024596574109134961e+00
1.024597381349156011e+00
1.024597089883391154e+00
1.024595681382119094e+00
1.024593138313602214e+00
1.024589444018455087e+00
1.024584582782939179e+00
1.024578539910772967e+00
1.024571301793048894e+00
1.024562855975837961e+00
1.024553191225063387e+00
1.024542297588228124e+00
1.024530166452586322e+00
1.024516790599358185e+00
1.024502164253601189e+00
1.024486283129368847e+00
1.024469144469807302e+00
1.024450747081871782e+00
1.024431091365359148e+00
1.024410179336006088e+00
1.024388014642418465e+00
1.024364602576650185e+00
1.024339950078283046e+00
1.024314065731913193e+00
1.024286959757983340e+00
1.024258643996960094e+00
1.024229131886899680e+00
1.024198438434497316e+00
1.024166580179760588e+00
1.024133575154507980e+00
1.024099442834929707e+00
1.024064204088504182e+00
1.024027881115604721e+00
1.023990497386175313e+00
1.023952077571888886e+00
1.023912647474243709e+00
1.023872233949074895e+00
1.023830864827996567e+00
1.023788568837296964e+00
1.023745375514835132e+00
1.023701315125497224e+00
1.023656418575765503e+00
1.023610717327964270e+00
1.023564243314732947e+00
1.023517028854263655e+00
1.023469106566824660e+00
1.023420509293067493e+00
1.023371270014588497e+00
1.023321421777177331e+00
1.023270997617157008e+00
1.023220030491175603e+00
1.023168553209763409e+00
1.023116598374933073e+00
1.023064198322043872e+00
1.023011385066114221e+00
1.022958190252709398e+00
1.022904645113485778e+00
1.022850780426433293e+00
1.022796626480803495e+00
1.022742213046671456e+00
1.022687569349042924e+00
1.022632724046370845e+00
1.022577705213323140e+00
1.022522540327604812e+00
1.022467256260612301e+00
1.022411879271679203e+00
1.022356435005649100e+00
1.022300948493502171e+00
1.022245444155746918e+00
1.022189945808288369e+00
1.022134476670477188e+00
1.022079059375046839e+00
1.022023715979655023e+00
1.021968467979748052e+00
1.021913336322483268e+00
1.021858341421449268e+00
1.021803503171954786e+00
1.021748840966658411e+00
1.021694373711336645e+00
1.021640119840612204e+00
1.021586097333473386e+00
1.021532323728448155e+00
1.021478816138309931e+00
1.021425591264210064e+00
1.021372665409163050e+00
1.021320054490814089e+00
1.021267774053451483e+00
1.021215839279230320e+00
1.021164264998601023e+00
1.021113065699941203e+00
1.021062255538406127e+00
1.021011848344027584e+00
1.020961857629091529e+00
1.020912296594844726e+00
1.020863178137575877e+00
1.020814514854130994e+00
1.020766319046920945e+00
1.020718602728485136e+00
1.020671377625673060e+00
1.020624655183506313e+00
1.020578446568790376e+00
1.020532762673522775e+00
1.020487614118172015e+00
1.020443011254865695e+00
1.020398964170548872e+00
1.020355482690148419e+00
1.020312576379790670e+00
1.020270254550100786e+00
1.020228526259613133e+00
1.020187400318322002e+00
1.020146885291376648e+00
1.020106989502948647e+00
1.020067721040264441e+00
1.020029087757811981e+00
1.019991097281716330e+00
1.019953757014277373e+00
1.019917074138656732e+00
1.019881055623702792e+00
1.019845708228893644e+00
1.019811038509380374e+00
1.019777052821107866e+00
1.019743757325991540e+00
1.019711157997127637e+00
1.019679260624007933e+00
1.019648070817723795e+00
1.019617594016125839e+00
1.019587835488923844e+00
1.019558800342700078e+00
1.019530493525818038e+00
1.019502919833200405e+00
1.019476083910968001e+00
1.019449990260910432e+00
1.019424643244781992e+00
1.019400047088399708e+00
1.019376205885539566e+00
1.019353123601610234e+00
1.019330804077097419e+00
1.019309251030768415e+00
1.019288468062629516e+00
1.019268458656624077e+00
1.019249226183068568e+00
1.019230773900813736e+00
1.019213104959134863e+00
1.019196222399334051e+00
1.019180129156055825e+00
1.019164828058309880e+00
1.019150321830198047e+00
1.019136613091335963e+00
1.019123704356972304e+00
1.019111598037795829e+00
1.019100296439433784e+00
1.019089801761631664e+00
1.019080116097118793e+00
1.019071241430151709e+00
1.019063179634742022e+00
1.019055932472559434e+00
1.019049501590520102e+00
1.019043888518051721e+00
1.019039094664045297e+00
1.019035121313493830e+00
1.019031969623820366e+00
1.019029640620902732e+00
1.019028135194801621e+00
1.019027454095196683e+00
1.019027597926540185e+00
1.019028567142940656e+00
1.019030362042780080e+00
1.019032982763085515e+00
1.019036429273657340e+00
1.019040701370979018e+00
1.019045798671913472e+00
1.019051720607206946e+00
1.019058466414817010e+00
1.019066035133080472e+00
1.019074425593740063e+00
1.019083636414850336e+00
1.019093665993580533e+00
1.019104512498940629e+00
1.019116173864442532e+00
1.019128647780731090e+00
1.019141931688194003e+00
1.019156022769588166e+00
1.019170917942693766e+00
1.019186613853031442e+00
1.019203106866658715e+00
1.019220393063076990e+00
1.019238468228274908e+00
1.019257327847931993e+00
1.019276967100808395e+00
1.019297380852355772e+00
1.019318563648566656e+00
1.019340509710096931e+00
1.019363212926688966e+00
1.019386666851920697e+00
1.019410864698312214e+00
1.019435799332817361e+00
1.019461463272728352e+00
1.019487848682024911e+00
1.019514947368190594e+00
1.019542750779532714e+00
1.019571250003026730e+00
1.019600435762715307e+00
1.019630298418690018e+00
1.019660827966682559e+00
1.019692014038286576e+00
1.019723845901840953e+00
1.019756312463993009e+00
1.019789402271968681e+00
1.019823103516564800e+00
1.019857404035890536e+00
1.019892291319868249e+00
1.019927752515513930e+00
1.019963774433012782e+00
1.020000343552595945e+00
1.020037446032232786e+00
1.020075067716142536e+00
1.020113194144133040e+00
1.020151810561763295e+00
1.020190901931329996e+00
1.020230452943676536e+00
1.020270448030810906e+00
1.020310871379324080e+00
1.020351706944594872e+00
1.020392938465761734e+00
1.020434549481438857e+00
1.020476523346152575e+00
1.020518843247467888e+00
1.020561492223773570e+00
1.020604453182687887e+00
1.020647708920046526e+00
1.020691242139428079e+00
1.020735035472170260e+00
1.020779071497828205e+00
1.020823332765020020e+00
1.020867801812604281e+00
1.020912461191130660e+00
1.020957293484498596e+00
1.021002281331768513e+00
1.021047407449048983e+00
1.021092654651399645e+00
1.021138005874678178e+00
1.021183444197259593e+00
1.021228952861560124e+00
1.021274515295285568e+00
1.021320115132343442e+00
1.021365736233336374e+00
1.021411362705570536e+00
1.021456978922507197e+00
1.021502569542584560e+00
1.021548119527347032e+00
1.021593614158809782e+00
1.021639039055996179e+00
1.021684380190587937e+00
1.021729623901626027e+00
1.021774756909204607e+00
1.021819766327109358e+00
1.021864639674345820e+00
1.021909364885515759e+00
1.021953930319993820e+00
1.021998324769874067e+00
1.022042537466644418e+00
1.022086558086563901e+00
1.022130376754718739e+00
1.022173984047731077e+00
1.022217370995109231e+00
1.022260529079224600e+00
1.022303450233909450e+00
1.022346126841672920e+00
1.022388551729533246e+00
1.022430718163478414e+00
1.022472619841559460e+00
1.022514250885632192e+00
1.022555605831769299e+00
1.022596679619357296e+00
1.022637467578913162e+00
1.022677965418639090e+00
1.022718169209759109e+00
1.022758075370663988e+00
1.022797680649908392e+00
1.022836982108098702e+00
1.022875977098717692e+00
1.022914663247929568e+00
1.022953038433418005e+00
1.022991100762303152e+00
1.023028848548193315e+00
1.023066280287426189e+00
1.023103394634551133e+00
1.023140190377117786e+00
1.023176666409819857e+00
1.023212821708064935e+00
1.023248655301023602e+00
1.023284166244226245e+00
1.023319353591765957e+00
1.023354216368179026e+00
1.023388753540063423e+00
1.023422963987505874e+00
1.023456846475386595e+00
1.023490399624625624e+00
1.023523621883449586e+00
1.023556511498747490e+00
1.023589066487584631e+00
1.023621284608958293e+00
1.023653163335864757e+00
1.023684699827758227e+00
1.023715890903481807e+00
1.023746733014750943e+00
1.023777222220271899e+00
1.023807354160585215e+00
1.023837124033711410e+00
1.023866526571701963e+00
1.023895556018170838e+00
1.023924206106914925e+00
1.023952470041705531e+00
1.023980340477357753e+00
1.024007809502169186e+00
1.024034868621834127e+00
1.024061508744930293e+00
1.024087720170085980e+00
1.024113492574927342e+00
1.024138815006913728e+00
1.024163675876167634e+00
1.024188062950398326e+00
1.024211963352031685e+00
1.024235363557644884e+00
1.024258249399806253e+00
1.024280606071427346e+00
1.024302418132712944e+00
1.024323669520808888e+00
1.024344343562233473e+00
1.024364422988172763e+00
1.024383889952714011e+00
1.024402726054088442e+00
1.024420912358978031e+00
1.024438429429935127e+00
1.024455257355956661e+00
1.024471375786232485e+00
1.024486763967083824e+00
1.024501400782086513e+00
1.024515264795365033e+00
1.024528334298018262e+00
1.024540587357625654e+00
1.024552001870760343e+00
1.024562555618423687e+00
1.024572226324279800e+00
1.024580991715563938e+00
1.024588829586505767e+00
1.024595717864090094e+00
1.024601634675951889e+00
1.024606558420188662e+00
1.024610467836833738e+00
1.024613342080732625e+00
1.024615160795521174e+00
1.024615904188402871e+00
1.024615553105389987e+00
1.024614089106657300e+00
1.024611494541646017e+00
1.024607752623530654e+00
1.024602847502661396e+00
1.024596764338569166e+00
1.024589489370128392e+00
1.024581009983457358e+00
1.024571314777134257e+00
1.024560393624321719e+00
1.024548237731378375e+00
1.024534839692564425e+00
1.024520193540447988e+00
1.024504294791640291e+00
1.024487140487511549e+00
1.024468729229561115e+00
1.024449061209140588e+00
1.024428138231267438e+00
1.024405963732299085e+00
1.024382542791273831e+00
1.024357882134769193e+00
1.024331990135175063e+00
1.024304876802317299e+00
1.024276553768426190e+00
1.024247034266482004e+00
1.024216333102033971e+00
1.024184466618620393e+00
1.024151452656990369e+00
1.024117310508354972e+00
1.024082060861958521e+00
1.024045725747298130e+00
1.024008328471361917e+00
1.023969893551303523e+00
1.023930446642993708e+00
1.023890014465934861e+00
1.023848624725037570e+00
1.023806306029789281e+00
1.023763087811362382e+00
1.023719000238208165e+00
1.023674074130703104e+00
1.023628340875403886e+00
1.023581832339462760e+00
1.023534580785746773e+00
1.023486618789178459e+00
1.023437979154809385e+00
1.023388694838083923e+00
1.023338798867749144e+00
1.023288324271804273e+00
1.023237304006865411e+00
1.023185770891256174e+00
1.023133757542114441e+00
1.023081296316738831e+00
1.023028419258362520e+00
1.022975158046490751e+00
1.022921543951885726e+00
1.022867607796253075e+00
1.022813379916608145e+00
1.022758890134294774e+00
1.022704167728553770e+00
1.022649241414523846e+00
1.022594139325511797e+00
1.022538888999343198e+00
1.022483517368571793e+00
1.022428050754311535e+00
1.022372514863427506e+00
1.022316934788812803e+00
1.022261335012466521e+00
1.022205739411082170e+00
1.022150171263852769e+00
1.022094653262196395e+00
1.022039207521125093e+00
1.021983855591961809e+00
1.021928618476150907e+00
1.021873516639898671e+00
1.021818570029404238e+00
1.021763798086458896e+00
1.021709219764209031e+00
1.021654853542895758e+00
1.021600717445409146e+00
1.021546829052508043e+00
1.021493205517587821e+00
1.021439863580884566e+00
1.021386819583040451e+00
1.021334089477960561e+00
1.021281688844913882e+00
1.021229632899853357e+00
1.021177936505937023e+00
1.021126614183253789e+00
1.021075680117766726e+00
1.021025148169496077e+00
1.020975031879981731e+00
1.020925344479064911e+00
1.020876098891041694e+00
1.020827307740239220e+00
1.020778983356082303e+00
1.020731137777702413e+00
1.020683782758162517e+00
1.020636929768352186e+00
1.020590590000622688e+00
1.020544774372218910e+00
1.020499493528564949e+00
1.020454757846462668e+00
1.020410577437247834e+00
1.020366962149949597e+00
1.020323921574501247e+00
1.020281465045022706e+00
1.020239601643218474e+00
1.020198340201906806e+00
1.020157689308696547e+00
1.020117657309830950e+00
1.020078252314200018e+00
1.020039482197523384e+00
1.020001354606706379e+00
1.019963876964354865e+00
1.019927056473446170e+00
1.019890900122135458e+00
1.019855414688684014e+00
1.019820606746490554e+00
1.019786482669202909e+00
1.019753048635885895e+00
1.019720310636229588e+00
1.019688274475762491e+00
1.019656945781055812e+00
1.019626330004889558e+00
1.019596432431358224e+00
1.019567258180895220e+00
1.019538812215192269e+00
1.019511099341995353e+00
1.019484124219756982e+00
1.019457891362128166e+00
1.019432405142273845e+00
1.019407669796995375e+00
1.019383689430649165e+00
1.019360468018846388e+00
1.019338009411925317e+00
1.019316317338182287e+00
1.019295395406859983e+00
1.019275247110873917e+00
1.019255875829279567e+00
1.019237284829467960e+00
1.019219477269084351e+00
1.019202456197666695e+00
1.019186224557993459e+00
1.019170785187142991e+00
1.019156140817252254e+00
1.019142294075977340e+00
1.019129247486645795e+00
1.019117003468102967e+00
1.019105564334244818e+00
1.019094932293235667e+00
1.019085109446411508e+00
1.019076097786861590e+00
1.019067899197692029e+00
1.019060515449969007e+00
1.019053948200342230e+00
1.019048198988349974e+00
1.019043269233406601e+00
1.019039160231478114e+00
1.019035873151446836e+00
1.019033409031172788e+00
1.019031768773254853e+00
1.019030953140501072e+00
1.019030962751117375e+00
1.019031798073619655e+00
1.019033459421484489e+00
1.019035946947548066e+00
1.019039260638163080e+00
1.019043400307132252e+00
1.019048365589431127e+00
1.019054155934732364e+00
1.019060770600754839e+00
1.019068208646448648e+00
1.019076468925037560e+00
1.019085550076938684e+00
1.019095450522576884e+00
1.019106168455116812e+00
1.019117701833132994e+00
1.019130048373240838e+00
1.019143205542710096e+00
1.019157170552085434e+00
1.019171940347838090e+00
1.019187511605072594e+00
1.019203880720312760e+00
1.019221043804394489e+00
1.019238996675491560e+00
1.019257734852296204e+00
1.019277253547389073e+00
1.019297547660819481e+00
1.019318611773925021e+00
1.019340440143420956e+00
1.019363026695785379e+00
1.019386365021967666e+00
1.019410448372450650e+00
1.019435269652695375e+00
1.019460821418995078e+00
1.019487095874768157e+00
1.019514084867318759e+00
1.019541779885094979e+00
1.019570172055467072e+00
1.019599252143062351e+00
1.019629010548673609e+00
1.019659437308775951e+00
1.019690522095673124e+00
1.019722254218299984e+00
1.019754622623703977e+00
1.019787615899228062e+00
1.019821222275418826e+00
1.019855429629673349e+00
1.019890225490652336e+00
1.019925597043465082e+00
1.019961531135649135e+00
1.019998014283951315e+00
1.020035032681921638e+00
1.020072572208328587e+00
1.020110618436397054e+00
1.020149156643873400e+00
1.020188171823914081e+00
1.020227648696795830e+00
1.020267571722438538e+00
1.020307925113728142e+00
1.020348692850629124e+00
1.020389858695065044e+00
1.020431406206547820e+00
1.020473318758527981e+00
1.020515579555442587e+00
1.020558171650421952e+00
1.020601077963624315e+00
1.020644281301155143e+00
1.020687764374531348e+00
1.020731509820641758e+00
1.020775500222155241e+00
1.020819718128322506e+00
1.020864146076116308e+00
1.020908766611653196e+00
1.020953562311831320e+00
1.020998515806125218e+00
1.021043609798467422e+00
1.021088827089153828e+00
1.021134150596700430e+00
1.021179563379581268e+00
1.021225048657777856e+00
1.021270589834066822e+00
1.021316170514973809e+00
1.021361774531320155e+00
1.021407385958293501e+00
1.021452989134968625e+00
1.021498568683207875e+00
1.021544109525877042e+00
1.021589596904302510e+00
1.021635016394912387e+00
1.021680353924994566e+00
1.021725595787512653e+00
1.021770728654923577e+00
1.021815739591944050e+00
1.021860616067213900e+00
1.021905345963810330e+00
1.021949917588571344e+00
1.021994319680188834e+00
1.022038541416036450e+00
1.022082572417704505e+00
1.022126402755211272e+00
1.022170022949876023e+00
1.022213423975828928e+00
1.022256597260155164e+00
1.022299534681654354e+00
1.022342228568221101e+00
1.022384671692844194e+00
1.022426857268227796e+00
1.022468778940046619e+00
1.022510430778850177e+00
1.022551807270628998e+00
1.022592903306069445e+00
1.022633714168518893e+00
1.022674235520691699e+00
1.022714463390146822e+00
1.022754394153573276e+00
1.022794024519921852e+00
1.022833351512423938e+00
1.022872372449537215e+00
1.022911084924873482e+00
1.022949486786145279e+00
1.022987576113193242e+00
1.023025351195136157e+00
1.023062810506704112e+00
1.023099952683813152e+00
1.023136776498426492e+00
1.023173280832778254e+00
1.023209464653004552e+00
1.023245326982252346e+00
1.023280866873326200e+00
1.023316083380935382e+00
1.023350975533609208e+00
1.023385542305342177e+00
1.023419782587041915e+00
1.023453695157841237e+00
1.023487278656352029e+00
1.023520531551923796e+00
1.023553452115983031e+00
1.023586038393527575e+00
1.023618288174847235e+00
1.023650198967549940e+00
1.023681767968970702e+00
1.023712992039040426e+00
1.023743867673700070e+00
1.023774390978939852e+00
1.023804557645548119e+00
1.023834362924661789e+00
1.023863801604200097e+00
1.023892867986277988e+00
