1.000603444564682754e+00
1.000676228680272839e+00
1.000794490241403878e+00
1.000933544814322840e+00
1.001089236143174688e+00
1.001257882946535283e+00
1.001434113686841876e+00
1.001612025290740782e+00
1.001786945832298548e+00
1.001962483895392442e+00
1.002145206443043390e+00
1.002334488649560207e+00
1.002525506479285511e+00
1.002712453546209082e+00
1.002892373375294577e+00
1.003071513168039219e+00
1.003256966514976423e+00
1.003447391163901692e+00
1.003637422128105694e+00
1.003820967919299534e+00
1.003996435729637593e+00
1.004171665273726255e+00
1.004353214908852321e+00
1.004538767128584809e+00
1.004722487452793800e+00
1.004898234556741876e+00
1.005065906849555990e+00
1.005234433182506049e+00
1.005409381655544498e+00
1.005587495863392800e+00
1.005762568268217194e+00
1.005928657286565997e+00
1.006087270694533853e+00
1.006248002641342953e+00
1.006415172994275853e+00
1.006584695911681759e+00
1.006750075556928081e+00
1.006905817380288282e+00
1.007055088125533793e+00
1.007207737058543273e+00
1.007366697811709511e+00
1.007527187283112857e+00
1.007682500775853862e+00
1.007827835245584946e+00
1.007967987095074180e+00
1.008112666018566195e+00
1.008263376257256372e+00
1.008414768740345524e+00
1.008560011776836962e+00
1.008695230681032395e+00
1.008826744216807292e+00
1.008963756987779181e+00
1.009106377460878834e+00
1.009248807395457970e+00
1.009384180625958471e+00
1.009509771717663540e+00
1.009633242103456841e+00
1.009762968967618413e+00
1.009897757371053473e+00
1.010031455948256163e+00
1.010157274945149730e+00
1.010273832039799258e+00
1.010389888134847869e+00
1.010512725627683350e+00
1.010639979038781444e+00
1.010765218903416862e+00
1.010881866762702863e+00
1.010990037581033230e+00
1.011099296938061887e+00
1.011215628771846564e+00
1.011335652858391665e+00
1.011452719924182286e+00
1.011560623911117673e+00
1.011661078934656510e+00
1.011764123561846862e+00
1.011874308435174452e+00
1.011987401465738845e+00
1.012096582457352456e+00
1.012196203133977512e+00
1.012289615526987818e+00
1.012386979502970963e+00
1.012491347447668444e+00
1.012597792181079370e+00
1.012699371028454198e+00
1.012791196874171407e+00
1.012878227944222997e+00
1.012970391882598076e+00
1.013069244390201407e+00
1.013169304086070754e+00
1.013263563140354151e+00
1.013348106746564392e+00
1.013429394230867864e+00
1.013516783917467468e+00
1.013610395348060189e+00
1.013704312059265922e+00
1.013791535814800415e+00
1.013869329714538914e+00
1.013945477834471642e+00
1.014028465604968732e+00
1.014117084717683248e+00
1.014205079105273022e+00
1.014285559057329422e+00
1.014357150438264021e+00
1.014428721523049415e+00
1.014507629517203746e+00
1.014591480697862425e+00
1.014673753142331103e+00
1.014747792872718879e+00
1.014813737068531951e+00
1.014881244905816216e+00
1.014956349542186942e+00
1.015035633673450288e+00
1.015112366656281573e+00
1.015180286446143443e+00
1.015241139413385785e+00
1.015305044555989245e+00
1.015376581635131892e+00
1.015451476720126145e+00
1.015522838463078337e+00
1.015584978847111630e+00
1.015641288965516864e+00
1.015701996151423314e+00
1.015770166045456335e+00
1.015840827762034326e+00
1.015906977033748770e+00
1.015963700828364402e+00
1.016016000412281572e+00
1.016073858121263385e+00
1.016138830599491838e+00
1.016205392988599687e+00
1.016266484874121190e+00
1.016318177368443543e+00
1.016366974298005932e+00
1.016422276316393480e+00
1.016484194694379894e+00
1.016546771197308185e+00
1.016602963505808255e+00
1.016650030689836726e+00
1.016695800579690667e+00
1.016748789297422295e+00
1.016807773755259436e+00
1.016866458812903495e+00
1.016917918690388056e+00
1.016960783579404559e+00
1.017003962896236402e+00
1.017054833933721536e+00
1.017110983996418083e+00
1.017165855401422458e+00
1.017212765635576499e+00
1.017251862905759197e+00
1.017292843412595849e+00
1.017341751086113799e+00
1.017395147373360897e+00
1.017446269516526947e+00
1.017488833989503405e+00
1.017524603253135540e+00
1.017563728090618458e+00
1.017610791191263742e+00
1.017661496620492212e+00
1.017708924695783113e+00
1.017747372474206102e+00
1.017780250596141522e+00
1.017817812208168693e+00
1.017863119601804867e+00
1.017911180275075544e+00
1.017954965408000900e+00
1.017989553062160768e+00
1.018019965962980944e+00
1.018056205942533765e+00
1.018099821593986709e+00
1.018145267626062722e+00
1.018185462775760497e+00
1.018216474678067751e+00
1.018244829092736392e+00
1.018279939874360940e+00
1.018321907038765683e+00
1.018364753595142336e+00
1.018401419959796161e+00
1.018429166496577665e+00
1.018455842162384384e+00
1.018489970335147099e+00
1.018530314812533089e+00
1.018570563618956371e+00
1.018603777159564183e+00
1.018628590966123459e+00
1.018653933695505387e+00
1.018687184572542037e+00
1.018725917058634245e+00
1.018763558611268216e+00
1.018793416218352288e+00
1.018815646689259946e+00
1.018839962735027527e+00
1.018872405714456475e+00
1.018909523383295213e+00
1.018944540027502565e+00
1.018971164811729890e+00
1.018991171237163096e+00
1.019014723276172596e+00
1.019046397483830635e+00
1.019081885004023746e+00
1.019114254961878352e+00
1.019137800172092545e+00
1.019155943912244400e+00
1.019178948860592904e+00
1.019209868590259749e+00
1.019243698815480936e+00
1.019273401134183077e+00
1.019294052300940168e+00
1.019310688446130264e+00
1.019333317181404741e+00
1.019363476740017704e+00
1.019395611336113339e+00
1.019422631609356644e+00
1.019440606665184212e+00
1.019456075648397242e+00
1.019478454562751546e+00
1.019507832266261182e+00
1.019538222545896211e+00
1.019562559136447444e+00
1.019578106445706123e+00
1.019592726077929168e+00
1.019614940233144695e+00
1.019643501451668266e+00
1.019672089678873572e+00
1.019693760054811493e+00
1.019707154461309884e+00
1.019721212842326974e+00
1.019743310361678645e+00
1.019771009649849791e+00
1.019797731043921019e+00
1.019816777750709003e+00
1.019828314893747923e+00
1.019842064604257637e+00
1.019864061836531555e+00
1.019890844287952847e+00
1.019915629894829756e+00
1.019932125642712073e+00
1.019942114892018692e+00
1.019955768792880413e+00
1.019977655741362232e+00
1.020003457772469035e+00
1.020026238283848752e+00
1.020040289653864507e+00
1.020049046076130672e+00
1.020062774928744975e+00
1.020084520464660027e+00
1.020109270272053781e+00
1.020129980764533872e+00
1.020141730132329005e+00
1.020149565938583081e+00
1.020163497923710416e+00
1.020185054396309354e+00
1.020208672353073442e+00
1.020227257799477316e+00
1.020236883230240421e+00
1.020244099173069685e+00
1.020258321234100318e+00
1.020279628228040858e+00
1.020302027492655972e+00
1.020318448773906095e+00
1.020326161824086197e+00
1.020333039017749854e+00
1.020347599802057914e+00
1.020368586945507694e+00
1.020389674547778069e+00
1.020403914577976634e+00
1.020409956115002181e+00
1.020416748733834478e+00
1.020431662769601733e+00
1.020452251633110707e+00
1.020471930267948579e+00
1.020483999755327886e+00
1.020488634049089516e+00
1.020495563312630694e+00
1.020510815959100537e+00
1.020530921187481344e+00
1.020549091885432968e+00
1.020559034209626681e+00
1.020562541649131072e+00
1.020569791421995109e+00
1.020585344088632329e+00
1.020604873973664173e+00
1.020621439728677249e+00
1.020629334439158598e+00
1.020632003289795087e+00
1.020639717512001887e+00
1.020655512668706466e+00
1.020674369408481663e+00
1.020689239735085074e+00
1.020695204272062950e+00
1.020697321925174705e+00
1.020705603951437279e+00
1.020721569544571050e+00
1.020739649456124276e+00
1.020752745727804722e+00
1.020756935121401865e+00
1.020758779307277431e+00
1.020767693081913619e+00
1.020783746109074741e+00
1.020800940068475660e+00
1.020812201365142613e+00
1.020814805851060658e+00
1.020816636290016177e+00
1.020826209131305617e+00
1.020842258280057813e+00
1.020858452654420656e+00
1.020867841731161185e+00
1.020869082396373084e+00
1.020871133344347426e+00
1.020881359975569058e+00
1.020897307367336637e+00
1.020912385669157763e+00
1.020919894568651953e+00
1.020920017282713754e+00
1.020922491380158892e+00
1.020933338744947294e+00
1.020949080926820018e+00
1.020962926358669032e+00
1.020968581147729592e+00
1.020967849134398087e+00
1.020970912886109527e+00
1.020982325243293687e+00
1.020997753635508154e+00
1.021010252604398927e+00
1.021014116739870525e+00
1.021012802205174541e+00
1.021016583305795589e+00
1.021028487125675399e+00
1.021043488170116476e+00
1.021054534742331210e+00
1.021056710668373224e+00
1.021055085937043305e+00
1.021059672519207373e+00
1.021071980795962064e+00
1.021086436071576564e+00
1.021095937218202243e+00
1.021096565951685520e+00
1.021094894582815105e+00
1.021100336312704471e+00
1.021112952045842182e+00
1.021126738624162922e+00
1.021134619983681269e+00
1.021133878626752312e+00
1.021132406982701468e+00
1.021138717774773941e+00
1.021151536524697701e+00
1.021164527828774204e+00
1.021170739597435650e+00
1.021168836891367837e+00
1.021167786615250428e+00
1.021174948601331955e+00
1.021187860159896932e+00
1.021199927555696885e+00
1.021204450026817590e+00
1.021201620202929261e+00
1.021201182012018371e+00
1.021209150300613100e+00
1.021222039618849609e+00
1.021233054905672288e+00
1.021235903137460266e+00
1.021232398419596343e+00
1.021232727540508645e+00
1.021241435260139552e+00
1.021254182840183988e+00
1.021264021717827042e+00
1.021265248834608341e+00
1.021261331008838535e+00
1.021262544467238520e+00
1.021271907614937247e+00
1.021284389610718879e+00
1.021292936092568659e+00
1.021292634821531209e+00
1.021288566324285885e+00
1.021290742163950549e+00
1.021300663873250469e+00
1.021312752165024484e+00
1.021319903785762762e+00
1.021318205986360361e+00
1.021314240981063381e+00
1.021317419334988541e+00
1.021327793316312071e+00
1.021339355831458962e+00
1.021345029374247204e+00
1.021342103499844001e+00
1.021338479415131228e+00
1.021342665198457844e+00
1.021353378257093603e+00
1.021364279799661823e+00
1.021368417152247021e+00
1.021364463758541508e+00
1.021361393742360901e+00
1.021366560600635243e+00
1.021377494273265629e+00
1.021387598090440996e+00
1.021390171750333309e+00
1.021385417306556853e+00
1.021383084002280617e+00
1.021389179049640328e+00
1.021400210501575367e+00
1.021409380752646090e+00
1.021410398460429469e+00
1.021405087817783164e+00
1.021403638786875456e+00
1.021410587627257893e+00
1.021421590017290493e+00
1.021429695221821365e+00
1.021429203227431914e+00
1.021423591160236732e+00
1.021423136162777912e+00
1.021430847715123269e+00
1.021441690272394842e+00
1.021448607705714995e+00
1.021446692270245649e+00
1.021441034540740977e+00
1.021441644747204780e+00
1.021450015489338892e+00
1.021460563567131885e+00
1.021466184450770642e+00
1.021462971341731585e+00
1.021457515758255274e+00
1.021459224813783484e+00
1.021468142198517448e+00
1.021478257577185911e+00
1.021482492788134078e+00
1.021478144708620750e+00
1.021473122649854570e+00
1.021475929359529689e+00
1.021485274308884694e+00
1.021494816010123374e+00
1.021497601917498166e+00
1.021492313984605271e+00
1.021487932843665014e+00
1.021491805111247597e+00
1.021501453630393463e+00
1.021510279470609239e+00
1.021511583419282498e+00
1.021505576948313232e+00
1.021502013902157113e+00
1.021506893456211706e+00
1.021516717509713956e+00
1.021524686557511608e+00
1.021524511477556185e+00
1.021518026426831760e+00
1.021515423854701510e+00
1.021521231255004603e+00
1.021531099112580332e+00
1.021538075126388723e+00
1.021536462773438014e+00
1.021529749265333020e+00
1.021528212026584059e+00
1.021534851472074346e+00
1.021544627768417257e+00
1.021550483581587621e+00
1.021547516011377610e+00
1.021540825380576223e+00
1.021540420024246831e+00
1.021547783577906987e+00
1.021557329351591381e+00
1.021561952051802225e+00
1.021557751087810884e+00
1.021551326926491532e+00
1.021552082752825052e+00
1.021560053737945450e+00
1.021569226721647183e+00
1.021572523347687556e+00
1.021567247983418358e+00
1.021561317655933721e+00
1.021563229397377537e+00
1.021571684872053076e+00
1.021580340296169176e+00
1.021582243660003275e+00
1.021576085512187815e+00
1.021570852592771583e+00
1.021573884346149264e+00
1.021582696698375647e+00
1.021590688835527949e+00
1.021591162988739754e+00
1.021584340058740992e+00
1.021579978097271191e+00
1.021584068040588544e+00
1.021593105847116156e+00
1.021600290462095106e+00
1.021599335285476862e+00
1.021592084384158827e+00
1.021588732323068127e+00
1.021593797709808626e+00
1.021602926066308648e+00
1.021609163846872503e+00
1.021606818268611327e+00
1.021599386520587682e+00
1.021597145972488407e+00
1.021603087925058162e+00
1.021612168492381123e+00
1.021617329427536802e+00
1.021613672874043921e+00
1.021606308752460279e+00
1.021605243209929181e+00
1.021611950928406953e+00
1.021620841960075854e+00
1.021624810511906123e+00
1.021619962351267175e+00
1.021612906712896951e+00
1.021613042609690547e+00
1.021620396751282689e+00
1.021628953374480009e+00
1.021631634165843572e+00
1.021625751086546741e+00
1.021619228679730984e+00
1.021620558070059026e+00
1.021628433207059095e+00
1.021636508219082362e+00
1.021637831844423472e+00
1.021631103286635645e+00
1.021625315185402894e+00
1.021627799672227832e+00
1.021636065871604604e+00
1.021643511278986338e+00
1.021643439756923399e+00
1.021636081654333505e+00
1.021631199023334879e+00
1.021634774468723084e+00
1.021643298137025369e+00
1.021649967601407694e+00
1.021648498947794526e+00
1.021640746135773270e+00
1.021636905648529048e+00
1.021641487158864825e+00
1.021650131360330116e+00
1.021655883625887773e+00
1.021653055053163728e+00
1.021645152759448782e+00
1.021642453878693013e+00
1.021647940586812409e+00
1.021656565079628542e+00
1.021661268347953122e+00
1.021657157695613494e+00
1.021649352564837132e+00
1.021647856755514283e+00
1.021654136016640901e+00
1.021662597272606554e+00
1.021666134370342149e+00
1.021660859527555809e+00
1.021653390649469584e+00
1.021653122442700345e+00
1.021660073200510110e+00
1.021668224680337245e+00
1.021670498741134248e+00
1.021664215005278376e+00
1.021657305419160666e+00
1.021658255092900092e+00
1.021665750324401767e+00
1.021673443270500581e+00
1.021674383537865438e+00
1.021667279027218544e+00
1.021661128155590292e+00
1.021663255662200953e+00
1.021671163945284455e+00
1.021678248918912235e+00
1.021677816188186094e+00
1.021670105567515252e+00
1.021664882983400968e+00
1.021668122656709254e+00
1.021676309004536432e+00
1.021682638330912329e+00
1.021680829508995192e+00
1.021672746384266528e+00
1.021668587233872660e+00
1.021672852768463091e+00
1.021681178938873114e+00
1.021686610134426854e+00
1.021683461423430028e+00
1.021675249822112441e+00
1.021672252110930046e+00
1.021677441336091174e+00
1.021685765861132023e+00
1.021690166008064171e+00
1.021685754318496953e+00
1.021677659706935692e+00
1.021675883518903039e+00
1.021681882584828616e+00
1.021690060785712006e+00
1.021693311698393281e+00
1.021687754053953956e+00
1.021680014361718625e+00
1.021679482928800509e+00
1.021686169662258781e+00
1.021694053921976320e+00
1.021696057825985049e+00
1.021689508704822114e+00
1.021682345828460736e+00
1.021683048215451528e+00
1.021690294554485900e+00
1.021697735109763361e+00
1.021698420439481891e+00
1.021691067171124345e+00
1.021684679410228336e+00
1.021686574444251150e+00
1.021694247996463023e+00
1.021701094475621074e+00
1.021700421308195272e+00
1.021692477785601350e+00
1.021687033614999240e+00
1.021690054591802177e+00
1.021698019460869356e+00
1.021704123330703151e+00
1.021702087934910352e+00
1.021693786998309594e+00
1.021689420497647882e+00
1.021693480157396472e+00
1.021701597246265081e+00
1.021706815241485433e+00
1.021703453248060889e+00
1.021695038157335311e+00
1.021691846305252893e+00
1.021696841600586048e+00
1.021704968636606203e+00
1.021709167136296781e+00
1.021704554936104792e+00
1.021696270383316563e+00
1.021694312284938677e+00
1.021700128559609899e+00
1.021708120106974427e+00
1.021711180301825950e+00
1.021705434434982740e+00
1.021697517567017099e+00
1.021696815531164759e+00
1.021703329867364562e+00
1.021711037599063676e+00
1.021712861169439268e+00
1.021706135651352376e+00
1.021698807575032841e+00
1.021699349805047063e+00
1.021706433449844909e+00
1.021713706940672317e+00
1.021714221850770432e+00
1.021706703555243845e+00
1.021700161777613580e+00
1.021701906304514296e+00
1.021709426220669403e+00
1.021716114487534410e+00
1.021715280413035831e+00
1.021707182772593203e+00
1.021701594979762984e+00
1.021704474369399041e+00
1.021712294055667769e+00
1.021718248007842833e+00
1.021716060875527132e+00
1.021707616256082751e+00
1.021703115751285917e+00
1.021707042078114025e+00
1.021715021867772411e+00
1.021720097740002942e+00
1.021716592886258157e+00
1.021708044053140307e+00
1.021704727060413376e+00
1.021709596671051656e+00
1.021717593754051912e+00
1.021721657486273749e+00
1.021716911041668618e+00
1.021708502168751753e+00
1.021706427070059764e+00
1.021712124755649764e+00
1.021719993189845077e+00
1.021722925596513454e+00
1.021717053860585533e+00
1.021709021552542618e+00
1.021708209973800185e+00
1.021714612310172576e+00
1.021722203293811582e+00
1.021723905742148997e+00
1.021717062495468342e+00
1.021709627295452449e+00
1.021710066804433215e+00
1.021717044571391231e+00
1.021724207238270843e+00
1.021724607440072319e+00
1.021716979314676088e+00
1.021710338149903308e+00
1.021711986194028032e+00
1.021719405919702783e+00
1.021725988882933756e+00
1.021725046316895424e+00
1.021716846485956953e+00
1.021711166454182917e+00
1.021713955069400104e+00
1.021721679845282393e+00
1.021727533651823006e+00
1.021725244094829677e+00
1.021716704639135997e+00
1.021712118456057361e+00
1.021715959239415383e+00
1.021723849015065966e+00
1.021728829583342435e+00
1.021725228258019813e+00
1.021716591626530501e+00
1.021713194939747771e+00
1.021717983809183217e+00
1.021725895412201046e+00
1.021729868415848230e+00
1.021725031362341385e+00
1.021716541378728360e+00
1.021714392015195205e+00
1.021720013376298919e+00
1.021727800523057894e+00
1.021730646563041134e+00
1.021724690000214597e+00
1.021716582885453528e+00
1.021715701946920962e+00
1.021722032026583182e+00
1.021729545595926769e+00
1.021731165879619763e+00
1.021724243503836282e+00
1.021716739387100725e+00
1.021717113955660894e+00
1.021724023214785948e+00
1.021731112045937806e+00
1.021731434177153508e+00
1.021723732520680938e+00
1.021717027890807872e+00
1.021718614971802941e+00
1.021725969643757503e+00
1.021732482084095395e+00
1.021731465480641532e+00
1.021723197591250187e+00
1.021717459091356250e+00
1.021720190324438171e+00
1.021727853225318228e+00
1.021733639589706533e+00
1.021731280006842990e+00
1.021722677806625068e+00
1.021718037691309533e+00
1.021721824322216587e+00
1.021729655142222359e+00
1.021734571155602289e+00
1.021730903823105718e+00
1.021722209564053685e+00
1.021718763024044740e+00
1.021723500661010808e+00
1.021731355982666178e+00
1.021735267168248695e+00
1.021730368149830870e+00
1.021721825418219876e+00
1.021719629838506949e+00
1.021725202613797290e+00
1.021732935922610164e+00
1.021735722777178612e+00
1.021729708318509067e+00
1.021721553058222653e+00
1.021720629123240132e+00
1.021726913020625460e+00
1.021734374980364901e+00
1.021735938654535492e+00
1.021728962469119040e+00
1.021721414496111313e+00
1.021721748903206217e+00
1.021728614164444604e+00
1.021735653418162748e+00
1.021735921504971056e+00
1.021728170120885348e+00
1.021721425580845111e+00
1.021722974988571231e+00
1.021730287646271051e+00
1.021736752368417989e+00
1.021735684316398274e+00
1.021727370746153607e+00
1.021721595917553405e+00
1.021724291659158901e+00
1.021731914342587810e+00
1.021737654703442688e+00
1.021735246332542868e+00
1.021726602424553043e+00
1.021721929185912092e+00
1.021725682240556488e+00
1.021733474463976332e+00
1.021738346077492032e+00
1.021734632705916024e+00
1.021725900595380043e+00
1.021722423760835108e+00
1.021727129506852183e+00
1.021734947686271600e+00
1.021738816002974559e+00
1.021733873794500091e+00
1.021725296905899194e+00
1.021723073494230638e+00
1.021728615865666434e+00
1.021736313329690393e+00
1.021739058815406054e+00
1.021733004114477428e+00
1.021724818185878014e+00
1.021723868535639568e+00
1.021730123343783880e+00
1.021737550610728018e+00
1.021739074428243077e+00
1.021732061033190364e+00
1.021724485634508683e+00
1.021724796125604406e+00
1.021731633459467492e+00
1.021738639041732677e+00
1.021738868838141467e+00
1.021731083336480994e+00
1.021724314333564365e+00
1.021725841341105667e+00
1.021733127094923699e+00
1.021739559055675040e+00
1.021738454371178717e+00
1.021730109799960928e+00
1.021724313166269660e+00
1.021726987776663709e+00
1.021734584451471139e+00
1.021740292874381062e+00
1.021737849650842467e+00
1.021729177840989378e+00
1.021724485135110605e+00
1.021728218116890297e+00
1.021735985106028366e+00
1.021740825548571152e+00
1.021737079246316959e+00
1.021728322269017664e+00
1.021724827981335793e+00
1.021729514535447692e+00
1.021737308140059142e+00
1.021741146031301728e+00
1.021736172964517575e+00
1.021727574132034633e+00
1.021725334964821652e+00
1.021730858876338521e+00
1.021738532316605053e+00
1.021741248139522051e+00
1.021735164798596607e+00
1.021726959689739811e+00
1.021725995682381649e+00
1.021732232636267668e+00
1.021739636330556422e+00
1.021741131305252015e+00
1.021734091617513496e+00
1.021726499599888260e+00
1.021726796858719144e+00
1.021733616834479275e+00
1.021740599207246802e+00
1.021740801077208438e+00
1.021732991730967210e+00
1.021726208431644523e+00
1.021727723089507212e+00
1.021734991883507915e+00
1.021741400926716281e+00
1.021740269363469844e+00
1.021731903459029311e+00
1.021726094585024835e+00
1.021728757520092179e+00
1.021736337543071027e+00
1.021742023291399404e+00
1.021739554395840521e+00
1.021730863782869037e+00
1.021726160609063072e+00
1.021729882415413071e+00
1.021737632975323828e+00
1.021742450965059223e+00
1.021738680374347119e+00
1.021729907093953171e+00
1.021726403821000329e+00
1.021731079556059907e+00
1.021738856872469015e+00
1.021742672544323938e+00
1.021737676755487545e+00
1.021729064039492485e+00
1.021726817085108596e+00
1.021732330416673218e+00
1.021739987632538149e+00
1.021742681517676665e+00
1.021736577197341012e+00
1.021728360495078425e+00
1.021727389629483618e+00
1.021733616145848123e+00
1.021741003608836573e+00
1.021742477013768635e+00
1.021735418246550564e+00
1.021727816751238693e+00
1.021728107835359278e+00
1.021734917434272472e+00
1.021741883508330062e+00
1.021742064300174224e+00
1.021734237901599229e+00
1.021727447027739766e+00
1.021728955978571163e+00
1.021736214384499908e+00
1.021742607016129067e+00
1.021741455023222445e+00
1.021733074181530476e+00
1.021727259394310972e+00
1.021729916906568336e+00
1.021737486464267208e+00
1.021743155663319413e+00
1.021740667169415140e+00
1.021731963776100649e+00
1.021727256089832059e+00
1.021730972606359700e+00
1.021738712561175433e+00
1.021743513865442043e+00
1.021739724706786756e+00
1.021730940794472353e+00
1.021727434141848079e+00
1.021732104598307878e+00
1.021739871109587972e+00
1.021743669992733583e+00
1.021738656869976225e+00
1.021730035610276310e+00
1.021727786144940531e+00
1.021733294112229240e+00
1.021740940265747355e+00
1.021743617327130593e+00
1.021737497102528147e+00
1.021729273834279361e+00
1.021728301076575418e+00
1.021734522065406603e+00
1.021741898156951489e+00
1.021743354808262394e+00
1.021736281741826069e+00
1.021728675501696770e+00
1.021728965085298757e+00
1.021735768929551202e+00
1.021742723280255394e+00
1.021742887529850652e+00
1.021735048581234651e+00
1.021728254587942031e+00
1.021729762231087246e+00
1.021737014600099025e+00
1.021743395127656218e+00
1.021742226977181645e+00
1.021733835438377813e+00
1.021728018931104209e+00
1.021730675161124591e+00
1.021738238349404693e+00
1.021743895054520124e+00
1.021741390986028675e+00
1.021732678805163275e+00
1.021727970552590348e+00
1.021731685676208645e+00
1.021739418881277395e+00
1.021744207318021402e+00
1.021740403381288909e+00
1.021731612596384675e+00
1.021728106277363546e+00
1.021732775122676573e+00
1.021740534457560745e+00
1.021744320146475982e+00
1.021739293259267045e+00
1.021730666994774772e+00
1.021728418512239722e+00
1.021733924566579521e+00
1.021741563072954051e+00
1.021744226694714985e+00
1.021738093927528679e+00
1.021729867424070015e+00
1.021728896061127045e+00
1.021735114770152997e+00
1.021742482704263821e+00
1.021743925788096474e+00
1.021736841588124056e+00
1.021729233737401987e+00
1.021729524912438070e+00
1.021736326057926858e+00
1.021743271709734557e+00
1.021743422416857561e+00
1.021735573898904459e+00
1.021728779734810910e+00
1.021730288978615953e+00
1.021737538185839345e+00
1.021743909455231414e+00
1.021742727971516995e+00
1.021734328541650250e+00
1.021728513087746704e+00
1.021731170770952879e+00
1.021738730294583952e+00
1.021744377183526176e+00
1.021741860199565366e+00
1.021733141872226414e+00
1.021728435661425127e+00
1.021732151964711788e+00
1.021739880964248837e+00
1.021744659052939319e+00
1.021740842841621255e+00
1.021732047669332788e+00
1.021728544136018213e+00
1.021733213789411954e+00
1.021740968340808298e+00
1.021744743205986738e+00
1.021739704911155178e+00
1.021731075979778414e+00
1.021728830785092690e+00
1.021734337201300136e+00
1.021741970310863667e+00
1.021744622723335327e+00
1.021738479632105179e+00
1.021730252092143409e+00
1.021729284290443740e+00
1.021735502858476696e+00
1.021742864751169488e+00
1.021744296366024152e+00
1.021737203120589577e+00
1.021729595726451167e+00
1.021729890528902729e+00
1.021736690986346563e+00
1.021743629928780539e+00
1.021743769067948726e+00
1.021735912945580527e+00
