1.000603444564682754e+00
1.000677453112699622e+00
1.000800031670513235e+00
1.000944388966212184e+00
1.001101519421707886e+00
1.001267103609429610e+00
1.001438600286782998e+00
1.001614324097393371e+00
1.001793074285584728e+00
1.001973955569714025e+00
1.002156279196496191e+00
1.002339502738896826e+00
1.002523190904270889e+00
1.002706988792052334e+00
1.002890603039386264e+00
1.003073788216093609e+00
1.003256336836255258e+00
1.003438071921490149e+00
1.003618841394130712e+00
1.003798513797993008e+00
1.003976974991059645e+00
1.004154125555425381e+00
1.004329878740774618e+00
1.004504158808128267e+00
1.004676899676712587e+00
1.004848043802783586e+00
1.005017541237969603e+00
1.005185348828238068e+00
1.005351429524411921e+00
1.005515751782307010e+00
1.005678289035792261e+00
1.005839019229928244e+00
1.005997924404201882e+00
1.006154990318020914e+00
1.006310206112255745e+00
1.006463564001863542e+00
1.006615058995582679e+00
1.006764688639443683e+00
1.006912452781420830e+00
1.007058353355021252e+00
1.007202394179973481e+00
1.007344580778472665e+00
1.007484920205668821e+00
1.007623420893279054e+00
1.007760092505348481e+00
1.007894945805299258e+00
1.008027992533516048e+00
1.008159245294770079e+00
1.008288717454870920e+00
1.008416423045954469e+00
1.008542376679881780e+00
1.008666593469236261e+00
1.008789088955445168e+00
1.008909879043566438e+00
1.009028979943307203e+00
1.009146408115853877e+00
1.009262180226112582e+00
1.009376313099970890e+00
1.009488823686209180e+00
1.009599729022703896e+00
1.009709046206572758e+00
1.009816792367938643e+00
1.009922984646988819e+00
1.010027640174032237e+00
1.010130776052264867e+00
1.010232409342972648e+00
1.010332557052913582e+00
1.010431236123637611e+00
1.010528463422518231e+00
1.010624255735285804e+00
1.010718629759862708e+00
1.010811602101330031e+00
1.010903189267848390e+00
1.010993407667394983e+00
1.011082273605173665e+00
1.011169803281580126e+00
1.011256012790615166e+00
1.011340918118650345e+00
1.011424535143463865e+00
1.011506879633479183e+00
1.011587967247143727e+00
1.011667813532399762e+00
1.011746433926209443e+00
1.011823843754100283e+00
1.011900058229709964e+00
1.011975092454312275e+00
1.012048961416314619e+00
1.012121679990721557e+00
1.012193262938562599e+00
1.012263724906291351e+00
1.012333080425153575e+00
1.012401343910541929e+00
1.012468529661339822e+00
1.012534651859269275e+00
1.012599724568251647e+00
1.012663761733795686e+00
1.012726777182421323e+00
1.012788784621130755e+00
1.012849797636938387e+00
1.012909829696462927e+00
1.012968894145596321e+00
1.013027004209247517e+00
1.013084172991169707e+00
1.013140413473872625e+00
1.013195738518618993e+00
1.013250160865507343e+00
1.013303693133634997e+00
1.013356347821340986e+00
1.013408137306523349e+00
1.013459073847021941e+00
1.013509169581064517e+00
1.013558436527762563e+00
1.013606886587654410e+00
1.013654531543282555e+00
1.013701383059796068e+00
1.013747452685573425e+00
1.013792751852850227e+00
1.013837291878348035e+00
1.013881083963893426e+00
1.013924139197019514e+00
1.013966468551543709e+00
1.014008082888113504e+00
1.014048992954716510e+00
1.014089209387147639e+00
1.014128742709431874e+00
1.014167603334197532e+00
1.014205801562998221e+00
1.014243347586585742e+00
1.014280251485127682e+00
1.014316523228376621e+00
1.014352172675788033e+00
1.014387209576594229e+00
1.014421643569828335e+00
1.014455484184316525e+00
1.014488740838627390e+00
1.014521422840994891e+00
1.014553539389213777e+00
1.014585099570515681e+00
1.014616112361431899e+00
1.014646586627645730e+00
1.014676531123845482e+00
1.014705954493579476e+00
1.014734865269120823e+00
1.014763271871349737e+00
1.014791182609651621e+00
1.014818605681849117e+00
1.014845549174157924e+00
1.014872021061182572e+00
1.014898029205952401e+00
1.014923581359998828e+00
1.014948685163483022e+00
1.014973348145372878e+00
1.014997577723673938e+00
1.015021381205715612e+00
1.015044765788495118e+00
1.015067738559083388e+00
1.015090306495088246e+00
1.015112476465182212e+00
1.015134255229693583e+00
1.015155649441258578e+00
1.015176665645538101e+00
1.015197310282001997e+00
1.015217589684770605e+00
1.015237510083526917e+00
1.015257077604486247e+00
1.015276298271434063e+00
1.015295178006822230e+00
1.015313722632929405e+00
1.015331937873081625e+00
1.015349829352933053e+00
1.015367402601805136e+00
1.015384663054086367e+00
1.015401616050685130e+00
1.015418266840542483e+00
1.015434620582194913e+00
1.015450682345392375e+00
1.015466457112766507e+00
1.015481949781547044e+00
1.015497165165326177e+00
1.015512107995865776e+00
1.015526782924948801e+00
1.015541194526266899e+00
1.015555347297348643e+00
1.015569245661516407e+00
1.015582893969875888e+00
1.015596296503331164e+00
1.015609457474622168e+00
1.015622381030380605e+00
1.015635071253198740e+00
1.015647532163711286e+00
1.015659767722679518e+00
1.015671781833076048e+00
1.015683578342168047e+00
1.015695161043589589e+00
1.015706533679399115e+00
1.015717699942120245e+00
1.015728663476757720e+00
1.015739427882785373e+00
1.015749996716098114e+00
1.015760373490929958e+00
1.015770561681725859e+00
1.015780564724968249e+00
1.015790386020951619e+00
1.015800028935502475e+00
1.015809496801640677e+00
1.015818792921177494e+00
1.015827920566251041e+00
1.015836882980789557e+00
1.015845683381910058e+00
1.015854324961239286e+00
1.015862810886164702e+00
1.015871144301008444e+00
1.015879328328125553e+00
1.015887366068926045e+00
1.015895260604820605e+00
1.015903014998087439e+00
1.015910632292667648e+00
1.015918115514880871e+00
1.015925467674070770e+00
1.015932691763176354e+00
1.015939790759233130e+00
1.015946767623807645e+00
1.015953625303362307e+00
1.015960366729562026e+00
1.015966994819514024e+00
1.015973512475955021e+00
1.015979922587380013e+00
1.015986228028121108e+00
1.015992431658375494e+00
1.015998536324192347e+00
1.016004544857410874e+00
1.016010460075566613e+00
1.016016284781755985e+00
1.016022021764472427e+00
1.016027673797410991e+00
1.016033243639248518e+00
1.016038734033397395e+00
1.016044147707742873e+00
1.016049487374359739e+00
1.016054755729216108e+00
1.016059955451862340e+00
1.016065089205112848e+00
1.016070159634717029e+00
1.016075169369027975e+00
1.016080121018664073e+00
1.016085017176169281e+00
1.016089860415676283e+00
1.016094653292566541e+00
1.016099398343135674e+00
1.016104098084262386e+00
1.016108755013080733e+00
1.016113371606662152e+00
1.016117950321699936e+00
1.016122493594205700e+00
1.016127003839212284e+00
1.016131483450485540e+00
1.016135934800248108e+00
1.016140360238910745e+00
1.016144762094818077e+00
1.016149142674001915e+00
1.016153504259947438e+00
1.016157849113373146e+00
1.016162179472020144e+00
1.016166497550456072e+00
1.016170805539889921e+00
1.016175105608001061e+00
1.016179399898781366e+00
1.016183690532388884e+00
1.016187979605017278e+00
1.016192269188777031e+00
1.016196561331591752e+00
1.016200858057107137e+00
1.016205161364614806e+00
1.016209473228990134e+00
1.016213795600643177e+00
1.016218130405486697e+00
1.016222479544914847e+00
1.016226844895800285e+00
1.016231228310502610e+00
1.016235631616893675e+00
1.016240056618395338e+00
1.016244505094034967e+00
1.016248978798510727e+00
1.016253479462277953e+00
1.016258008791643075e+00
1.016262568468876193e+00
1.016267160152336757e+00
1.016271785476612788e+00
1.016276446052673199e+00
1.016281143468036330e+00
1.016285879286947580e+00
1.016290655050573255e+00
1.016295472277204848e+00
1.016300332462477085e+00
1.016305237079595525e+00
1.016310187579577029e+00
1.016315185391500675e+00
1.016320231922767547e+00
1.016325328559371410e+00
1.016330476666178928e+00
1.016335677587214770e+00
1.016340932645960038e+00
1.016346243145652917e+00
1.016351610369598646e+00
1.016357035581484158e+00
1.016362520025698046e+00
1.016368064927655634e+00
1.016373671494126940e+00
1.016379340913567741e+00
1.016385074356455309e+00
1.016390872975621917e+00
1.016396737906592795e+00
1.016402670267924524e+00
1.016408671161539434e+00
1.016414741673065336e+00
1.016420882872168363e+00
1.016427095812885817e+00
1.016433381533958347e+00
1.016439741059156354e+00
1.016446175397603513e+00
1.016452685544097623e+00
1.016459272479424358e+00
1.016465937170669243e+00
1.016472680571522291e+00
1.016479503622575331e+00
1.016486407251617985e+00
1.016493392373921889e+00
1.016500459892522690e+00
1.016507610698491604e+00
1.016514845671201872e+00
1.016522165678587886e+00
1.016529571577394542e+00
1.016537064213422159e+00
1.016544644421760957e+00
1.016552313027017984e+00
1.016560070843538055e+00
1.016567918675613580e+00
1.016575857317688181e+00
1.016583887554552756e+00
1.016592010161531334e+00
1.016600225904659816e+00
1.016608535540858504e+00
1.016616939818093535e+00
1.016625439475532300e+00
1.016634035243690892e+00
1.016642727844573546e+00
1.016651517991804532e+00
1.016660406390752502e+00
1.016669393738647731e+00
1.016678480724692024e+00
1.016687668030161751e+00
1.016696956328503099e+00
1.016706346285422669e+00
1.016715838558968077e+00
1.016725433799606559e+00
1.016735132650292917e+00
1.016744935746535017e+00
1.016754843716450196e+00
1.016764857180818993e+00
1.016774976753131110e+00
1.016785203039627827e+00
1.016795536639336195e+00
1.016805978144102340e+00
1.016816528138616338e+00
1.016827187200434857e+00
1.016837955899996704e+00
1.016848834800637924e+00
1.016859824458598682e+00
1.016870925423027483e+00
1.016882138235983835e+00
1.016893463432433364e+00
1.016904901540242045e+00
1.016916453080166205e+00
1.016928118565839201e+00
1.016939898503754991e+00
1.016951793393249703e+00
1.016963803726477433e+00
1.016975929988387595e+00
1.016988172656696721e+00
1.017000532201857599e+00
1.017013009087028852e+00
1.017025603768038744e+00
1.017038316693350097e+00
1.017051148304020991e+00
1.017064099033665237e+00
1.017077169308408635e+00
1.017090359546847456e+00
1.017103670160001805e+00
1.017117101551268332e+00
1.017130654116373822e+00
1.017144328243325013e+00
1.017158124312356637e+00
1.017172042695883016e+00
1.017186083758441884e+00
1.017200247856643314e+00
1.017214535339113990e+00
1.017228946546442581e+00
1.017243481811123562e+00
1.017258141457500598e+00
1.017272925801709249e+00
1.017287835151619912e+00
1.017302869806779198e+00
1.017318030058350864e+00
1.017333316189057424e+00
1.017348728473121522e+00
1.017364267176204873e+00
1.017379932555350086e+00
1.017395724858918937e+00
1.017411644326534192e+00
1.017427691189017658e+00
1.017443865668331338e+00
1.017460167977515040e+00
1.017476598320627978e+00
1.017493156892687045e+00
1.017509843879606191e+00
1.017526659458136251e+00
1.017543603795804330e+00
1.017560677050852957e+00
1.017577879372179694e+00
1.017595210899276736e+00
1.017612671762169629e+00
1.017630262081357984e+00
1.017647981967753967e+00
1.017665831522621023e+00
1.017683810837515690e+00
1.017701919994224324e+00
1.017720159064704477e+00
1.017738528111022500e+00
1.017757027185293373e+00
1.017775656329620526e+00
1.017794415576033673e+00
1.017813304946427522e+00
1.017832324452502046e+00
1.017851474095697872e+00
1.017870753867137434e+00
1.017890163747561916e+00
1.017909703707267077e+00
1.017929373706043528e+00
1.017949173693112108e+00
1.017969103607059722e+00
1.017989163375777384e+00
1.018009352916395160e+00
1.018029672135216446e+00
1.018050120927655566e+00
1.018070699178168947e+00
1.018091406760191830e+00
1.018112243536068995e+00
1.018133209356989921e+00
1.018154304062919069e+00
1.018175527482528597e+00
1.018196879433128643e+00
1.018218359720597821e+00
1.018239968139312612e+00
1.018261704472076534e+00
1.018283568490048641e+00
1.018305559952669803e+00
1.018327678607590991e+00
1.018349924190598665e+00
1.018372296425540835e+00
1.018394795024249566e+00
1.018417419686468595e+00
1.018440170099773390e+00
1.018463045939494549e+00
1.018486046868640749e+00
1.018509172537819030e+00
1.018532422585154196e+00
1.018555796636211319e+00
1.018579294303912919e+00
1.018602915188457469e+00
1.018626658877238578e+00
1.018650524944761715e+00
1.018674512952561395e+00
1.018698622449117019e+00
1.018722852969769832e+00
1.018747204036637877e+00
1.018771675158530954e+00
1.018796265830865577e+00
1.018820975535580375e+00
1.018845803741049272e+00
1.018870749901995776e+00
1.018895813459408384e+00
1.018920993840452205e+00
1.018946290458385029e+00
1.018971702712470062e+00
1.018997229987890440e+00
1.019022871655663742e+00
1.019048627072556501e+00
1.019074495580998940e+00
1.019100476509000153e+00
1.019126569170064611e+00
1.019152772863108236e+00
1.019179086872374906e+00
1.019205510467355413e+00
1.019232042902705748e+00
1.019258683418165834e+00
1.019285431238480921e+00
1.019312285573323873e+00
1.019339245617217005e+00
1.019366310549457033e+00
1.019393479534040026e+00
1.019420751719590568e+00
1.019448126239287378e+00
1.019475602210796694e+00
1.019503178736203886e+00
1.019530854901947059e+00
1.019558629778753778e+00
1.019586502421580887e+00
1.019614471869552785e+00
1.019642537145907912e+00
1.019670697257942127e+00
1.019698951196957859e+00
1.019727297938216370e+00
1.019755736440890237e+00
1.019784265648021160e+00
1.019812884486481552e+00
1.019841591866935238e+00
1.019870386683807473e+00
1.019899267815252752e+00
1.019928234123131272e+00
1.019957284452984503e+00
1.019986417634018538e+00
1.020015632479089440e+00
1.020044927784693023e+00
1.020074302330959082e+00
1.020103754881650282e+00
1.020133284184164602e+00
1.020162888969544213e+00
1.020192567952487916e+00
1.020222319831368463e+00
1.020252143288253865e+00
1.020282036988938490e+00
1.020311999582973250e+00
1.020342029703705355e+00
1.020372125968322718e+00
1.020402286977903028e+00
1.020432511317470148e+00
1.020462797556055401e+00
1.020493144246765294e+00
1.020523549926855456e+00
1.020554013117810799e+00
1.020584532325431448e+00
1.020615106039926889e+00
1.020645732736014555e+00
1.020676410873027962e+00
1.020707138895028177e+00
1.020737915230924164e+00
1.020768738294602240e+00
1.020799606485057964e+00
1.020830518186540470e+00
1.020861471768698348e+00
1.020892465586739295e+00
1.020923497981592210e+00
1.020954567280079939e+00
1.020985671795097360e+00
1.021016809825799676e+00
1.021047979657796922e+00
1.021079179563356476e+00
1.021110407801613773e+00
1.021141662618791912e+00
1.021172942248427251e+00
1.021204244911604775e+00
1.021235568817201456e+00
1.021266912162137608e+00
1.021298273131634904e+00
1.021329649899485936e+00
1.021361040628328887e+00
1.021392443469932410e+00
1.021423856565487398e+00
1.021455278045908965e+00
1.021486706032143310e+00
1.021518138635487238e+00
1.021549573957912127e+00
1.021581010092399211e+00
1.021612445123279089e+00
1.021643877126583888e+00
1.021675304170404974e+00
1.021706724315257775e+00
1.021738135614458587e+00
1.021769536114503385e+00
1.021800923855460397e+00
1.021832296871366452e+00
1.021863653190632881e+00
1.021894990836457184e+00
1.021926307827245362e+00
1.021957602177037794e+00
1.021988871895945561e+00
1.022020114990590756e+00
1.022051329464557456e+00
1.022082513318845587e+00
1.022113664552334988e+00
1.022144781162252158e+00
1.022175861144648090e+00
1.022206902494877223e+00
1.022237903208086607e+00
1.022268861279707064e+00
1.022299774705953457e+00
1.022330641484328950e+00
1.022361459614130608e+00
1.022392227096968309e+00
1.022422941937279894e+00
1.022453602142855855e+00
1.022484205725365136e+00
1.022514750700888708e+00
1.022545235090452032e+00
1.022575656920564846e+00
1.022606014223762072e+00
1.022636305039147375e+00
1.022666527412941839e+00
1.022696679399030639e+00
1.022726759059516599e+00
1.022756764465270418e+00
1.022786693696486005e+00
1.022816544843236253e+00
1.022846316006027045e+00
1.022876005296354140e+00
1.022905610837259616e+00
1.022935130763888978e+00
1.022964563224042500e+00
1.022993906378733886e+00
1.023023158402740940e+00
1.023052317485157126e+00
1.023081381829941350e+00
1.023110349656464413e+00
1.023139219200053240e+00
1.023167988712531784e+00
1.023196656462759480e+00
1.023225220737163488e+00
1.023253679840269825e+00
1.023282032095227834e+00
1.023310275844329764e+00
1.023338409449526143e+00
1.023366431292935808e+00
1.023394339777346840e+00
1.023422133326716388e+00
1.023449810386658054e+00
1.023477369424927286e+00
1.023504808931895660e+00
1.023532127421018068e+00
1.023559323429294565e+00
1.023586395517719794e+00
1.023613342271726845e+00
1.023640162301618473e+00
1.023666854242993640e+00
1.023693416757159191e+00
1.023719848531534193e+00
1.023746148280044954e+00
1.023772314743505163e+00
1.023798346689989369e+00
1.023824242915192029e+00
1.023850002242777224e+00
1.023875623524714396e+00
1.023901105641602971e+00
1.023926447502983672e+00
1.023951648047639607e+00
1.023976706243880486e+00
1.024001621089816627e+00
1.024026391613618525e+00
1.024051016873761988e+00
1.024075495959261284e+00
1.024099827989885636e+00
1.024124012116364391e+00
1.024148047520573979e+00
1.024171933415714442e+00
1.024195669046467749e+00
1.024219253689143239e+00
1.024242686651807066e+00
1.024265967274395450e+00
1.024289094928814592e+00
1.024312069019023941e+00
1.024334888981104807e+00
1.024357554283310989e+00
1.024380064426106074e+00
1.024402418942185422e+00
1.024424617396477943e+00
1.024446659386138325e+00
1.024468544540517945e+00
1.024490272521123124e+00
1.024511843021555624e+00
1.024533255767438034e+00
1.024554510516322736e+00
1.024575607057586435e+00
1.024596545212305809e+00
1.024617324833120735e+00
1.024637945804080186e+00
1.024658408040471480e+00
1.024678711488635319e+00
1.024698856125765278e+00
1.024718841959691318e+00
1.024738669028648186e+00
1.024758337401028729e+00
1.024777847175121881e+00
1.024797198478835991e+00
1.024816391469407950e+00
1.024835426333095878e+00
1.024854303284860046e+00
1.024873022568026926e+00
1.024891584453940796e+00
1.024909989241601815e+00
1.024928237257288322e+00
1.024946328854168032e+00
1.024964264411894588e+00
1.024982044336191223e+00
1.024999669058422436e+00
1.025017139035152569e+00
1.025034454747691282e+00
1.025051616701628809e+00
1.025068625426356794e+00
1.025085481474581783e+00
1.025102185421821632e+00
1.025118737865896357e+00
1.025135139426405662e+00
1.025151390744195368e+00
1.025167492480814513e+00
1.025183445317964903e+00
1.025199249956935343e+00
1.025214907118033647e+00
1.025230417540002881e+00
1.025245781979434501e+00
1.025261001210169054e+00
1.025276076022691107e+00
1.025291007223515738e+00
1.025305795634566586e+00
1.025320442092547690e+00
1.025334947448309997e+00
1.025349312566206539e+00
1.025363538323447177e+00
1.025377625609442234e+00
1.025391575325145244e+00
1.025405388382385485e+00
1.025419065703198962e+00
1.025432608219154496e+00
1.025446016870672272e+00
1.025459292606342609e+00
1.025472436382236952e+00
1.025485449161218643e+00
1.025498331912247707e+00
1.025511085609684514e+00
1.025523711232590562e+00
1.025536209764025042e+00
1.025548582190343172e+00
1.025560829500488325e+00
1.025572952685286143e+00
1.025584952736735556e+00
1.025596830647300450e+00
1.025608587409197803e+00
1.025620224013689352e+00
1.025631741450370393e+00
1.025643140706459011e+00
1.025654422766088425e+00
1.025665588609594892e+00
1.025676639212812713e+00
1.025687575546365249e+00
1.025698398574961034e+00
1.025709109256689899e+00
1.025719708542320641e+00
1.025730197374603136e+00
1.025740576687571348e+00
1.025750847405847654e+00
1.025761010443953847e+00
1.025771066705622792e+00
1.025781017083113644e+00
1.025790862456531061e+00
1.025800603693149071e+00
1.025810241646739174e+00
1.025819777156899759e+00
1.025829211048394862e+00
1.025838544130494245e+00
1.025847777196320365e+00
1.025856911022198670e+00
1.025865946367016779e+00
1.025874883971584328e+00
1.025883724558004806e+00
1.025892468829047388e+00
1.025901117467530987e+00
1.025909671135708523e+00
1.025918130474664958e+00
1.025926496103716223e+00
1.025934768619819470e+00
1.025942948596987536e+00
1.025951036585714959e+00
1.025959033112407104e+00
1.025966938678821716e+00
1.025974753761515590e+00
1.025982478811301890e+00
1.025990114252714580e+00
1.025997660483482621e+00
1.026005117874013273e+00
1.026012486766885168e+00
1.026019767476348932e+00
1.026026960287841128e+00
1.026034065457504418e+00
1.026041083211721272e+00
1.026048013746655885e+00
1.026054857227808093e+00
1.026061613789577720e+00
1.026068283534840475e+00
1.026074866534534502e+00
1.026081362827260257e+00
1.026087772418890376e+00
1.026094095282193308e+00
1.026100331356468942e+00
1.026106480547196220e+00
1.026112542725694077e+00
1.026118517728797697e+00
1.026124405358544323e+00
1.026130205381875493e+00
1.026135917530354380e+00
1.026141541499894672e+00
1.026147076950503889e+00
1.026152523506046688e+00
1.026157880754017038e+00
1.026163148245328838e+00
1.026168325494123623e+00
1.026173411977591821e+00
1.026178407135810877e+00
1.026183310371602264e+00
1.026188121050402913e+00
1.026192838500155302e+00
1.026197462011214645e+00
1.026201990836275169e+00
1.026206424190313271e+00
1.026210761250549108e+00
1.026215001156430384e+00
1.026219143009630130e+00
1.026223185874068689e+00
1.026227128775953457e+00
1.026230970703839285e+00
1.026234710608709300e+00
1.026238347404077267e+00
1.026241879966110826e+00
1.026245307133776041e+00
1.026248627709004158e+00
1.026251840456880782e+00
1.026254944105857270e+00
1.026257937347985649e+00
1.026260818839175304e+00
1.026263587199475857e+00
1.026266241013380487e+00
1.026268778830155881e+00
1.026271199164195735e+00
1.026273500495399116e+00
1.026275681269574136e+00
1.026277739898866059e+00
1.026279674762212268e+00
1.026281484205821215e+00
1.026283166543680014e+00
1.026284720058084687e+00
1.026286143000201934e+00
1.026287433590652443e+00
1.026288590020124847e+00
1.026289610450014989e+00
1.026290493013092942e+00
1.026291235814198233e+00
1.026291836930961043e+00
1.026292294414552941e+00
1.026292606290463372e+00
1.026292770559307010e+00
1.026292785197655322e+00
1.026292648158898757e+00
1.026292357374137598e+00
1.026291910753096781e+00
1.026291306185073582e+00
1.026290541539909729e+00
1.026289614668993266e+00
1.026288523406285957e+00
1.026287265569381546e+00
1.026285838960588670e+00
1.026284241368039973e+00
1.026282470566832972e+00
1.026280524320192011e+00
1.026278400380660205e+00
1.026276096491315570e+00
1.026273610387013591e+00
1.026270939795655313e+00
1.026268082439478757e+00
1.026265036036375644e+00
1.026261798301233208e+00
1.026258366947295331e+00
1.026254739687550988e+00
1.026250914236140455e+00
1.026246888309786165e+00
1.026242659629241327e+00
1.026238225920760971e+00
1.026233584917588093e+00
1.026228734361463335e+00
1.026223672004145993e+00
1.026218395608957001e+00
1.026212902952331252e+00
1.026207191825388776e+00
1.026201260035518370e+00
1.026195105407970765e+00
1.026188725787465117e+00
1.026182119039805274e+00
1.026175283053502252e+00
1.026168215741406042e+00
1.026160915042344079e+00
1.026153378922759707e+00
1.026145605378360415e+00
1.026137592435762302e+00
1.026129338154136539e+00
1.026120840626856268e+00
1.026112097983137961e+00
1.026103108389679885e+00
1.026093870052294799e+00
1.026084381217533981e+00
1.026074640174303498e+00
1.026064645255467589e+00
1.026054394839440498e+00
1.026043887351764994e+00
1.026033121266672454e+00
1.026022095108626742e+00
1.026010807453846985e+00
1.025999256931811265e+00
1.025987442226734103e+00
1.025975362079021291e+00
1.025963015286696089e+00
1.025950400706798105e+00
1.025937517256750420e+00
1.025924363915695636e+00
1.025910939725797499e+00
1.025897243793505220e+00
1.025883275290782271e+00
1.025869033456295432e+00
1.025854517596561433e+00
1.025839727087050957e+00
1.025824661373250901e+00
1.025809319971676903e+00
1.025793702470840341e+00
1.025777808532165158e+00
1.025761637890855615e+00
1.025745190356709635e+00
1.025728465814879531e+00
1.025711464226578773e+00
1.025694185629730359e+00
1.025676630139559897e+00
1.025658797949129397e+00
1.025640689329809341e+00
1.025622304631693904e+00
1.025603644283949567e+00
1.025584708795107325e+00
1.025565498753284732e+00
1.025546014826348440e+00
1.025526257762011451e+00
1.025506228387863095e+00
1.025485927611335502e+00
1.025465356419603236e+00
1.025444515879415874e+00
1.025423407136864640e+00
1.025402031417085080e+00
1.025380390023887811e+00
1.025358484339328413e+00
1.025336315823207833e+00
1.025313886012508613e+00
1.025291196520765613e+00
1.025268249037371238e+00
1.025245045326818261e+00
1.025221587227877817e+00
1.025197876652714779e+00
1.025173915585944062e+00
1.025149706083622991e+00
1.025125250272187927e+00
1.025100550347330497e+00
1.025075608572818098e+00
1.025050427279259324e+00
1.025025008862815223e+00
1.024999355783859478e+00
1.024973470565587519e+00
1.024947355792576786e+00
1.024921014109301476e+00
1.024894448218602427e+00
1.024867660880113052e+00
1.024840654908645510e+00
1.024813433172539812e+00
1.024785998591973835e+00
1.024758354137241589e+00
1.024730502826998846e+00
1.024702447726479670e+00
1.024674191945686097e+00
1.024645738637552927e+00
1.024617090996090107e+00
1.024588252254506671e+00
1.024559225683316921e+00
1.024530014588430626e+00
1.024500622309232778e+00
1.024471052216654465e+00
1.024441307711233096e+00
1.024411392221170392e+00
1.024381309200389278e+00
1.024351062126588108e+00
1.024320654499298655e+00
1.024290089837951001e+00
1.024259371679941522e+00
1.024228503578715532e+00
1.024197489101857705e+00
1.024166331829199361e+00
1.024135035350939971e+00
1.024103603265788642e+00
1.024072039179125149e+00
1.024040346701182491e+00
1.024008529445256555e+00
1.023976591025937299e+00
1.023944535057371930e+00
1.023912365151554926e+00
1.023880084916650279e+00
1.023847697955344138e+00
1.023815207863234988e+00
1.023782618227254249e+00
1.023749932624127279e+00
1.023717154618868808e+00
1.023684287763319434e+00
1.023651335594719214e+00
1.023618301634322547e+00
1.023585189386053251e+00
1.023552002335203159e+00
1.023518743947170684e+00
1.023485417666242236e+00
1.023452026914418944e+00
1.023418575090283111e+00
1.023385065567911756e+00
1.023351501695829890e+00
1.023317886796011322e+00
1.023284224162921197e+00
1.023250517062600284e+00
1.023216768731796789e+00
1.023182982377136563e+00
1.023149161174338850e+00
1.023115308267473766e+00
1.023081426768261082e+00
1.023047519755410528e+00
1.023013590274002071e+00
1.022979641334907708e+00
1.022945675914250785e+00
1.022911696952906402e+00
1.022877707356036447e+00
1.022843709992664385e+00
1.022809707695285564e+00
1.022775703259512170e+00
1.022741699443753483e+00
1.022707698968928769e+00
1.022673704518214821e+00
1.022639718736822134e+00
1.022605744231804836e+00
1.022571783571899484e+00
1.022537839287390282e+00
1.022503913870007386e+00
1.022470009772846966e+00
1.022436129410319250e+00
1.022402275158124096e+00
1.022368449353245223e+00
1.022334654293973077e+00
1.022300892239946801e+00
1.022267165412217960e+00
1.022233475993337137e+00
1.022199826127455857e+00
1.022166217920452258e+00
1.022132653440070982e+00
1.022099134716083491e+00
1.022065663740461261e+00
1.022032242467568741e+00
1.021998872814369186e+00
1.021965556660645147e+00
1.021932295849233618e+00
1.021899092186274505e+00
1.021865947441469968e+00
1.021832863348358877e+00
1.021799841604601244e+00
1.021766883872272214e+00
1.021733991778171813e+00
1.021701166914139591e+00
1.021668410837382801e+00
1.021635725070811906e+00
1.021603111103387418e+00
1.021570570390474053e+00
1.021538104354205334e+00
1.021505714383854180e+00
1.021473401836213712e+00
1.021441168035985836e+00
1.021409014276176919e+00
1.021376941818501694e+00
1.021344951893793151e+00
1.021313045702423317e+00
1.021281224414726463e+00
1.021249489171434099e+00
1.021217841084113953e+00
1.021186281235615390e+00
1.021154810680524827e+00
1.021123430445626035e+00
1.021092141530366426e+00
1.021060944907330015e+00
1.021029841522719028e+00
1.020998832296840408e+00
1.020967918124597640e+00
1.020937099875991905e+00
1.020906378396627012e+00
1.020875754508219213e+00
1.020845229009119670e+00
1.020814802674834043e+00
1.020784476258553841e+00
1.020754250491692217e+00
1.020724126084424199e+00
1.020694103726233593e+00
1.020664184086464310e+00
1.020634367814876597e+00
1.020604655542209249e+00
1.020575047880745378e+00
1.020545545424882405e+00
1.020516148751706043e+00
1.020486858421570053e+00
1.020457674978675788e+00
1.020428598951657717e+00
1.020399630854170736e+00
1.020370771185479253e+00
1.020342020431048713e+00
1.020313379063138237e+00
1.020284847541395479e+00
1.020256426313448817e+00
1.020228115815503100e+00
1.020199916472933399e+00
1.020171828700875638e+00
1.020143852904818571e+00
1.020115989481191976e+00
1.020088238817951520e+00
1.020060601295160962e+00
1.020033077285568579e+00
1.020005667155180706e+00
1.019978371263828176e+00
1.019951189965726313e+00
1.019924123610028932e+00
1.019897172541374353e+00
1.019870337100421631e+00
1.019843617624379695e+00
1.019817014447525150e+00
1.019790527901708987e+00
1.019764158316854852e+00
1.019737906021441320e+00
1.019711771342974638e+00
1.019685754608445905e+00
1.019659856144776500e+00
1.019634076279245516e+00
1.019608415339906315e+00
1.019582873655981770e+00
1.019557451558248173e+00
1.019532149379399177e+00
1.019506967454391955e+00
1.019481906120777159e+00
1.019456965719008679e+00
1.019432146592735844e+00
1.019407449089074547e+00
1.019382873558861036e+00
1.019358420356884620e+00
1.019334089842099056e+00
1.019309882377816390e+00
1.019285798331877269e+00
1.019261838076803484e+00
1.019238001989927644e+00
1.019214290453503313e+00
1.019190703854794933e+00
1.019167242586145550e+00
1.019143907045026110e+00
1.019120697634063877e+00
1.019097614761049542e+00
1.019074658838927672e+00
1.019051830285765625e+00
1.019029129524702038e+00
1.019006556983882428e+00
1.018984113096370381e+00
1.018961798300044741e+00
1.018939613037479264e+00
1.018917557755805170e+00
1.018895632906559046e+00
1.018873838945514976e+00
1.018852176332500914e+00
1.018830645531204393e+00
1.018809247008962471e+00
1.018787981236539464e+00
1.018766848687896687e+00
1.018745849839946205e+00
1.018724985172299480e+00
1.018704255167003803e+00
1.018683660308271621e+00
1.018663201082203873e+00
1.018642877976504213e+00
1.018622691480188136e+00
1.018602642083290100e+00
1.018582730276562209e+00
1.018562956551174015e+00
1.018543321398405421e+00
1.018523825309342490e+00
1.018504468774569904e+00
1.018485252283864106e+00
1.018466176325887318e+00
1.018447241387882451e+00
1.018428447955371796e+00
1.018409796511857923e+00
1.018391287538527035e+00
1.018372921513959195e+00
1.018354698913841228e+00
1.018336620210686716e+00
1.018318685873561336e+00
1.018300896367815511e+00
1.018283252154824181e+00
1.018265753691733000e+00
1.018248401431216088e+00
1.018231195821238000e+00
1.018214137304828792e+00
1.018197226319865756e+00
1.018180463298865135e+00
1.018163848668787175e+00
1.018147382850845828e+00
1.018131066260334450e+00
1.018114899306458820e+00
1.018098882392183047e+00
1.018083015914084566e+00
1.018067300262223362e+00
1.018051735820019177e+00
1.018036322964142926e+00
1.018021062064417226e+00
1.018005953483731130e+00
1.017990997577962631e+00
1.017976194695915382e+00
1.017961545179266514e+00
1.017947049362523781e+00
1.017932707572995366e+00
1.017918520130770332e+00
1.017904487348709086e+00
1.017890609532446256e+00
1.017876886980400464e+00
1.017863319983798309e+00
1.017849908826705452e+00
1.017836653786067469e+00
1.017823555131762259e+00
1.017810613126657771e+00
1.017797828026681728e+00
1.017785200080898456e+00
1.017772729531592812e+00
1.017760416614363450e+00
1.017748261558221623e+00
1.017736264585698436e+00
1.017724425912958752e+00
1.017712745749917991e+00
1.017701224300369356e+00
1.017689861762113512e+00
1.017678658327092922e+00
1.017667614181532620e+00
1.017656729506082325e+00
1.017646004475967203e+00
1.017635439261133534e+00
1.017625034026406361e+00
1.017614788931643588e+00
1.017604704131893412e+00
1.017594779777554859e+00
1.017585016014538102e+00
1.017575412984425220e+00
1.017565970824632959e+00
1.017556689668573711e+00
1.017547569645818051e+00
1.017538610882255057e+00
1.017529813500251290e+00
1.017521177618810446e+00
1.017512703353729453e+00
1.017504390817753457e+00
1.017496240120726814e+00
1.017488251369743635e+00
1.017480424669295225e+00
1.017472760121411968e+00
1.017465257825804770e+00
1.017457917879999840e+00
1.017450740379473251e+00
1.017443725417777944e+00
1.017436873086668303e+00
1.017430183476220495e+00
1.017423656674946386e+00
1.017417292769904336e+00
1.017411091846806004e+00
1.017405053990115160e+00
1.017399179283143829e+00
1.017393467808143548e+00
1.017387919646388639e+00
1.017382534878258138e+00
1.017377313583308851e+00
1.017372255840345741e+00
1.017367361727484543e+00
1.017362631322212163e+00
1.017358064701438858e+00
1.017353661941546639e+00
1.017349423118431684e+00
1.017345348307543196e+00
1.017341437583914932e+00
1.017337691022193624e+00
1.017334108696660300e+00
1.017330690681249150e+00
1.017327437049560857e+00
1.017324347874869250e+00
1.017321423230127753e+00
1.017318663187965377e+00
1.017316067820685399e+00
1.017313637200253584e+00
1.017311371398286202e+00
1.017309270486034034e+00
1.017307334534359953e+00
1.017305563613715824e+00
1.017303957794114311e+00
1.017302517145098673e+00
1.017301241735707684e+00
1.017300131634439664e+00
1.017299186909211617e+00
1.017298407627317269e+00
1.017297793855382881e+00
1.017297345659317953e+00
1.017297063104267263e+00
1.017296946254559575e+00
1.017296995173652574e+00
1.017297209924079349e+00
1.017297590567390220e+00
1.017298137164095895e+00
1.017298849773606850e+00
1.017299728454173602e+00
1.017300773262823865e+00
1.017301984255301051e+00
1.017303361486000313e+00
1.017304905007903937e+00
1.017306614872518500e+00
1.017308491129807813e+00
1.017310533828129193e+00
1.017312743014166410e+00
1.017315118732865953e+00
1.017317661027369313e+00
1.017320369938949032e+00
1.017323245506942531e+00
1.017326287768686388e+00
1.017329496759453278e+00
1.017332872512385133e+00
1.017336415058430532e+00
1.017340124426280967e+00
1.017344000642307567e+00
1.017348043730499141e+00
1.017352253712399346e+00
1.017356630607047396e+00
1.017361174430915893e+00
1.017365885197852871e+00
1.017370762919021843e+00
1.017375807602844073e+00
1.017381019254941732e+00
1.017386397878081716e+00
1.017391943472118809e+00
1.017397656033942610e+00
1.017403535557422689e+00
1.017409582033355742e+00
1.017415795449413407e+00
1.017422175790090755e+00
1.017428723036655658e+00
1.017435437167098389e+00
1.017442318156083658e+00
1.017449365974900655e+00
1.017456580591415971e+00
1.017463961970026975e+00
1.017471510071613405e+00
1.017479224853493402e+00
1.017487106269377328e+00
1.017495154269320690e+00
1.017503368799684171e+00
1.017511749803083676e+00
1.017520297218351244e+00
1.017529010980488424e+00
1.017537891020624086e+00
1.017546937265971341e+00
1.017556149639783136e+00
1.017565528061310509e+00
1.017575072445759288e+00
1.017584782704246127e+00
1.017594658743755653e+00
1.017604700467097611e+00
1.017614907772862454e+00
1.017625280555376932e+00
1.017635818704661688e+00
1.017646522106383955e+00
1.017657390641814263e+00
1.017668424187780030e+00
1.017679622616618929e+00
1.017690985796132930e+00
1.017702513589539226e+00
1.017714205855422716e+00
1.017726062447687152e+00
1.017738083215504297e+00
1.017750268003264402e+00
1.017762616650521146e+00
1.017775128991943667e+00
1.017787804857257949e+00
1.017800644071194416e+00
1.017813646453432419e+00
1.017826811818540511e+00
1.017840139975920710e+00
1.017853630729746328e+00
1.017867283878903795e+00
1.017881099216928042e+00
1.017895076531940557e+00
1.017909215606583651e+00
1.017923516217955404e+00
1.017937978137539723e+00
1.017952601131140611e+00
1.017967384958808452e+00
1.017982329374770734e+00
1.017997434127356771e+00
1.018012698958924211e+00
1.018028123605781987e+00
1.018043707798112596e+00
1.018059451259893500e+00
1.018075353708814523e+00
1.018091414856198362e+00
1.018107634406914430e+00
1.018124012059294259e+00
1.018140547505045124e+00
1.018157240429162114e+00
1.018174090509836871e+00
1.018191097418367885e+00
1.018208260819068123e+00
1.018225580369168437e+00
1.018243055718725643e+00
1.018260686510523261e+00
1.018278472379973820e+00
1.018296412955019381e+00
1.018314507856030726e+00
1.018332756695704333e+00
1.018351159078960233e+00
1.018369714602836318e+00
1.018388422856381315e+00
1.018407283420550868e+00
1.018426295868094300e+00
1.018445459763450689e+00
1.018464774662632966e+00
1.018484240113120443e+00
1.018503855653743351e+00
1.018523620814571817e+00
1.018543535116798182e+00
1.018563598072624199e+00
1.018583809185144018e+00
1.018604167948226280e+00
1.018624673846396878e+00
1.018645326354720826e+00
1.018666124938682360e+00
1.018687069054065475e+00
1.018708158146833576e+00
1.018729391653008021e+00
1.018750768998547773e+00
1.018772289599227054e+00
1.018793952860512997e+00
1.018815758177443964e+00
1.018837704934506760e+00
1.018859792505513839e+00
1.018882020253479848e+00
1.018904387530500166e+00
1.018926893677626566e+00
1.018949538024745305e+00
1.018972319890453893e+00
1.018995238581939855e+00
1.019018293394857277e+00
1.019041483613205124e+00
1.019064808509206888e+00
1.019088267343189358e+00
1.019111859363461381e+00
1.019135583806195733e+00
1.019159439895309216e+00
1.019183426842344753e+00
1.019207543846354813e+00
1.019231790093784173e+00
1.019256164758354455e+00
1.019280667000951546e+00
1.019305295969511915e+00
1.019330050798910481e+00
1.019354930610850030e+00
1.019379934513755082e+00
1.019405061602660645e+00
1.019430310959110297e+00
1.019455681651049606e+00
1.019481172732726648e+00
1.019506783244589210e+00
1.019532512213188413e+00
1.019558358651083019e+00
1.019584321556743944e+00
1.019610399914464782e+00
1.019636592694270760e+00
1.019662898851834587e+00
1.019689317328390521e+00
1.019715847050653545e+00
1.019742486930742320e+00
1.019769235866101686e+00
1.019796092739432503e+00
1.019823056418620588e+00
1.019850125756671888e+00
1.019877299591648967e+00
1.019904576746612612e+00
1.019931956029565878e+00
1.019959436233403238e+00
1.019987016135860625e+00
1.020014694499473240e+00
1.020042470071535146e+00
1.020070341584062401e+00
1.020098307753762867e+00
1.020126367282008228e+00
1.020154518854811343e+00
1.020182761142809813e+00
1.020211092801249775e+00
1.020239512469981014e+00
1.020268018773450525e+00
1.020296610320706954e+00
1.020325285705405260e+00
1.020354043505821151e+00
1.020382882284867287e+00
1.020411800590117490e+00
1.020440796953836493e+00
1.020469869893013026e+00
1.020499017909402450e+00
1.020528239489572719e+00
1.020557533104958559e+00
1.020586897211918975e+00
1.020616330251804982e+00
1.020645830651030206e+00
1.020675396821150827e+00
1.020705027158950839e+00
1.020734720046534427e+00
1.020764473851424325e+00
1.020794286926669514e+00
1.020824157610958238e+00
1.020854084228737246e+00
1.020884065090342130e+00
1.020914098492129884e+00
1.020944182716623461e+00
1.020974316032662088e+00
1.021004496695557595e+00
1.021034722947261830e+00
1.021064993016539413e+00
1.021095305119148255e+00
1.021125657458029856e+00
1.021156048223505586e+00
1.021186475593482967e+00
1.021216937733667507e+00
1.021247432797785182e+00
1.021277958927812257e+00
1.021308514254210875e+00
1.021339096896178411e+00
1.021369704961899494e+00
1.021400336548808241e+00
1.021430989743861595e+00
1.021461662623815769e+00
1.021492353255516239e+00
1.021523059696191282e+00
1.021553779993758404e+00
1.021584512187134308e+00
1.021615254306558196e+00
1.021646004373919947e+00
1.021676760403095408e+00
1.021707520400295222e+00
1.021738282364415218e+00
1.021769044287400341e+00
1.021799804154612357e+00
1.021830559945208883e+00
1.021861309632528192e+00
1.021892051184482009e+00
1.021922782563956966e+00
1.021953501729223168e+00
1.021984206634349635e+00
1.022014895229627740e+00
1.022045565462001537e+00
1.022076215275506295e+00
1.022106842611712141e+00
1.022137445410175705e+00
1.022168021608899080e+00
1.022198569144792568e+00
1.022229085954147854e+00
1.022259569973113180e+00
1.022290019138178074e+00
1.022320431386660511e+00
1.022350804657203183e+00
1.022381136890271325e+00
1.022411426028659198e+00
1.022441670017999238e+00
1.022471866807276530e+00
1.022502014349348398e+00
1.022532110601466648e+00
1.022562153525805595e+00
1.022592141089992079e+00
1.022622071267640598e+00
1.022651942038889761e+00
1.022681751390943417e+00
1.022711497318612661e+00
1.022741177824861403e+00
1.022770790921353257e+00
1.022800334629000218e+00
1.022829806978513112e+00
1.022859206010952704e+00
1.022888529778280819e+00
1.022917776343913010e+00
1.022946943783271667e+00
1.022976030184337137e+00
1.023005033648198836e+00
1.023033952289607917e+00
1.023062784237523282e+00
1.023091527635661357e+00
1.023120180643040777e+00
1.023148741434526388e+00
1.023177208201368149e+00
1.023205579151739819e+00
1.023233852511272746e+00
1.023262026523585888e+00
1.023290099450810509e+00
1.023318069574114642e+00
1.023345935194215794e+00
1.023373694631896313e+00
1.023401346228505204e+00
1.023428888346460397e+00
1.023456319369741241e+00
1.023483637704376337e+00
1.023510841778920710e+00
1.023537930044929434e+00
1.023564900977423697e+00
1.023591753075344002e+00
1.023618484862000688e+00
1.023645094885510920e+00
1.023671581719230561e+00
1.023697943962173618e+00
1.023724180239423465e+00
1.023750289202532748e+00
1.023776269529913741e+00
1.023802119927219145e+00
1.023827839127708472e+00
1.023853425892606417e+00
1.023878879011448362e+00
1.023904197302412555e+00
1.023929379612643409e+00
1.023954424818558806e+00
1.023979331826147643e+00
1.024004099571251380e+00
1.024028727019836049e+00
1.024053213168246934e+00
1.024077557043453046e+00
1.024101757703275162e+00
1.024125814236601872e+00
1.024149725763589203e+00
1.024173491435846906e+00
1.024197110436611435e+00
1.024220581980901379e+00
1.024243905315660008e+00
1.024267079719881623e+00
1.024290104504724130e+00
1.024312979013603631e+00
1.024335702622277466e+00
1.024358274738907504e+00
1.024380694804110092e+00
1.024402962290991148e+00
1.024425076705163251e+00
1.024447037584747866e+00
1.024468844500362463e+00
1.024490497055090987e+00
1.024511994884437005e+00
1.024533337656264642e+00
1.024554525070720423e+00
1.024575556860139347e+00
1.024596432788936973e+00
1.024617152653483965e+00
1.024637716281965538e+00
1.024658123534225140e+00
1.024678374301593031e+00
1.024698468506696436e+00
1.024718406103260371e+00
1.024738187075884266e+00
1.024757811439812372e+00
1.024777279240682182e+00
1.024796590554261977e+00
1.024815745486170160e+00
1.024834744171583933e+00
1.024853586774929770e+00
1.024872273489560115e+00
1.024890804537418321e+00
1.024909180168686484e+00
1.024927400661420851e+00
1.024945466321174337e+00
1.024963377480602844e+00
1.024981134499062918e+00
1.024998737762190304e+00
1.025016187681472957e+00
1.025033484693803842e+00
1.025050629261028190e+00
1.025067621869474088e+00
1.025084463029474202e+00
1.025101153274873500e+00
1.025117693162527877e+00
1.025134083271790564e+00
1.025150324203988106e+00
1.025166416581886342e+00
1.025182361049144841e+00
1.025198158269763127e+00
1.025213808927517345e+00
1.025229313725384728e+00
1.025244673384964500e+00
1.025259888645882800e+00
1.025274960265197599e+00
1.025289889016787193e+00
1.025304675690738243e+00
1.025319321092720504e+00
1.025333826043357988e+00
1.025348191377592366e+00
1.025362417944038596e+00
1.025376506604335880e+00
1.025390458232491753e+00
1.025404273714221492e+00
1.025417953946280214e+00
1.025431499835791849e+00
1.025444912299573685e+00
1.025458192263454027e+00
1.025471340661587849e+00
1.025484358435768684e+00
1.025497246534735174e+00
1.025510005913476519e+00
1.025522637532533921e+00
1.025535142357299145e+00
1.025547521357311975e+00
1.025559775505553439e+00
1.025571905777740156e+00
1.025583913151614901e+00
1.025595798606236952e+00
1.025607563121271770e+00
1.025619207676279121e+00
1.025630733250001203e+00
1.025642140819652770e+00
1.025653431360206813e+00
1.025664605843685795e+00
1.025675665238449996e+00
1.025686610508488972e+00
1.025697442612713672e+00
1.025708162504248122e+00
1.025718771129727314e+00
1.025729269428592216e+00
1.025739658332390114e+00
1.025749938764077385e+00
1.025760111637322058e+00
1.025770177855814369e+00
1.025780138312575751e+00
1.025789993889273610e+00
1.025799745455540091e+00
1.025809393868293729e+00
1.025818939971065991e+00
1.025828384593331144e+00
1.025837728549842343e+00
1.025846972639972154e+00
1.025856117647055088e+00
1.025865164337741442e+00
1.025874113461351378e+00
1.025882965749236098e+00
1.025891721914146792e+00
1.025900382649607145e+00
1.025908948629294493e+00
1.025917420506424538e+00
1.025925798913147613e+00
1.025934084459946050e+00
1.025942277735044428e+00
1.025950379303823157e+00
1.025958389708240492e+00
1.025966309466265880e+00
1.025974139071314406e+00
1.025981878991698126e+00
1.025989529670078504e+00
1.025997091522930393e+00
1.026004564940018016e+00
1.026011950283873597e+00
1.026019247889290664e+00
1.026026458062825997e+00
1.026033581082308466e+00
1.026040617196362303e+00
1.026047566623936369e+00
1.026054429553847847e+00
1.026061206144333715e+00
1.026067896522614209e+00
1.026074500784468047e+00
1.026081018993818983e+00
1.026087451182333021e+00
1.026093797349028280e+00
1.026100057459898185e+00
1.026106231447544648e+00
1.026112319210827017e+00
1.026118320614519686e+00
1.026124235488989900e+00
1.026130063629879796e+00
1.026135804797811302e+00
1.026141458718099031e+00
1.026147025080480280e+00
1.026152503538858340e+00
1.026157893711062474e+00
1.026163195178620313e+00
1.026168407486549139e+00
1.026173530143160262e+00
1.026178562619880719e+00
1.026183504351090736e+00
1.026188354733979624e+00
1.026193113128415879e+00
1.026197778856837051e+00
1.026202351204156038e+00
1.026206829417686706e+00
1.026211212707084819e+00
1.026215500244311851e+00
1.026219691163613890e+00
1.026223784561522301e+00
1.026227779496872827e+00
1.026231674990844667e+00
1.026235470027021535e+00
1.026239163551469602e+00
1.026242754472840524e+00
1.026246241662493341e+00
1.026249623954638146e+00
1.026252900146502611e+00
1.026256068998519622e+00
1.026259129234538436e+00
1.026262079542058725e+00
1.026264918572486806e+00
1.026267644941415647e+00
1.026270257228931282e+00
1.026272753979938113e+00
1.026275133704514619e+00
1.026277394878289284e+00
1.026279535942843157e+00
1.026281555306138848e+00
1.026283451342973496e+00
1.026285222395456831e+00
1.026286866773518991e+00
1.026288382755440098e+00
1.026289768588409368e+00
1.026291022489109750e+00
1.026292142644329886e+00
1.026293127211604039e+00
1.026293974319876900e+00
1.026294682070198139e+00
1.026295248536444493e+00
1.026295671766067397e+00
1.026295949780871020e+00
1.026296080577817182e+00
1.026296062129858022e+00
1.026295892386795305e+00
1.026295569276171049e+00
1.026295090704184565e+00
1.026294454556634594e+00
1.026293658699894973e+00
1.026292700981912720e+00
1.026291579233237883e+00
1.026290291268077359e+00
1.026288834885380030e+00
1.026287207869945206e+00
1.026285407993560606e+00
1.026283433016165425e+00
1.026281280687041608e+00
1.026278948746028652e+00
1.026276434924765724e+00
1.026273736947959758e+00
1.026270852534675093e+00
1.026267779399651303e+00
1.026264515254641907e+00
1.026261057809777943e+00
1.026257404774953086e+00
1.026253553861231627e+00
1.026249502782276446e+00
1.026245249255799408e+00
1.026240791005029740e+00
1.026236125760201956e+00
1.026231251260062649e+00
1.026226165253393052e+00
1.026220865500549362e+00
1.026215349775017271e+00
1.026209615864980496e+00
1.026203661574904835e+00
1.026197484727131126e+00
1.026191083163480622e+00
1.026184454746871255e+00
1.026177597362940341e+00
1.026170508921675273e+00
1.026163187359050877e+00
1.026155630638669880e+00
1.026147836753408482e+00
1.026139803727061928e+00
1.026131529615990079e+00
1.026123012510764543e+00
1.026114250537808470e+00
1.026105241861037243e+00
1.026095984683488727e+00
1.026086477248948192e+00
1.026076717843563468e+00
1.026066704797449436e+00
1.026056436486279644e+00
1.026045911332863936e+00
1.026035127808707870e+00
1.026024084435558814e+00
1.026012779786926288e+00
1.026001212489586978e+00
1.025989381225062447e+00
1.025977284731072414e+00
1.025964921802962504e+00
1.025952291295103347e+00
1.025939392122255933e+00
1.025926223260909875e+00
1.025912783750583479e+00
1.025899072695089842e+00
1.025885089263764760e+00
1.025870832692655554e+00
1.025856302285668153e+00
1.025841497415673764e+00
1.025826417525566914e+00
1.025811062129281748e+00
1.025795430812757703e+00
1.025779523234858104e+00
1.025763339128236140e+00
1.025746878300149545e+00
1.025730140633222209e+00
1.025713126086150950e+00
1.025695834694353659e+00
1.025678266570563490e+00
1.025660421905362440e+00
1.025642300967655185e+00
1.025623904105081863e+00
1.025605231744371793e+00
1.025586284391630354e+00
1.025567062632566362e+00
1.025547567132652826e+00
1.025527798637224208e+00
1.025507757971509282e+00
1.025487446040594719e+00
1.025466863829328279e+00
1.025446012402149831e+00
1.025424892902860208e+00
1.025403506554322108e+00
1.025381854658093950e+00
1.025359938593997766e+00
1.025337759819622718e+00
1.025315319869759545e+00
1.025292620355772399e+00
1.025269662964906070e+00
1.025246449459526588e+00
1.025222981676301881e+00
1.025199261525316929e+00
1.025175290989130517e+00
1.025151072121767593e+00
1.025126607047657457e+00
1.025101897960509323e+00
1.025076947122133486e+00
1.025051756861208085e+00
1.025026329571989248e+00
1.025000667712972380e+00
1.024974773805502171e+00
1.024948650432332187e+00
1.024922300236141393e+00
1.024895725918001821e+00
1.024868930235807607e+00
1.024841916002660280e+00
1.024814686085216531e+00
1.024787243402001780e+00
1.024759590921685559e+00
1.024731731661328915e+00
1.024703668684601388e+00
1.024675405099969350e+00
1.024646944058861475e+00
1.024618288753812667e+00
1.024589442416586671e+00
1.024560408316281812e+00
1.024531189757421856e+00
1.024501790078037544e+00
1.024472212647733249e+00
1.024442460865751414e+00
1.024412538159028330e+00
1.024382447980251243e+00
1.024352193805912137e+00
1.024321779134366617e+00
1.024291207483897015e+00
1.024260482390782379e+00
1.024229607407379117e+00
1.024198586100211417e+00
1.024167422048079423e+00
1.024136118840178078e+00
1.024104680074242157e+00
1.024073109354702638e+00
1.024041410290873033e+00
1.024009586495154389e+00
