1.000603444564682754e+00
1.000677600471208795e+00
1.000800196543972787e+00
1.000944911656364678e+00
1.001102361345512115e+00
1.001268950474107911e+00
1.001441599166497776e+00
1.001619307078485122e+00
1.001800335399286590e+00
1.001984314584900115e+00
1.002170094721787086e+00
1.002357426670758000e+00
1.002545564286015711e+00
1.002734179014882709e+00
1.002922883380551689e+00
1.003111195545312029e+00
1.003299076540486778e+00
1.003485887525666920e+00
1.003671919768434062e+00
1.003856413320387109e+00
1.004039944626380798e+00
1.004221684444423168e+00
1.004402421044118254e+00
1.004581306087472647e+00
1.004759247760348417e+00
1.004935418385727974e+00
1.005110748622004113e+00
1.005284460925486290e+00
1.005457415645484520e+00
1.005628910805827170e+00
1.005799654406686727e+00
1.005969049374617397e+00
1.006137584401356033e+00
1.006304805909743250e+00
1.006470936640344149e+00
1.006635713807705779e+00
1.006799074214779655e+00
1.006960993826695017e+00
1.007121134876209245e+00
1.007279746679294874e+00
1.007436258706869481e+00
1.007591200080805161e+00
1.007743831146018954e+00
1.007894930656685784e+00
1.008043661124899515e+00
1.008190986491503516e+00
1.008336036378663092e+00
1.008479872905248875e+00
1.008621643273223123e+00
1.008762412931009100e+00
1.008901382679430858e+00
1.009039530255565698e+00
1.009176137989729716e+00
1.009312015471313106e+00
1.009446555063790107e+00
1.009580332581055284e+00
1.009712886163714574e+00
1.009844511695843661e+00
1.009974937242217985e+00
1.010104158069613733e+00
1.010232138430012139e+00
1.010358582828053686e+00
1.010483727211496596e+00
1.010607025915805979e+00
1.010728996474755448e+00
1.010848907028267130e+00
1.010967531105351425e+00
1.011084024415312754e+00
1.011199355872349326e+00
1.011312637776126788e+00
1.011424949251624739e+00
1.011535414015988676e+00
1.011645126345797063e+00
1.011753260660429588e+00
1.011860833839204332e+00
1.011967100314094647e+00
1.012072917008328243e+00
1.012177646363649597e+00
1.012281917100186668e+00
1.012385233750759284e+00
1.012487947251095699e+00
1.012589746820979020e+00
1.012690680483728345e+00
1.012790668412194783e+00
1.012889460531999131e+00
1.012987246040510048e+00
1.013083512855788459e+00
1.013178734116266799e+00
1.013272197115883788e+00
1.013364639444138460e+00
1.013455221643734916e+00
1.013544890309437507e+00
1.013632750708731267e+00
1.013719876035584999e+00
1.013805374611185695e+00
1.013890351355705377e+00
1.013973959966231408e+00
1.014057242935827663e+00
1.014139430200235781e+00
1.014221416754036653e+00
1.014302536608940652e+00
1.014383465930074113e+00
1.014463675555549393e+00
1.014543569391112454e+00
1.014622796329990528e+00
1.014701458049898308e+00
1.014779427763487840e+00
1.014856504201509413e+00
1.014932825428793706e+00
1.015007918129514408e+00
1.015082205168535090e+00
1.015154999117963364e+00
1.015226994552168804e+00
1.015297363048846435e+00
1.015367021217545185e+00
1.015435072919184556e+00
1.015502577890508684e+00
1.015568633785179919e+00
1.015634349393345737e+00
1.015698861505796469e+00
1.015763232589820930e+00
1.015826671153358784e+00
1.015890105957046874e+00
1.015952845099964863e+00
1.016015609358974281e+00
1.016077837942927387e+00
1.016139986511653603e+00
1.016201665156336587e+00
1.016263029726469203e+00
1.016323907164067286e+00
1.016384147221550904e+00
1.016443836288981384e+00
1.016502543433183359e+00
1.016560639186749437e+00
1.016617465852437174e+00
1.016673671457827055e+00
1.016728443230998868e+00
1.016782663218110727e+00
1.016835438099710665e+00
1.016887809175253787e+00
1.016938866995966695e+00
1.016989719445615226e+00
1.017039489329176538e+00
1.017089254925083619e+00
1.017138205784440252e+00
1.017187301114840459e+00
1.017235825350033540e+00
1.017284541567876399e+00
1.017332859494342490e+00
1.017381285422618520e+00
1.017429392609290772e+00
1.017477391325306124e+00
1.017525063721649081e+00
1.017572312258071321e+00
1.017619172185911358e+00
1.017665257898480391e+00
1.017710886792216884e+00
1.017755434649669999e+00
1.017799500705699245e+00
1.017842291791215548e+00
1.017884651992785772e+00
1.017925694439123507e+00
1.017966438007116725e+00
1.018005969177164127e+00
1.018045390930443439e+00
1.018083814536703935e+00
1.018122330489203531e+00
1.018160111461178019e+00
1.018198144142510975e+00
1.018235691264749665e+00
1.018273556030905969e+00
1.018311120694390226e+00
1.018348940972961580e+00
1.018386555310431429e+00
1.018424228357234007e+00
1.018461699227057871e+00
1.018498924330802025e+00
1.018535888805107925e+00
1.018572254800869104e+00
1.018608286418678066e+00
1.018643396163905646e+00
1.018678132932942848e+00
1.018711726657596461e+00
1.018744980720830640e+00
1.018777017927975148e+00
1.018808831286537986e+00
1.018839505869225004e+00
1.018870136166829088e+00
1.018899824007479360e+00
1.018929668790748533e+00
1.018958828045664511e+00
1.018988313151815372e+00
1.019017366791371781e+00
1.019046830162011474e+00
1.019076059821119262e+00
1.019105659604806036e+00
1.019135135059865416e+00
1.019164804933709423e+00
1.019194367123893885e+00
1.019223832883662251e+00
1.019253138516982737e+00
1.019281995958824183e+00
1.019310616270147740e+00
1.019338451531222933e+00
1.019365999247267007e+00
1.019392515611798000e+00
1.019418761034840415e+00
1.019443870942768005e+00
1.019468809416869570e+00
1.019492662526225946e+00
1.019516512970050526e+00
1.019539454965538772e+00
1.019562593704086417e+00
1.019585073028186795e+00
1.019607926325232672e+00
1.019630377607242844e+00
1.019653303955838419e+00
1.019676037773842747e+00
1.019699229621467085e+00
1.019722353916901803e+00
1.019745783020122420e+00
1.019769175422996055e+00
1.019792597818840907e+00
1.019815939113396297e+00
1.019838962719536779e+00
1.019861827211525185e+00
1.019884026787173381e+00
1.019906006880526350e+00
1.019927052862570793e+00
1.019947880259846951e+00
1.019967639884098665e+00
1.019987264111333447e+00
1.020005842264035012e+00
1.020024442125933462e+00
1.020042151982139211e+00
1.020060079793478014e+00
1.020077356996061058e+00
1.020095036328516835e+00
1.020112324312945074e+00
1.020130131764358516e+00
1.020147768278961253e+00
1.020165929629921475e+00
1.020184060730484177e+00
1.020202586867827499e+00
1.020221128890788531e+00
1.020239809262302622e+00
1.020258471006322720e+00
1.020276930417998829e+00
1.020295294343045889e+00
1.020313101387792187e+00
1.020330744508246568e+00
1.020347540996468405e+00
1.020364159843697216e+00
1.020379769920324531e+00
1.020395269296193730e+00
1.020409752759251276e+00
1.020424270131554456e+00
1.020437905399704359e+00
1.020451766267991278e+00
1.020464972968417428e+00
1.020478594876460754e+00
1.020491822087156830e+00
1.020505596897018474e+00
1.020519207304641851e+00
1.020533392633445446e+00
1.020547569792291442e+00
1.020562216100786124e+00
1.020576916467113904e+00
1.020591849197446166e+00
1.020606812990986878e+00
1.020621678166236057e+00
1.020636500744709796e+00
1.020650865816677078e+00
1.020665113662503565e+00
1.020678596113478331e+00
1.020691934171442883e+00
1.020704317407431949e+00
1.020716607104585893e+00
1.020727905755732134e+00
1.020739242195416452e+00
1.020749697779290033e+00
1.020760376869316977e+00
1.020770389695107028e+00
1.020780819447270948e+00
1.020790840805650745e+00
1.020801425159423070e+00
1.020811840027808337e+00
1.020822866452772537e+00
1.020833894741325132e+00
1.020845453141164594e+00
1.020857092262727583e+00
1.020869046084796006e+00
1.020881070560286652e+00
1.020893090925496516e+00
1.020905113398969055e+00
1.020916771432538894e+00
1.020928352614678847e+00
1.020939245828829334e+00
1.020950022811509594e+00
1.020959896472346973e+00
1.020969688935317032e+00
1.020978512701993246e+00
1.020987372603434196e+00
1.020995349110836337e+00
1.021003540086378170e+00
1.021011047005508487e+00
1.021018963933953749e+00
1.021026451139879221e+00
1.021034506574231449e+00
1.021042378336996403e+00
1.021050887192101797e+00
1.021059398168156385e+00
1.021068489139472568e+00
1.021077678006252931e+00
1.021087254020681678e+00
1.021096931981671396e+00
1.021106692703572350e+00
1.021116493728920549e+00
1.021126018556519632e+00
1.021135502243558868e+00
1.021144373134064365e+00
1.021153152609758807e+00
1.021161079554961049e+00
1.021168934689141050e+00
1.021175842900208686e+00
1.021182782031822445e+00
1.021188833513652083e+00
1.021195085498093125e+00
1.021200632023709698e+00
1.021206574988489324e+00
1.021212061266830951e+00
1.021218112713676796e+00
1.021223959030394202e+00
1.021230458559315046e+00
1.021236952306123991e+00
1.021244066293352848e+00
1.021251287245296124e+00
1.021258959078027440e+00
1.021266757037860851e+00
1.021274717953732036e+00
1.021282751919839082e+00
1.021290593974300887e+00
1.021298426984184715e+00
1.021305721048040738e+00
1.021312946308138292e+00
1.021319370245642233e+00
1.021325730088369799e+00
1.021331165555098508e+00
1.021336624585608144e+00
1.021341191509115287e+00
1.021345941537301849e+00
1.021349962666754818e+00
1.021354361507392117e+00
1.021358272583601456e+00
1.021362738891267607e+00
1.021366972724438771e+00
1.021371867734392813e+00
1.021376742097002577e+00
1.021382268348724143e+00
1.021387903518109264e+00
1.021394045382983951e+00
1.021400331240985171e+00
1.021406854157456356e+00
1.021413478099677974e+00
1.021419990941094369e+00
1.021426523881439064e+00
1.021432590939263196e+00
1.021438610353036847e+00
1.021443880791265801e+00
1.021449094090179477e+00
1.021453407297548521e+00
1.021457735634732078e+00
1.021461168365099148e+00
1.021464764538879688e+00
1.021467607586536763e+00
1.021470805656214509e+00
1.021473481999322752e+00
1.021476697903379804e+00
1.021479649224341646e+00
1.021483262544653936e+00
1.021486834344475625e+00
1.021491081901523490e+00
1.021495433971556954e+00
1.021500341214539809e+00
1.021505404576453113e+00
1.021510773374037617e+00
1.021516266851342447e+00
1.021521726813404696e+00
1.021527233491456244e+00
1.021532346847002559e+00
1.021537432778181209e+00
1.021541823681167749e+00
1.021546164309122817e+00
1.021549631575782824e+00
1.021553105299529918e+00
1.021555681800103921e+00
1.021558400781533260e+00
1.021560342667638288e+00
1.021562613936696895e+00
1.021564327684935547e+00
1.021566560569569848e+00
1.021568492963255581e+00
1.021571081905713108e+00
1.021573603260146790e+00
1.021576817147535454e+00
1.021580125413292572e+00
1.021584030454798286e+00
1.021588098445585402e+00
1.021592534769143246e+00
1.021597115417146595e+00
1.021601737020305656e+00
1.021606429704540853e+00
1.021610801242208044e+00
1.021615164982041302e+00
1.021618889520587992e+00
1.021622571058259155e+00
1.021625408936202462e+00
1.021628245036740879e+00
1.021630184940171215e+00
1.021632245876229250e+00
1.021633506908646627e+00
1.021635069617831348e+00
1.021636038112226252e+00
1.021637501433238837e+00
1.021638625419900359e+00
1.021640395006888191e+00
1.021642066469203192e+00
1.021644440757002670e+00
1.021646894105244341e+00
1.021649979349019688e+00
1.021653229440102173e+00
1.021656905451330921e+00
1.021660741643307668e+00
1.021664690163167855e+00
1.021668732043413241e+00
1.021672524569395835e+00
1.021676328552711954e+00
1.021679551179194734e+00
1.021682738855943073e+00
1.021685115923473886e+00
1.021687483963155341e+00
1.021688960096409193e+00
1.021690536024693285e+00
1.021691291189163797e+00
1.021692319036402674e+00
1.021692715914050531e+00
1.021693580205033536e+00
1.021694064170324268e+00
1.021695177993582782e+00
1.021696159347642796e+00
1.021697847888292543e+00
1.021699595477235878e+00
1.021702003941136638e+00
1.021704574522825038e+00
1.021707623421197475e+00
1.021710844720787215e+00
1.021714246572743567e+00
1.021717762059083379e+00
1.021721099505567665e+00
1.021724467410389359e+00
1.021727313838640239e+00
1.021730134395848477e+00
1.021732180990289063e+00
1.021734212719389578e+00
1.021735360596324860e+00
1.021736587830430754e+00
1.021736976072161962e+00
1.021737607401714154e+00
1.021737571702734826e+00
1.021737973605393757e+00
1.021737952766113011e+00
1.021738541891266561e+00
1.021738961003771706e+00
1.021740086237087786e+00
1.021741246256018476e+00
1.021743090293771861e+00
1.021745089351669744e+00
1.021747614012463501e+00
1.021750319757549041e+00
1.021753271027890930e+00
1.021756354210649809e+00
1.021759330017212974e+00
1.021762355055374716e+00
1.021764920446091462e+00
1.021767470217707974e+00
1.021769286396400744e+00
1.021771083606457742e+00
1.021772009165706541e+00
1.021772994933460188e+00
1.021773126697730572e+00
1.021773471955188528e+00
1.021773115501754647e+00
1.021773165074997491e+00
1.021772748730594982e+00
1.021772918894146898e+00
1.021772878867150069e+00
1.021773538932627012e+00
1.021774205677524527e+00
1.021775574024629485e+00
1.021777086150214453e+00
1.021779166106973058e+00
1.021781432349638141e+00
1.021784005695520303e+00
1.021786727186958732e+00
1.021789411077937970e+00
1.021792162694417527e+00
1.021794518262672424e+00
1.021796869689047815e+00
1.021798531634059426e+00
1.021800172463948719e+00
1.021800958266703141e+00
1.021801786815720980e+00
1.021801750061230862e+00
1.021801897728032982e+00
1.021801310988376787e+00
1.021801097509084322e+00
1.021800374791236976e+00
1.021800212102442984e+00
1.021799796938157812e+00
1.021800071306680380e+00
1.021800320783732507e+00
1.021801284139354227e+00
1.021802376086437647e+00
1.021804073069427554e+00
1.021805958083553900e+00
1.021808208213313751e+00
1.021810620582798368e+00
1.021813063952654144e+00
1.021815593146327306e+00
1.021817791404638687e+00
1.021819998194111623e+00
1.021821563276154254e+00
1.021823107187499691e+00
1.021823817292766501e+00
1.021824554681845409e+00
1.021824419585970256e+00
1.021824440813372314e+00
1.021823697471097692e+00
1.021823293947619948e+00
1.021822338289234189e+00
1.021821913658875314e+00
1.021821192659119193e+00
1.021821146506985967e+00
1.021821040787177282e+00
1.021821656155576852e+00
1.021822381166374916e+00
1.021823743420880781e+00
1.021825292001363739e+00
1.021827259959191547e+00
1.021829401986054320e+00
1.021831642117186245e+00
1.021833985607886408e+00
1.021836064470368566e+00
1.021838165634749718e+00
1.021839676363375027e+00
1.021841168012976198e+00
1.021841851758773956e+00
1.021842549564037306e+00
1.021842372149303513e+00
1.021842324321327045e+00
1.021841484779581144e+00
1.021840951407561482e+00
1.021839823960648097e+00
1.021839196486127532e+00
1.021838227615590844e+00
1.021837915169910627e+00
1.021837505723421025e+00
1.021837819743313336e+00
1.021838220872040237e+00
1.021839286483825937e+00
1.021840533264102291e+00
1.021842249745039233e+00
1.021844149714483674e+00
1.021846213052258090e+00
1.021848396518444391e+00
1.021850382490121500e+00
1.021852405477894354e+00
1.021853892561859878e+00
1.021855364794795218e+00
1.021856059709000952e+00
1.021856757868067511e+00
1.021856582772793454e+00
1.021856512220429725e+00
1.021855626262475836e+00
1.021855013043720728e+00
1.021853765265906988e+00
1.021852984791535413e+00
1.021851817222716896e+00
1.021851284295038020e+00
1.021850614521212064e+00
1.021850665997666940e+00
1.021850778645031710e+00
1.021851578084964629e+00
1.021852550083489852e+00
1.021854037987867558e+00
1.021855716237640710e+00
1.021857620928955601e+00
1.021859661521081986e+00
1.021861572176434807e+00
1.021863535306713811e+00
1.021865020026932136e+00
1.021866496191809359e+00
1.021867230233541868e+00
1.021867959227549250e+00
1.021867821819604227e+00
1.021867765883937018e+00
1.021866874686534477e+00
1.021866223405898610e+00
1.021864899009059302e+00
1.021864008053529282e+00
1.021862684083788331e+00
1.021861969980894846e+00
1.021861077121126282e+00
1.021860898945732288e+00
1.021860752788370963e+00
1.021861310858439786e+00
1.021862029434544183e+00
1.021863305840346570e+00
1.021864776734864311e+00
1.021866534605079258e+00
1.021868442907853503e+00
1.021870288830313278e+00
1.021872203197904394e+00
1.021873699262271451e+00
1.021875195016704430e+00
1.021875988315452233e+00
1.021876770854863059e+00
1.021876698853385612e+00
1.021876687461011901e+00
1.021875825122531944e+00
1.021875170843141056e+00
1.021873807262795530e+00
1.021872842470848752e+00
1.021871398966848865e+00
1.021870537932348499e+00
1.021869454517789544e+00
1.021869075127263438e+00
1.021868695590527842e+00
1.021869032917780196e+00
1.021869515281583540e+00
1.021870592977401682e+00
1.021871866450130506e+00
1.021873484557223932e+00
1.021875266137926230e+00
1.021877052455893775e+00
1.021878923441620124e+00
1.021880438454786377e+00
1.021881963192959875e+00
1.021882829416469907e+00
1.021883681760475948e+00
1.021883696494388039e+00
1.021883753372625048e+00
1.021882948082070364e+00
1.021882320283558521e+00
1.021880949792143500e+00
1.021879943032007354e+00
1.021878412521512125e+00
1.021877434826658604e+00
1.021876189777592980e+00
1.021875634266109945e+00
1.021875043653866832e+00
1.021875177844234095e+00
1.021875438230902100e+00
1.021876326917910305e+00
1.021877409688758176e+00
1.021878891559643954e+00
1.021880548205897021e+00
1.021882275827188380e+00
1.021884104314134678e+00
1.021885640961864183e+00
1.021887198962841747e+00
1.021888146411747744e+00
1.021889079418322410e+00
1.021889196817959977e+00
1.021889340445088612e+00
1.021888615386222776e+00
1.021888038838976387e+00
1.021886689394673864e+00
1.021885668591684393e+00
1.021884080091729707e+00
1.021883012863241680e+00
1.021881632326526512e+00
1.021880923296896615e+00
1.021880141662107278e+00
1.021880088196464920e+00
1.021880138785750791e+00
1.021880846028095258e+00
1.021881742573760743e+00
1.021883089199136618e+00
1.021884619921204829e+00
1.021886286539683608e+00
1.021888069908097219e+00
1.021889626928123018e+00
1.021891218296073767e+00
1.021892250795996659e+00
1.021893270772688878e+00
1.021893502164216372e+00
1.021893746523693469e+00
1.021893120582503922e+00
1.021892616025231959e+00
1.021891311922670464e+00
1.021890301694420966e+00
1.021888681340091143e+00
1.021887549188232214e+00
1.021886057174984153e+00
1.021885215389850110e+00
1.021884261206030597e+00
1.021884034137506614e+00
1.021883885776464718e+00
1.021884417756686370e+00
1.021885131089441234e+00
1.021886341731324865e+00
1.021887743582028385e+00
1.021889344508403852e+00
1.021891077460439279e+00
1.021892650450349382e+00
1.021894271896726991e+00
1.021895389537659682e+00
1.021896498942592935e+00
1.021896851694528596e+00
1.021897206882067310e+00
1.021896695206060190e+00
1.021896279874611402e+00
1.021895042244643115e+00
1.021894064384183398e+00
1.021892435903659413e+00
1.021891261395546868e+00
1.021889680263189382e+00
1.021888725139668663e+00
1.021887615815826766e+00
1.021887228310140339e+00
1.021886891079937687e+00
1.021887253199376122e+00
1.021887785493322820e+00
1.021888858343237061e+00
1.021890127092613731e+00
1.021891655945607935e+00
1.021893331195504073e+00
1.021894913292751284e+00
1.021896558795216681e+00
1.021897758552938296e+00
1.021898956580633788e+00
1.021899434637228099e+00
1.021899907355319215e+00
1.021899521799131128e+00
1.021899209840701594e+00
1.021898057032975871e+00
1.021897130873325343e+00
1.021895515941851906e+00
1.021894319952176167e+00
1.021892670762399646e+00
1.021891620741231410e+00
1.021890373010735154e+00
1.021889837759458075e+00
1.021889321415531349e+00
1.021889518768231087e+00
1.021889871860850452e+00
1.021890804575619427e+00
1.021891935266618034e+00
1.021893384550018213e+00
1.021894993404765861e+00
1.021896575863452838e+00
1.021898237226041228e+00
1.021899513490139633e+00
1.021900796566805214e+00
1.021901400893199252e+00
1.021901994858059437e+00
1.021901744340500073e+00
1.021901547138238886e+00
1.021900495011372145e+00
1.021899637695906637e+00
1.021898056192803939e+00
1.021896858155781906e+00
1.021895160931765911e+00
1.021894033744015218e+00
1.021892663949995672e+00
1.021891993478959204e+00
1.021891307786269465e+00
1.021891345527593309e+00
1.021891521317262130e+00
1.021892311452386792e+00
1.021893298857038390e+00
1.021894660441407643e+00
1.021896193290315225e+00
1.021897765972833660e+00
1.021899433305364813e+00
1.021900778332001991e+00
1.021902140538582415e+00
1.021902869496484012e+00
1.021903585776350321e+00
1.021903476568121860e+00
1.021903402995424814e+00
1.021902465134044924e+00
1.021901691811905266e+00
1.021900161999500067e+00
1.021898980080762076e+00
1.021897253982006148e+00
1.021896066831475380e+00
1.021894591126573992e+00
1.021893798016981547e+00
1.021892952997573989e+00
1.021892836624325174e+00
1.021892837380171226e+00
1.021893482736585756e+00
1.021894321727999433e+00
1.021895587251797632e+00
1.021897033979387581e+00
1.021898585777011537e+00
1.021900247907806314e+00
1.021901652211434142e+00
1.021903085648855347e+00
1.021903935317636458e+00
1.021904772617599377e+00
1.021904808575334389e+00
1.021904865195612189e+00
1.021904053070185503e+00
1.021903377032605365e+00
1.021901915672793315e+00
1.021900766876808753e+00
1.021899030306887557e+00
1.021897799983433330e+00
1.021896234458813613e+00
1.021895331495805026e+00
1.021894337603124869e+00
1.021894073159315575e+00
1.021893901757198631e+00
1.021894400654683732e+00
1.021895086507742301e+00
1.021896247710174066e+00
1.021897598044411826e+00
1.021899117238511234e+00
1.021900762072017077e+00
1.021902214767752559e+00
1.021903709876275546e+00
1.021904674331910678e+00
1.021905629238028190e+00
1.021905811997906088e+00
1.021906003223305603e+00
1.021905326306455475e+00
1.021904759077742142e+00
1.021903381499825736e+00
1.021902281726433159e+00
1.021900552386997063e+00
1.021899295323967394e+00
1.021897656080557493e+00
1.021896656342055287e+00
1.021895524574599756e+00
1.021895118795181245e+00
1.021894778891792921e+00
1.021895130380593653e+00
1.021895659012519886e+00
1.021896708008719568e+00
1.021897951814874306e+00
1.021899426388638954e+00
1.021901041217772255e+00
1.021902530324266145e+00
1.021904076166989084e+00
1.021905147729315511e+00
1.021906214922822631e+00
1.021906544065147804e+00
1.021906872285855528e+00
1.021906338137113179e+00
1.021905889532289891e+00
1.021904609664058050e+00
1.021903573726011594e+00
1.021901868628723120e+00
1.021900600916118673e+00
1.021898904089438176e+00
1.021897820986508165e+00
1.021896562951802867e+00
1.021896023355115313e+00
1.021895519510658268e+00
1.021895723531353939e+00
1.021896091691818054e+00
1.021897021199507760e+00
1.021898148728426214e+00
1.021899566637457735e+00
1.021901138418863875e+00
1.021902651129813711e+00
1.021904235648608328e+00
1.021905405105601794e+00
1.021906577556234819e+00
1.021907050750561208e+00
1.021907516444567010e+00
1.021907130773790140e+00
1.021906808933247479e+00
1.021905639305662028e+00
1.021904680917517849e+00
1.021903016364034578e+00
1.021901753727416873e+00
1.021900015475758927e+00
1.021898862754151649e+00
1.021897490692474708e+00
1.021896825630639993e+00
1.021896163389023116e+00
1.021896220889204399e+00
1.021896426308168904e+00
1.021897229833442999e+00
1.021898231931539502e+00
1.021899581340114160e+00
1.021901096938972575e+00
1.021902619869760720e+00
1.021904230120223023e+00
1.021905486936193208e+00
1.021906756081836232e+00
1.021907369220428130e+00
1.021907971051831288e+00
1.021907737769816693e+00
1.021907549179623453e+00
1.021906500913839277e+00
1.021905632660885743e+00
1.021904024199420169e+00
1.021902781953007988e+00
1.021901018417176399e+00
1.021899810128138242e+00
1.021898336903841686e+00
1.021897555578771266e+00
1.021896741512725360e+00
1.021896654527535198e+00
1.021896696027549734e+00
1.021897368015983520e+00
1.021898236302769769e+00
1.021899505791093787e+00
1.021900952200543999e+00
1.021902471614866581e+00
1.021904093985192219e+00
1.021905426498052716e+00
1.021906782416156734e+00
1.021907529741787446e+00
1.021908264653983878e+00
1.021908185917080214e+00
1.021908135421949027e+00
1.021907218205810430e+00
1.021906451500188773e+00
1.021904913865643749e+00
1.021903706846526205e+00
1.021901934087806385e+00
1.021900684534751136e+00
1.021899123601540449e+00
1.021898236052764641e+00
1.021897277779828972e+00
1.021897049482021647e+00
1.021896927060286675e+00
1.021897463018206942e+00
1.021898190035832155e+00
1.021899368782224871e+00
1.021900733321098986e+00
1.021902235340976350e+00
1.021903855758150126e+00
1.021905251369334966e+00
1.021906682943938494e+00
1.021907557176401138e+00
1.021908420484860747e+00
1.021908496738837657e+00
1.021908587553210124e+00
1.021907809612912610e+00
1.021907154642653026e+00
1.021905701685966505e+00
1.021904544175004759e+00
1.021902778096718478e+00
1.021901501763031073e+00
1.021899867108241988e+00
1.021898884177481204e+00
1.021897790351545376e+00
1.021897425075483534e+00
1.021897139959807355e+00
1.021897536549398300e+00
1.021898115887516445e+00
1.021899193828310182e+00
1.021900464319670299e+00
1.021901935121005245e+00
1.021903539246429737e+00
1.021904984605668698e+00
1.021906479692476832e+00
1.021907472156761365e+00
1.021908457644719492e+00
1.021908687671782223e+00
1.021908921393195113e+00
1.021908289464564357e+00
1.021907755140079477e+00
1.021906399751276062e+00
1.021905305385158336e+00
1.021903561642061309e+00
1.021902273104225101e+00
1.021900579176072910e+00
1.021899512452425274e+00
1.021898292734486402e+00
1.021897795977521950e+00
1.021897350659335180e+00
1.021897605770346384e+00
1.021898032168728321e+00
1.021899000137788782e+00
1.021900165069876687e+00
1.021901591064771964e+00
1.021903164480464143e+00
1.021904645666573908e+00
1.021906191257449636e+00
1.021907292015407531e+00
1.021908392034655222e+00
1.021908773006394267e+00
1.021909149634221414e+00
