1.000603444564682754e+00
1.000677316901334102e+00
1.000799257114527663e+00
1.000941890470246509e+00
1.001095535152062510e+00
1.001255272217412617e+00
1.001418062226751671e+00
1.001581841587134258e+00
1.001745174339494504e+00
1.001907091591233590e+00
1.002067000234487137e+00
1.002224617237518656e+00
1.002379912637398451e+00
1.002533055717035992e+00
1.002684364012638163e+00
1.002834256804814750e+00
1.002983214920370791e+00
1.003131747874639323e+00
1.003280368289921176e+00
1.003429572611885146e+00
1.003579826656903151e+00
1.003731554486351207e+00
1.003885129401115073e+00
1.004040866309853675e+00
1.004199015196622913e+00
1.004359755800069420e+00
1.004523193874434561e+00
1.004689359524827630e+00
1.004858208104777217e+00
1.005029624046762660e+00
1.005203427782539016e+00
1.005379385621445021e+00
1.005557222123232730e+00
1.005736634169843491e+00
1.005917305658089234e+00
1.006098921551750180e+00
1.006281179985553553e+00
1.006463801222797994e+00
1.006646532525216742e+00
1.006829148366215287e+00
1.007011445858538190e+00
1.007193235722212421e+00
1.007374329543070601e+00
1.007554524436499399e+00
1.007733586521708302e+00
1.007911234826255331e+00
1.008087127377321757e+00
1.008260851285129434e+00
1.008431918559532958e+00
1.008599769183223138e+00
1.008763782548813159e+00
1.008923297718759438e+00
1.009077642087241600e+00
1.009226166968432814e+00
1.009368287531240194e+00
1.009503523535397074e+00
1.009631536720053679e+00
1.009752160656155251e+00
1.009865419513652718e+00
1.009971533485143347e+00
1.010070910351820395e+00
1.010164124539868480e+00
1.010251886604610627e+00
1.010335007062646007e+00
1.010414358695757464e+00
1.010490840910724719e+00
1.010565348678010178e+00
1.010638747311075170e+00
1.010711853198823951e+00
1.010785419780915406e+00
1.010860127639328976e+00
1.010936577530650915e+00
1.011015285392705909e+00
1.011096678699665130e+00
1.011181093904758743e+00
1.011268775026908262e+00
1.011359873666481501e+00
1.011454450857405707e+00
1.011552481171932305e+00
1.011653859392585009e+00
1.011758409863960484e+00
1.011865898357034554e+00
1.011976045955594650e+00
1.012088544155179903e+00
1.012203070102327684e+00
1.012319300745468276e+00
1.012436924653930870e+00
1.012555650400957408e+00
1.012675210686857952e+00
1.012795361763001001e+00
1.012915878156039229e+00
1.013036543133272183e+00
1.013157135752941196e+00
1.013277415682430682e+00
1.013397107233254602e+00
1.013515884253434640e+00
1.013633357632917065e+00
1.013749067202387000e+00
1.013862479710582187e+00
1.013972994306994613e+00
1.014079956490706591e+00
1.014182680784001533e+00
1.014280481463208261e+00
1.014372709601190081e+00
1.014458793587810437e+00
1.014538279397252163e+00
1.014610866387885224e+00
1.014676434539664385e+00
1.014735059841816334e+00
1.014787015971195583e+00
1.014832762213752737e+00
1.014872919418928987e+00
1.014908237250380374e+00
1.014939556802213705e+00
1.014967772662109358e+00
1.014993797806890363e+00
1.015018533568201153e+00
1.015042845636760394e+00
1.015067545980017361e+00
1.015093379814888230e+00
1.015121016453490732e+00
1.015151042864289588e+00
1.015183959044997586e+00
1.015220174661416674e+00
1.015260006768236689e+00
1.015303678729064796e+00
1.015351320659283019e+00
1.015402971811783628e+00
1.015458585308450568e+00
1.015518035493502058e+00
1.015581127961763697e+00
1.015647612020583068e+00
1.015717195016736962e+00
1.015789557648247854e+00
1.015864369138716139e+00
1.015941301025784949e+00
1.016020038336548303e+00
1.016100287097819077e+00
1.016181777438667222e+00
1.016264261945729608e+00
1.016347509376677616e+00
1.016431294273831831e+00
1.016515383410155904e+00
1.016599520322517325e+00
1.016683409435462648e+00
1.016766701452545218e+00
1.016848981787295658e+00
1.016929763805098030e+00
1.017008488517361586e+00
1.017084532065656965e+00
1.017157221812929446e+00
1.017225861100601092e+00
1.017289761758650046e+00
1.017348282358790712e+00
1.017400869136199759e+00
1.017447095683271518e+00
1.017486697161269049e+00
1.017519595053134385e+00
1.017545909447063135e+00
1.017565957387496667e+00
1.017580237687414790e+00
1.017589404386673557e+00
1.017594232385178321e+00
1.017595579406885831e+00
1.017594348283630046e+00
1.017591452717872880e+00
1.017587788474336730e+00
1.017584210694941760e+00
1.017581517006422853e+00
1.017580435449471743e+00
1.017581616022129820e+00
1.017585624718846615e+00
1.017592939235438809e+00
1.017603945877228133e+00
1.017618937560692549e+00
1.017638113081152040e+00
1.017661578001264555e+00
1.017689347585663873e+00
1.017721352164032922e+00
1.017757445154284568e+00
1.017797413735106238e+00
1.017840991850977206e+00
1.017887874904135348e+00
1.017937735187553816e+00
1.017990236893650646e+00
1.018045049439586958e+00
1.018101857907438568e+00
1.018160369606848636e+00
1.018220316103828793e+00
1.018281450477659611e+00
1.018343540015746562e+00
1.018406354985633921e+00
1.018469654499748689e+00
1.018533170794396980e+00
1.018596593475678880e+00
1.018659555441195685e+00
1.018721622261116622e+00
1.018782286774651880e+00
1.018840970491599496e+00
1.018897033037546640e+00
1.018949790305587744e+00
1.018998541164548577e+00
1.019042601561490402e+00
1.019081343749162150e+00
1.019114237339392215e+00
1.019140888149037139e+00
1.019161070582125017e+00
1.019174749729746754e+00
1.019182090487264158e+00
1.019183452638736220e+00
1.019179372738656886e+00
1.019170535343007611e+00
1.019157737340053327e+00
1.019141849574968894e+00
1.019123779623308579e+00
1.019104438620505704e+00
1.019084713803400932e+00
1.019065447194238860e+00
1.019047419910603880e+00
1.019031341038810101e+00
1.019017839856042773e+00
1.019007460333013260e+00
1.019000657166234447e+00
1.018997792960375737e+00
1.018999136522483751e+00
1.019004862491419416e+00
1.019015052683483136e+00
1.019029699579743653e+00
1.019048712312045746e+00
1.019071925331011208e+00
1.019099109679086901e+00
1.019129986475980409e+00
1.019164241896656442e+00
1.019201542635500113e+00
1.019241550656226458e+00
1.019283935966641685e+00
1.019328386250837770e+00
1.019374612433317173e+00
1.019422349609400591e+00
1.019471353206562458e+00
1.019521390689336560e+00
1.019572229540416597e+00
1.019623622612009228e+00
1.019675292230466601e+00
1.019726914651271077e+00
1.019778106599836809e+00
1.019828415687078049e+00
1.019877316432716174e+00
1.019924213424236115e+00
1.019968452739052900e+00
1.020009342126205087e+00
1.020046179578830259e+00
1.020078288881981710e+00
1.020105059612817833e+00
1.020125988087702273e+00
1.020140715115912311e+00
1.020149056339485938e+00
1.020151021537905489e+00
1.020146820537302101e+00
1.020136855099967210e+00
1.020121698050721060e+00
1.020102062528496445e+00
1.020078765290731937e+00
1.020052688256312345e+00
1.020024741971285787e+00
1.019995833633131621e+00
1.019966841035043759e+00
1.019938592610940331e+00
1.019911852900657889e+00
1.019887312303698002e+00
1.019865579916880982e+00
1.019847178448803682e+00
1.019832540543540222e+00
1.019822006217064647e+00
1.019815821436548475e+00
1.019814138112112856e+00
1.019817015902807711e+00
1.019824426256912275e+00
1.019836259012825597e+00
1.019852331691013303e+00
1.019872401330975009e+00
1.019896178404318565e+00
1.019923342012177603e+00
1.019953555305362247e+00
1.019986479899184006e+00
1.020021788028922405e+00
1.020059171321070490e+00
1.020098345328224632e+00
1.020139049356407313e+00
1.020181041552865375e+00
1.020224089667810086e+00
1.020267958312409462e+00
1.020312393880991042e+00
1.020357108577258476e+00
1.020401765181256692e+00
1.020445964314000475e+00
1.020489235987708687e+00
1.020531037143160624e+00
1.020570756629541442e+00
1.020607728630772648e+00
1.020641254855504609e+00
1.020670634893682482e+00
1.020695203068132439e+00
1.020714369011943123e+00
1.020727658279347416e+00
1.020734748773927558e+00
1.020735498847444411e+00
1.020729963681943353e+00
1.020718397961331014e+00
1.020701244642007399e+00
1.020679111491459068e+00
1.020652738586180996e+00
1.020622960829717929e+00
1.020590669625379698e+00
1.020556777186087061e+00
1.020522185832692941e+00
1.020487763352618149e+00
1.020454324367457977e+00
1.020422616887894041e+00
1.020393312876428205e+00
1.020367001638787574e+00
1.020344185106420776e+00
1.020325274428115270e+00
1.020310587655232304e+00
1.020300348614601393e+00
1.020294687279149182e+00
1.020293642052638505e+00
1.020297164376969157e+00
1.020305125951891823e+00
1.020317328640186094e+00
1.020333516840518762e+00
1.020353391782731878e+00
1.020376626884747839e+00
1.020402883059980503e+00
1.020431822727346782e+00
1.020463121285331454e+00
1.020496474975803203e+00
1.020531604364839584e+00
1.020568253067030806e+00
1.020606181784999844e+00
1.020645158176331613e+00
1.020684943456258820e+00
1.020725276973691198e+00
1.020765860252810686e+00
1.020806342172171366e+00
1.020846307054559698e+00
1.020885267447953382e+00
1.020922663258795549e+00
1.020957868609154051e+00
1.020990207285335405e+00
1.021018976903607545e+00
1.021043480958906624e+00
1.021063066827635479e+00
1.021077166718666218e+00
1.021085337715315067e+00
1.021087296648815812e+00
1.021082945768282624e+00
1.021072386088754280e+00
1.021055916812709130e+00
1.021034021071728581e+00
1.021007340051221624e+00
1.020976638956791360e+00
1.020942768972529890e+00
1.020906629254699549e+00
1.020869132215145747e+00
1.020831174153207233e+00
1.020793612026908992e+00
1.020757246099384563e+00
1.020722807520297648e+00
1.020690949634459388e+00
1.020662241877112297e+00
1.020637165393969870e+00
1.020616109890206236e+00
1.020599371570760194e+00
1.020587152324788693e+00
1.020579560498844351e+00
1.020576613683488620e+00
1.020578243904098237e+00
1.020584305463894337e+00
1.020594585450763425e+00
1.020608816616318304e+00
1.020626692006258107e+00
1.020647880415751274e+00
1.020672041515449990e+00
1.020698839388437973e+00
1.020727953263560028e+00
1.020759084428961128e+00
1.020791958637860875e+00
1.020826323733254437e+00
1.020861942666715372e+00
1.020898582519754516e+00
1.020936000518417375e+00
1.020973928344198534e+00
1.021012056281757729e+00
1.021050018906255907e+00
1.021087384094751860e+00
1.021123647127537115e+00
1.021158231491080315e+00
1.021190497658769125e+00
1.021219760567703361e+00
1.021245315713862567e+00
1.021266472787106583e+00
1.021282594660692045e+00
1.021293138504902220e+00
1.021297695026993413e+00
1.021296021568762091e+00
1.021288065176191751e+00
1.021273972824410237e+00
1.021254087601167759e+00
1.021228931530908657e+00
1.021199177473571584e+00
1.021165613785596005e+00
1.021129105939363235e+00
1.021090559016223365e+00
1.021050884077203236e+00
1.021010970173638732e+00
1.020971662519094103e+00
1.020933746366338823e+00
1.020897935552660840e+00
1.020864864495390378e+00
1.020835082546972750e+00
1.020809049927941636e+00
1.020787134827597420e+00
1.020769611608970173e+00
1.020756660324348530e+00
1.020748367914497301e+00
1.020744731518506754e+00
1.020745664261497598e+00
1.020751003721384276e+00
1.020760523021191579e+00
1.020773944180214166e+00
1.020790953028703596e+00
1.020811214698545077e+00
1.020834388498939926e+00
1.020860140913756764e+00
1.020888155538356212e+00
1.020918139004859615e+00
1.020949822297368303e+00
1.020982957285832660e+00
1.021017308756325015e+00
1.021052642639614927e+00
1.021088711507244451e+00
1.021125238699573057e+00
1.021161902670483457e+00
1.021198323278115438e+00
1.021234051811892973e+00
1.021268566500021180e+00
1.021301275049896873e+00
1.021331525390286377e+00
1.021358625171403967e+00
1.021381869730792369e+00
1.021400577196236892e+00
1.021414128287156498e+00
1.021422007374444441e+00
1.021423840687130769e+00
1.021419427423355453e+00
1.021408760066789601e+00
1.021392031423413727e+00
1.021369627603897712e+00
1.021342108062281095e+00
1.021310175469309911e+00
1.021274639296325892e+00
1.021236377308962773e+00
1.021196298723293205e+00
1.021155311760360673e+00
1.021114297065002674e+00
1.021074087255237739e+00
1.021035451975339292e+00
1.020999087340887623e+00
1.020965608563877858e+00
1.020935544726726762e+00
1.020909335006999985e+00
1.020887326026907349e+00
1.020869770334182025e+00
1.020856826268638162e+00
1.020848559610044060e+00
1.020844947430483707e+00
1.020845884489233857e+00
1.020851192319800260e+00
1.020860630887408860e+00
1.020873912374258285e+00
1.020890716324805325e+00
1.020910705107072269e+00
1.020933538469467106e+00
1.020958885934437621e+00
1.020986435887194954e+00
1.021015900480174876e+00
1.021047015848202566e+00
1.021079537566211615e+00
1.021113231728439708e+00
1.021147862441335263e+00
1.021183176873953435e+00
1.021218889287674347e+00
1.021254665670093820e+00
1.021290110724563771e+00
1.021324759005824312e+00
1.021358071916478982e+00
1.021389442047293983e+00
1.021418205910598731e+00
1.021443665448117821e+00
1.021465117796489741e+00
1.021481891727398228e+00
1.021493388076166964e+00
1.021499120526751181e+00
1.021498752556734946e+00
1.021492126362379294e+00
1.021479280287838298e+00
1.021460452632092952e+00
1.021436071490496200e+00
1.021406732158549824e+00
1.021373165189590759e+00
1.021336199128750399e+00
1.021296722083735675e+00
1.021255645691751646e+00
1.021213873936795746e+00
1.021172277990886723e+00
1.021131677107158131e+00
1.021092824789403997e+00
1.021056399072085341e+00
1.021022995720073601e+00
1.020993123384501100e+00
1.020967200102006700e+00
1.020945550893446629e+00
1.020928406534188149e+00
1.020915903792626978e+00
1.020908087549046384e+00
1.020904915208235675e+00
1.020906263709198347e+00
1.020911939225600751e+00
1.020921689364389540e+00
1.020935217343668100e+00
1.020952197312305687e+00
1.020972289716134407e+00
1.020995155468152005e+00
1.021020467677038468e+00
1.021047919840483376e+00
1.021077229701688127e+00
1.021108138360792061e+00
1.021140404676731173e+00
1.021173795437745113e+00
1.021208072179733639e+00
1.021242975866862412e+00
1.021278210909593920e+00
1.021313430181120863e+00
1.021348222801171435e+00
1.021382106471771190e+00
1.021414526042022208e+00
1.021444859704681019e+00
1.021472433741677177e+00
1.021496546012711892e+00
1.021516497436371740e+00
1.021531629624213178e+00
1.021541365742285601e+00
1.021545250796348503e+00
1.021542987090758414e+00
1.021534460780710196e+00
1.021519756299805515e+00
1.021499156918720175e+00
1.021473131528338740e+00
1.021442309575381513e+00
1.021407447521265999e+00
1.021369390950146672e+00
1.021329036408011204e+00
1.021287296311726767e+00
1.021245069091291313e+00
1.021203215454067115e+00
1.021162540579255040e+00
1.021123781340986358e+00
1.021087597359395804e+00
1.021054564723542502e+00
1.021025171496557249e+00
1.020999814476570622e+00
1.020978797048630149e+00
1.020962328260313967e+00
1.020950523454205783e+00
1.020943406879792903e+00
1.020940916682494981e+00
1.020942912533175706e+00
1.020949185931666614e+00
1.020959472918714805e+00
1.020973468601617640e+00
1.020990842589460268e+00
1.021011254197605300e+00
1.021034366164494500e+00
1.021059855656422544e+00
1.021087421522520300e+00
1.021116787081442157e+00
1.021147698130967951e+00
1.021179916319564951e+00
1.021213208455138410e+00
1.021247332713579814e+00
1.021282023028140529e+00
1.021316973184166699e+00
1.021351822312212221e+00
1.021386143561159532e+00
1.021419437723591672e+00
1.021451133443967763e+00
1.021480595320928497e+00
1.021507140676016778e+00
1.021530064983786179e+00
1.021548674971014092e+00
1.021562327288922711e+00
1.021570469604430542e+00
1.021572680158013613e+00
1.021568701517592492e+00
1.021558464585048398e+00
1.021542099928290259e+00
1.021519935096610210e+00
1.021492478449131269e+00
1.021460391803645340e+00
1.021424455518503027e+00
1.021385530193866575e+00
1.021344518957863379e+00
1.021302333432896114e+00
1.021259865249338983e+00
1.021217963721350985e+00
1.021177419293552990e+00
1.021138951752923685e+00
1.021103201989004061e+00
1.021070726192633504e+00
1.021041991682581695e+00
1.021017373919696380e+00
1.020997154619387892e+00
1.020981521150555515e+00
1.020970567584737587e+00
1.020964297822411382e+00
1.020962631172630530e+00
1.020965410604257384e+00
1.020972413638502996e+00
1.020983365542521781e+00
1.020997954154541532e+00
1.021015845373786313e+00
1.021036698136028154e+00
1.021060177611492037e+00
1.021085965430357234e+00
1.021113765960966813e+00
1.021143308010185935e+00
1.021174341738585678e+00
1.021206631032368861e+00
1.021239942001618495e+00
1.021274028647161769e+00
1.021308617039713651e+00
1.021343389581242489e+00
1.021377971069425072e+00
1.021411918354361514e+00
1.021444715340503517e+00
1.021475774908440437e+00
1.021504448964692724e+00
1.021530047234162186e+00
1.021551864579685720e+00
1.021569215608236103e+00
1.021581474213347107e+00
1.021588114685019866e+00
1.021588750311642535e+00
1.021583165217397671e+00
1.021571335665838243e+00
1.021553438224215515e+00
1.021529843863923537e+00
1.021501098958267129e+00
1.021467895838683138e+00
1.021431036724453012e+00
1.021391395229716892e+00
1.021349879261987947e+00
1.021307398144719603e+00
1.021264835534081872e+00
1.021223028484200990e+00
1.021182752091366552e+00
1.021144708629226461e+00
1.021109519958798728e+00
1.021077722159971612e+00
1.021049761656483312e+00
1.021025992478902467e+00
1.021006674648034629e+00
1.020991973916818951e+00
1.020981963259136815e+00
1.020976626530775366e+00
1.020975864651509468e+00
1.020979504476629884e+00
1.020987310260502268e+00
1.020998997296202582e+00
1.021014246988594776e+00
1.021032722335993403e+00
1.021054082609285985e+00
1.021077995967084817e+00
1.021104148849858451e+00
1.021132251247664158e+00
1.021162037303097403e+00
1.021193261144930142e+00
1.021225688296033773e+00
1.021259083416530267e+00
1.021293195500325712e+00
1.021327741927331001e+00
1.021362392982756218e+00
1.021396758587895803e+00
1.021430379033648528e+00
1.021462721442968791e+00
1.021493183471010369e+00
1.021521105335823298e+00
1.021545790623906491e+00
1.021566535433957590e+00
1.021582664365424220e+00
1.021593570751760272e+00
1.021598757571362981e+00
1.021597874865752598e+00
1.021590749458411995e+00
1.021577403415506513e+00
1.021558058992732221e+00
1.021533129572431031e+00
1.021503197973668176e+00
1.021468985120757011e+00
1.021431313046340161e+00
1.021391066408331660e+00
1.021349156151771354e+00
1.021306487870524249e+00
1.021263936144733542e+00
1.021222324963796613e+00
1.021182413509085229e+00
1.021144886147069109e+00
1.021110345432886923e+00
1.021079307136009362e+00
1.021052196644963495e+00
1.021029346478556032e+00
1.021010994953195139e+00
1.020997286288704897e+00
1.020988272559677723e+00
1.020983917909910499e+00
1.020984105346114834e+00
1.020988646224746610e+00
1.020997292264578693e+00
1.021009749592885152e+00
1.021025694011860718e+00
1.021044786407402150e+00
1.021066687064457135e+00
1.021091067637634353e+00
1.021117619665611320e+00
1.021146058799658363e+00
1.021176124303583066e+00
1.021207573824119308e+00
1.021240173875312962e+00
1.021273686885969090e+00
1.021307856000268632e+00
1.021342389088516267e+00
1.021376943616876920e+00
1.021411114139574750e+00
1.021444424201025880e+00
1.021476324339318786e+00
1.021506197623393675e+00
1.021533373689068380e+00
1.021557151535344099e+00
1.021576830413662318e+00
1.021591747060861755e+00
1.021601316433296436e+00
1.021605072196090536e+00
1.021602702732453016e+00
1.021594078553151874e+00
1.021579267793266688e+00
1.021558537914851517e+00
1.021532343554964584e+00
1.021501302308418735e+00
1.021466161722068833e+00
1.021427761595304684e+00
1.021386995701042633e+00
1.021344776346796213e+00
1.021302004042471179e+00
1.021259543262932112e+00
1.021218204188685474e+00
1.021178729564879539e+00
1.021141785487924114e+00
1.021107954949893148e+00
1.021077733224307726e+00
1.021051524536407129e+00
1.021029639825589364e+00
1.021012295711975160e+00
1.020999614988075122e+00
1.020991629055152394e+00
1.020988282708205519e+00
1.020989441547598853e+00
1.020994902072489552e+00
1.021004404216362182e+00
1.021017645756520764e+00
1.021034297716430395e+00
1.021054019635712962e+00
1.021076473454949562e+00
1.021101334782423375e+00
1.021128300484533291e+00
1.021157091851489174e+00
1.021187452994205103e+00
1.021219144575040705e+00
1.021251933413785284e+00
1.021285578902587865e+00
1.021319817487931436e+00
1.021354346727323392e+00
1.021388810602990915e+00
1.021422787870391868e+00
1.021455785218964074e+00
1.021487236893146910e+00
1.021516512118557873e+00
1.021542931158103240e+00
1.021565790064450807e+00
1.021584393222477072e+00
1.021598091675724573e+00
1.021606324161806079e+00
1.021608656953752359e+00
1.021604818239930434e+00
1.021594723046521880e+00
1.021578485669273118e+00
1.021556418128654720e+00
1.021529015024872589e+00
1.021496926969246655e+00
1.021460926123968882e+00
1.021421868020380597e+00
1.021380653666589700e+00
1.021338195128001169e+00
1.021295386552644624e+00
1.021253081351151115e+00
1.021212075207995174e+00
1.021173093952427058e+00
1.021136785075848596e+00
1.021103711768230671e+00
1.021074348634591233e+00
1.021049078620904993e+00
1.021028191034053734e+00
1.021011880825017926e+00
1.021000249488996481e+00
1.020993308008542488e+00
1.020990982224149857e+00
1.020993120866992010e+00
1.020999506246405897e+00
1.021009867278294792e+00
1.021023894211089189e+00
1.021041254104080531e+00
1.021061605891829149e+00
1.021084613772647920e+00
1.021109957715014449e+00
1.021137340084067313e+00
1.021166487726134164e+00
1.021197149268036064e+00
1.021229087836986515e+00
1.021262069837779896e+00
1.021295850801969829e+00
1.021330159631137491e+00
1.021364682788695744e+00
1.021399050151820198e+00
1.021432824310665399e+00
1.021465495075480678e+00
1.021496480787102978e+00
1.021525137676692063e+00
1.021550777946355293e+00
1.021572696430484539e+00
1.021590204685374204e+00
1.021602670245802535e+00
1.021609557753676567e+00
1.021610467923436794e+00
1.021605170078614622e+00
1.021593624424625979e+00
1.021575991335699207e+00
1.021552626582667544e+00
1.021524063311807673e+00
1.021490983314449430e+00
1.021454181335845979e+00
1.021414526625901154e+00
1.021372925603153181e+00
1.021330288559083144e+00
1.021287502077449449e+00
1.021245407612940248e+00
1.021204785719937780e+00
1.021166344869942622e+00
1.021130713639340382e+00
1.021098435193215304e+00
1.021069963307741579e+00
1.021045659545936735e+00
1.021025791544467820e+00
1.021010532632599332e+00
1.020999963163730317e+00
1.020994073986037476e+00
1.020992772411435157e+00
1.020995890869291323e+00
1.021003198171485771e+00
1.021014412999585286e+00
1.021029218897016699e+00
1.021047279761267301e+00
1.021068254635419947e+00
1.021091810535979416e+00
1.021117632145721377e+00
1.021145427440967257e+00
1.021174928681973793e+00
1.021205888625610125e+00
1.021238072268263686e+00
1.021271244848120041e+00
1.021305157198719060e+00
1.021339529835912252e+00
1.021374037375488708e+00
1.021408295018126466e+00
1.021441848892849613e+00
1.021474171995522040e+00
1.021504667255539678e+00
1.021532678865602950e+00
1.021557512380319555e+00
1.021578463225998767e+00
1.021594852217749372e+00
1.021606065571003752e+00
1.021611595908181069e+00
1.021611080120107262e+00
1.021604329853799120e+00
1.021591350989534241e+00
1.021572349725259565e+00
1.021547724620445408e+00
1.021518045835093869e+00
1.021484024438749305e+00
1.021446475713764013e+00
1.021406280645510423e+00
1.021364349298579999e+00
1.021321588733162367e+00
1.021278876840628458e+00
1.021237042292237440e+00
1.021196849927695993e+00
1.021158990453484350e+00
1.021124073243587116e+00
1.021092621230500708e+00
1.021065067213339450e+00
1.021041751281539067e+00
1.021022919380629723e+00
1.021008723287498254e+00
1.020999222396329342e+00
1.020994387736162690e+00
1.020994108548430646e+00
1.020998201558009910e+00
1.021006422795353696e+00
1.021018481504404996e+00
1.021034055347525449e+00
1.021052805847599831e+00
1.021074392839353528e+00
1.021098486674042238e+00
1.021124777049102761e+00
1.021152977605737977e+00
1.021182825817668505e+00
1.021214078133558356e+00
1.021246500781682887e+00
1.021279857055262807e+00
1.021313892243683963e+00
1.021348317647789328e+00
1.021382795315364245e+00
1.021416925254121200e+00
1.021450236911698672e+00
1.021482186627291400e+00
1.021512162515438416e+00
1.021539497793533258e+00
1.021563492880323443e+00
1.021583445680332325e+00
1.021598688395281229e+00
1.021608628104356598e+00
1.021612787427946811e+00
1.021610841058927521e+00
1.021602644006787797e+00
1.021588248151138467e+00
1.021567905088733852e+00
1.021542055059676546e+00
1.021511303600911802e+00
1.021476389105205218e+00
1.021438145343442017e+00
1.021397463091980651e+00
1.021355254362159348e+00
1.021312421601131337e+00
1.021269832952538259e+00
1.021228303537954130e+00
1.021188581943962337e+00
1.021151340736500712e+00
1.021117169820539017e+00
1.021086571702624735e+00
1.021059958068988749e+00
1.021037647458974185e+00
1.021019864124343091e+00
1.021006738382512546e+00
1.020998308879593086e+00
1.020994527172624622e+00
1.020995264923084456e+00
1.021000323777955465e+00
1.021009447724366082e+00
1.021022337376379152e+00
1.021038665336281959e+00
1.021058091521166222e+00
1.021080277207060183e+00
1.021104896550293351e+00
1.021131644508237901e+00
1.021160240381787432e+00
1.021190426600464551e+00
1.021221962816329265e+00
1.021254615813889099e+00
1.021288146140315156e+00
1.021322292690574285e+00
1.021356756737741289e+00
1.021391187079485618e+00
1.021425168074045153e+00
1.021458212347418293e+00
1.021489759836098798e+00
1.021519184542361680e+00
1.021545809877770328e+00
1.021568932731390378e+00
1.021587855441400183e+00
1.021601923754515084e+00
1.021610567778763912e+00
1.021613342079203957e+00
1.021609960656763461e+00
1.021600322766279101e+00
1.021584526438215956e+00
1.021562868076709485e+00
1.021535828356555431e+00
1.021504046461793713e+00
1.021468286112318768e+00
1.021429397527013672e+00
1.021388279374934704e+00
1.021345843983829216e+00
1.021302987882199753e+00
1.021260568481462627e+00
1.021219386645322302e+00
1.021180174211622882e+00
1.021143585259304043e+00
1.021110189976803806e+00
1.021080470265111728e+00
1.021054816574499480e+00
1.021033525832853117e+00
1.021016800615243136e+00
1.021004749897565400e+00
1.020997391818758482e+00
1.020994658843549896e+00
1.020996405576281241e+00
1.021002419240849335e+00
1.021012432539231574e+00
1.021026138271593053e+00
1.021043204794899184e+00
1.021063291167474185e+00
1.021086060719804012e+00
1.021111191835086807e+00
1.021138384919591857e+00
1.021167364869821181e+00
1.021197878757492461e+00
1.021229688901899024e+00
1.021262561933089952e+00
1.021296254832467554e+00
1.021330499250809209e+00
1.021364985642147616e+00
1.021399348915251526e+00
1.021433157387171775e+00
1.021465906806195090e+00
1.021497021059284194e+00
1.021525860846099976e+00
1.021551741046656137e+00
1.021573956716496312e+00
1.021591816644323636e+00
