1.000603444564682754e+00
1.000676563948370124e+00
1.000795282935844632e+00
1.000931714058695521e+00
1.001079680942375649e+00
1.001239840861785524e+00
1.001411768379858902e+00
1.001592426327518437e+00
1.001778457603276884e+00
1.001966502664084491e+00
1.002151849442002529e+00
1.002330588369750863e+00
1.002504267081272049e+00
1.002679405475135344e+00
1.002861245520098477e+00
1.003049959941922475e+00
1.003242667631419671e+00
1.003436072013363489e+00
1.003626002188154009e+00
1.003807666368389473e+00
1.003979976158813958e+00
1.004148354261705123e+00
1.004320327126371426e+00
1.004499189513680335e+00
1.004683282941787770e+00
1.004869231344206248e+00
1.005053177965377520e+00
1.005230121944063804e+00
1.005396469831442152e+00
1.005554719093831650e+00
1.005712604153738088e+00
1.005876356585941211e+00
1.006046627655458270e+00
1.006220484933085579e+00
1.006394230920669930e+00
1.006563244643282617e+00
1.006722538494303487e+00
1.006871228634657056e+00
1.007015232138618988e+00
1.007162594796372268e+00
1.007316943999950087e+00
1.007476690591492696e+00
1.007638292507571753e+00
1.007797604756424548e+00
1.007949396012939092e+00
1.008090058176080994e+00
1.008222301249456221e+00
1.008354157334392376e+00
1.008492086070378990e+00
1.008636830098101012e+00
1.008785410544761341e+00
1.008933978522859265e+00
1.009077736735244590e+00
1.009211612469085528e+00
1.009334792426906047e+00
1.009453362668263354e+00
1.009575522202278863e+00
1.009704974442855674e+00
1.009840128115909064e+00
1.009977372968928755e+00
1.010112452732606414e+00
1.010240043418001665e+00
1.010356535206213602e+00
1.010464729413991680e+00
1.010572765803806172e+00
1.010687163621326601e+00
1.010808672848846568e+00
1.010934284991654053e+00
1.011060089050143995e+00
1.011181212452596512e+00
1.011292547444909928e+00
1.011393321679343149e+00
1.011489701122420204e+00
1.011589938265496924e+00
1.011697745240254243e+00
1.011811513865001677e+00
1.011927599991670590e+00
1.012041694950284398e+00
1.012148429280203654e+00
1.012244199112566134e+00
1.012331863270904631e+00
1.012419615874857737e+00
1.012513990087743565e+00
1.012615722038556765e+00
1.012721781009425115e+00
1.012828222593040284e+00
1.012930131940562140e+00
1.013022384214824934e+00
1.013104241255533777e+00
1.013181923439104626e+00
1.013263707824040960e+00
1.013353296209234644e+00
1.013449060273812874e+00
1.013547333711501297e+00
1.013643775374206912e+00
1.013732987499713856e+00
1.013811376867748582e+00
1.013881849970883042e+00
1.013952637672544732e+00
1.014030271498208124e+00
1.014115466782570474e+00
1.014205173853473418e+00
1.014295425954957475e+00
1.014381279246701295e+00
1.014457600252709257e+00
1.014523683771541451e+00
1.014585794748448899e+00
1.014652222584727426e+00
1.014726650605562330e+00
1.014807429311257447e+00
1.014890875809773441e+00
1.014972625826086494e+00
1.015047261972127579e+00
1.015111204938556888e+00
1.015167404690239472e+00
1.015224119933280988e+00
1.015287872410550296e+00
1.015359353235068873e+00
1.015435495853517445e+00
1.015512317271842546e+00
1.015584852099203239e+00
1.015647963405942988e+00
1.015700978775369911e+00
1.015750202182759354e+00
1.015803928129865863e+00
1.015865816762953511e+00
1.015934197106619363e+00
1.016005373256477551e+00
1.016074963544887799e+00
1.016137536448420642e+00
1.016189528932468944e+00
1.016233932018510977e+00
1.016279026622040282e+00
1.016331319572226555e+00
1.016391475828945623e+00
1.016456413561826366e+00
1.016522137582279495e+00
1.016583665837133221e+00
1.016635861533019103e+00
1.016678085146430988e+00
1.016716676066896419e+00
1.016759929075506053e+00
1.016811478153886394e+00
1.016869630913805445e+00
1.016930680999219350e+00
1.016990233256957143e+00
1.017042845847581312e+00
1.017084973810171711e+00
1.017119647667670046e+00
1.017155166650420162e+00
1.017198019186248192e+00
1.017248842945254861e+00
1.017304542122889455e+00
1.017361112206236262e+00
1.017413557914743638e+00
1.017456745219741610e+00
1.017490067683586297e+00
1.017519897560192454e+00
1.017554526489462097e+00
1.017597560294972059e+00
1.017647285410260505e+00
1.017699986942627977e+00
1.017751259028368160e+00
1.017795652266319628e+00
1.017829641146512198e+00
1.017856294611592105e+00
1.017883927385709875e+00
1.017919007050565927e+00
1.017962143340519265e+00
1.018010227547059277e+00
1.018059247899132380e+00
1.018104198322664633e+00
1.018139949478588102e+00
1.018165928202535486e+00
1.018188537767429125e+00
1.018216064232744245e+00
1.018252083973006261e+00
1.018294862579647519e+00
1.018340678043301306e+00
1.018385115715398026e+00
1.018422720572514262e+00
1.018449987577371152e+00
1.018470023336845554e+00
1.018491156062437675e+00
1.018519830853629404e+00
1.018556629235150224e+00
1.018598430461812310e+00
1.018641216922509862e+00
1.018679973383198156e+00
1.018709576547294660e+00
1.018729486692065089e+00
1.018746136825303905e+00
1.018767805781166214e+00
1.018798039756827700e+00
1.018835083902436933e+00
1.018875210093960648e+00
1.018913996129184651e+00
1.018945982642121439e+00
1.018967685802949052e+00
1.018982249394575712e+00
1.018998013771969191e+00
1.019021400564017910e+00
1.019052963094046138e+00
1.019089569264652884e+00
1.019127196513796907e+00
1.019160821443815035e+00
1.019185327705683264e+00
1.019200209180025407e+00
1.019211927774016591e+00
1.019228754070357290e+00
1.019254203780974422e+00
1.019286502042034748e+00
1.019321915278831092e+00
1.019356014431244795e+00
1.019383336572606158e+00
1.019400419606157904e+00
1.019410444212034195e+00
1.019421762040413126e+00
1.019440770726403489e+00
1.019467995581676334e+00
1.019500293685303927e+00
1.019533638020564403e+00
1.019562997564463336e+00
1.019583263504940440e+00
1.019593963489386246e+00
1.019601587809123577e+00
1.019614398193049443e+00
1.019635879826712443e+00
1.019664238250212129e+00
1.019695734856110647e+00
1.019725934057673422e+00
1.019749369817783524e+00
1.019762602161892406e+00
1.019768848530492544e+00
1.019776471342619839e+00
1.019791843999311665e+00
1.019815464077074907e+00
1.019844178237899079e+00
1.019873955251953568e+00
1.019899756724765183e+00
1.019916481776069306e+00
1.019923691985145986e+00
1.019927905707269877e+00
1.019937375459258000e+00
1.019955555990545104e+00
1.019980633627942446e+00
1.020008864991533315e+00
1.020035808089800877e+00
1.020055994038386871e+00
1.020066005295433120e+00
1.020069096003257014e+00
1.020073638996078946e+00
1.020085983333733237e+00
1.020106599148153492e+00
1.020132323002276076e+00
1.020159119557400018e+00
1.020181943158966043e+00
1.020195701153474577e+00
1.020199989214344294e+00
1.020201353534271327e+00
1.020208037165556414e+00
1.020223464544356862e+00
1.020245803118465577e+00
1.020271304909737164e+00
1.020295521552929907e+00
1.020312981499662541e+00
1.020320289912162615e+00
1.020320737604814676e+00
1.020322707538261930e+00
1.020332524354460091e+00
1.020350631000465746e+00
1.020373854198848518e+00
1.020398154553343151e+00
1.020418479216313568e+00
1.020429744018973350e+00
1.020431578882509793e+00
1.020430557635401136e+00
1.020434913630434703e+00
1.020448041087532953e+00
1.020468088858810463e+00
1.020491304505585894e+00
1.020513233305014644e+00
1.020528401213797398e+00
1.020533436353054491e+00
1.020531666176514030e+00
1.020531483483778867e+00
1.020539188396893060e+00
1.020555196887334759e+00
1.020576326058460603e+00
1.020598532504611855e+00
1.020616756262257230e+00
1.020625921901650912e+00
1.020625693732232442e+00
1.020622673004723424e+00
1.020625083111846187e+00
1.020636288105127853e+00
1.020654418478680991e+00
1.020675717462276477e+00
1.020695724013744421e+00
1.020708961780259383e+00
1.020712082089515249e+00
1.020708448983927319e+00
1.020706464789470580e+00
1.020712404962456521e+00
1.020726658657040931e+00
1.020746033555214094e+00
1.020766482308007594e+00
1.020782937943312429e+00
1.020790334032533497e+00
1.020788369398636597e+00
1.020783672477403536e+00
1.020784456405723128e+00
1.020794055066062356e+00
1.020810580795703082e+00
1.020830272624159374e+00
1.020848663259252387e+00
1.020860274246062627e+00
1.020861780360944993e+00
1.020856582163954140e+00
1.020853091168308691e+00
1.020857557980078933e+00
1.020870345053294548e+00
1.020888250831037070e+00
1.020907224106890610e+00
1.020922191035706028e+00
1.020928094458326996e+00
1.020924667821710319e+00
1.020918566489524171e+00
1.020917993021007275e+00
1.020926251093474235e+00
1.020941435061836211e+00
1.020959779889460073e+00
1.020976812127391220e+00
1.020987051440700455e+00
1.020987196288914323e+00
1.020980683662923383e+00
1.020975933908538025e+00
1.020979172573911686e+00
1.020990735502562696e+00
1.021007412069321107e+00
1.021025147308202818e+00
1.021038860652808911e+00
1.021043504480930286e+00
1.021038846961191959e+00
1.021031570118171139e+00
1.021029865601458475e+00
1.021037006827935079e+00
1.021051070326310484e+00
1.021068287126432050e+00
1.021084177726694797e+00
1.021093260137293512e+00
1.021092256725239400e+00
1.021084640816779743e+00
1.021078841234175583e+00
1.021081058253544338e+00
1.021091601182321673e+00
1.021107250487124141e+00
1.021123947541977106e+00
1.021136605213552873e+00
1.021140185675940337e+00
1.021134491907007114e+00
1.021126232326111438e+00
1.021123587345966310e+00
1.021129800062584803e+00
1.021142929322617521e+00
1.021159202348304484e+00
1.021174133687818841e+00
1.021182239914171452e+00
1.021180267514107509e+00
1.021171726051665063e+00
1.021165052479678703e+00
1.021166421594847273e+00
1.021176116237049847e+00
1.021190908114286700e+00
1.021206735032986757e+00
1.021218503438674929e+00
1.021221185547532606e+00
1.021214619226732623e+00
1.021205539033250176e+00
1.021202113831106484e+00
1.021207556339607025e+00
1.021219907859618026e+00
1.021235391920838120e+00
1.021249517212730495e+00
1.021256799074214960e+00
1.021254008311271555e+00
1.021244690630851215e+00
1.021237290788278074e+00
1.021237957908400773e+00
1.021246948432030122e+00
1.021261025447723680e+00
1.021276123273652026e+00
1.021287142064485343e+00
1.021289064307949968e+00
1.021281762835211548e+00
1.021271998097408762e+00
1.021267927119196450e+00
1.021272732197360700e+00
1.021284437217881091e+00
1.021299262119785833e+00
1.021312709809228725e+00
1.021319294576013892e+00
1.021315811732494083e+00
1.021305843039076899e+00
1.021297840746630881e+00
1.021297928134336175e+00
1.021306335315384839e+00
1.021319816887896303e+00
1.021334303745287331e+00
1.021344689863178612e+00
1.021345968213478228e+00
1.021338046662246146e+00
1.021327711326746046e+00
1.021323107124335827e+00
1.021327385895473228e+00
1.021338554238108376e+00
1.021352828588668160e+00
1.021365706127566497e+00
1.021371700261849202e+00
1.021367630986153685e+00
1.021357116031325063e+00
1.021348614858031079e+00
1.021348224744840882e+00
1.021356149552696380e+00
1.021369135508721993e+00
1.021383110128972760e+00
1.021392961303367208e+00
1.021393692685024668e+00
1.021385247243087324e+00
1.021374436547789477e+00
1.021369393162710804e+00
1.021373238449810650e+00
1.021383961842481369e+00
1.021397776349518560e+00
1.021410173466143601e+00
1.021415665865931022e+00
1.021411098392066119e+00
1.021400124669020304e+00
1.021391211100639795e+00
1.021390428826919994e+00
1.021397955535556790e+00
1.021410529193473637e+00
1.021424073972050151e+00
1.021433471752384969e+00
1.021433737052416246e+00
1.021424848010496600e+00
1.021413641449655962e+00
1.021408237351700166e+00
1.021411726587874380e+00
1.021422081547382676e+00
1.021435511874822399e+00
1.021447503406042845e+00
1.021452568216067558e+00
1.021447576154942194e+00
1.021436216669199482e+00
1.021426962855177756e+00
1.021425859590357810e+00
1.021433058470931243e+00
1.021445289306873061e+00
1.021458472945191875e+00
1.021467485321555735e+00
1.021467351991478534e+00
1.021458086326951342e+00
1.021446550214061499e+00
1.021440850839695047e+00
1.021444048579913222e+00
1.021454098897152551e+00
1.021467208125644621e+00
1.021478856455917406e+00
1.021483555488088779e+00
1.021478200231037636e+00
1.021466515885760540e+00
1.021456982002836522e+00
1.021455617084101153e+00
1.021462546717670783e+00
1.021474492653447808e+00
1.021487372424603635e+00
1.021496056074488123e+00
1.021495580360624711e+00
1.021485993951521287e+00
1.021474183614404563e+00
1.021468243539357168e+00
1.021471203608346645e+00
1.021481002471649635e+00
1.021493843199342777e+00
1.021505200341893627e+00
1.021509585139841025e+00
1.021503917907941927e+00
1.021491959536704908e+00
1.021482195801884929e+00
1.021480618724424749e+00
1.021487327968524372e+00
1.021499037315644065e+00
1.021511660988354331e+00
1.021520063183474436e+00
1.021519292018855829e+00
1.021509431520906119e+00
1.021497393161542977e+00
1.021491257940318587e+00
1.021494025249904514e+00
1.021503617040390166e+00
1.021516233158070053e+00
1.021527342512440484e+00
1.021531456094000312e+00
1.021525519666624415e+00
1.021513329746885912e+00
1.021503378113120863e+00
1.021501630205636779e+00
1.021508159848898201e+00
1.021519672943310031e+00
1.021532080398864561e+00
1.021540240606752414e+00
1.021539213199129215e+00
1.021529117620187277e+00
1.021516889873667733e+00
1.021510597580579605e+00
1.021513209651419452e+00
1.021522631445656470e+00
1.021535059621799579e+00
1.021545957443375396e+00
1.021549835756563995e+00
1.021543665914656618e+00
1.021531279997435648e+00
1.021521175567635664e+00
1.021519291388940154e+00
1.021525675529847632e+00
1.021537026093680023e+00
1.021549250672275422e+00
1.021557201889042199e+00
1.021555951041395849e+00
1.021545653049691360e+00
1.021533268278810969e+00
1.021526850787173313e+00
1.021529339011619797e+00
1.021538621828425031e+00
1.021550892741050376e+00
1.021561609359484368e+00
1.021565282488903215e+00
1.021558909209989707e+00
1.021546357102836478e+00
1.021536129299354556e+00
1.021534137793215002e+00
1.021540404980095129e+00
1.021551621247465569e+00
1.021563690860970652e+00
1.021571460712296986e+00
1.021570013912972641e+00
1.021559540916391784e+00
1.021547026279131520e+00
1.021540510315791295e+00
1.021542900998950509e+00
1.021552070827250969e+00
1.021564210179382037e+00
1.021574771002655702e+00
1.021578264163102379e+00
1.021571712604872229e+00
1.021559019345008590e+00
1.021548692871418806e+00
1.021546618316280686e+00
1.021552792484955674e+00
1.021563898128050596e+00
1.021575836175260266e+00
1.021583447821618806e+00
1.021581828140112558e+00
1.021571203172576769e+00
1.021558581498487328e+00
1.021551989509538849e+00
1.021554304724080264e+00
1.021563383367096733e+00
1.021575412720841181e+00
1.021585839059848677e+00
1.021589173411968199e+00
1.021582464719282379e+00
1.021569651371734944e+00
1.021559247001552206e+00
1.021557109789513973e+00
1.021563211032623375e+00
1.021574225921738188e+00
1.021586052039562986e+00
1.021593524919005347e+00
1.021591751740710707e+00
1.021580994188919789e+00
1.021568284697547790e+00
1.021561635558094316e+00
1.021563893845321092e+00
1.021572899613192753e+00
1.021584837074249297e+00
1.021595146819495259e+00
1.021598340138983207e+00
1.021591492105761168e+00
1.021578576417832451e+00
1.021568111641304011e+00
1.021565928917116395e+00
1.021571974115482950e+00
1.021582914943017784e+00
1.021594645623329800e+00
1.021601996061391127e+00
1.021600085690762327e+00
1.021589211890675752e+00
1.021576430781213851e+00
1.021569740378061031e+00
1.021571957323721636e+00
1.021580905602663014e+00
1.021592766383005113e+00
1.021602974560937405e+00
1.021606041788662989e+00
1.021599069401923465e+00
1.021586066341125587e+00
1.021575555896953036e+00
1.021573342083549996e+00
1.021579345425704721e+00
1.021590226219861286e+00
1.021601875317450947e+00
1.021609117029431690e+00
1.021607083186701015e+00
1.021596106914749225e+00
1.021583267851702503e+00
1.021576549563460112e+00
1.021578738272416409e+00
1.021587641994138762e+00
1.021599438876285459e+00
1.021609558108435234e+00
1.021612511804503631e+00
1.021605427693429213e+00
1.021592349891576434e+00
1.021581806206019127e+00
1.021579573438701427e+00
1.021585546850318327e+00
1.021596379399920096e+00
1.021607958552714468e+00
1.021615103059295482e+00
1.021612957291547774e+00
1.021601890171228488e+00
1.021589004686533464e+00
1.021582269781284191e+00
1.021584441270866561e+00
1.021593311301769447e+00
1.021605055023864894e+00
1.021615095907786985e+00
1.021617946628358808e+00
1.021610761437070636e+00
1.021597619559036607e+00
1.021587053110654342e+00
1.021584811597900488e+00
1.021590765098818965e+00
1.021601559306640539e+00
1.021613078285333653e+00
1.021620135258487716e+00
1.021617887281903503e+00
1.021606739122413510e+00
1.021593816950467692e+00
1.021587074917222226e+00
1.021589238445208547e+00
1.021598083911007704e+00
1.021609783488135026e+00
1.021619754915382927e+00
1.021622511527330079e+00
1.021615234226282087e+00
1.021602037278169561e+00
1.021591456902760431e+00
1.021589215227974634e+00
1.021595157230872575e+00
1.021605921409312945e+00
1.021617388410039018e+00
1.021624365962707337e+00
1.021622023949291913e+00
1.021610803029364245e+00
1.021597852387961414e+00
1.021591111214680048e+00
1.021593274554476904e+00
1.021602103112635440e+00
1.021613766106534982e+00
1.021623675529670594e+00
1.021626345474914377e+00
1.021618983622631038e+00
1.021605739210913466e+00
1.021595152358026226e+00
1.021592917733426642e+00
1.021598855295156039e+00
1.021609596415089749e+00
1.021621018305818751e+00
1.021627923235876034e+00
1.021625494055069083e+00
1.021614207362264271e+00
1.021601235189532719e+00
1.021594501597666182e+00
1.021596671270469159e+00
1.021605489340049022e+00
1.021617122086714513e+00
1.021626975744688082e+00
1.021629565263429962e+00
1.021622125227653388e+00
1.021608839778233024e+00
1.021598252728058487e+00
1.021596031209364597e+00
1.021601970243472657e+00
1.021612694144673927e+00
1.021624076673587789e+00
1.021630914670245804e+00
1.021628404093431808e+00
1.021617057526787331e+00
1.021604069681914417e+00
1.021597349325112480e+00
1.021599530796583499e+00
1.021608343752946180e+00
1.021619951555418071e+00
1.021629754664524770e+00
1.021632268984461245e+00
1.021624756129690947e+00
1.021611435073736196e+00
1.021600853121138019e+00
1.021598649789717150e+00
1.021604595246720981e+00
1.021615306816332946e+00
1.021626654788573951e+00
1.021633430607501003e+00
1.021630843481597939e+00
1.021619442023705027e+00
1.021606443457413915e+00
1.021599741090286839e+00
1.021601938937555687e+00
1.021610751277644225e+00
1.021622338569650790e+00
1.021632095485635272e+00
1.021634538982635121e+00
1.021626957829443016e+00
1.021613605761295673e+00
1.021603033372185720e+00
1.021600852489797040e+00
1.021606808510292286e+00
1.021617511834364223e+00
1.021628829262098748e+00
1.021635546874130718e+00
1.021632887269043444e+00
1.021621435132253009e+00
1.021608430031661685e+00
1.021601749653160418e+00
1.021603967706664839e+00
1.021612783189334461e+00
1.021624353674206009e+00
1.021634068029870113e+00
1.021636444364393270e+00
1.021628798724715015e+00
1.021615419535999880e+00
1.021604860480135990e+00
1.021602705620305640e+00
1.021608675664903210e+00
1.021619374156955473e+00
1.021630664386673271e+00
1.021637327103964488e+00
1.021634598437686225e+00
1.021623099188164518e+00
1.021610091099690365e+00
1.021603436074729032e+00
1.021605677538486745e+00
1.021614499303455936e+00
1.021626056071839095e+00
1.021635730893641680e+00
1.021638043126334994e+00
1.021630336218110946e+00
1.021616933211372480e+00
1.021606390674856701e+00
1.021604264834139464e+00
1.021610251793470203e+00
1.021620948303298970e+00
1.021632214123522120e+00
1.021638824706279980e+00
1.021636029850731653e+00
1.021624486513402319e+00
1.021611478446713850e+00
1.021604851609006159e+00
1.021607119162277755e+00
1.021615949830639636e+00
1.021627495459940027e+00
1.021637133266476205e+00
1.021639383955793123e+00
1.021631618499769800e+00
1.021618194484401165e+00
1.021607671164631137e+00
1.021605576856485786e+00
1.021611583143982482e+00
1.021622280049408138e+00
1.021633523781496855e+00
1.021640084527941417e+00
1.021637225898161860e+00
1.021625641045119437e+00
1.021612635560690485e+00
1.021606039299343571e+00
1.021608335182212723e+00
1.021617176941022720e+00
1.021628713579073366e+00
1.021638316463914897e+00
1.021640507748209581e+00
1.021632686049323446e+00
1.021619243422195122e+00
1.021608741607642923e+00
1.021606680941289147e+00
1.021612708571115524e+00
1.021623407855021037e+00
1.021634631429399809e+00
1.021641144251266287e+00
1.021638223880241281e+00
1.021626599704904326e+00
1.021613598987421323e+00
1.021607035319521906e+00
1.021609361404621108e+00
1.021618216077781138e+00
1.021629745512939724e+00
1.021639315214022847e+00
1.021641448880294512e+00
1.021633572895789488e+00
1.021620113708709754e+00
1.021609635345658740e+00
1.021607610092034157e+00
1.021613660744252527e+00
1.021624364059003920e+00
1.021635569078894967e+00
1.021642035564540141e+00
1.021639055165721732e+00
1.021627393544758178e+00
1.021614399464410017e+00
1.021607870095615933e+00
1.021610227947996608e+00
1.021619097055419978e+00
1.021630620775075382e+00
1.021640158732602721e+00
1.021642236273835103e+00
1.021634307670060027e+00
1.021620833686003760e+00
1.021610380434158305e+00
1.021608392080879169e+00
1.021614467155758099e+00
1.021625175876890168e+00
1.021636363671418302e+00
1.021642785138386689e+00
1.021639746157751993e+00
1.021628048702624803e+00
1.021615062866098933e+00
1.021608569241056141e+00
1.021610960168009452e+00
1.021619844974862801e+00
1.021631364214128368e+00
1.021640871618748836e+00
1.021642894281608260e+00
1.021634914481241996e+00
1.021621427221086620e+00
1.021611000499794031e+00
1.021609050296837573e+00
1.021615150960003549e+00
1.021625866230855717e+00
1.021637037899201683e+00
1.021643415437925917e+00
1.021640319097234961e+00
1.021628587197016103e+00
1.021615610989855316e+00
1.021609154334070846e+00
1.021611579426517480e+00
1.021620480984135604e+00
1.021631996766312334e+00
1.021641474599157551e+00
1.021643443423619679e+00
1.021635413644889745e+00
1.021621914426219524e+00
1.021611515452842900e+00
1.021609604450484543e+00
1.021615731670425298e+00
1.021626454439230169e+00
1.021637610887319525e+00
1.021643945397425313e+00
1.021640792730150515e+00
1.021629027587073191e+00
1.021616062208840159e+00
1.021609643563457848e+00
1.021612103730328069e+00
1.021621022910214727e+00
1.021632536080424147e+00
1.021641985146383824e+00
1.021643900998661980e+00
1.021635822287926487e+00
1.021622312257266074e+00
1.021611942079067914e+00
1.021610071159408273e+00
1.021616225738650741e+00
1.021626956789376095e+00
1.021638098760394797e+00
1.021644390980895434e+00
1.021641182862099484e+00
1.021629385521118483e+00
1.021616432014637699e+00
1.021610052265357282e+00
1.021612548262198716e+00
1.021621485784324435e+00
1.021632997037506652e+00
1.021642417992937091e+00
1.021644281592898107e+00
1.021636154851771838e+00
1.021622635011421476e+00
1.021612294532106890e+00
1.021610464435332544e+00
1.021616647036426961e+00
1.021627387014484301e+00
1.021638515114319468e+00
1.021644765648793918e+00
1.021641502820042291e+00
1.021629674193479165e+00
1.021616733469219440e+00
1.021610393370423253e+00
1.021612925823271345e+00
1.021621882279696303e+00
1.021633392183992184e+00
1.021642785559855771e+00
1.021644597503920782e+00
1.021636423511932623e+00
1.021622894742383325e+00
1.021612584744283847e+00
1.021610796090618445e+00
1.021617007257862308e+00
1.021627756691610989e+00
1.021638871410138982e+00
1.021645080747802581e+00
1.021641763838011974e+00
1.021629904726183646e+00
1.021616977582672003e+00
1.021610677777628817e+00
1.021613247203005059e+00
1.021622223077678138e+00
1.021633732094026970e+00
1.021643098315295317e+00
1.021644859095644176e+00
1.021636638529238361e+00
1.021623101607978867e+00
1.021612822770664675e+00
1.021611076078795310e+00
1.021617316256475894e+00
1.021628075575286010e+00
1.021639177304255686e+00
1.021645345837663532e+00
1.021641975380626066e+00
1.021630086489186517e+00
1.021617173630172903e+00
1.021610914668031223e+00
1.021613521489770582e+00
1.021622517175188261e+00
1.021634025673826773e+00
1.021643365075818100e+00
1.021645075096561994e+00
1.021636808545108632e+00
1.021623264162468292e+00
1.021613017078435881e+00
1.021611312781047332e+00
1.021617582328824714e+00
1.021628351878309360e+00
1.021639440926428666e+00
1.021645568966416562e+00
1.021642145415589509e+00
1.021630227370168509e+00
1.021617329419120868e+00
1.021611111769263447e+00
1.021613756332727663e+00
1.021622772144012092e+00
1.021634280418415752e+00
1.021643593260603833e+00
1.021645252851462571e+00
1.021636940830792373e+00
1.021623389603344645e+00
1.021613174791291545e+00
1.021611513248213310e+00
1.021617812454139962e+00
1.021628592509048916e+00
1.021639669114756455e+00
1.021645756903093449e+00
1.021642280644127432e+00
1.021630334002734397e+00
1.021617451515121289e+00
1.021611275579331624e+00
1.021613958163461344e+00
1.021622994350293023e+00
1.021634502628996355e+00
1.021643789106721378e+00
1.021645398534621663e+00
1.021637041498513643e+00
1.021623483980449443e+00
1.021613301896539872e+00
1.021611683405904802e+00
1.021618012497475858e+00
1.021628803272641273e+00
1.021639867614949626e+00
1.021645915335080534e+00
1.021642386696460125e+00
1.021630411960019913e+00
1.021617545433747054e+00
1.021611411556549331e+00
1.021614132384101037e+00
1.021623189140858923e+00
1.021634697597498587e+00
1.021643957851918083e+00
1.021645517330854069e+00
1.021637115680798846e+00
1.021623552373597921e+00
1.021613403421043564e+00
1.021611828228778052e+00
1.021618187382330234e+00
1.021628989041971192e+00
1.021640041249686437e+00
1.021646049035868975e+00
1.021642468297963458e+00
1.021630465919279862e+00
1.021617615803569690e+00
