1.000603444564682754e+00
1.000677438548008169e+00
1.000799950286525242e+00
1.000944131394311487e+00
1.001100912230098672e+00
1.001265916287462643e+00
1.001436550459562813e+00
1.001611081056398067e+00
1.001788262091596549e+00
1.001967156262970393e+00
1.002147036201889829e+00
1.002327324386439678e+00
1.002507553948483565e+00
1.002687341831989709e+00
1.002866369777994260e+00
1.003044370535079333e+00
1.003221117691857955e+00
1.003396418084866237e+00
1.003570106068407686e+00
1.003742039144862153e+00
1.003912094595760252e+00
1.004080166852383993e+00
1.004246165414743874e+00
1.004410013178489436e+00
1.004571645066308250e+00
1.004731006887495504e+00
1.004888054369307504e+00
1.005042752318360044e+00
1.005195073881117951e+00
1.005344999880464663e+00
1.005492518211221098e+00
1.005637623281845139e+00
1.005780315492824872e+00
1.005920600744755422e+00
1.006058489970983683e+00
1.006193998691196301e+00
1.006327146583448684e+00
1.006457957073078502e+00
1.006586456937629270e+00
1.006712675927491585e+00
1.006836646402381907e+00
1.006958402984092338e+00
1.007077982226171287e+00
1.007195422301294663e+00
1.007310762707163354e+00
1.007424043991727469e+00
1.007535307498467869e+00
1.007644595132340726e+00
1.007751949146837855e+00
1.007857411952413962e+00
1.007961025946330080e+00
1.008062833363737809e+00
1.008162876149602427e+00
1.008261195850841396e+00
1.008357833527836700e+00
1.008452829684289398e+00
1.008546224214199594e+00
1.008638056364604019e+00
1.008728364712585091e+00
1.008817187154962713e+00
1.008904560909024362e+00
1.008990522522621669e+00
1.009075107891965306e+00
1.009158352285486560e+00
1.009240290372203974e+00
1.009320956253128232e+00
1.009400383494354347e+00
1.009478605160632592e+00
1.009555653848360102e+00
1.009631561717101444e+00
1.009706360518912716e+00
1.009780081624919834e+00
1.009852756048757128e+00
1.009924414466637055e+00
1.009995087233963140e+00
1.010064804398527638e+00
1.010133595710440479e+00
1.010201490629035970e+00
1.010268518327066545e+00
1.010334707692544853e+00
1.010400087328626517e+00
1.010464685551934583e+00
1.010528530389724233e+00
1.010591649576265461e+00
1.010654070548787864e+00
1.010715820443296664e+00
1.010776926090512617e+00
1.010837414012149882e+00
1.010897310417684825e+00
1.010956641201716355e+00
1.011015431941985065e+00
1.011073707898053842e+00
1.011131494010630627e+00
1.011188814901477606e+00
1.011245694873823764e+00
1.011302157913183120e+00
1.011358227688469613e+00
1.011413927553293846e+00
1.011469280547328875e+00
1.011524309397634713e+00
1.011579036519849151e+00
1.011633484019150764e+00
1.011687673690935263e+00
1.011741627021139234e+00
1.011795365186180184e+00
1.011848909052492029e+00
1.011902279175642683e+00
1.011955495799050198e+00
1.012008578852309881e+00
1.012061547949165252e+00
1.012114422385160362e+00
1.012167221135014783e+00
1.012219962849772337e+00
1.012272665853763964e+00
1.012325348141442483e+00
1.012378027374125633e+00
1.012430720876698276e+00
1.012483445634304813e+00
1.012536218289070478e+00
1.012589055136876137e+00
1.012641972124207701e+00
1.012694984845096791e+00
1.012748108538159997e+00
1.012801358083744052e+00
1.012854748001170702e+00
1.012908292446077940e+00
1.012962005207846961e+00
1.013015899707100820e+00
1.013069988993259063e+00
1.013124285742126762e+00
1.013178802253503541e+00
1.013233550448785270e+00
1.013288541868541337e+00
1.013343787670048401e+00
1.013399298624750866e+00
1.013455085115641641e+00
1.013511157134534324e+00
1.013567524279217480e+00
1.013624195750472801e+00
1.013681180348944277e+00
1.013738486471853939e+00
1.013796122109547504e+00
1.013854094841871500e+00
1.013912411834376748e+00
1.013971079834346201e+00
1.014030105166649598e+00
1.014089493729433578e+00
1.014149250989647255e+00
1.014209381978421032e+00
1.014269891286302183e+00
1.014330783058371210e+00
1.014392060989248279e+00
1.014453728318017722e+00
1.014515787823082160e+00
1.014578241816984416e+00
1.014641092141213008e+00
1.014704340161026064e+00
1.014767986760325869e+00
1.014832032336618228e+00
1.014896476796087743e+00
1.014961319548835172e+00
1.015026559504312864e+00
1.015092195066997327e+00
1.015158224132350018e+00
1.015224644083104977e+00
1.015291451785932608e+00
1.015358643588524679e+00
1.015426215317154712e+00
1.015494162274753531e+00
1.015562479239559224e+00
1.015631160464383065e+00
1.015700199676546012e+00
1.015769590078531071e+00
1.015839324349403494e+00
1.015909394647040997e+00
1.015979792611224175e+00
1.016050509367628862e+00
1.016121535532761744e+00
1.016192861219878507e+00
1.016264476045924070e+00
1.016336369139521745e+00
1.016408529150047535e+00
1.016480944257811103e+00
1.016553602185366945e+00
1.016626490209970424e+00
1.016699595177193771e+00
1.016772903515704929e+00
1.016846401253214793e+00
1.016920074033584864e+00
1.016993907135085085e+00
1.017067885489787438e+00
1.017141993704072434e+00
1.017216216080213176e+00
1.017290536639011478e+00
1.017364939143432290e+00
1.017439407123196693e+00
1.017513923900271955e+00
1.017588472615199580e+00
1.017663036254191411e+00
1.017737597676923400e+00
1.017812139644938885e+00
1.017886644850586553e+00
1.017961095946394057e+00
1.018035475574784687e+00
1.018109766398038740e+00
1.018183951128393216e+00
1.018258012558174830e+00
1.018331933589855964e+00
1.018405697265920562e+00
1.018479286798428918e+00
1.018552685598161922e+00
1.018625877303236615e+00
1.018698845807070263e+00
1.018771575285586595e+00
1.018844050223544961e+00
1.018916255439887397e+00
1.018988176111994992e+00
1.019059797798746114e+00
1.019131106462282998e+00
1.019202088488382563e+00
1.019272730705350405e+00
1.019343020401346944e+00
1.019412945340065768e+00
1.019482493774698906e+00
1.019551654460113754e+00
1.019620416663190809e+00
1.019688770171264025e+00
1.019756705298626054e+00
1.019824212891055293e+00
1.019891284328338976e+00
1.019957911524774552e+00
1.020024086927625584e+00
1.020089803513538840e+00
1.020155054782914350e+00
1.020219834752242427e+00
1.020284137944421632e+00
1.020347959377084113e+00
1.020411294548951409e+00
1.020474139424267790e+00
1.020536490415342890e+00
1.020598344363260246e+00
1.020659698516801051e+00
1.020720550509644831e+00
1.020780898335913234e+00
1.020840740324119977e+00
1.020900075109607341e+00
1.020958901605541591e+00
1.021017218972551266e+00
1.021075026587090706e+00
1.021132324008618975e+00
1.021189110945681655e+00
1.021245387220993894e+00
1.021301152735613504e+00
1.021356407432313151e+00
1.021411151258240446e+00
1.021465384126980958e+00
1.021519105880120293e+00
1.021572316248421153e+00
1.021625014812716392e+00
1.021677200964642207e+00
1.021728873867315368e+00
1.021780032416076178e+00
1.021830675199421501e+00
1.021880800460242433e+00
1.021930406057496521e+00
1.021979489428444188e+00
1.022028047551577501e+00
1.022076076910378273e+00
1.022123573458042500e+00
1.022170532583314362e+00
1.022216949077570547e+00
1.022262817103311239e+00
1.022308130164200080e+00
1.022352881076816544e+00
1.022397061944274821e+00
1.022440664131873289e+00
1.022483678244939131e+00
1.022526094109033723e+00
1.022567900752689107e+00
1.022609086392848532e+00
1.022649638423178686e+00
1.022689543405426615e+00
1.022728787063996725e+00
1.022767354283909524e+00
1.022805229112316638e+00
1.022842394763726848e+00
1.022878833629106143e+00
1.022914527289001008e+00
1.022949456530821699e+00
1.022983601370422324e+00
1.023016941078096487e+00
1.023049454209088660e+00
1.023081118638717868e+00
1.023111911602179624e+00
1.023141809739078534e+00
1.023170789142724635e+00
1.023198825414188828e+00
1.023225893721106061e+00
1.023251968861166095e+00
1.023277025330218581e+00
1.023301037394871216e+00
1.023323979169437736e+00
1.023345824697052819e+00
1.023366548034726708e+00
1.023386123342090226e+00
1.023404524973523522e+00
1.023421727573339712e+00
1.023437706173642159e+00
1.023452436294446155e+00
1.023465894045610725e+00
1.023478056230092914e+00
1.023488900448004557e+00
1.023498405200914840e+00
1.023506549995820691e+00
1.023513315448171035e+00
1.023518683383322525e+00
1.023522636935775498e+00
1.023525160645537113e+00
1.023526240550944211e+00
1.023525864277288200e+00
1.023524021120580052e+00
1.023520702125812365e+00
1.023515900159096326e+00
1.023509609973073831e+00
1.023501828265039437e+00
1.023492553727254339e+00
1.023481787088968087e+00
1.023469531149736156e+00
1.023455790803662557e+00
1.023440573054280378e+00
1.023423887019837997e+00
1.023405743928850864e+00
1.023386157105840466e+00
1.023365141947278456e+00
1.023342715887830767e+00
1.023318898357078677e+00
1.023293710726985495e+00
1.023267176250453048e+00
1.023239319991395835e+00
1.023210168746836901e+00
1.023179750961599410e+00
1.023148096636239401e+00
1.023115237228912289e+00
1.023081205551939377e+00
1.023046035663854436e+00
1.023009762757775221e+00
1.022972423046947243e+00
1.022934053648332675e+00
1.022894692465119881e+00
1.022854378069025127e+00
1.022813149583238879e+00
1.022771046566849584e+00
1.022728108901537869e+00
1.022684376681295637e+00
1.022639890105869975e+00
1.022594689378575561e+00
1.022548814609052892e+00
1.022502305721482152e+00
1.022455202368684368e+00
1.022407543852474232e+00
1.022359369050534372e+00
1.022310716350021575e+00
1.022261623588019308e+00
1.022212127998887832e+00
1.022162266168479938e+00
1.022112073995128601e+00
1.022061586657238230e+00
1.022010838587263493e+00
1.021959863451791239e+00
1.021908694137410922e+00
1.021857362742003339e+00
1.021805900571052250e+00
1.021754338138559426e+00
1.021702705172120806e+00
1.021651030621708589e+00
1.021599342671708488e+00
1.021547668755752980e+00
1.021496035573902672e+00
1.021444469111745690e+00
1.021392994660994979e+00
1.021341636841191169e+00
1.021290419622144618e+00
1.021239366346772925e+00
1.021188499754026147e+00
1.021137842001627050e+00
1.021087414688374162e+00
1.021037238875805997e+00
1.020987335109043270e+00
1.020937723436666111e+00
1.020888423429514802e+00
1.020839454198325669e+00
1.020790834410153503e+00
1.020742582303542312e+00
1.020694715702445077e+00
1.020647252028904939e+00
1.020600208314529356e+00
1.020553601210812289e+00
1.020507446998362155e+00
1.020461761595113481e+00
1.020416560563605968e+00
1.020371859117418900e+00
1.020327672126853935e+00
1.020284014123967964e+00
1.020240899307043980e+00
1.020198341544602094e+00
1.020156354379041952e+00
1.020114951029997608e+00
1.020074144397498994e+00
1.020033947065003721e+00
1.019994371302376912e+00
1.019955429068877484e+00
1.019917132016200600e+00
1.019879491491626933e+00
1.019842518541308252e+00
1.019806223913721110e+00
1.019770618063307932e+00
1.019735711154311497e+00
1.019701513064813492e+00
1.019668033390968898e+00
1.019635281451428455e+00
1.019603266291932542e+00
1.019571996690058269e+00
1.019541481160092466e+00
1.019511727958003044e+00
1.019482745086479181e+00
1.019454540300005263e+00
1.019427121109935497e+00
1.019400494789533873e+00
1.019374668378942861e+00
1.019349648690049293e+00
1.019325442311210139e+00
1.019302055611807756e+00
1.019279494746604176e+00
1.019257765659863368e+00
1.019236874089215261e+00
1.019216825569240648e+00
1.019197625434747012e+00
1.019179278823723500e+00
1.019161790679950386e+00
1.019145165755252158e+00
1.019129408611376686e+00
1.019114523621493573e+00
1.019100514971295279e+00
1.019087386659699224e+00
1.019075142499141773e+00
1.019063786115456338e+00
1.019053320947335806e+00
1.019043750245375302e+00
1.019035077070690409e+00
1.019027304293116831e+00
1.019020434588984170e+00
1.019014470438473152e+00
1.019009414122552304e+00
1.019005267719500285e+00
1.019002033101018334e+00
1.018999711927940588e+00
1.018998305645542723e+00
1.018997815478462687e+00
1.018998242425242617e+00
1.018999587252496397e+00
1.019001850488724159e+00
1.019005032417778844e+00
1.019009133072005024e+00
1.019014152225064862e+00
1.019020089384470307e+00
1.019026943783840622e+00
1.019034714374910777e+00
1.019043399819308471e+00
1.019052998480132644e+00
1.019063508413355024e+00
1.019074927359078009e+00
1.019087252732679527e+00
1.019100481615875964e+00
1.019114610747740457e+00
1.019129636515712534e+00
1.019145554946637722e+00
1.019162361697874442e+00
1.019180052048515472e+00
1.019198620890760854e+00
1.019218062721490181e+00
1.019238371634079154e+00
1.019259541310506556e+00
1.019281565013799629e+00
1.019304435580866697e+00
1.019328145415767661e+00
1.019352686483467885e+00
1.019378050304131200e+00
1.019404227947998898e+00
1.019431210030904644e+00
1.019458986710479298e+00
1.019487547683089135e+00
1.019516882181564110e+00
1.019546978973755014e+00
1.019577826361973694e+00
1.019609412183356767e+00
1.019641723811199441e+00
1.019674748157296307e+00
1.019708471675332628e+00
1.019742880365354765e+00
1.019777959779364140e+00
1.019813695028048972e+00
1.019850070788693275e+00
1.019887071314274918e+00
1.019924680443776044e+00
1.019962881613713845e+00
1.020001657870901690e+00
1.020040991886443926e+00
1.020080865970957040e+00
1.020121262091013836e+00
1.020162161886788876e+00
1.020203546690893415e+00
1.020245397548362964e+00
1.020287695237769743e+00
1.020330420293421136e+00
1.020373553028592895e+00
1.020417073559747534e+00
1.020460961831680224e+00
1.020505197643522433e+00
1.020549760675535822e+00
1.020594630516617141e+00
1.020639786692432605e+00
1.020685208694090740e+00
1.020730876007264198e+00
1.020776768141660185e+00
1.020822864660736018e+00
1.020869145211559914e+00
1.020915589554701297e+00
1.020962177594042952e+00
1.021008889406401110e+00
1.021055705270838443e+00
1.021102605697551846e+00
1.021149571456222427e+00
1.021196583603709795e+00
1.021243623510975862e+00
1.021290672889126228e+00
1.021337713814458592e+00
1.021384728752410043e+00
1.021431700580296642e+00
1.021478612608751391e+00
1.021525448601759312e+00
1.021572192795201062e+00
1.021618829913821580e+00
1.021665345186545615e+00
1.021711724360064855e+00
1.021757953710634048e+00
1.021804020054017936e+00
1.021849910753536594e+00
1.021895613726165220e+00
1.021941117446655056e+00
1.021986410949645707e+00
1.022031483829746401e+00
1.022076326239577782e+00
1.022120928885766222e+00
1.022165283022892224e+00
1.022209380445405769e+00
1.022253213477524625e+00
1.022296774961137134e+00
1.022340058241744565e+00
1.022383057152476571e+00
1.022425765996225921e+00
1.022468179525950038e+00
1.022510292923195285e+00
1.022552101774903743e+00
1.022593602048567085e+00
1.022634790065799271e+00
1.022675662474398894e+00
1.022716216218980012e+00
1.022756448510257599e+00
1.022796356793063133e+00
1.022835938713188231e+00
1.022875192083142482e+00
1.022914114846918743e+00
1.022952705043865596e+00
1.022990960771762881e+00
1.023028880149205122e+00
1.023066461277392092e+00
1.023103702201435983e+00
1.023140600871292216e+00
1.023177155102423797e+00
1.023213362536311344e+00
1.023249220600928266e+00
1.023284726471290318e+00
1.023319877030208991e+00
1.023354668829364655e+00
1.023389098050828672e+00
1.023423160469162596e+00
1.023456851414224378e+00
1.023490165734818325e+00
1.023523097763328726e+00
1.023555641281474138e+00
1.023587789487331090e+00
1.023619534963775557e+00
1.023650869648493833e+00
1.023681784805718475e+00
1.023712270999847851e+00
1.023742318071111157e+00
1.023771915113446340e+00
1.023801050454753891e+00
1.023829711639699269e+00
1.023857885415232705e+00
1.023885557718999362e+00
1.023912713670810604e+00
1.023939337567347341e+00
1.023965412880264214e+00
1.023990922257862035e+00
1.024015847530488577e+00
1.024040169719824700e+00
1.024063869052205922e+00
1.024086924976118862e+00
1.024109316184004026e+00
1.024131020638481271e+00
1.024152015603105426e+00
1.024172277677733778e+00
1.024191782838584475e+00
1.024210506483023142e+00
1.024228423479116135e+00
1.024245508219945755e+00
1.024261734682665015e+00
1.024277076492238425e+00
1.024291506989785994e+00
1.024304999305412078e+00
1.024317526435370773e+00
1.024329061323376200e+00
1.024339576945842545e+00
1.024349046400781393e+00
1.024357443000065482e+00
1.024364740364713366e+00
1.024370912522819310e+00
1.024375934009708500e+00
1.024379779969870174e+00
1.024382426260168177e+00
1.024383849553813342e+00
1.024384027444535938e+00
1.024382938550378652e+00
1.024380562616495460e+00
1.024376880616328700e+00
1.024371874850518616e+00
1.024365529042885914e+00
1.024357828432823858e+00
1.024348759863438874e+00
1.024338311864781526e+00
1.024326474731525938e+00
1.024313240594477259e+00
1.024298603485306991e+00
1.024282559393961289e+00
1.024265106318217100e+00
1.024246244304919617e+00
1.024225975482478290e+00
1.024204304084271655e+00
1.024181236462665678e+00
1.024156781093427560e+00
1.024130948570397548e+00
1.024103751590348166e+00
1.024075204928054372e+00
1.024045325401675699e+00
1.024014131828636653e+00
1.023981644972275840e+00
1.023947887479619290e+00
1.023912883810707886e+00
1.023876660159990681e+00
1.023839244370363222e+00
1.023800665840500113e+00
1.023760955426181507e+00
1.023720145336375786e+00
1.023678269024874243e+00
1.023635361078310657e+00
1.023591457101422630e+00
1.023546593600427990e+00
1.023500807865389550e+00
1.023454137852437995e+00
1.023406622066705074e+00
1.023358299446798902e+00
1.023309209251607843e+00
1.023259390950185033e+00
1.023208884115412332e+00
1.023157728322075855e+00
1.023105963049931066e+00
1.023053627592260373e+00
1.023000760970346867e+00
1.022947401854223060e+00
1.022893588489963701e+00
1.022839358633716556e+00
1.022784749492593015e+00
1.022729797672450758e+00
1.022674539132543137e+00
1.022619009146926494e+00
1.022563242272460871e+00
1.022507272323176064e+00
1.022451132350723935e+00
1.022394854630591210e+00
1.022338470653701759e+00
1.022282011123018641e+00
1.022225505954711400e+00
1.022168984283458038e+00
1.022112474471419619e+00
1.022056004120437844e+00
1.021999600086997084e+00
1.021943288499505442e+00
1.021887094777464755e+00
1.021831043652111859e+00
1.021775159188140769e+00
1.021719464806138067e+00
1.021663983305398649e+00
1.021608736886807201e+00
1.021553747175521387e+00
1.021499035243203402e+00
1.021444621629604921e+00
1.021390526363319173e+00
1.021336768981565335e+00
1.021283368548891124e+00
1.021230343674712993e+00
1.021177712529637072e+00
1.021125492860539108e+00
1.021073702004390515e+00
1.021022356900855854e+00
1.020971474103687271e+00
1.020921069790974745e+00
1.020871159774310089e+00
1.020821759506944204e+00
1.020772884091017962e+00
1.020724548283959088e+00
1.020676766504136967e+00
1.020629552835871978e+00
1.020582921033895474e+00
1.020536884527356802e+00
1.020491456423463505e+00
1.020446649510849513e+00
1.020402476262745717e+00
1.020358948840033531e+00
1.020316079094246042e+00
1.020273878570579384e+00
1.020232358510964055e+00
1.020191529857241930e+00
1.020151403254482503e+00
1.020111989054465873e+00
1.020073297319350036e+00
1.020035337825532906e+00
1.019998120067715286e+00
1.019961653263153467e+00
1.019925946356099455e+00
1.019891008022406842e+00
1.019856846674286777e+00
1.019823470465181403e+00
1.019790887294734549e+00
1.019759104813823924e+00
1.019728130429620183e+00
1.019697971310643325e+00
1.019668634391777573e+00
1.019640126379210976e+00
1.019612453755263992e+00
1.019585622783074186e+00
1.019559639511107729e+00
1.019534509777459075e+00
1.019510239213920588e+00
1.019486833249786173e+00
1.019464297115370011e+00
1.019442635845218437e+00
1.019421854280989859e+00
1.019401957073992948e+00
1.019382948687360679e+00
1.019364833397851111e+00
1.019347615297263143e+00
1.019331298293454147e+00
1.019315886110957248e+00
1.019301382291187164e+00
1.019287790192231258e+00
1.019275112988224929e+00
1.019263353668300898e+00
1.019252515035123707e+00
1.019242599702993246e+00
1.019233610095535036e+00
1.019225548442964202e+00
1.019218416778934433e+00
1.019212216936974169e+00
1.019206950546511115e+00
1.019202619028495738e+00
1.019199223590627756e+00
1.019196765222194712e+00
1.019195244688529511e+00
1.019194662525104711e+00
1.019195019031264859e+00
1.019196314263624004e+00
1.019198548029128570e+00
1.019201719877817602e+00
1.019205829095287896e+00
1.019210874694887581e+00
1.019216855409665889e+00
1.019223769684095116e+00
1.019231615665592283e+00
1.019240391195875617e+00
1.019250093802175128e+00
1.019260720688335731e+00
1.019272268725843311e+00
1.019284734444808826e+00
1.019298114024949520e+00
1.019312403286602775e+00
1.019327597681812581e+00
1.019343692285535230e+00
1.019360681786999567e+00
1.019378560481273066e+00
1.019397322261074601e+00
1.019416960608884093e+00
1.019437468589394546e+00
1.019458838842355553e+00
1.019481063575858659e+00
1.019504134560112796e+00
1.019528043121761041e+00
1.019552780138789583e+00
1.019578336036076172e+00
1.019604700781632234e+00
1.019631863883585066e+00
1.019659814387949837e+00
1.019688540877239147e+00
1.019718031469956987e+00
1.019748273821020845e+00
1.019779255123154593e+00
1.019810962109297003e+00
1.019843381056057208e+00
1.019876497788259950e+00
1.019910297684607281e+00
1.019944765684490218e+00
1.019979886295970584e+00
1.020015643604960776e+00
1.020052021285611676e+00
1.020089002611925366e+00
1.020126570470596183e+00
1.020164707375086799e+00
1.020203395480929531e+00
1.020242616602249797e+00
1.020282352229491263e+00
1.020322583548324280e+00
1.020363291459708943e+00
1.020404456601080145e+00
1.020446059368610214e+00
1.020488079940509385e+00
1.020530498301303268e+00
1.020573294267032693e+00
1.020616447511308422e+00
1.020659937592148347e+00
1.020703743979522571e+00
1.020747846083516208e+00
1.020792223283030875e+00
1.020836854954921158e+00
1.020881720503476142e+00
1.020926799390139195e+00
1.020972071163359196e+00
1.021017515488470417e+00
1.021063112177480470e+00
1.021108841218659968e+00
1.021154682805815117e+00
1.021200617367127972e+00
1.021246625593449586e+00
1.021292688465927245e+00
1.021338787282856320e+00
1.021384903685638168e+00
1.021431019683737063e+00
1.021477117678530888e+00
1.021523180485943261e+00
1.021569191357770023e+00
1.021615134001591763e+00
1.021660992599193074e+00
1.021706751823398207e+00
1.021752396853247369e+00
1.021797913387441969e+00
1.021843287655991972e+00
1.021888506430012722e+00
1.021933557029613748e+00
1.021978427329840899e+00
1.022023105764638728e+00
1.022067581328798269e+00
1.022111843577877988e+00
1.022155882626080148e+00
1.022199689142082368e+00
1.022243254342823704e+00
1.022286569985258353e+00
1.022329628356092535e+00
1.022372422259530955e+00
1.022414945003064179e+00
1.022457190381330872e+00
1.022499152658106425e+00
1.022540826546457060e+00
1.022582207187128223e+00
1.022623290125213469e+00
1.022664071285180221e+00
1.022704546944317450e+00
1.022744713704680120e+00
1.022784568463607879e+00
1.022824108382904607e+00
1.022863330856754072e+00
1.022902233478472755e+00
1.022940814006180421e+00
1.022979070327489470e+00
1.023017000423304346e+00
1.023054602330837337e+00
1.023091874105933607e+00
1.023128813784816460e+00
1.023165419345354765e+00
1.023201688667963349e+00
1.023237619496244033e+00
1.023273209397484340e+00
1.023308455723123123e+00
1.023343355569309665e+00
1.023377905737666627e+00
1.023412102696386272e+00
1.023445942541785225e+00
1.023479420960445641e+00
1.023512533192072693e+00
1.023545273993207161e+00
1.023577637601931656e+00
1.023609617703706398e+00
1.023641207398490849e+00
1.023672399169287317e+00
1.023703184852270853e+00
1.023733555608652646e+00
1.023763501898440342e+00
1.023793013456256951e+00
1.023822079269382845e+00
1.023850687558187200e+00
1.023878825759120925e+00
1.023906480510439199e+00
1.023933637640827010e+00
1.023960282161099133e+00
1.023986398259143726e+00
1.024011969298280089e+00
1.024036977819196004e+00
1.024061405545626080e+00
1.024085233393925431e+00
1.024108441486690113e+00
1.024131009170563988e+00
1.024152915038357037e+00
1.024174136955599668e+00
1.024194652091628743e+00
1.024214436955296570e+00
1.024233467435370581e+00
1.024251718845667236e+00
1.024269165974951434e+00
1.024285783141598127e+00
1.024301544252990137e+00
1.024316422869596899e+00
1.024330392273649304e+00
1.024343425542288522e+00
1.024355495625039802e+00
1.024366575425415427e+00
1.024376637886429409e+00
1.024385656079748852e+00
1.024393603298188626e+00
1.024400453151198320e+00
1.024406179662967098e+00
1.024410757372723912e+00
1.024414161436771664e+00
1.024416367731774580e+00
1.024417352958754801e+00
1.024417094747257506e+00
1.024415571759083932e+00
1.024412763790991221e+00
1.024408651875718723e+00
1.024403218380702807e+00
1.024396447103811392e+00
1.024388323365443831e+00
1.024378834096328239e+00
1.024367967920361444e+00
1.024355715231851871e+00
1.024342068266545613e+00
1.024327021165837071e+00
1.024310570033612589e+00
1.024292712985209741e+00
1.024273450188017964e+00
1.024252783893317975e+00
1.024230718458999378e+00
1.024207260362875793e+00
1.024182418206385892e+00
1.024156202708538910e+00
1.024128626690050448e+00
1.024099705047694098e+00
1.024069454718972594e+00
1.024037894637307655e+00
1.024005045678020753e+00
1.023970930595466733e+00
1.023935573951756828e+00
1.023899002037588879e+00
1.023861242785766956e+00
1.023822325678064304e+00
1.023782281646137271e+00
1.023741142967249385e+00
1.023698943155609387e+00
1.023655716850155883e+00
1.023611499699650151e+00
1.023566328245943069e+00
1.023520239806298360e+00
1.023473272355637675e+00
1.023425464409556396e+00
1.023376854908940370e+00
1.023327483106969638e+00
1.023277388459256088e+00
1.023226610517807389e+00
1.023175188829448246e+00
1.023123162839271405e+00
1.023070571799612694e+00
1.023017454684975958e+00
1.022963850113248307e+00
1.022909796273483440e+00
1.022855330860429568e+00
1.022800491015925406e+00
1.022745313277187762e+00
1.022689833531959192e+00
1.022634086980405588e+00
1.022578108103590289e+00
1.022521930638297771e+00
1.022465587557919831e+00
1.022409111059072728e+00
1.022352532553585380e+00
1.022295882665444910e+00
1.022239191232286792e+00
1.022182487310978605e+00
1.022125799186847761e+00
1.022069154386097356e+00
1.022012579690952716e+00
1.021956101157096342e+00
1.021899744132959809e+00
1.021843533280456517e+00
1.021787492596769820e+00
1.021731645436827485e+00
1.021676014536132326e+00
1.021620622033638792e+00
1.021565489494410395e+00
1.021510637931812848e+00
1.021456087829040849e+00
1.021401859159807746e+00
1.021347971408051336e+00
1.021294443586556300e+00
1.021241294254404242e+00
1.021188541533208038e+00
1.021136203122096298e+00
1.021084296311452810e+00
1.021032837995420550e+00
1.020981844683213513e+00
1.020931332509283695e+00
1.020881317242408493e+00
1.020831814293777784e+00
1.020782838724159980e+00
1.020734405250241394e+00
1.020686528250228209e+00
1.020639221768814719e+00
1.020592499521606022e+00
1.020546374899090614e+00
1.020500860970262380e+00
1.020455970485967701e+00
1.020411715882063586e+00
1.020368109282466129e+00
1.020325162502148553e+00
1.020282887050152798e+00
1.020241294132668175e+00
1.020200394656213483e+00
1.020160199230964793e+00
1.020120718174250429e+00
1.020081961514227586e+00
1.020043938993761001e+00
1.020006660074494365e+00
1.019970133941117574e+00
1.019934369505817617e+00
1.019899375412892883e+00
1.019865160043515351e+00
1.019831731520612905e+00
1.019799097713840919e+00
1.019767266244615112e+00
1.019736244491170840e+00
1.019706039593612612e+00
1.019676658458924745e+00
1.019648107765897649e+00
1.019620393969948191e+00
1.019593523307787741e+00
1.019567501801917020e+00
1.019542335264907562e+00
1.019518029303447815e+00
1.019494589322127887e+00
1.019472020526929645e+00
1.019450327928414612e+00
1.019429516344575681e+00
1.019409590403346888e+00
1.019390554544747474e+00
1.019372413022653134e+00
1.019355169906176917e+00
1.019338829080660869e+00
1.019323394248254910e+00
1.019308868928093803e+00
1.019295256456054677e+00
1.019282559984097114e+00
1.019270782479181792e+00
1.019259926721769460e+00
1.019249995303893819e+00
1.019240990626816945e+00
1.019232914898259956e+00
1.019225770129221997e+00
1.019219558130381564e+00
1.019214280508090820e+00
1.019209938659968895e+00
1.019206533770095069e+00
1.019204066803819142e+00
1.019202538502192557e+00
1.019201949376028704e+00
1.019202299699614622e+00
1.019203589504077412e+00
1.019205818570426025e+00
1.019208986422286189e+00
1.019213092318344449e+00
1.019218135244522649e+00
1.019224113905907281e+00
1.019231026718455002e+00
1.019238871800503432e+00
1.019247646964110521e+00
1.019257349706257809e+00
1.019267977199945552e+00
1.019279526285213233e+00
1.019291993460122336e+00
1.019305374871737113e+00
1.019319666307141325e+00
1.019334863184533146e+00
1.019350960544437967e+00
1.019367953041084185e+00
1.019385834933982160e+00
1.019404600079759415e+00
1.019424241924291819e+00
1.019444753495182709e+00
1.019466127394637045e+00
1.019488355792779410e+00
1.019511430421468745e+00
1.019535342568655079e+00
1.019560083073333789e+00
1.019585642321143126e+00
1.019612010240659172e+00
1.019639176300432215e+00
1.019667129506820036e+00
1.019695858402660527e+00
1.019725351066829599e+00
1.019755595114735902e+00
1.019786577699784758e+00
1.019818285515862399e+00
1.019850704800870034e+00
1.019883821341349028e+00
1.019917620478226539e+00
1.019952087113711769e+00
1.019987205719364631e+00
1.020022960345363661e+00
1.020059334630982306e+00
1.020096311816292234e+00
1.020133874755094539e+00
1.020172005929085080e+00
1.020210687463246835e+00
1.020249901142460391e+00
1.020289628429317030e+00
1.020329850483112200e+00
1.020370548179993619e+00
1.020411702134223830e+00
1.020453292720522764e+00
1.020495300097439717e+00
1.020537704231701870e+00
1.020580484923476972e+00
1.020623621832489558e+00
1.020667094504911887e+00
1.020710882400956310e+00
1.020754964923081376e+00
1.020799321444727070e+00
1.020843931339480593e+00
1.020888774010578537e+00
1.020933828920639330e+00
1.020979075621520016e+00
1.021024493784193243e+00
1.021070063228523450e+00
1.021115763952838540e+00
1.021161576163172491e+00
1.021207480302070758e+00
1.021253457076836568e+00
1.021299487487106861e+00
1.021345552851640193e+00
1.021391634834205586e+00
1.021437715468461960e+00
1.021483777181720898e+00
1.021529802817489063e+00
1.021575775656690777e+00
1.021621679437476171e+00
1.021667498373524108e+00
1.021713217170761245e+00
1.021758821042411558e+00
1.021804295722311906e+00
1.021849627476426381e+00
1.021894803112502359e+00
1.021939809987819414e+00
1.021984636014986680e+00
1.022029269665757134e+00
1.022073699972828598e+00
1.022117916529612369e+00
1.022161909487962816e+00
1.022205669553854390e+00
1.022249187981021601e+00
1.022292456562561069e+00
1.022335467620523186e+00
1.022378213993512031e+00
1.022420689022331075e+00
1.022462886533704651e+00
1.022504800822131799e+00
1.022546426629908023e+00
1.022587759125383133e+00
1.022628793879510667e+00
1.022669526840752852e+00
1.022709954308415270e+00
1.022750072904484275e+00
1.022789879544045544e+00
1.022829371404364363e+00
1.022868545892716474e+00
1.022907400613055628e+00
1.022945933331609991e+00
1.022984141941501779e+00
1.023022024426486265e+00
1.023059578823912741e+00
1.023096803187003134e+00
1.023133695546558863e+00
1.023170253872196955e+00
1.023206476033227563e+00
1.023242359759280351e+00
1.023277902600795652e+00
1.023313101889495869e+00
1.023347954698950790e+00
1.023382457805363410e+00
1.023416607648694576e+00
1.023450400294256379e+00
1.023483831394898846e+00
1.023516896153929157e+00
1.023549589288889727e+00
1.023581904996341052e+00
1.023613836917789399e+00
1.023645378106905257e+00
1.023676520998178852e+00
1.023707257377170832e+00
1.023737578352509558e+00
1.023767474329796423e+00
1.023796934987581952e+00
1.023825949255577683e+00
1.023854505295267225e+00
1.023882590483095711e+00
1.023910191396399050e+00
1.023937293802246185e+00
1.023963882649373769e+00
1.023989942063372460e+00
1.024015455345302694e+00
1.024040404973898699e+00
1.024064772611528396e+00
1.024088539114059060e+00
1.024111684544777745e+00
1.024134188192511452e+00
1.024156028594066736e+00
1.024177183561110649e+00
1.024197630211595378e+00
1.024217345005808077e+00
1.024236303787113389e+00
1.024254481827439500e+00
1.024271853877525729e+00
1.024288394221930520e+00
1.024304076738776548e+00
1.024318874964168957e+00
1.024332762161201504e+00
1.024345711393429337e+00
1.024357695602649665e+00
1.024368687690803803e+00
1.024378660605762104e+00
1.024387587430735769e+00
1.024395441476999569e+00
1.024402196379586405e+00
1.024407826195564919e+00
1.024412305504484699e+00
1.024415609510519687e+00
1.024417714145822167e+00
1.024418596174555329e+00
1.024418233297044178e+00
1.024416604253453489e+00
1.024413688926387289e+00
1.024409468441768833e+00
1.024403925267356019e+00
1.024397043308235888e+00
1.024388807998628526e+00
1.024379206389343322e+00
1.024368227230231909e+00
1.024355861046994276e+00
1.024342100211724782e+00
1.024326939006602322e+00
1.024310373680172859e+00
1.024292402495709631e+00
1.024273025771186507e+00
1.024252245910458381e+00
1.024230067425299762e+00
1.024206496948020906e+00
1.024181543234456537e+00
1.024155217157194153e+00
1.024127531688991066e+00
1.024098501876409717e+00
1.024068144803788716e+00
1.024036479547745682e+00
1.024003527122496093e+00
1.023969310416355194e+00
1.023933854119864595e+00
1.023897184646063607e+00
1.023859330043501048e+00
1.023820319902634335e+00
1.023780185256338182e+00
1.023738958475280292e+00
1.023696673158967396e+00
1.023653364023306533e+00
1.023609066785530874e+00
1.023563818047369844e+00
1.023517655177337948e+00
1.023470616193004501e+00
1.023422739644102020e+00
1.023374064497289293e+00
1.023324630023362269e+00
1.023274475687647733e+00
1.023223641044271881e+00
1.023172165634935071e+00
1.023120088892748969e+00
1.023067450051635463e+00
1.023014288061699695e+00
