1.000603444564682754e+00
1.000677352688713384e+00
1.000799463066452066e+00
1.000942562306373240e+00
1.001097155270263883e+00
1.001258478660143059e+00
1.001423599141401777e+00
1.001590495280508586e+00
1.001757697297129601e+00
1.001924120229484183e+00
1.002088974409421018e+00
1.002251709832793658e+00
1.002411976109636171e+00
1.002569589798087080e+00
1.002724505574968061e+00
1.002876789981746564e+00
1.003026597572513889e+00
1.003174149704114004e+00
1.003319716237204062e+00
1.003463600250540377e+00
1.003606125642118485e+00
1.003747627288120725e+00
1.003888443301482969e+00
1.004028908889257998e+00
1.004169351339762262e+00
1.004310085751658477e+00
1.004451411220329771e+00
1.004593607300053204e+00
1.004736930649994697e+00
1.004881611842487255e+00
1.005027852363719720e+00
1.005175821873111719e+00
1.005325655812056462e+00
1.005477453468236693e+00
1.005631276609732172e+00
1.005787148803568787e+00
1.005945055525112819e+00
1.006104945146333751e+00
1.006266730861263170e+00
1.006430293565699241e+00
1.006595485656497369e+00
1.006762135656391166e+00
1.006930053507698819e+00
1.007099036318131358e+00
1.007268874290647265e+00
1.007439356533064378e+00
1.007610276426942786e+00
1.007781436242240591e+00
1.007952650714890597e+00
1.008123749356771182e+00
1.008294577337081055e+00
1.008464994854992636e+00
1.008634875009115417e+00
1.008804100253758884e+00
1.008972557610535947e+00
1.009140132873605378e+00
1.009306704106674113e+00
1.009472134780017516e+00
1.009636266936950300e+00
1.009798914811854020e+00
1.009959859345093580e+00
1.010118844051220544e+00
1.010275572690819024e+00
1.010429709166446255e+00
1.010580880001638704e+00
1.010728679661711649e+00
1.010872678831342686e+00
1.011012435576813751e+00
1.011147509097124475e+00
1.011277475523273184e+00
1.011401944982591949e+00
1.011520578935801939e+00
1.011633106652410241e+00
1.011739339646712699e+00
1.011839182974386464e+00
1.011932642495168677e+00
1.012019827526944749e+00
1.012100948716346371e+00
1.012176311379350491e+00
1.012246304962643340e+00
1.012311389585897281e+00
1.012372080804608832e+00
1.012428933764075722e+00
1.012482527805591781e+00
1.012533452367623932e+00
1.012582294744507561e+00
1.012629629973687440e+00
1.012676012863479524e+00
1.012721971976101365e+00
1.012768005257463688e+00
1.012814576952884682e+00
1.012862115452938472e+00
1.012911011757981594e+00
1.012961618315792567e+00
1.013014248060092548e+00
1.013069173548966528e+00
1.013126626166196864e+00
1.013186795402931217e+00
1.013249828281278964e+00
1.013315829015024816e+00
1.013384859025216578e+00
1.013456937438967920e+00
1.013532042197292871e+00
1.013610111881197096e+00
1.013691048334225853e+00
1.013774720115046435e+00
1.013860966757599957e+00
1.013949603752756223e+00
1.014040428099466151e+00
1.014133224211457351e+00
1.014227769914172850e+00
1.014323842232037531e+00
1.014421222652944321e+00
1.014519701567597743e+00
1.014619081615920626e+00
1.014719179728411635e+00
1.014819827722178935e+00
1.014920871393183432e+00
1.015022168131365587e+00
1.015123583168063615e+00
1.015224984641049710e+00
1.015326237729196723e+00
1.015427198165495870e+00
1.015527705484347898e+00
1.015627576397620135e+00
1.015726598724104202e+00
1.015824526317563592e+00
1.015921075446263977e+00
1.016015923066407645e+00
1.016108707396087496e+00
1.016199031127490215e+00
1.016286467506168023e+00
1.016370569353362008e+00
1.016450880911902388e+00
1.016526952166702191e+00
1.016598355044400659e+00
1.016664700658798326e+00
1.016725656571172642e+00
1.016780962911411734e+00
1.016830446187392267e+00
1.016874029715762129e+00
1.016911739839933215e+00
1.016943707442681255e+00
1.016970164672615251e+00
1.016991437231911100e+00
1.017007932956716765e+00
1.017020127706889987e+00
1.017028549730409903e+00
1.017033763666883139e+00
1.017036355217620702e+00
1.017036917272693186e+00
1.017036037997031128e+00
1.017034291088213527e+00
1.017032228169474806e+00
1.017030373098502860e+00
1.017029217864532153e+00
1.017029219707242582e+00
1.017030799106021899e+00
1.017034338338713706e+00
1.017040180377844827e+00
1.017048627966218532e+00
1.017059942784117155e+00
1.017074344682707299e+00
1.017092011010704233e+00
1.017113076103447256e+00
1.017137631034961576e+00
1.017165723753748363e+00
1.017197359730996675e+00
1.017232503244491548e+00
1.017271079401836475e+00
1.017312976972572169e+00
1.017358052051446915e+00
1.017406132517022277e+00
1.017457023185124765e+00
1.017510511490949954e+00
1.017566373473267394e+00
1.017624379785856181e+00
1.017684301430869187e+00
1.017745914900587412e+00
1.017809006430017371e+00
1.017873375102258393e+00
1.017938834608334009e+00
1.018005213537904519e+00
1.018072354160554083e+00
1.018140109742665000e+00
1.018208340526667310e+00
1.018276908573712447e+00
1.018345671735492619e+00
1.018414477075568314e+00
1.018483154105867650e+00
1.018551508240729042e+00
1.018619314899044115e+00
1.018686314703108220e+00
1.018752210227051425e+00
1.018816664732395072e+00
1.018879303286028826e+00
1.018939716578922017e+00
1.018997467645746946e+00
1.019052101523233445e+00
1.019103157681201743e+00
1.019150184825133643e+00
1.019192757421763851e+00
1.019230493066626719e+00
1.019263069627508900e+00
1.019290240994173313e+00
1.019311850271193975e+00
1.019327839383794343e+00
1.019338254324845705e+00
1.019343245632058803e+00
1.019343064105477037e+00
1.019338052200211564e+00
1.019328631897706616e+00
1.019315290118523398e+00
1.019298562857540613e+00
1.019279019191066560e+00
1.019257246143531193e+00
1.019233835148704026e+00
1.019209370546975801e+00
1.019184420275405234e+00
1.019159528669590031e+00
1.019135211128306295e+00
1.019111950298678515e+00
1.019090193413171752e+00
1.019070350433667116e+00
1.019052792713690536e+00
1.019037851960903129e+00
1.019025819355892093e+00
1.019016944752481280e+00
1.019011435945369914e+00
1.019009458041431948e+00
1.019011133011076486e+00
1.019016539525341436e+00
1.019025713202216910e+00
1.019038647391022456e+00
1.019055294615382135e+00
1.019075568772663143e+00
1.019099348150795503e+00
1.019126479273502639e+00
1.019156781525062838e+00
1.019190052440268168e+00
1.019226073479988948e+00
1.019264616054316175e+00
1.019305447510130636e+00
1.019348336773815644e+00
1.019393059336572316e+00
1.019439401290834990e+00
1.019487162170416017e+00
1.019536156410465688e+00
1.019586213320502033e+00
1.019637175548117058e+00
1.019688896096068165e+00
1.019741234036057875e+00
1.019794049134956415e+00
1.019847195671855999e+00
1.019900515776999805e+00
1.019953832667094051e+00
1.020006944186477194e+00
1.020059617089860815e+00
1.020111582517876370e+00
1.020162533117340953e+00
1.020212122237801999e+00
1.020259965586995943e+00
1.020305645642672898e+00
1.020348718990864434e+00
1.020388726589095629e+00
1.020425206741373936e+00
1.020457710332094647e+00
1.020485817619062097e+00
1.020509155660167977e+00
1.020527415277366234e+00
1.020540366378772212e+00
1.020547870491696152e+00
1.020549889519467790e+00
1.020546490017335106e+00
1.020537842660561356e+00
1.020524217005057022e+00
1.020505972059272182e+00
1.020483543536002458e+00
1.020457428885177098e+00
1.020428171295368003e+00
1.020396343790808569e+00
1.020362534365996554e+00
1.020327332834156442e+00
1.020291319770017857e+00
1.020255057649271269e+00
1.020219084062301551e+00
1.020183906727129886e+00
1.020149999948098518e+00
1.020117802152326725e+00
1.020087714168147031e+00
1.020060097970058255e+00
1.020035275687377840e+00
1.020013528747342413e+00
1.019995097091154879e+00
1.019980178460154763e+00
1.019968927797748393e+00
1.019961456850656756e+00
1.019957834080048142e+00
1.019958085008459525e+00
1.019962193131000339e+00
1.019970101508080873e+00
1.019981715131197841e+00
1.019996904113452896e+00
1.020015507704178148e+00
1.020037339065490878e+00
1.020062190682616166e+00
1.020089840215363530e+00
1.020120056541890419e+00
1.020152605704248483e+00
1.020187256443552126e+00
1.020223785014358953e+00
1.020261978993886931e+00
1.020301639850249131e+00
1.020342584100751182e+00
1.020384642970556754e+00
1.020427660547105875e+00
1.020471490510286294e+00
1.020515991597552130e+00
1.020561022033731780e+00
1.020606433215832887e+00
1.020652062993858689e+00
1.020697728930321624e+00
1.020743221954369950e+00
1.020788300850699493e+00
1.020832688036253266e+00
1.020876067074591553e+00
1.020918082352157530e+00
1.020958341284783355e+00
1.020996419329198268e+00
1.021031867937695736e+00
1.021064225413554016e+00
1.021093030405970659e+00
1.021117837539969209e+00
1.021138234431548497e+00
1.021153859121085139e+00
1.021164416802699204e+00
1.021169694666350214e+00
1.021169573727481072e+00
1.021164036705654254e+00
1.021153171318870179e+00
1.021137168752834334e+00
1.021116317495017078e+00
1.021090993132487856e+00
1.021061645041714705e+00
1.021028781102342409e+00
1.020992951622344158e+00
1.020954733572593920e+00
1.020914716023336499e+00
1.020873487398648916e+00
1.020831624869031451e+00
1.020789685932692148e+00
1.020748202025176132e+00
1.020707673859952092e+00
1.020668568138537680e+00
1.020631315265444261e+00
1.020596307742738684e+00
1.020563898983118278e+00
1.020534402354033254e+00
1.020508090338237750e+00
1.020485193762218135e+00
1.020465901100594763e+00
1.020450357910906769e+00
1.020438666488906243e+00
1.020430885859153536e+00
1.020427032228500064e+00
1.020427080029844280e+00
1.020430963669309410e+00
1.020438580061271416e+00
1.020449791993028654e+00
1.020464432306344538e+00
1.020482308820158002e+00
1.020503209852548832e+00
1.020526910136719589e+00
1.020553176871996426e+00
1.020581775612965370e+00
1.020612475682839415e+00
1.020645054803950291e+00
1.020679302669208699e+00
1.020715023231160812e+00
1.020752035555237747e+00
1.020790173164856984e+00
1.020829281891511231e+00
1.020869216326872220e+00
1.020909835051557524e+00
1.020950994883763618e+00
1.020992544449464967e+00
1.021034317424643678e+00
1.021076125839920135e+00
1.021117753869427380e+00
1.021158952547924992e+00
1.021199435870113081e+00
1.021238878718913279e+00
1.021276917038194121e+00
1.021313150602288555e+00
1.021347148632471447e+00
1.021378458364693653e+00
1.021406616483655716e+00
1.021431163112900720e+00
1.021451657804761215e+00
1.021467696731862329e+00
1.021478930074603886e+00
1.021485078460701024e+00
1.021485947274955564e+00
1.021481437741889042e+00
1.021471553896643236e+00
1.021456404886175839e+00
1.021436202447858488e+00
1.021411253843853117e+00
1.021381950926878668e+00
1.021348756319435891e+00
1.021312187862740029e+00
1.021272802515859279e+00
1.021231180769099911e+00
1.021187912411298804e+00
1.021143584205993271e+00
1.021098769737452283e+00
1.021054021427930003e+00
1.021009864531150946e+00
1.020966792785584998e+00
1.020925265360874024e+00
1.020885704737878319e+00
1.020848495208843243e+00
1.020813981751371058e+00
1.020782469104068557e+00
1.020754220943553836e+00
1.020729459126791028e+00
1.020708363017270415e+00
1.020691068957714220e+00
1.020677669985462277e+00
1.020668215908996812e+00
1.020662713874263217e+00
1.020661129546414747e+00
1.020663389015383560e+00
1.020669381501983830e+00
1.020678962895933628e+00
1.020691960100525986e+00
1.020708176094611064e+00
1.020727395556377370e+00
1.020749390831532821e+00
1.020773927977505657e+00
1.020800772581366811e+00
1.020829695036916451e+00
1.020860474978240173e+00
1.020892904602798357e+00
1.020926790673889029e+00
1.020961955065162297e+00
1.020998233792375975e+00
1.021035474563212864e+00
1.021073532958915564e+00
1.021112267437416454e+00
1.021151533414148993e+00
1.021191176733158734e+00
1.021231026887994275e+00
1.021270890390023833e+00
1.021310544711477197e+00
1.021349733250470182e+00
1.021388161772144088e+00
1.021425496768483487e+00
1.021461366142141225e+00
1.021495362548919150e+00
1.021527049622557470e+00
1.021555971150434061e+00
1.021581663071165824e+00
1.021603667933896009e+00
1.021621551211681966e+00
1.021634918623739896e+00
1.021643433425438507e+00
1.021646832505005209e+00
1.021644940111926747e+00
1.021637678153200834e+00
1.021625072231831854e+00
1.021607252948423028e+00
1.021584452401958831e+00
1.021556996255171601e+00
1.021525292112710481e+00
1.021489815242177635e+00
1.021451092811850980e+00
1.021409687812445899e+00
1.021366183688124707e+00
1.021321170460891548e+00
1.021275232841761582e+00
1.021228940532005858e+00
1.021182840669384362e+00
1.021137452192995454e+00
1.021093261794369766e+00
1.021050721085448920e+00
1.021010244630806696e+00
1.020972208543250659e+00
1.020936949411589412e+00
1.020904763403677640e+00
1.020875905458415112e+00
1.020850588542766557e+00
1.020828983002316726e+00
1.020811216075837802e+00
1.020797371675592036e+00
1.020787490554965871e+00
1.020781570992603360e+00
1.020779570116295165e+00
1.020781405969659827e+00
1.020786960390020148e+00
1.020796082717971398e+00
1.020808594300567806e+00
1.020824293685071993e+00
1.020842962334370441e+00
1.020864370634976037e+00
1.020888283920629247e+00
1.020914468204733527e+00
1.020942695307493597e+00
1.020972747080517662e+00
1.021004418472091668e+00
1.021037519236886348e+00
1.021071874169265703e+00
1.021107321823043090e+00
1.021143711766063777e+00
1.021180900499764288e+00
1.021218746247986031e+00
1.021257102883744494e+00
1.021295813317057100e+00
1.021334702711917064e+00
1.021373571936939229e+00
1.021412191682015358e+00
1.021450297690893239e+00
1.021487587563192800e+00
1.021523719563100840e+00
1.021558313828472286e+00
1.021590956295547858e+00
1.021621205534533283e+00
1.021648602527100103e+00
1.021672683211282795e+00
1.021692993382971926e+00
1.021709105295443454e+00
1.021720635066575733e+00
1.021727259820454536e+00
1.021728733389839272e+00
1.021724899416777577e+00
1.021715700826594464e+00
1.021701184913387017e+00
1.021681503639695121e+00
1.021656909176043460e+00
1.021627745130717857e+00
1.021594434286142494e+00
1.021557463913860264e+00
1.021517369852896984e+00
1.021474720499743416e+00
1.021430101691997994e+00
1.021384103212088501e+00
1.021337307342921497e+00
1.021290279622887986e+00
1.021243561711632220e+00
1.021197666112123148e+00
1.021153072403718998e+00
1.021110224616500695e+00
1.021069529402635512e+00
1.021031354717321538e+00
1.020996028793418109e+00
1.020963839267946982e+00
1.020935032387791264e+00
1.020909812282350115e+00
1.020888340341193468e+00
1.020870734774561139e+00
1.020857070463494720e+00
1.020847379223820184e+00
1.020841650613074858e+00
1.020839833400645880e+00
1.020841837798176721e+00
1.020847538509758845e+00
1.020856778611059834e+00
1.020869374206236246e+00
1.020885119745824632e+00
1.020903793823572991e+00
1.020925165212007268e+00
1.020948998851907374e+00
1.020975061485465130e+00
1.021003126620453116e+00
1.021032978534672342e+00
1.021064415074878884e+00
1.021097249068542157e+00
1.021131308244420444e+00
1.021166433642551663e+00
1.021202476579404550e+00
1.021239294314401302e+00
1.021276744636247180e+00
1.021314679649842683e+00
1.021352939096934698e+00
1.021391343586834477e+00
1.021429688148218773e+00
1.021467736538939075e+00
1.021505216765822732e+00
1.021541818266482160e+00
1.021577191183886679e+00
1.021610948114323403e+00
1.021642668622712469e+00
1.021671906690223786e+00
1.021698201085916136e+00
1.021721088441026382e+00
1.021740118564030242e+00
1.021754871287630095e+00
1.021764973914327523e+00
1.021770118158684459e+00
1.021770075405078693e+00
1.021764709136068427e+00
1.021753983551116685e+00
1.021737967681954906e+00
1.021716834691640763e+00
1.021690856472667441e+00
1.021660394076893574e+00
1.021625884857002120e+00
1.021587827427173689e+00
1.021546765632207698e+00
1.021503272648563776e+00
1.021457936152291968e+00
1.021411345220896383e+00
1.021364079339877939e+00
1.021316699607665024e+00
1.021269742009882409e+00
1.021223712483679602e+00
1.021179083416764222e+00
1.021136291213195157e+00
1.021095734591450865e+00
1.021057773341371711e+00
1.021022727339489400e+00
1.020990875695788169e+00
1.020962455972513450e+00
1.020937663474013046e+00
1.020916650654764446e+00
1.020899526730318030e+00
1.020886357602522665e+00
1.020877166225333310e+00
1.020871933539624798e+00
1.020870600093682246e+00
1.020873068439799969e+00
1.020879206357093727e+00
1.020888850897881506e+00
1.020901813193181740e+00
1.020917883886782285e+00
1.020936839003017793e+00
1.020958445997497854e+00
1.020982469698980877e+00
1.021008677829668310e+00
1.021036845793802383e+00
1.021066760451305289e+00
1.021098222642517817e+00
1.021131048297533983e+00
1.021165068043254909e+00
1.021200125306516604e+00
1.021236072996198452e+00
1.021272768926216212e+00
1.021310070211565169e+00
1.021347826929816183e+00
1.021385875390881770e+00
1.021424031399243093e+00
1.021462083925777531e+00
1.021499789630223143e+00
1.021536868687695776e+00
1.021573002368862726e+00
1.021607832796809889e+00
1.021640965246535249e+00
1.021671973257989752e+00
1.021700406695388530e+00
1.021725802703441044e+00
1.021747699291110312e+00
1.021765651029626465e+00
1.021779246106597983e+00
1.021788123762290112e+00
1.021791990981429255e+00
1.021790637256682954e+00
1.021783946302326829e+00
1.021771903787653812e+00
1.021754600468682384e+00
1.021732230491645188e+00
1.021705085072835972e+00
1.021673542166913862e+00
1.021638053061541207e+00
1.021599127035358601e+00
1.021557315266577781e+00
1.021513195085566483e+00
1.021467355455903281e+00
1.021420384290341765e+00
1.021372857912217214e+00
1.021325332704638322e+00
1.021278338781143269e+00
1.021232375376921464e+00
1.021187907597960853e+00
1.021145364163916547e+00
1.021105135821160248e+00
1.021067574167141112e+00
1.021032990700995846e+00
1.021001655988055479e+00
1.020973798891735118e+00
1.020949605882597755e+00
1.020929220480397470e+00
1.020912742920239591e+00
1.020900230158320543e+00
1.020891696345059607e+00
1.020887113892798181e+00
1.020886415250500390e+00
1.020889495468676689e+00
1.020896215594659484e+00
1.020906406883423267e+00
1.020919875745996297e+00
1.020936409291262281e+00
1.020955781253822581e+00
1.020977758047260764e+00
1.021002104644875397e+00
1.021028589973710599e+00
1.021056991515326917e+00
1.021087098838535212e+00
1.021118715842758817e+00
1.021151661561204627e+00
1.021185769454344250e+00
1.021220885209765949e+00
1.021256863148240157e+00
1.021293561413200601e+00
1.021330836189094704e+00
1.021368535252221710e+00
1.021406491206134914e+00
1.021444514793304670e+00
1.021482388705919231e+00
1.021519862340484419e+00
1.021556647950379926e+00
1.021592418642590872e+00
1.021626808632623007e+00
1.021659416107223661e+00
1.021689808940910327e+00
1.021717533364908448e+00
1.021742125496449383e+00
1.021763125409942408e+00
1.021780093185314708e+00
1.021792626127279391e+00
1.021800376143715106e+00
1.021803066135902771e+00
1.021800504219271266e+00
1.021792594682137789e+00
1.021779344806936107e+00
1.021760867008479901e+00
1.021737376150774868e+00
1.021709182335140964e+00
1.021676679847539182e+00
1.021640333255644073e+00
1.021600661815518674e+00
1.021558223366957119e+00
1.021513598775802167e+00
1.021467377754232686e+00
1.021420146604116841e+00
1.021372478134975115e+00
1.021324923750145608e+00
1.021278007500764362e+00
1.021232221788219707e+00
1.021188024347721601e+00
1.021145836154353059e+00
1.021106039940007815e+00
1.021068979077260908e+00
1.021034956660469284e+00
1.021004234686051948e+00
1.020977033297891357e+00
1.020953530118018815e+00
1.020933859726572246e+00
1.020918113388120663e+00
1.020906339143382136e+00
1.020898542395127118e+00
1.020894687113571786e+00
1.020894697768846671e+00
1.020898462065948031e+00
1.020905834511822707e+00
1.020916640787249863e+00
1.020930682831937109e+00
1.020947744485108943e+00
1.020967597462205445e+00
1.020990007397829302e+00
1.021014739651791015e+00
1.021041564563650361e+00
1.021070261853824546e+00
1.021100623905874416e+00
1.021132457722008446e+00
1.021165585417108002e+00
1.021199843199338098e+00
1.021235078871044477e+00
1.021271147966402948e+00
1.021307908717948854e+00
1.021345216110286502e+00
1.021382915335381725e+00
1.021420835010406591e+00
1.021458780556977253e+00
1.021496528169999030e+00
1.021533819823894795e+00
1.021570359770357594e+00
1.021605812969450522e+00
1.021639805857632810e+00
1.021671929784352617e+00
1.021701747336392962e+00
1.021728801612592274e+00
1.021752628312615929e+00
1.021772770271347497e+00
1.021788793822926644e+00
1.021800306141638526e+00
1.021806972512981471e+00
1.021808532371386358e+00
1.021804812931080386e+00
1.021795739352086674e+00
1.021781340625706136e+00
1.021761750713362282e+00
1.021737204889417550e+00
1.021708031667350358e+00
1.021674641068966327e+00
1.021637510274069793e+00
1.021597167826787889e+00
1.021554177563334109e+00
1.021509123279839004e+00
1.021462594915246935e+00
1.021415176732731744e+00
1.021367437693754932e+00
1.021319923972403565e+00
1.021273153378823073e+00
1.021227611357010900e+00
1.021183748187352913e+00
1.021141977042463900e+00
1.021102672597552496e+00
1.021066169966540205e+00
1.021032763809469612e+00
1.021002707527112197e+00
1.020976212520752213e+00
1.020953447547241932e+00
1.020934538241029976e+00
1.020919566905754472e+00
1.020908572697457606e+00
1.020901552328639106e+00
1.020898461415958858e+00
1.020899216573717405e+00
1.020903698320110964e+00
1.020911754814954442e+00
1.020923206388690385e+00
1.020937850757391407e+00
1.020955468752692497e+00
1.020975830335717705e+00
1.020998700616658539e+00
1.021023845572591293e+00
1.021051037149531382e+00
1.021080057452461443e+00
1.021110701768230378e+00
1.021142780227408231e+00
1.021176117986950960e+00
1.021210553899404516e+00
1.021245937719860386e+00
1.021282125983459466e+00
1.021318976760062114e+00
1.021356343556806490e+00
1.021394068693335377e+00
1.021431976519177276e+00
1.021469866878910615e+00
1.021507509258250845e+00
1.021544638061384624e+00
1.021580949472900013e+00
1.021616100340615230e+00
1.021649709471025735e+00
1.021681361649279030e+00
1.021710614574150799e+00
1.021737008732820362e+00
1.021760080033417006e+00
1.021779374776250915e+00
1.021794466296947146e+00
1.021804972383954402e+00
1.021810572392199079e+00
1.021811022877703978e+00
1.021806170592915119e+00
1.021795961824742527e+00
1.021780447324150742e+00
1.021759782443448339e+00
1.021734222521510027e+00
1.021704113980845818e+00
1.021669881963541249e+00
1.021632015584334807e+00
1.021591051986855625e+00
1.021547560347698891e+00
1.021502126803067956e+00
1.021455341014945395e+00
1.021407784798725515e+00
1.021360022950902335e+00
1.021312596181444432e+00
1.021266015892136281e+00
1.021220760453736887e+00
1.021177272612339815e+00
1.021135957682170359e+00
1.021097182239581125e+00
1.021061273104821199e+00
1.021028516472179515e+00
1.020999157117997047e+00
1.020973397676151695e+00
1.020951398020562451e+00
1.020933274833711213e+00
1.020919101468740209e+00
1.020908908229732237e+00
1.020902683199189198e+00
1.020900373732456679e+00
1.020901888715108896e+00
1.020907101641336245e+00
1.020915854520597410e+00
1.020927962559254665e+00
1.020943219498137600e+00
1.020961403421905889e+00
1.020982282798237328e+00
1.021005622460820605e+00
1.021031189225435565e+00
1.021058756826782377e+00
1.021088109886456596e+00
1.021119046668125474e+00
1.021151380440664447e+00
1.021184939347993703e+00
1.021219564769086041e+00
1.021255108236691633e+00
1.021291427063566459e+00
1.021328378896896094e+00
1.021365815483624484e+00
1.021403575981439715e+00
1.021441480193064466e+00
1.021479322135893764e+00
1.021516864384621748e+00
1.021553833639123443e+00
1.021589917969305095e+00
1.021624766166512766e+00
1.021657989579875636e+00
1.021689166727945075e+00
1.021717850845499598e+00
1.021743580350700231e+00
1.021765892003530851e+00
1.021784336285322947e+00
1.021798494282458725e+00
1.021807995134137892e+00
1.021812532938015217e+00
1.021811881931705468e+00
1.021805908808643748e+00
1.021794581195724305e+00
1.021777971610404956e+00
1.021756256598166601e+00
1.021729711180173750e+00
1.021698699156974977e+00
1.021663660157742903e+00
1.021625094547959467e+00
1.021583547384930402e+00
1.021539592540125607e+00
1.021493817915398949e+00
1.021446812410421456e+00
1.021399155002282289e+00
1.021351406022486419e+00
1.021304100496053913e+00
1.021257743259713191e+00
1.021212805502461851e+00
1.021169722361005006e+00
1.021128891237271130e+00
1.021090670566914493e+00
1.021055378840795225e+00
1.021023293754873107e+00
1.020994651431216704e+00
1.020969645710906537e+00
1.020948427567404337e+00
1.020931104726194194e+00
1.020917741602757278e+00
1.020908359685463562e+00
1.020902938491649703e+00
1.020901417212905615e+00
1.020903697138889177e+00
1.020909644908183367e+00
1.020919096581621943e+00
1.020931862471450735e+00
1.020947732593564972e+00
1.020966482545910381e+00
1.020987879560641520e+00
1.021011688437172937e+00
1.021037677043093117e+00
1.021065621073313556e+00
1.021095307785500506e+00
1.021126538479828261e+00
1.021159129559046530e+00
1.021192912084784465e+00
1.021227729831309716e+00
1.021263435922413088e+00
1.021299888215823959e+00
1.021336943669507669e+00
1.021374451984098375e+00
1.021412248865812833e+00
1.021450149295282328e+00
1.021487941220404316e+00
1.021525380114878701e+00
1.021562184856015243e+00
1.021598035370946622e+00
1.021632572472916056e+00
1.021665400251058342e+00
1.021696091280685614e+00
1.021724194781422845e+00
1.021749247667044225e+00
1.021770788209742875e+00
1.021788371797234252e+00
1.021801588016669537e+00
1.021810078085086948e+00
1.021813551496133510e+00
1.021811800699239159e+00
1.021804712694040829e+00
1.021792276618143536e+00
1.021774586718801725e+00
1.021751840496140096e+00
1.021724332236829680e+00
1.021692442562835756e+00
1.021656624942024250e+00
1.021617390301777561e+00
1.021575290932020597e+00
1.021530904765697523e+00
1.021484820912750280e+00
1.021437627044157859e+00
1.021389898926956308e+00
1.021342192144514271e+00
1.021295035830013020e+00
1.021248928109036447e+00
1.021204332887682087e+00
1.021161677622769881e+00
1.021121351752463990e+00
1.021083705530819508e+00
1.021049049083679883e+00
1.021017651575902629e+00
1.020989740445434002e+00
1.020965500715742991e+00
1.020945074443756706e+00
1.020928560395449658e+00
1.020916014065142097e+00
1.020907448166535447e+00
1.020902833722389325e+00
1.020902101864535672e+00
1.020905146426236421e+00
1.020911827365344582e+00
1.020921975001466642e+00
1.020935394986974387e+00
1.020951873865467707e+00
1.020971185008380466e+00
1.020993094667525192e+00
1.021017367844746726e+00
1.021043773664358056e+00
1.021072089942483885e+00
1.021102106679981025e+00
1.021133628259718096e+00
1.021166474199964869e+00
1.021200478397218614e+00
1.021235486877396959e+00
1.021271354157934130e+00
1.021307938400435322e+00
1.021345095601448927e+00
1.021382673126747687e+00
1.021420502942662401e+00
1.021458394937351244e+00
1.021496130755768394e+00
1.021533458593544719e+00
1.021570089403979864e+00
1.021605694963742206e+00
1.021639908209683201e+00
1.021672326193612257e+00
1.021702515896820707e+00
1.021730022997274778e+00
1.021754383490372176e+00
1.021775137836755665e+00
1.021791847064173142e+00
1.021804110009497890e+00
1.021811580683251508e+00
1.021813984606419368e+00
1.021811132939121514e+00
1.021802933313807005e+00
1.021789396506811221e+00
1.021770638415418375e+00
1.021746877216287430e+00
