1.000603444564682754e+00
1.000677431533911310e+00
1.000799910944194515e+00
1.000944006307660228e+00
1.001100616011518785e+00
1.001265334602845058e+00
1.001435542397411727e+00
1.001609480843309585e+00
1.001785880749059610e+00
1.001963783459756119e+00
1.002142442336149575e+00
1.002321262844570349e+00
1.002499763465441340e+00
1.002677548884068459e+00
1.002854290956900485e+00
1.003029714871953360e+00
1.003203588916579792e+00
1.003375716817531016e+00
1.003545931946220549e+00
1.003714092889842036e+00
1.003880080027834465e+00
1.004043792849930394e+00
1.004205147821393140e+00
1.004364076651711013e+00
1.004520524860452291e+00
1.004674450561755972e+00
1.004825823409613239e+00
1.004974623661471167e+00
1.005120841329128822e+00
1.005264475394398227e+00
1.005405533073349122e+00
1.005544029117672711e+00
1.005679985145269795e+00
1.005813428994868142e+00
1.005944394101524031e+00
1.006072918891467438e+00
1.006199046195967561e+00
1.006322822684844631e+00
1.006444298320950725e+00
1.006563525837456563e+00
1.006680560240083233e+00
1.006795458336593896e+00
1.006908278295848946e+00
1.007019079238614445e+00
1.007127920862050274e+00
1.007234863099474742e+00
1.007339965816555827e+00
1.007443288544599413e+00
1.007544890251074410e+00
1.007644829146962184e+00
1.007743162529982861e+00
1.007839946662216324e+00
1.007935236680170155e+00
1.008029086534893759e+00
1.008121548959401981e+00
1.008212675460357088e+00
1.008302516330775056e+00
1.008391120680386166e+00
1.008478536480253984e+00
1.008564810618305385e+00
1.008649988962551758e+00
1.008734116428981364e+00
1.008817237051364613e+00
1.008899394050525311e+00
1.008980629900974035e+00
1.009060986393180759e+00
1.009140504690130280e+00
1.009219225377194551e+00
1.009297188504705733e+00
1.009374433622951983e+00
1.009450999809615279e+00
1.009526925689923971e+00
1.009602249449997213e+00
1.009677008844023449e+00
1.009751241196016114e+00
1.009824983396955700e+00
1.009898271898150846e+00
1.009971142701624469e+00
1.010043631348292337e+00
1.010115772904622400e+00
1.010187601948377090e+00
1.010259152553937279e+00
1.010330458277612475e+00
1.010401552143219917e+00
1.010472466628141053e+00
1.010543233649956019e+00
1.010613884553692499e+00
1.010684450099652576e+00
1.010754960451742512e+00
1.010825445166177117e+00
1.010895933180425033e+00
1.010966452802233295e+00
1.011037031698577060e+00
1.011107696884381513e+00
1.011178474710875408e+00
1.011249390853456998e+00
1.011320470298968210e+00
1.011391737332297591e+00
1.011463215522256487e+00
1.011534927706695619e+00
1.011606895976842058e+00
1.011679141660872361e+00
1.011751685306739201e+00
1.011824546664293667e+00
1.011897744666751198e+00
1.011971297411572657e+00
1.012045222140825151e+00
1.012119535221105870e+00
1.012194252123116867e+00
1.012269387400980269e+00
1.012344954671391406e+00
1.012420966592709526e+00
1.012497434844092492e+00
1.012574370104779131e+00
1.012651782033638925e+00
1.012729679249096293e+00
1.012808069309559578e+00
1.012886958694471984e+00
1.012966352786125679e+00
1.013046255852364075e+00
1.013126671030324388e+00
1.013207600311359924e+00
1.013289044527302174e+00
1.013371003338215282e+00
1.013453475221806066e+00
1.013536457464659479e+00
1.013619946155465357e+00
1.013703936180409659e+00
1.013788421220900293e+00
1.013873393753803587e+00
1.013958845054354629e+00
1.014044765201910669e+00
1.014131143088704778e+00
1.014217966431753659e+00
1.014305221788053268e+00
1.014392894573202586e+00
1.014480969083555673e+00
1.014569428522010153e+00
1.014658255027504730e+00
1.014747429708280357e+00
1.014836932678945480e+00
1.014926743101344675e+00
1.015016839229215373e+00
1.015107198456584481e+00
1.015197797369826072e+00
1.015288611803267127e+00
1.015379616898207216e+00
1.015470787165166477e+00
1.015562096549169624e+00
1.015653518497812158e+00
1.015745026031850351e+00
1.015836591818007006e+00
1.015928188243666153e+00
1.016019787493099624e+00
1.016111361624842946e+00
1.016202882649817285e+00
1.016294322609775147e+00
1.016385653655628829e+00
1.016476848125214660e+00
1.016567878620026066e+00
1.016658718080456936e+00
1.016749339859087442e+00
1.016839717791546693e+00
1.016929826264504788e+00
1.017019640280339532e+00
1.017109135518061258e+00
1.017198288390075867e+00
1.017287076094406828e+00
1.017375476662007117e+00
1.017463468998835996e+00
1.017551032922393350e+00
1.017638149192446217e+00
1.017724799535714375e+00
1.017810966664316918e+00
1.017896634287826618e+00
1.017981787118807269e+00
1.018066410871756311e+00
1.018150492255409878e+00
1.018234018958409148e+00
1.018316979628353547e+00
1.018399363844324501e+00
1.018481162082970570e+00
1.018562365678306048e+00
1.018642966775386016e+00
1.018722958278061697e+00
1.018802333791050119e+00
1.018881087556569920e+00
1.018959214385831258e+00
1.019036709585678491e+00
1.019113568880722909e+00
1.019189788331301028e+00
1.019265364247638583e+00
1.019340293100592820e+00
1.019414571429381633e+00
1.019488195746717007e+00
1.019561162441772195e+00
1.019633467681436922e+00
1.019705107310320269e+00
1.019776076749986604e+00
1.019846370897914412e+00
1.019915984026694034e+00
1.019984909683994356e+00
1.020053140593837337e+00
1.020120668559753252e+00
1.020187484370391306e+00
1.020253577708189585e+00
1.020318937061722053e+00
1.020383549642359888e+00
1.020447401305904833e+00
1.020510476479863593e+00
1.020572758097055388e+00
1.020634227536253213e+00
1.020694864570572680e+00
1.020754647324332076e+00
1.020813552239104638e+00
1.020871554049694208e+00
1.020928625770746834e+00
1.020984738694704408e+00
1.021039862401786236e+00
1.021093964782647578e+00
1.021147012074334004e+00
1.021198968910092653e+00
1.021249798383550456e+00
1.021299462127683855e+00
1.021347920408931742e+00
1.021395132236703418e+00
1.021441055488411020e+00
1.021485647050049739e+00
1.021528862972201246e+00
1.021570658641187457e+00
1.021610988964947175e+00
1.021649808573033003e+00
1.021687072029950905e+00
1.021722734060874327e+00
1.021756749788583996e+00
1.021789074980283374e+00
1.021819666302758334e+00
1.021848481584156199e+00
1.021875480080494114e+00
1.021900622744825071e+00
1.021923872496857566e+00
1.021945194490684106e+00
1.021964556378168520e+00
1.021981928565471875e+00
1.021997284460137045e+00
1.022010600706143357e+00
1.022021857404372458e+00
1.022031038315971418e+00
1.022038131046214549e+00
1.022043127206602620e+00
1.022046022553114941e+00
1.022046817098764215e+00
1.022045515198840793e+00
1.022042125607554475e+00
1.022036661505074662e+00
1.022029140494337796e+00
1.022019584567353423e+00
1.022008020041109244e+00
1.021994477463587181e+00
1.021978991490755551e+00
1.021961600735811437e+00
1.021942347592290634e+00
1.021921278033004477e+00
1.021898441387075973e+00
1.021873890097619197e+00
1.021847679462831948e+00
1.021819867363465084e+00
1.021790513979756954e+00
1.021759681501013262e+00
1.021727433831031817e+00
1.021693836292560054e+00
1.021658955333878627e+00
1.021622858240501142e+00
1.021585612854782221e+00
1.021547287306039387e+00
1.021507949753521327e+00
1.021467668144289576e+00
1.021426509987775955e+00
1.021384542148453978e+00
1.021341830657739980e+00
1.021298440545904684e+00
1.021254435694449736e+00
1.021209878709090191e+00
1.021164830813180435e+00
1.021119351761140548e+00
1.021073499771192328e+00
1.021027331476481059e+00
1.020980901893474568e+00
1.020934264406358372e+00
1.020887470766034921e+00
1.020840571102227035e+00
1.020793613947135636e+00
1.020746646269073077e+00
1.020699713514491069e+00
1.020652859656859590e+00
1.020606127250900830e+00
1.020559557490758440e+00
1.020513190270779358e+00
1.020467064247688516e+00
1.020421216903054429e+00
1.020375684605068889e+00
1.020330502668797878e+00
1.020285705414176292e+00
1.020241326221167366e+00
1.020197397581607213e+00
1.020153951147390936e+00
1.020111017774756101e+00
1.020068627564517438e+00
1.020026809898203046e+00
1.019985593470109642e+00
1.019945006315371883e+00
1.019905075834194097e+00
1.019865828812428266e+00
1.019827291438733852e+00
1.019789489318565057e+00
1.019752447485263280e+00
1.019716190408521239e+00
1.019680742000510509e+00
1.019646125619939170e+00
1.019612364074315991e+00
1.019579479620662976e+00
1.019547493964925611e+00
1.019516428260287100e+00
1.019486303104590430e+00
1.019457138537036345e+00
1.019428954034310664e+00
1.019401768506264627e+00
1.019375600291254624e+00
1.019350467151218353e+00
1.019326386266551587e+00
1.019303374230820403e+00
1.019281447045331745e+00
1.019260620113568105e+00
1.019240908235472309e+00
1.019222325601561563e+00
1.019204885786838322e+00
1.019188601744450029e+00
1.019173485799058199e+00
1.019159549639858220e+00
1.019146804313197041e+00
1.019135260214736993e+00
1.019124927081112464e+00
1.019115813981030794e+00
1.019107929305774318e+00
1.019101280759069583e+00
1.019095875346291979e+00
1.019091719362989590e+00
1.019088818382717365e+00
1.019087177244178077e+00
1.019086800037689811e+00
1.019087690091002418e+00
1.019089849954495142e+00
1.019093281385812677e+00
1.019097985333994538e+00
1.019103961923174761e+00
1.019111210435939663e+00
1.019119729296437349e+00
1.019129516053355111e+00
1.019140567362883942e+00
1.019152878971801623e+00
1.019166445700821377e+00
1.019181261428356411e+00
1.019197319074867769e+00
1.019214610587961367e+00
1.019233126928419164e+00
1.019252858057345001e+00
1.019273792924622946e+00
1.019295919458876654e+00
1.019319224559137371e+00
1.019343694088415297e+00
1.019369312869375266e+00
1.019396064682320802e+00
1.019423932265677291e+00
1.019452897319168549e+00
1.019482940509865099e+00
1.019514041481284217e+00
1.019546178865696540e+00
1.019579330299793529e+00
1.019613472443840152e+00
1.019648581004434895e+00
1.019684630760959942e+00
1.019721595595799890e+00
1.019759448528367862e+00
1.019798161752958787e+00
1.019837706680421174e+00
1.019878053983606314e+00
1.019919173646517629e+00
1.019961035017068030e+00
1.020003606863294721e+00
1.020046857432870269e+00
1.020090754515704079e+00
1.020135265509393152e+00
1.020180357487260103e+00
1.020225997268672469e+00
1.020272151491316670e+00
1.020318786685069812e+00
1.020365869347082732e+00
1.020413366017676626e+00
1.020461243356622472e+00
1.020509468219362503e+00
1.020558007732729422e+00
1.020606829369686608e+00
1.020655901022635259e+00
1.020705191074814167e+00
1.020754668469328053e+00
1.020804302775347949e+00
1.020854064251036863e+00
1.020903923902772625e+00
1.020953853540250922e+00
1.021003825827084821e+00
1.021053814326534859e+00
1.021103793542035287e+00
1.021153738952214507e+00
1.021203627040139228e+00
1.021253435316550107e+00
1.021303142336888126e+00
1.021352727711958286e+00
1.021402172112106710e+00
1.021451457264830776e+00
1.021500565945780314e+00
1.021549481963145656e+00
1.021598190135466044e+00
1.021646676262930153e+00
1.021694927092270611e+00
1.021742930275397754e+00
1.021790674321937820e+00
1.021838148545882730e+00
1.021885343006579738e+00
1.021932248444319846e+00
1.021978856210804532e+00
1.022025158194801664e+00
1.022071146743315673e+00
1.022116814578617916e+00
1.022162154711508730e+00
1.022207160351191524e+00
1.022251824812163701e+00
1.022296141418540749e+00
1.022340103406247147e+00
1.022383703823521728e+00
1.022426935430204908e+00
1.022469790596285177e+00
1.022512261200200001e+00
1.022554338527402740e+00
1.022596013169727147e+00
1.022637274926087692e+00
1.022678112705086129e+00
1.022718514430100978e+00
1.022758466947458089e+00
1.022797955938306469e+00
1.022836965834829082e+00
1.022875479741445437e+00
1.022913479361680977e+00
1.022950944931385164e+00
1.022987855159003701e+00
1.023024187173614763e+00
1.023059916481452225e+00
1.023095016931637069e+00
1.023129460691845072e+00
1.023163218234620864e+00
1.023196258335050901e+00
1.023228548080465927e+00
1.023260052892837724e+00
1.023290736564473669e+00
1.023320561307579091e+00
1.023349487818188575e+00
1.023377475354898092e+00
1.023404481832742352e+00
1.023430463932470724e+00
1.023455377225352292e+00
1.023479176313531802e+00
1.023501814985809277e+00
1.023523246388574615e+00
1.023543423211466408e+00
1.023562297887154360e+00
1.023579822804464134e+00
1.023595950533884968e+00
1.023610634064301195e+00
1.023623827049605861e+00
1.023635484063662116e+00
1.023645560861890846e+00
1.023654014647590316e+00
1.023660804340922770e+00
1.023665890848360238e+00
1.023669237330249171e+00
1.023670809464040099e+00
1.023670575700667662e+00
1.023668507511495740e+00
1.023664579623251525e+00
1.023658770238369708e+00
1.023651061238255000e+00
1.023641438367050238e+00
1.023629891393654567e+00
1.023616414249905349e+00
1.023601005143071951e+00
1.023583666641054046e+00
1.023564405728981441e+00
1.023543233836224253e+00
1.023520166833180589e+00
1.023495224997563513e+00
1.023468432950300766e+00
1.023439819561542397e+00
1.023409417827654488e+00
1.023377264720463753e+00
1.023343401010366360e+00
1.023307871065269659e+00
1.023270722627629636e+00
1.023232006572125208e+00
1.023191776646749096e+00
1.023150089200265178e+00
1.023107002899128259e+00
1.023062578437040626e+00
1.023016878240350369e+00
1.022969966172467826e+00
1.022921907240407657e+00
1.022872767306430397e+00
1.022822612807589016e+00
1.022771510485774193e+00
1.022719527130597772e+00
1.022666729337178948e+00
1.022613183280592697e+00
1.022558954508421492e+00
1.022504107752524760e+00
1.022448706760802573e+00
1.022392814149416962e+00
1.022336491275598558e+00
1.022279798130887762e+00
1.022222793254359496e+00
1.022165533665142068e+00
1.022108074813311340e+00
1.022050470548040213e+00
1.021992773101736196e+00
1.021935033088763323e+00
1.021877299517254700e+00
1.021819619812467828e+00
1.021762039850097281e+00
1.021704603997972693e+00
1.021647355164593041e+00
1.021590334853005100e+00
1.021533583218606989e+00
1.021477139129556955e+00
1.021421040228562394e+00
1.021365322994957969e+00
1.021310022806092288e+00
1.021255173997179355e+00
1.021200809918896946e+00
1.021146962992145468e+00
1.021093664759498143e+00
1.021040945932992772e+00
1.020988836438030178e+00
1.020937365453229440e+00
1.020886561446192609e+00
1.020836452205205136e+00
1.020787064866957694e+00
1.020738425940445282e+00
1.020690561327233015e+00
1.020643496338315970e+00
1.020597255707828666e+00
1.020551863603875509e+00
1.020507343636756215e+00
1.020463718864874192e+00
1.020421011798596789e+00
1.020379244402342511e+00
1.020338438095141242e+00
1.020298613749909045e+00
1.020259791691652929e+00
1.020221991694800767e+00
1.020185232979829104e+00
1.020149534209340070e+00
1.020114913483707753e+00
1.020081388336403938e+00
1.020048975729075158e+00
1.020017692046436331e+00
1.019987553091014520e+00
1.019958574077763469e+00
1.019930769628554224e+00
1.019904153766526322e+00
1.019878739910278664e+00
1.019854540867862092e+00
1.019831568830532387e+00
1.019809835366216166e+00
1.019789351412628164e+00
1.019770127269999271e+00
1.019752172593343165e+00
1.019735496384225115e+00
1.019720106981969021e+00
1.019706012054272026e+00
1.019693218587178984e+00
1.019681732874395230e+00
1.019671560505912344e+00
1.019662706355942472e+00
1.019655174570156309e+00
1.019648968552242296e+00
1.019644090949807458e+00
1.019640543639659391e+00
1.019638327712513615e+00
1.019637443457194870e+00
1.019637890344397002e+00
1.019639667010097117e+00
1.019642771238712164e+00
1.019647199946118743e+00
1.019652949162648259e+00
1.019660014016199323e+00
1.019668388715600837e+00
1.019678066534391192e+00
1.019689039795164787e+00
1.019701299854669063e+00
1.019714837089819248e+00
1.019729640884829536e+00
1.019745699619640344e+00
1.019763000659848151e+00
1.019781530348331300e+00
1.019801273998774516e+00
1.019822215891292405e+00
1.019844339270354006e+00
1.019867626345202005e+00
1.019892058292957149e+00
1.019917615264594346e+00
1.019944276393960791e+00
1.019972019809999964e+00
1.020000822652328942e+00
1.020030661090303159e+00
1.020061510345677824e+00
1.020093344718965733e+00
1.020126137619552731e+00
1.020159861599625462e+00
1.020194488391921173e+00
1.020229988951298239e+00
1.020266333500079892e+00
1.020303491577103205e+00
1.020341432090372091e+00
1.020380123373171299e+00
1.020419533243479115e+00
1.020459629066468477e+00
1.020500377819864690e+00
1.020541746161889307e+00
1.020583700501490609e+00
1.020626207070531422e+00
1.020669231997577420e+00
1.020712741382904243e+00
1.020756701374318176e+00
1.020801078243365634e+00
1.020845838461492905e+00
1.020890948775700746e+00
1.020936376283233082e+00
1.020982088504831964e+00
1.021028053456092266e+00
1.021074239716448950e+00
1.021120616495340805e+00
1.021167153695107244e+00
1.021213821970180291e+00
1.021260592782167631e+00
1.021307438450432592e+00
1.021354332197807135e+00
1.021401248191109890e+00
1.021448161576154146e+00
1.021495048506988912e+00
1.021541886169128555e+00
1.021588652796579400e+00
1.021635327682503647e+00
1.021681891183397806e+00
1.021728324716704606e+00
1.021774610751819079e+00
1.021820732794479270e+00
1.021866675364579313e+00
1.021912423967471728e+00
1.021957965058867268e+00
1.022003286003468903e+00
1.022048375027511558e+00
1.022093221165412569e+00
1.022137814200757333e+00
1.022182144601885945e+00
1.022226203452353488e+00
1.022269982376579067e+00
1.022313473461004651e+00
1.022356669171113897e+00
1.022399562264678874e+00
1.022442145701616401e+00
1.022484412550858535e+00
1.022526355894651573e+00
1.022567968730720533e+00
1.022609243872745433e+00
1.022650173849612543e+00
1.022690750803923354e+00
1.022730966390253737e+00
1.022770811673676894e+00
1.022810277029073678e+00
1.022849352041781401e+00
1.022888025410138679e+00
1.022926284850510070e+00
1.022964117005386253e+00
1.023001507355183470e+00
1.023038440134371507e+00
1.023074898252588794e+00
1.023110863221415423e+00
1.023146315087489766e+00
1.023181232372670557e+00
1.023215592021957665e+00
1.023249369359891414e+00
1.023282538056151436e+00
1.023315070101085356e+00
1.023346935791877854e+00
1.023378103730065769e+00
1.023408540831083346e+00
1.023438212346486686e+00
1.023467081899475328e+00
1.023495111534272528e+00
1.023522261779870046e+00
1.023548491728569987e+00
1.023573759129668748e+00
1.023598020498533767e+00
1.023621231241213181e+00
1.023643345794594595e+00
1.023664317781989741e+00
1.023684100183877455e+00
1.023702645523378862e+00
1.023719906065862828e+00
1.023735834031902936e+00
1.023750381822631450e+00
1.023763502256330948e+00
1.023775148814924263e+00
1.023785275898832614e+00
1.023793839088479762e+00
1.023800795410552356e+00
1.023806103606952789e+00
1.023809724404237897e+00
1.023811620781202247e+00
1.023811758232162639e+00
1.023810105023414296e+00
1.023806632440292130e+00
1.023801315022241809e+00
1.023794130783341583e+00
1.023785061415762643e+00
1.023774092473769048e+00
1.023761213535990588e+00
1.023746418343884024e+00
1.023729704914526639e+00
1.023711075626132061e+00
1.023690537274981605e+00
1.023668101102774397e+00
1.023643782793762780e+00
1.023617602441386332e+00
1.023589584484515536e+00
1.023559757613795806e+00
1.023528154648964295e+00
1.023494812388400677e+00
1.023459771432521759e+00
1.023423075982980990e+00
1.023384773619939514e+00
1.023344915059938742e+00
1.023303553897156881e+00
1.023260746330996174e+00
1.023216550883094822e+00
1.023171028106939495e+00
1.023124240293277865e+00
1.023076251174517948e+00
1.023027125631211121e+00
1.022976929403604851e+00
1.022925728811067803e+00
1.022873590481983230e+00
1.022820581096455461e+00
1.022766767143898248e+00
1.022712214697265587e+00
1.022656989205371847e+00
1.022601155304416531e+00
1.022544776649501719e+00
1.022487915766598032e+00
1.022430633925101695e+00
1.022372991030826572e+00
1.022315045538989553e+00
1.022256854386499159e+00
1.022198472942629444e+00
1.022139954976970078e+00
1.022081352643372298e+00
1.022022716478504734e+00
1.021964095413511409e+00
1.021905536797235614e+00
1.021847086429417129e+00
1.021788788602295828e+00
1.021730686149066702e+00
1.021672820497698808e+00
1.021615231728695061e+00
1.021557958635468166e+00
1.021501038786117643e+00
1.021444508585502398e+00
1.021388403336632722e+00
1.021332757300540850e+00
1.021277603753900642e+00
1.021222975043816650e+00
1.021168902639308040e+00
1.021115417179139673e+00
1.021062548515759172e+00
1.021010325755192349e+00
1.020958777292852115e+00
1.020907930845274869e+00
1.020857813477884957e+00
1.020808451628928637e+00
1.020759871129774510e+00
1.020712097221804893e+00
1.020665154570153721e+00
1.020619067274560976e+00
1.020573858877622087e+00
1.020529552370712079e+00
1.020486170197863807e+00
1.020443734257864499e+00
1.020402265904826411e+00
1.020361785947470068e+00
1.020322314647330142e+00
1.020283871716089585e+00
1.020246476312208550e+00
1.020210147036995973e+00
1.020174901930258615e+00
1.020140758465619690e+00
1.020107733545594364e+00
1.020075843496476953e+00
1.020045104063081132e+00
1.020015530403350468e+00
1.019987137082843276e+00
1.019959938069082028e+00
1.019933946725738894e+00
1.019909175806627877e+00
1.019885637449455595e+00
1.019863343169285619e+00
1.019842303851658194e+00
1.019822529745316064e+00
1.019804030454477761e+00
1.019786814930604635e+00
1.019770891463615436e+00
1.019756267672503158e+00
1.019742950495315714e+00
1.019730946178473374e+00
1.019720260265401635e+00
1.019710897584470644e+00
1.019702862236239405e+00
1.019696157580021856e+00
1.019690786219792145e+00
1.019686749989471952e+00
1.019684049937644055e+00
1.019682686311754738e+00
1.019682658541879672e+00
1.019683965224134958e+00
1.019686604103838823e+00
1.019690572058526978e+00
1.019695865080946451e+00
1.019702478262160428e+00
1.019710405774908901e+00
1.019719640857374987e+00
1.019730175797523231e+00
1.019742001918181096e+00
1.019755109563040385e+00
1.019769488083766440e+00
1.019785125828408745e+00
1.019802010131305225e+00
1.019820127304681190e+00
1.019839462632146088e+00
1.019860000364286812e+00
1.019881723716556277e+00
1.019904614869656445e+00
1.019928654972605431e+00
1.019953824148670307e+00
1.019980101504342151e+00
1.020007465141515413e+00
1.020035892173017045e+00
1.020065358741621742e+00
1.020095840042664737e+00
1.020127310350344541e+00
1.020159743047791112e+00
1.020193110660935876e+00
1.020227384896212230e+00
1.020262536682071453e+00
1.020298536214275131e+00
1.020335353004893308e+00
1.020372955934907733e+00
1.020411313310279455e+00
1.020450392921314009e+00
1.020490162105123000e+00
1.020530587810940304e+00
1.020571636668031745e+00
1.020613275055892943e+00
1.020655469176409369e+00
1.020698185127623780e+00
1.020741388978723130e+00
1.020785046845848143e+00
1.020829124968295254e+00
1.020873589784675683e+00
1.020918408008571587e+00
1.020963546703238745e+00
1.021008973354874394e+00
1.021054655943995026e+00
1.021100563014451623e+00
1.021146663739627591e+00
1.021192927985371313e+00
1.021239326369235867e+00
1.021285830315609822e+00
1.021332412106350951e+00
1.021379044926560065e+00
1.021425702905157884e+00
1.021472361149962094e+00
1.021518995776996563e+00
1.021565583933793375e+00
1.021612103816494255e+00
1.021658534680589314e+00
1.021704856845173648e+00
1.021751051690638956e+00
1.021797101649755346e+00
1.021842990192142864e+00
1.021888701802161403e+00
1.021934221950290045e+00
1.021979537058102183e+00
1.022024634456972780e+00
1.022069502340689606e+00
1.022114129712171193e+00
1.022158506324519545e+00
1.022202622616667167e+00
1.022246469643897759e+00
1.022290039003547868e+00
1.022333322756217022e+00
1.022376313342832965e+00
1.022419003497939460e+00
1.022461386159589036e+00
1.022503454376244125e+00
1.022545201211104482e+00
1.022586619644289652e+00
1.022627702473331901e+00
1.022668442212436357e+00
1.022708830990993523e+00
1.022748860451834663e+00
1.022788521649744542e+00
1.022827804950757979e+00
1.022866699932782453e+00
1.022905195288114744e+00
1.022943278728426497e+00
1.022980936892820880e+00
1.023018155259576956e+00
1.023054918062217045e+00
1.023091208210553216e+00
1.023127007217380591e+00
1.023162295131508470e+00
1.023197050477825165e+00
1.023231250205116627e+00
1.023264869642346975e+00
1.023297882464140107e+00
1.023330260666171831e+00
1.023361974551198816e+00
1.023392992726424700e+00
1.023423282112885246e+00
1.023452807967508260e+00
1.023481533918457753e+00
1.023509422014336812e+00
1.023536432787743866e+00
1.023562525333622464e+00
1.023587657402750040e+00
1.023611785510615046e+00
1.023634865061830990e+00
1.023656850490091808e+00
1.023677695413563793e+00
1.023697352805435390e+00
1.023715775179208087e+00
1.023732914788122006e+00
1.023748723837953456e+00
1.023763154712210799e+00
1.023776160208592412e+00
1.023787693785360275e+00
1.023797709816097079e+00
1.023806163851139539e+00
1.023813012883787676e+00
1.023818215619237026e+00
1.023821732744024660e+00
1.023823527193649330e+00
1.023823564415925258e+00
1.023821812627542904e+00
1.023818243061262567e+00
1.023812830201154656e+00
1.023805552003322017e+00
1.023796390099592113e+00
1.023785329981778958e+00
1.023772361164245304e+00
1.023757477322677634e+00
1.023740676407219663e+00
1.023721960728340763e+00
1.023701337014139678e+00
1.023678816438076122e+00
1.023654414616491426e+00
1.023628151575630696e+00
1.023600051688274171e+00
1.023570143580452063e+00
1.023538460009127959e+00
1.023505037712089560e+00
1.023469917231667470e+00
1.023433142714227362e+00
1.023394761687701937e+00
1.023354824819698194e+00
1.023313385658942476e+00
1.023270500363022695e+00
1.023226227415515277e+00
1.023180627335670057e+00
1.023133762383855894e+00
1.023085696265951361e+00
1.023036493839782679e+00
1.022986220826591630e+00
1.022934943530342755e+00
1.022882728567467314e+00
1.022829642609392131e+00
1.022775752139926109e+00
1.022721123229266560e+00
1.022665821326082192e+00
1.022609911068786737e+00
1.022553456116795934e+00
1.022496519002232152e+00
1.022439161002219432e+00
1.022381442031614185e+00
1.022323420555743212e+00
1.022265153522448289e+00
1.022206696312535135e+00
1.022148102707507444e+00
1.022089424873321883e+00
1.022030713358763165e+00
1.021972017106948405e+00
1.021913383478411541e+00
1.021854858284185319e+00
1.021796485827306533e+00
1.021738308951195773e+00
1.021680369093416196e+00
1.021622706343391140e+00
1.021565359502759396e+00
1.021508366147137359e+00
1.021451762688196485e+00
1.021395584435072168e+00
1.021339865654255163e+00
1.021284639627247248e+00
1.021229938705388918e+00
1.021175794361387723e+00
1.021122237237198416e+00
1.021069297188009983e+00
1.021017003322194805e+00
1.020965384037167301e+00
1.020914467051173835e+00
1.020864279431104471e+00
1.020814847616475785e+00
1.020766197439774370e+00
1.020718354143391959e+00
1.020671342393398184e+00
1.020625186290431419e+00
1.020579909377976602e+00
1.020535534648319143e+00
1.020492084546444023e+00
1.020449580972152770e+00
1.020408045280652765e+00
1.020367498281851137e+00
1.020327960238575082e+00
1.020289450863911984e+00
1.020251989317845442e+00
1.020215594203334408e+00
1.020180283561961776e+00
1.020146074869257014e+00
1.020112985029772545e+00
1.020081030371972730e+00
1.020050226642972735e+00
1.020020589003149514e+00
1.019992132020627773e+00
1.019964869665628715e+00
1.019938815304657798e+00
1.019913981694495986e+00
1.019890380975955191e+00
1.019868024667342610e+00
1.019846923657586224e+00
1.019827088198963505e+00
1.019808527899378481e+00
1.019791251714136981e+00
1.019775267937165442e+00
1.019760584191634400e+00
1.019747207419948065e+00
1.019735143873067296e+00
1.019724399099151801e+00
1.019714977931506006e+00
1.019706884475833242e+00
1.019700122096807160e+00
1.019694693403986108e+00
1.019690600237106448e+00
1.019687843650802339e+00
1.019686423898814365e+00
1.019686340417757853e+00
1.019687591810539917e+00
1.019690175829520928e+00
1.019694089359530764e+00
1.019699328400863081e+00
1.019705888052375053e+00
1.019713762494845355e+00
1.019722944974732481e+00
1.019733427788505065e+00
1.019745202267712259e+00
1.019758258764970504e+00
1.019772586641059853e+00
1.019788174253314139e+00
1.019805008945504188e+00
1.019823077039416770e+00
1.019842363828322052e+00
1.019862853572539807e+00
1.019884529497297798e+00
1.019907373793081273e+00
1.019931367618663209e+00
1.019956491107000929e+00
1.019982723374170064e+00
1.020010042531501515e+00
1.020038425701067064e+00
1.020067849034649754e+00
1.020098287736308729e+00
1.020129716088635341e+00
1.020162107482771141e+00
1.020195434452230820e+00
1.020229668710552096e+00
1.020264781192763870e+00
1.020300742100629598e+00
1.020337520951600574e+00
1.020375086631370110e+00
1.020413407449901166e+00
1.020452451200749788e+00
1.020492185223486725e+00
1.020532576468979880e+00
1.020573591567272675e+00
1.020615196897754151e+00
1.020657358661296588e+00
1.020700042954003406e+00
1.020743215842183638e+00
1.020786843438154623e+00
1.020830891976439059e+00
1.020875327889929185e+00
1.020920117885553591e+00
1.020965229018990339e+00
1.021010628767960782e+00
1.021056285103632000e+00
1.021102166559665569e+00
1.021148242298453024e+00
1.021194482174096585e+00
1.021240856791694185e+00
1.021287337562527542e+00
1.021333896754756498e+00
1.021380507539253912e+00
1.021427144030254253e+00
1.021473781320501928e+00
1.021520395510634005e+00
1.021566963732561950e+00
1.021613464166652552e+00
1.021659876052549709e+00
1.021706179693513628e+00
1.021752356454196153e+00
1.021798388751809394e+00
1.021844260040678076e+00
1.021889954790216493e+00
1.021935458456388890e+00
1.021980757446764310e+00
1.022025839079305332e+00
1.022070691535054809e+00
1.022115303804927322e+00
1.022159665630832937e+00
1.022203767441391742e+00
1.022247600282517377e+00
1.022291155743178637e+00
1.022334425876665343e+00
1.022377403117702865e+00
1.022420080195785896e+00
1.022462450045113158e+00
1.022504505711522960e+00
1.022546240256850147e+00
1.022587646661134997e+00
1.022628717723131686e+00
1.022669445959584422e+00
1.022709823503743065e+00
1.022749842003620735e+00
1.022789492520498111e+00
1.022828765428207110e+00
1.022867650313733057e+00
1.022906135879702472e+00
1.022944209849333319e+00
1.022981858874448369e+00
1.023019068447168056e+00
1.023055822815919225e+00
1.023092104906410116e+00
1.023127896248251290e+00
1.023163176907897487e+00
1.023197925428619870e+00
1.023232118778218069e+00
1.023265732305191911e+00
1.023298739704093574e+00
1.023331112990795599e+00
1.023362822488373514e+00
1.023393836824324055e+00
1.023424122939792014e+00
1.023453646111461612e+00
1.023482369986731255e+00
1.023510256632729654e+00
1.023537266599689577e+00
1.023563358999101114e+00
1.023588491597008820e+00
1.023612620922689009e+00
1.023635702392860836e+00
1.023657690451447611e+00
1.023678538724769105e+00
1.023698200191900387e+00
1.023716627369775756e+00
1.023733772512440243e+00
1.023749587823677309e+00
1.023764025682056378e+00
1.023777038877252021e+00
1.023788580856299868e+00
1.023798605978257559e+00
1.023807069775563461e+00
1.023813929220196206e+00
1.023819142992587805e+00
1.023822671751074775e+00
1.023824478399559146e+00
1.023824528350931962e+00
1.023822789783735976e+00
1.023819233889497138e+00
1.023813835108134285e+00
1.023806571348881755e+00
1.023797424194217820e+00
1.023786379084388187e+00
1.023773425480259736e+00
1.023758557002416136e+00
1.023741771544624868e+00
1.023723071360069792e+00
1.023702463119024131e+00
1.023679957936967311e+00
1.023655571372495299e+00
1.023629323394734669e+00
1.023601238320358764e+00
1.023571344720684229e+00
1.023539675299717011e+00
1.023506266744390825e+00
1.023471159548610121e+00
1.023434397813037355e+00
1.023396029022893838e+00
1.023356103806294826e+00
1.023314675675893071e+00
1.023271800756775596e+00
1.023227537503707651e+00
1.023181946410890442e+00
1.023135089717443602e+00
1.023087031111788114e+00
1.023037835438037835e+00
1.022987568407385250e+00
1.022936296317291660e+00
