1.000603444564682754e+00
1.000676084512981179e+00
1.000794761691729429e+00
1.000936406511758303e+00
1.001095047019815443e+00
1.001264260047795673e+00
1.001436897393098491e+00
1.001609199440068876e+00
1.001786269812719565e+00
1.001971176916864659e+00
1.002159279750290510e+00
1.002344152560139090e+00
1.002524675965710932e+00
1.002708489562902594e+00
1.002898361086594026e+00
1.003088807506781865e+00
1.003273358201329568e+00
1.003452782301174739e+00
1.003635769964840163e+00
1.003823904790009713e+00
1.004010879407214007e+00
1.004190462403292017e+00
1.004365257134707257e+00
1.004544269377675825e+00
1.004727642192154491e+00
1.004908413490332109e+00
1.005080904716301404e+00
1.005249509231711080e+00
1.005423001556911444e+00
1.005600036679860754e+00
1.005773181956795437e+00
1.005937607340873896e+00
1.006099376173128057e+00
1.006266574200806341e+00
1.006436430303737195e+00
1.006601226167579188e+00
1.006757251427173649e+00
1.006912030545727310e+00
1.007072581271561296e+00
1.007234836566629266e+00
1.007390978457834096e+00
1.007538654150621715e+00
1.007686559579364927e+00
1.007840350090486226e+00
1.007994833081302666e+00
1.008142280953840508e+00
1.008281891529438923e+00
1.008423178628414352e+00
1.008570231745113954e+00
1.008716921362571517e+00
1.008855807701814600e+00
1.008987774802462267e+00
1.009122758191863367e+00
1.009263170105123564e+00
1.009402135265737632e+00
1.009532708912370680e+00
1.009657527437592517e+00
1.009786532745871490e+00
1.009920435590036636e+00
1.010051799314336307e+00
1.010174390997880867e+00
1.010292586342905530e+00
1.010415922949810419e+00
1.010543462695016714e+00
1.010667382076203991e+00
1.010782382803282697e+00
1.010894482025008312e+00
1.011012429688946668e+00
1.011133753589144479e+00
1.011250410017936474e+00
1.011358256397382860e+00
1.011464768495538680e+00
1.011577572829256866e+00
1.011692822925862156e+00
1.011802418826477590e+00
1.011903581497374693e+00
1.012004983666638491e+00
1.012112856771409941e+00
1.012222167313299170e+00
1.012324926796914104e+00
1.012419899753456143e+00
1.012516627731462338e+00
1.012619751314615346e+00
1.012723248748093940e+00
1.012819420291199313e+00
1.012908710140878688e+00
1.013001151731904859e+00
1.013099680903076560e+00
1.013197485552083998e+00
1.013287345232565473e+00
1.013371460266909718e+00
1.013459951735202536e+00
1.013554018460114614e+00
1.013646247330792782e+00
1.013730101445662557e+00
1.013809540845789670e+00
1.013894366114992396e+00
1.013984081971836204e+00
1.014070852361345976e+00
1.014149038507956124e+00
1.014224282118550091e+00
1.014305674624399245e+00
1.014391132990804190e+00
1.014472566758062744e+00
1.014545452744454179e+00
1.014616951770298314e+00
1.014695098524101669e+00
1.014776376572413596e+00
1.014852604997273477e+00
1.014920585280220111e+00
1.014988754154071193e+00
1.015063801267228394e+00
1.015140962168539218e+00
1.015212131262142492e+00
1.015275620980659710e+00
1.015340830631798807e+00
1.015412889389448292e+00
1.015485984994303426e+00
1.015552260955817854e+00
1.015611687981511135e+00
1.015674260805402795e+00
1.015743413442949272e+00
1.015812487530147523e+00
1.015874061848220045e+00
1.015929857532332115e+00
1.015990064430987161e+00
1.016056369042603880e+00
1.016121461106433976e+00
1.016178554661056666e+00
1.016231144051703783e+00
1.016289203863239621e+00
1.016352698257303899e+00
1.016413847777262847e+00
1.016466713268053379e+00
1.016516505487874644e+00
1.016572586893709662e+00
1.016633291573123987e+00
1.016690542743696968e+00
1.016739464876527999e+00
1.016786844158849679e+00
1.016841069793387176e+00
1.016898990465650243e+00
1.016952397379031758e+00
1.016997690476517668e+00
1.017043008175826380e+00
1.017095460294711096e+00
1.017150590357871476e+00
1.017200222564705214e+00
1.017242225592553950e+00
1.017285793411186301e+00
1.017336520244214837e+00
1.017388843580957047e+00
1.017434791794912474e+00
1.017473861150816283e+00
1.017515945871088734e+00
1.017564967784676977e+00
1.017614462018233912e+00
1.017656843530338140e+00
1.017693344235183872e+00
1.017734164330245328e+00
1.017781479151368629e+00
1.017828119374358797e+00
1.017867082579456905e+00
1.017901378656241640e+00
1.017941103146799087e+00
1.017986690370569214e+00
1.018030453306921324e+00
1.018066180681160393e+00
1.018098625469392005e+00
1.018137375212644802e+00
1.018181199198460174e+00
1.018222067782315499e+00
1.018254776718105381e+00
1.018285703696322653e+00
1.018323554954069232e+00
1.018365567486655632e+00
1.018403535868978693e+00
1.018433476972155693e+00
1.018463191460000417e+00
1.018500181206844601e+00
1.018540323888904586e+00
1.018575402838657329e+00
1.018602855595077905e+00
1.018631627592253341e+00
1.018667759740579104e+00
1.018705966602510893e+00
1.018738189128996385e+00
1.018763455199106938e+00
1.018791513633265478e+00
1.018826765280321123e+00
1.018862965818045474e+00
1.018892392641551847e+00
1.018915787357713931e+00
1.018943316096815321e+00
1.018977643066745653e+00
1.019011765755144294e+00
1.019038490068845837e+00
1.019060332900433519e+00
1.019087468914040340e+00
1.019120810209485306e+00
1.019152786459149862e+00
1.019176937327118893e+00
1.019197542088622566e+00
1.019224376012519029e+00
1.019256657183134962e+00
1.019286425715391520e+00
1.019308169480134474e+00
1.019327834910057184e+00
1.019354413965029682e+00
1.019385549712528594e+00
1.019413061361182704e+00
1.019432600596966498e+00
1.019451601728046164e+00
1.019477934555975462e+00
1.019507831038397816e+00
1.019533053967073499e+00
1.019550623792963018e+00
1.019569204387785311e+00
1.019595267042177955e+00
1.019623824300829984e+00
1.019646749509612427e+00
1.019662611421535692e+00
1.019680977728931071e+00
1.019706719920515425e+00
1.019733834693730135e+00
1.019754481498845955e+00
1.019768915215917726e+00
1.019787231379710501e+00
1.019812582182554328e+00
1.019838151193907860e+00
1.019856572167657127e+00
1.019869866221558841e+00
1.019888251730972861e+00
1.019913124259305581e+00
1.019937047960923993e+00
1.019953332691478254e+00
1.019965774549734805e+00
1.019984304041497314e+00
1.020008599000283178e+00
1.020030785738656354e+00
1.020045062760845500e+00
1.020056929164236736e+00
1.020075634626373073e+00
1.020099242984980226e+00
1.020119613590971142e+00
1.020132049965874588e+00
1.020143597957229531e+00
1.020162473006762660e+00
1.020185278239916560e+00
1.020203771046313213e+00
1.020214569317068776e+00
1.020226028265163176e+00
1.020245033813837576e+00
1.020266914161693128e+00
1.020283490363547596e+00
1.020292882948250934e+00
1.020304447815328253e+00
1.020323518239167004e+00
1.020344349302404030e+00
1.020358998400591632e+00
1.020367239831234674e+00
1.020379065991675160e+00
1.020398114958306124e+00
1.020417772761497144e+00
1.020430517627104461e+00
1.020437875314617937e+00
1.020450075308590776e+00
1.020469000674447457e+00
1.020487365198607943e+00
1.020498266142570110e+00
1.020505010461492335e+00
1.020517653034965777e+00
1.020536340606381431e+00
1.020553299754065613e+00
1.020562456941997542e+00
1.020568851360802665e+00
1.020581962931455866e+00
1.020600289255534587e+00
1.020615743240396389e+00
1.020623296882038566e+00
1.020629588676027266e+00
1.020643157007558477e+00
1.020660991602477807e+00
1.020674857773582023e+00
1.020680985734666812e+00
1.020687397624707504e+00
1.020701377112830155e+00
1.020718584605468049e+00
1.020730802656004688e+00
1.020735715456356552e+00
1.020742438424373510e+00
1.020756756143560207e+00
1.020773198677753069e+00
1.020783736033054279e+00
1.020787669547538412e+00
1.020794857113301202e+00
1.020809418743207964e+00
1.020824958841160868e+00
1.020833815818105172e+00
1.020837022299019292e+00
1.020844786627193912e+00
1.020859481581522843e+00
1.020873985486919322e+00
1.020881199642634352e+00
1.020883937844956790e+00
1.020892348059835752e+00
1.020907053500688777e+00
1.020920394967882894e+00
1.020926043977033792e+00
1.020928569148181975e+00
1.020937652072661628e+00
1.020952235881565251e+00
1.020964300391919322e+00
1.020968502843555781e+00
1.020971057173469809e+00
1.020980800382453868e+00
1.020995123447534070e+00
1.021005812863481577e+00
1.021008726553070955e+00
1.021011530475241846e+00
1.021021887165207698e+00
1.021035805454889145e+00
1.021045043087993154e+00
1.021046860673969325e+00
1.021050105280423725e+00
1.021061000154666276e+00
1.021074366982190451e+00
1.021082102920579882e+00
1.021083045165244840e+00
1.021086886000620142e+00
1.021098221272086715e+00
1.021110889984721215e+00
1.021117106328658153e+00
1.021117413468946911e+00
1.021121966050973162e+00
1.021133626807908756e+00
1.021145453964276140e+00
1.021150169428719501e+00
1.021150091430945039e+00
1.021155428886500793e+00
1.021167287394620704e+00
1.021178136402086878e+00
1.021181409634959181e+00
1.021181196118556400e+00
1.021187349215009199e+00
1.021199268124250548e+00
1.021209013307565527e+00
1.021210944286422340e+00
1.021210834767881881e+00
1.021217794332201390e+00
1.021229629082912815e+00
1.021238160189725352e+00
1.021238889208571310e+00
1.021239104109583185e+00
1.021246825442111650e+00
1.021258426329281654e+00
1.021265653467545498e+00
1.021265357492901371e+00
1.021266090198261089e+00
1.021274498747364534e+00
1.021285713079927771e+00
1.021291571977740897e+00
1.021290458494869435e+00
1.021291868712301376e+00
1.021300866113967754e+00
1.021311540754672009e+00
1.021315998048535345e+00
1.021314296860754700e+00
1.021316505605026403e+00
1.021325975269798736e+00
1.021335959660633730e+00
1.021339017718335240e+00
1.021336971411829886e+00
1.021340058001798612e+00
1.021349869718638503e+00
1.021359019378928590e+00
1.021360720024990787e+00
1.021358573894168398e+00
1.021362575291257624e+00
1.021372588707868401e+00
1.021380769169380143e+00
1.021381195658082497e+00
1.021379187792151866e+00
1.021384100367215719e+00
1.021394167564099398e+00
1.021401258740285867e+00
1.021400535433393264e+00
1.021398887465705840e+00
1.021404670910065260e+00
1.021414638500488525e+00
1.021420539496096236e+00
1.021418828940081625e+00
1.021417737778736567e+00
1.021424320506825856e+00
1.021434031722315616e+00
1.021438666012666197e+00
1.021436163437525746e+00
1.021435794225126426e+00
1.021443079394364961e+00
1.021452376490855629e+00
1.021455697232902970e+00
1.021452622845637093e+00
1.021453103445562061e+00
1.021460974729822668e+00
1.021469701866437152e+00
1.021471696900166037e+00
1.021468286630360156e+00
1.021469704017623048e+00
1.021478030508029322e+00
1.021486037108760181e+00
1.021486733045317452e+00
1.021483228533739407e+00
1.021485627453199818e+00
1.021494267434758685e+00
1.021501411995246134e+00
1.021500876729793283e+00
1.021497515301856396e+00
1.021500899364883974e+00
1.021509703097300381e+00
1.021515857423485496e+00
1.021514200485193147e+00
1.021511205669888955e+00
1.021515540714538206e+00
1.021524352608064845e+00
1.021529406497218240e+00
1.021526776854013052e+00
1.021524349809175725e+00
1.021529568964428147e+00
1.021538229620953420e+00
1.021542095945882966e+00
1.021538677189249844e+00
1.021536989286828234e+00
1.021542998906804112e+00
1.021551347406463695e+00
1.021553967418230791e+00
1.021549970606137503e+00
1.021549157452628975e+00
1.021555843029282595e+00
1.021563719665174563e+00
1.021565068128613918e+00
1.021560722877056016e+00
1.021560880128998594e+00
1.021568111472152651e+00
1.021575360974366298e+00
1.021575450569541355e+00
1.021570995164900797e+00
1.021572176522272279e+00
1.021579811844842700e+00
1.021586287059863096e+00
1.021585171390920976e+00
1.021580842695597902e+00
1.021583060315949698e+00
1.021590949254385983e+00
1.021596515256268711e+00
1.021594289845670911e+00
1.021590313615322154e+00
1.021593540879924156e+00
1.021601526784757796e+00
1.021606065426861498e+00
1.021602866243542795e+00
1.021599448266881538e+00
1.021603624441421054e+00
1.021611546405207793e+00
1.021614961296984259e+00
1.021610960650618516e+00
1.021608278981934737e+00
1.021613314995389654e+00
1.021621010036590782e+00
1.021623231809502208e+00
1.021618631790870868e+00
1.021616830333567094e+00
1.021622614774907456e+00
1.021629920432385763e+00
1.021630911966575628e+00
1.021625935947257258e+00
1.021625119725240838e+00
1.021631524275341318e+00
1.021638281692775818e+00
1.021638042781515487e+00
1.021632925711863482e+00
1.021633158218576032e+00
1.021640042047906816e+00
1.021646099525069129e+00
1.021644670332037652e+00
1.021639648628121400e+00
1.021640951553880239e+00
1.021648164610617915e+00
1.021653381589334053e+00
1.021650844252796064e+00
1.021646145944153039e+00
1.021648501313050961e+00
1.021655886766706711e+00
1.021660138253921435e+00
1.021656616126195738e+00
1.021652451731015709e+00
1.021655806097487629e+00
1.021663202387927072e+00
1.021666383816223433e+00
1.021662038082648216e+00
1.021658592507689756e+00
1.021662862509700176e+00
1.021670105449195010e+00
1.021672137881715958e+00
1.021667161640009036e+00
1.021664587354207843e+00
1.021669665733130783e+00
1.021676590967453002e+00
1.021677426376006004e+00
1.021672036603488376e+00
1.021670448397081543e+00
1.021676209645718592e+00
1.021682655597726752e+00
1.021682281740786458e+00
1.021676709841301101e+00
1.021676181555703611e+00
1.021682486624071018e+00
1.021688297915276378e+00
1.021686742194107822e+00
1.021681223919820525e+00
1.021681787492145999e+00
1.021688487365919773e+00
1.021693518678845169e+00
1.021690850312537480e+00
1.021685615779057255e+00
1.021687262723417255e+00
1.021694201057815832e+00
1.021698321432196854e+00
1.021694651389367214e+00
1.021689915709496965e+00
1.021692600794957162e+00
1.021699616021537693e+00
1.021702713593088507e+00
1.021698191942944201e+00
1.021694146813489024e+00
1.021697793322250636e+00
1.021704720694245339e+00
1.021706707818911708e+00
1.021701518484358751e+00
1.021698324974817051e+00
1.021702830680136342e+00
1.021709504610502472e+00
1.021710323158198097e+00
1.021704676406284262e+00
1.021702459237214144e+00
1.021707702223803249e+00
1.021713959088165424e+00
1.021713585486684561e+00
1.021707708788238023e+00
1.021706552470705631e+00
1.021712396135567635e+00
1.021718077561917903e+00
1.021716527001231611e+00
1.021710655044921978e+00
1.021710602253520062e+00
1.021716899190857619e+00
1.021721855798980449e+00
1.021719184933982394e+00
1.021713549550467448e+00
1.021714601931505984e+00
1.021721196791459452e+00
1.021725292364543902e+00
1.021721599913439693e+00
1.021716420493867794e+00
1.021718541777173694e+00
1.021725273468512274e+00
1.021728389567392092e+00
1.021723814394405405e+00
1.021719289183520729e+00
1.021722410078601539e+00
1.021729113786227217e+00
1.021731154777549833e+00
1.021725871347123782e+00
1.021722169869949681e+00
1.021726193933624405e+00
1.021732703347684623e+00
1.021733601681615866e+00
1.021727813122879969e+00
1.021725070012489578e+00
1.021729879590506318e+00
1.021736029570746496e+00
1.021735750945515830e+00
1.021729680287533082e+00
1.021727990864871538e+00
1.021733452365704897e+00
1.021739082096845053e+00
1.021737629960142391e+00
1.021731510298526491e+00
1.021730928291412210e+00
1.021736896386179483e+00
1.021741852993870214e+00
1.021739271726793241e+00
1.021733336103169076e+00
1.021733873772359136e+00
1.021740194509064281e+00
1.021744337108995593e+00
1.021740713259543742e+00
1.021735184894508430e+00
1.021736815539368015e+00
1.021743328679848739e+00
1.021746532866666168e+00
1.021741993955894712e+00
1.021737077268384919e+00
1.021739739697597571e+00
1.021746280739291635e+00
1.021748443507129123e+00
1.021743154203917259e+00
1.021739026896820501e+00
1.021742631115537092e+00
1.021749033429642850e+00
1.021750078406398643e+00
1.021744234210842706e+00
1.021741040676314549e+00
1.021745473891193745e+00
1.021751571252896618e+00
1.021751453943051002e+00
1.021745272858028519e+00
1.021743119229286734e+00
1.021748251364169136e+00
1.021753880971406181e+00
1.021752593503814088e+00
1.021746306416334349e+00
1.021745257655102712e+00
1.021750945866141347e+00
1.021755951830375597e+00
1.021753526574289861e+00
1.021747367140892981e+00
1.021747446480381294e+00
1.021753538551301688e+00
1.021757775825538506e+00
1.021754287222243596e+00
1.021748481950137677e+00
1.021749672762715555e+00
1.021756009613485672e+00
1.021759348356394259e+00
1.021754912433188389e+00
1.021749671447242047e+00
1.021751921231132343e+00
1.021758338978679959e+00
1.021760669359389473e+00
1.021755440636339607e+00
1.021750949443068546e+00
1.021754175258477115e+00
1.021760507285833341e+00
1.021761744651733528e+00
1.021755910482228469e+00
1.021752322978458194e+00
1.021756417452772903e+00
1.021762496812639975e+00
1.021762586971579179e+00
1.021756359707598705e+00
1.021753792735597077e+00
1.021758629781237770e+00
1.021764292076657421e+00
1.021763216241605043e+00
1.021756823892815191e+00
1.021755353722480386e+00
1.021760793358674313e+00
1.021765880105984570e+00
1.021763658892257620e+00
1.021757335071907136e+00
1.021756996167162868e+00
1.021762888215569376e+00
1.021767250651793191e+00
1.021763946465242823e+00
1.021757920357612592e+00
1.021758706582701848e+00
1.021764893383267925e+00
1.021768396706712378e+00
1.021764113942990715e+00
1.021758600841659481e+00
1.021760468911369069e+00
1.021766787458546544e+00
1.021769315512757181e+00
1.021764198199471840e+00
1.021759390968368209e+00
1.021762265563851191e+00
1.021768549532552584e+00
1.021770009888928188e+00
1.021764236714370444e+00
1.021760298423229685e+00
1.021764078129987929e+00
1.021770160163494978e+00
1.021770489407918703e+00
1.021764266433072166e+00
1.021761324446246011e+00
1.021765887626516767e+00
1.021771602079085017e+00
1.021770770905903625e+00
1.021764322564065797e+00
1.021762464446449581e+00
1.021767674350088084e+00
1.021772860518942450e+00
1.021770878057678189e+00
1.021764437218750654e+00
1.021763708838806073e+00
1.021769417611604780e+00
1.021773923423092256e+00
1.021770840137797620e+00
1.021764638004830195e+00
1.021765044064729899e+00
1.021771095703774224e+00
1.021774781831940482e+00
1.021770690376897051e+00
1.021764946822411702e+00
1.021766453726490553e+00
1.021772686329421864e+00
1.021775430756484804e+00
1.021770464349363916e+00
1.021765379092269610e+00
1.021767919676074721e+00
1.021774167453334936e+00
1.021775870452586776e+00
1.021770198614778691e+00
1.021765943503964102e+00
1.021769422835033359e+00
1.021775518297030505e+00
1.021776107693249891e+00
1.021769929556384682e+00
1.021766642221920041e+00
1.021770943572008594e+00
1.021776720135912697e+00
1.021776156503812372e+00
1.021769692211333291e+00
1.021767471424717355e+00
1.021772461643339680e+00
1.021777756730995357e+00
1.021776037999734932e+00
1.021769518950064404e+00
1.021768422082872663e+00
1.021773955922877786e+00
1.021778614524065265e+00
1.021775779339450185e+00
1.021769438059048518e+00
1.021769480930615259e+00
1.021775404271108911e+00
1.021779282941356559e+00
1.021775412143496320e+00
1.021769472451880878e+00
1.021770631578641897e+00
1.021776783824825285e+00
1.021779755121654754e+00
1.021774970837255214e+00
1.021769638759608467e+00
1.021771855635201121e+00
1.021778071749565253e+00
1.021780029105037846e+00
1.021774491214960001e+00
1.021769946933563267e+00
1.021773133621345808e+00
1.021779246229146176e+00
1.021780109157903293e+00
1.021774009239911907e+00
1.021770400334424789e+00
1.021774445478885074e+00
1.021780287344257854e+00
1.021780006704923416e+00
1.021773559896164807e+00
1.021770996189332203e+00
1.021775770617177059e+00
1.021781177604461188e+00
1.021779740431158157e+00
1.021773175912342513e+00
1.021771726307971306e+00
1.021777087667208317e+00
1.021781902178773294e+00
1.021779335455770710e+00
1.021772886352543930e+00
1.021772578002452470e+00
1.021778374275600143e+00
1.021782449129549519e+00
1.021778821851505370e+00
1.021772715263203679e+00
1.021773535168614133e+00
1.021779607259522438e+00
1.021782810002238584e+00
1.021778232966719102e+00
1.021772680636447106e+00
1.021774579422557672e+00
1.021780763241737500e+00
1.021782980902895765e+00
1.021777603912929600e+00
1.021772793865520335e+00
1.021775691095221816e+00
1.021781819606837782e+00
1.021782963833457902e+00
1.021776970311504940e+00
1.021773059707388409e+00
1.021776849866458559e+00
1.021782755442300461e+00
1.021782767785447632e+00
1.021776367152179343e+00
1.021773476649295187e+00
1.021778034931754231e+00
1.021783552174746701e+00
1.021782409098925815e+00
1.021775827561153704e+00
1.021774037559524784e+00
1.021779224807784825e+00
1.021784193861222878e+00
1.021781910879869804e+00
1.021775381415934048e+00
1.021774730552971189e+00
1.021780397077703739e+00
1.021784667382654943e+00
1.021781301657467056e+00
1.021775053949463219e+00
1.021775540033301510e+00
1.021781528421354501e+00
1.021784962906703509e+00
1.021780613714955654e+00
1.021774864600881072e+00
1.021776447829565670e+00
1.021782595120293013e+00
1.021785074835978246e+00
1.021779881508053212e+00
1.021774826324714835e+00
1.021777434252617134e+00
1.021783573953554569e+00
1.021785003113446333e+00
1.021779140345784320e+00
1.021774945418635561e+00
1.021778478846664395e+00
1.021784443177738533e+00
1.021784754438204157e+00
1.021778425239197041e+00
1.021775221790047983e+00
1.021779560684518362e+00
1.021785183264435126e+00
1.021784342864901163e+00
1.021777769708751782e+00
1.021775649536577735e+00
1.021780658249137996e+00
1.021785777272681495e+00
1.021783789479992377e+00
1.021777204435006636e+00
1.021776217755168581e+00
1.021781749158468200e+00
1.021786211032427394e+00
1.021783121232430425e+00
1.021776755841252715e+00
1.021776911539360455e+00
1.021782810086680371e+00
1.021786473498721204e+00
1.021782369307024485e+00
1.021776444848995435e+00
1.021777713102459240e+00
1.021783817132603245e+00
1.021786557560806497e+00
1.021781567487687115e+00
1.021776286045702475e+00
1.021778602877868813e+00
1.021784746630250318e+00
1.021786461281793956e+00
1.021780750764294865e+00
1.021776287371141567e+00
1.021779560375835061e+00
1.021785576141405860e+00
1.021786189194043182e+00
1.021779954154281800e+00
1.021776450273998549e+00
1.021780564610588637e+00
1.021786285284361551e+00
1.021785753114481166e+00
1.021779211539905807e+00
1.021776770215693908e+00
1.021781594078730482e+00
1.021786856202110627e+00
1.021785172086444149e+00
1.021778554362214653e+00
1.021777237420554041e+00
1.021782626492430346e+00
1.021787273765544457e+00
1.021784471415653206e+00
1.021778010202047504e+00
1.021777837824046298e+00
1.021783638612304479e+00
1.021787525842681177e+00
1.021783681122525156e+00
1.021777601459811891e+00
1.021778554171127062e+00
1.021784606479059443e+00
1.021787603967239111e+00
1.021782834270615892e+00
1.021777344390317754e+00
1.021779367142904515e+00
1.021785506117763864e+00
1.021787504482531528e+00
1.021781965496697975e+00
1.021777248643588543e+00
1.021780256303495005e+00
1.021786314514819161e+00
1.021787229873219793e+00
1.021781109788617137e+00
1.021777317301508559e+00
1.021781200657359223e+00
1.021787010522020367e+00
1.021786789764843828e+00
1.021780301339336949e+00
1.021777547297136213e+00
1.021782178740948233e+00
1.021787575428389827e+00
1.021786201128954241e+00
1.021779572286765081e+00
1.021777930102737653e+00
1.021783168392297325e+00
1.021787993210377277e+00
1.021785487550875837e+00
1.021778951310558181e+00
1.021778452625931699e+00
1.021784146519992831e+00
1.021788250743755899e+00
1.021784677798449170e+00
1.021778462257149300e+00
1.021779098274042008e+00
1.021785089204210628e+00
1.021788338338390112e+00
1.021783804141909169e+00
1.021778123053814546e+00
1.021779848090580423e+00
1.021785972278573595e+00
1.021788250763401962e+00
1.021782900810448425e+00
1.021777945102891216e+00
1.021780681775228850e+00
1.021786772263389320e+00
1.021787988573300332e+00
1.021782002711864479e+00
1.021777933189127019e+00
1.021781578365014154e+00
1.021787467323882481e+00
1.021787559254386801e+00
1.021781144287587484e+00
1.021778085805436609e+00
1.021782516450680633e+00
1.021788037946566252e+00
1.021786977681836461e+00
1.021780358296010549e+00
1.021778395774442405e+00
1.021783474008716386e+00
1.021788467259721944e+00
1.021786265638897850e+00
1.021779674439194263e+00
1.021778851090074713e+00
1.021784428133514000e+00
1.021788741217768859e+00
1.021785450538786444e+00
1.021779117954456195e+00
1.021779435940857184e+00
1.021785355020022212e+00
1.021788849016349587e+00
1.021784563767167642e+00
1.021778708423110693e+00
1.021780131841334871e+00
1.021786230412748075e+00
1.021788783983784477e+00
1.021783639075005246e+00
1.021778459020495022e+00
1.021780918707217545e+00
1.021787030468688684e+00
1.021788544862767711e+00
1.021782711229034302e+00
1.021778376286095469e+00
1.021781775649982960e+00
1.021787732744679600e+00
1.021788137062419999e+00
1.021781814850500902e+00
1.021778460345830641e+00
1.021782681324264974e+00
1.021788316972232380e+00
1.021787573347331612e+00
1.021780983234962248e+00
1.021778705461391157e+00
1.021783613845264060e+00
1.021788765466305815e+00
1.021786873619876967e+00
1.021780247018869936e+00
1.021779100814892649e+00
1.021784550512562229e+00
1.021789063312331436e+00
1.021786063829385638e+00
1.021779632758348155e+00
1.021779631485853823e+00
1.021785467692025939e+00
1.021789198682059085e+00
1.021785174372046745e+00
1.021779161650757883e+00
1.021780279564728611e+00
1.021786341127759234e+00
1.021789163584712057e+00
1.021784238436455716e+00
1.021778848646662130e+00
1.021781025265145137e+00
1.021787146711162553e+00
1.021788955070397797e+00
1.021783290578664793e+00
1.021778702076905798e+00
1.021781847818258537e+00
1.021787861469872549e+00
1.021788576544624627e+00
1.021782365527265313e+00
1.021778723761193719e+00
1.021782725952278925e+00
1.021788464428475152e+00
1.021788038661544773e+00
