1.000603444564682754e+00
1.000677393347349398e+00
1.000799695211635143e+00
1.000943314721514543e+00
1.001098965784086303e+00
1.001262073498862204e+00
1.001429863471485104e+00
1.001600436495266866e+00
1.001772399156051874e+00
1.001944688561555719e+00
1.002116477197883215e+00
1.002287115590302813e+00
1.002456094738787051e+00
1.002623019770142232e+00
1.002787590403370732e+00
1.002949585815837263e+00
1.003108852514499993e+00
1.003265294362075011e+00
1.003418864214191242e+00
1.003569556802955898e+00
1.003717402611961518e+00
1.003862462557508994e+00
1.004004823336931640e+00
1.004144593336530500e+00
1.004281899014055623e+00
1.004416881687149932e+00
1.004549694671609927e+00
1.004680500723048375e+00
1.004809469743406902e+00
1.004936776720305236e+00
1.005062599872863505e+00
1.005187118982561634e+00
1.005310513891961133e+00
1.005432963157707693e+00
1.005554642846971714e+00
1.005675725468361481e+00
1.005796379029213039e+00
1.005916766211163216e+00
1.006037043655173990e+00
1.006157361345952461e+00
1.006277862084354879e+00
1.006398681035151954e+00
1.006519945336795896e+00
1.006641773759722636e+00
1.006764276400396341e+00
1.006887554399739315e+00
1.007011699676723104e+00
1.007136794670596691e+00
1.007262912088292772e+00
1.007390114656830704e+00
1.007518454883763237e+00
1.007647974831811677e+00
1.007778705916533735e+00
1.007910668738154714e+00
1.008043872960363796e+00
1.008178317249926792e+00
1.008313989291317769e+00
1.008450865890158976e+00
1.008588913178148694e+00
1.008728086930265944e+00
1.008868333002478135e+00
1.009009587894970306e+00
1.009151779442140739e+00
1.009294827626423974e+00
1.009438645508503818e+00
1.009583140261884004e+00
1.009728214295262383e+00
1.009873766441912180e+00
1.010019693191523515e+00
1.010165889936892158e+00
1.010312252205637362e+00
1.010458676845892967e+00
1.010605063134778492e+00
1.010751313779398419e+00
1.010897335782142026e+00
1.011043041145069488e+00
1.011188347392040221e+00
1.011333177891784674e+00
1.011477461970157421e+00
1.011621134805135380e+00
1.011764137103503547e+00
1.011906414563503942e+00
1.012047917132773200e+00
1.012188598075644430e+00
1.012328412868236382e+00
1.012467317943688272e+00
1.012605269313470169e+00
1.012742221093916095e+00
1.012878123970083255e+00
1.013012923631782858e+00
1.013146559219201714e+00
1.013278961817942747e+00
1.013410053045565640e+00
1.013539743773661961e+00
1.013667933031089152e+00
1.013794507134945233e+00
1.013919339095984418e+00
1.014042288344121134e+00
1.014163200817135291e+00
1.014281909451303587e+00
1.014398235106174440e+00
1.014511987946774108e+00
1.014622969295074784e+00
1.014730973948567483e+00
1.014835792947439419e+00
1.014937216753622806e+00
1.015035038785499388e+00
1.015129059232241726e+00
1.015219089052811441e+00
1.015304954047789199e+00
1.015386498878916299e+00
1.015463590902805135e+00
1.015536123682942105e+00
1.015604020048727296e+00
1.015667234582304124e+00
1.015725755433225741e+00
1.015779605386823103e+00
1.015828842143180477e+00
1.015873557797964288e+00
1.015913877551751554e+00
1.015949957708475182e+00
1.015981983053738880e+00
1.016010163727932625e+00
1.016034731725697027e+00
1.016055937161440159e+00
1.016074044440149482e+00
1.016089328464299779e+00
1.016102070992489281e+00
1.016112557245312242e+00
1.016121072830896255e+00
1.016127901038500259e+00
1.016133320525454353e+00
1.016137603401918055e+00
1.016141013700523565e+00
1.016143806204412359e+00
1.016146225597610808e+00
1.016148505895807075e+00
1.016150870112935811e+00
1.016153530118875548e+00
1.016156686645388163e+00
1.016160529400575996e+00
1.016165237256090315e+00
1.016170978475720688e+00
1.016177910958539599e+00
1.016186182474315469e+00
1.016195930873303288e+00
1.016207284256747112e+00
1.016220361098438385e+00
1.016235270311436789e+00
1.016252111257606838e+00
1.016270973700880820e+00
1.016291937708182491e+00
1.016315073504654887e+00
1.016340441292275631e+00
1.016368091043056587e+00
1.016398062279821435e+00
1.016430383858991648e+00
1.016465073770903116e+00
1.016502138973840230e+00
1.016541575278232967e+00
1.016583367297237750e+00
1.016627488479201480e+00
1.016673901236239796e+00
1.016722557181336750e+00
1.016773397483974328e+00
1.016826353351327761e+00
1.016881346638591310e+00
1.016938290588048854e+00
1.016997090692223660e+00
1.017057645671930910e+00
1.017119848555514849e+00
1.017183587841130166e+00
1.017248748719857820e+00
1.017315214333912365e+00
1.017382867041386030e+00
1.017451589657064392e+00
1.017521266637941624e+00
1.017591785182235142e+00
1.017663036211984728e+00
1.017734915211648827e+00
1.017807322898401257e+00
1.017880165703938911e+00
1.017953356052343050e+00
1.018026812423705296e+00
1.018100459198616470e+00
1.018174226284038753e+00
1.018248048526352978e+00
1.018321864922393960e+00
1.018395617643912399e+00
1.018469250895156719e+00
1.018542709627084486e+00
1.018615938135162047e+00
1.018688878570829459e+00
1.018761469399574349e+00
1.018833643841194236e+00
1.018905328330348636e+00
1.018976441037809710e+00
1.019046890494986091e+00
1.019116574366135675e+00
1.019185378414097620e+00
1.019253175706140269e+00
1.019319826106340088e+00
1.019385176099519841e+00
1.019449058988779022e+00
1.019511295503776172e+00
1.019571694849807475e+00
1.019630056218184144e+00
1.019686170766306299e+00
1.019739824061223210e+00
1.019790798963607470e+00
1.019838878910433788e+00
1.019883851534987729e+00
1.019925512543112589e+00
1.019963669746023704e+00
1.019998147133917010e+00
1.020028788862393565e+00
1.020055463016718234e+00
1.020078065018273694e+00
1.020096520544043095e+00
1.020110787843865774e+00
1.020120859361275167e+00
1.020126762591086589e+00
1.020128560139052176e+00
1.020126348983831033e+00
1.020120258976916938e+00
1.020110450649500899e+00
1.020097112424178443e+00
1.020080457351905334e+00
1.020060719509223723e+00
1.020038150196793225e+00
1.020013014077715052e+00
1.019985585383837989e+00
1.019956144301584544e+00
1.019924973627698073e+00
1.019892355761698788e+00
1.019858570077774029e+00
1.019823890696059276e+00
1.019788584653138486e+00
1.019752910455026917e+00
1.019717116983279492e+00
1.019681442716204645e+00
1.019646115222111682e+00
1.019611350879526812e+00
1.019577354779751754e+00
1.019544320769328660e+00
1.019512431593368795e+00
1.019481859104800270e+00
1.019452764509043208e+00
1.019425298618182207e+00
1.019399602093216783e+00
1.019375805657336542e+00
1.019354030267348943e+00
1.019334387234346107e+00
1.019316978288433040e+00
1.019301895585814632e+00
1.019289221659788858e+00
1.019279029320140806e+00
1.019271381508116248e+00
1.019266331116541746e+00
1.019263920786712241e+00
1.019264182695412302e+00
1.019267138346808377e+00
1.019272798384967205e+00
1.019281162443328226e+00
1.019292219047632564e+00
1.019305945588463658e+00
1.019322308378714625e+00
1.019341262809907889e+00
1.019362753619308615e+00
1.019386715277247779e+00
1.019413072500959139e+00
1.019441740897628179e+00
1.019472627735304782e+00
1.019505632835967290e+00
1.019540649580478631e+00
1.019577566010634317e+00
1.019616266009133909e+00
1.019656630534338415e+00
1.019698538883292205e+00
1.019741869953875613e+00
1.019786503475270889e+00
1.019832321175270007e+00
1.019879207853403136e+00
1.019927052330400263e+00
1.019975748247089697e+00
1.020025194689337278e+00
1.020075296619921357e+00
1.020125965103102050e+00
1.020177117312895287e+00
1.020228676321490280e+00
1.020280570669645392e+00
1.020332733726151409e+00
1.020385102848361480e+00
1.020437618360361842e+00
1.020490222369482725e+00
1.020542857445594365e+00
1.020595465190984319e+00
1.020647984731673841e+00
1.020700351163819519e+00
1.020752493991472054e+00
1.020804335594400314e+00
1.020855789766995425e+00
1.020906760371334432e+00
1.020957140149253650e+00
1.021006809739545274e+00
1.021055636946951228e+00
1.021103476309181524e+00
1.021150169006437514e+00
1.021195543154492125e+00
1.021239414516982080e+00
1.021281587664883084e+00
1.021321857600966165e+00
1.021360011854310468e+00
1.021395833034748790e+00
1.021429101819766094e+00
1.021459600327402129e+00
1.021487115808911383e+00
1.021511444575373018e+00
1.021532396054308567e+00
1.021549796857089465e+00
1.021563494726817733e+00
1.021573362230817850e+00
1.021579300062879891e+00
1.021581239828659893e+00
1.021579146203356769e+00
1.021573018373477693e+00
1.021562890703222148e+00
1.021548832599052492e+00
1.021530947581325233e+00
1.021509371607022043e+00
1.021484270720120824e+00
1.021455838133730420e+00
1.021424290868826912e+00
1.021389866087022202e+00
1.021352817258710299e+00
1.021313410303410496e+00
1.021271919827127617e+00
1.021228625563607384e+00
1.021183809104408757e+00
1.021137750978784897e+00
1.021090728120426228e+00
1.021043011735843997e+00
1.020994865569820220e+00
1.020946544547685964e+00
1.020898293762524833e+00
1.020850347767648936e+00
1.020802930130418451e+00
1.020756253202157238e+00
1.020710518059826599e+00
1.020665914577678857e+00
1.020622621590723700e+00
1.020580807116069133e+00
1.020540628602719879e+00
1.020502233184985785e+00
1.020465757919154060e+00
1.020431329987413260e+00
1.020399066857157866e+00
1.020369076387713347e+00
1.020341456880200726e+00
1.020316297069688183e+00
1.020293676061948762e+00
1.020273663220037985e+00
1.020256318008507357e+00
1.020241689805384322e+00
1.020229817694021435e+00
1.020220730248577734e+00
1.020214445328171404e+00
1.020210969895657627e+00
1.020210299877466920e+00
1.020212420080972349e+00
1.020217304185408791e+00
1.020224914821375339e+00
1.020235203752430042e+00
1.020248112170164312e+00
1.020263571111471368e+00
1.020281502003488106e+00
1.020301817337960770e+00
1.020324421472655008e+00
1.020349211552999513e+00
1.020376078542597265e+00
1.020404908346703055e+00
1.020435583008491687e+00
1.020467981954078729e+00
1.020501983259047396e+00
1.020537464906830838e+00
1.020574306007854259e+00
1.020612387947950062e+00
1.020651595435269954e+00
1.020691817416722547e+00
1.020732947837779570e+00
1.020774886223208444e+00
1.020817538060734941e+00
1.020860814974627440e+00
1.020904634681497836e+00
1.020948920726063580e+00
1.020993601999998779e+00
1.021038612052170613e+00
1.021083888203413448e+00
1.021129370483453425e+00
1.021175000411630007e+00
1.021220719646717123e+00
1.021266468534414606e+00
1.021312184584072025e+00
1.021357800908959446e+00
1.021403244666968746e+00
1.021448435541038036e+00
1.021493284300851512e+00
1.021537691489363464e+00
1.021581546279370256e+00
1.021624725546459223e+00
1.021667093205025134e+00
1.021708499853299701e+00
1.021748782771225716e+00
1.021787766311138990e+00
1.021825262715294613e+00
1.021861073385999408e+00
1.021894990623341659e+00
1.021926799832160615e+00
1.021956282184145026e+00
1.021983217703152924e+00
1.022007388722571131e+00
1.022028583643710409e+00
1.022046600904857883e+00
1.022061253053056173e+00
1.022072370796249796e+00
1.022079806903570365e+00
1.022083439817460082e+00
1.022083176844036601e+00
1.022078956798154303e+00
1.022070751997068649e+00
1.022058569520871929e+00
1.022042451687796838e+00
1.022022475726283020e+00
1.021998752661216425e+00
1.021971425466501771e+00
1.021940666567681566e+00
1.021906674804401671e+00
1.021869671981401995e+00
1.021829899147243426e+00
1.021787612741835938e+00
1.021743080747399723e+00
1.021696578963905644e+00
1.021648387510954992e+00
1.021598787635424443e+00
1.021548058880097587e+00
1.021496476644812246e+00
1.021444310149971280e+00
1.021391820793736915e+00
1.021339260879499111e+00
1.021286872679505020e+00
1.021234887793651236e+00
1.021183526758937532e+00
1.021132998864351160e+00
1.021083502127312359e+00
1.021035223390673874e+00
1.020988338503062920e+00
1.020943012549681672e+00
1.020899400105237831e+00
1.020857645485232279e+00
1.020817882976312596e+00
1.020780237030679771e+00
1.020744822413635067e+00
1.020711744297206236e+00
1.020681098296409184e+00
1.020652970448082897e+00
1.020627437135324556e+00
1.020604564963393912e+00
1.020584410595481994e+00
1.020567020558976079e+00
1.020552431034750462e+00
1.020540667643590194e+00
1.020531745245033761e+00
1.020525667764751621e+00
1.020522428066938714e+00
1.020522007888138294e+00
1.020524377848321729e+00
1.020529497553952503e+00
1.020537315806083756e+00
1.020547770924293163e+00
1.020560791194438321e+00
1.020576295444869164e+00
1.020594193751887868e+00
1.020614388271040118e+00
1.020636774186337803e+00
1.020661240764953348e+00
1.020687672500431020e+00
1.020715950323256571e+00
1.020745952853924665e+00
1.020777557670581981e+00
1.020810642561167825e+00
1.020845086728750406e+00
1.020880771918637020e+00
1.020917583436816711e+00
1.020955411031339910e+00
1.020994149611287538e+00
1.021033699781887183e+00
1.021073968178936697e+00
1.021114867590762643e+00
1.021156316861316471e+00
1.021198240573448324e+00
1.021240568516753822e+00
1.021283234949483365e+00
1.021326177668777868e+00
1.021369336907852254e+00
1.021412654082686444e+00
1.021456070414342499e+00
1.021499525456229573e+00
1.021542955558560006e+00
1.021586292304941468e+00
1.021629460958588531e+00
1.021672378958009997e+00
1.021714954504221673e+00
1.021757085283487410e+00
1.021798657371127961e+00
1.021839544362904029e+00
1.021879606780592198e+00
1.021918691797338408e+00
1.021956633325875607e+00
1.021993252508344163e+00
1.022028358640001411e+00
1.022061750550242731e+00
1.022093218452963859e+00
1.022122546264355947e+00
1.022149514369930845e+00
1.022173902804368373e+00
1.022195494788279202e+00
1.022214080546148818e+00
1.022229461310680376e+00
1.022241453401793621e+00
1.022249892255103099e+00
1.022254636266081151e+00
1.022255570313596484e+00
1.022252608830939602e+00
1.022245698304283135e+00
1.022234819097680214e+00
1.022219986529459224e+00
1.022201251155891777e+00
1.022178698252450113e+00
1.022152446518527213e+00
1.022122646065704465e+00
1.022089475780091350e+00
1.022053140173771135e+00
1.022013865857346104e+00
1.021971897774046178e+00
1.021927495335662961e+00
1.021880928592316273e+00
1.021832474552987202e+00
1.021782413753628882e+00
1.021731027146498549e+00
1.021678593360172638e+00
1.021625386356373122e+00
1.021571673488705922e+00
1.021517713950750306e+00
1.021463757587170562e+00
1.021410044031741737e+00
1.021356802130172436e+00
1.021304249602805303e+00
1.021252592902114564e+00
1.021202027221699282e+00
1.021152736616586232e+00
1.021104894198631596e+00
1.021058662375201820e+00
1.021014193103891188e+00
1.020971628140588505e+00
1.020931099262626152e+00
1.020892728453006271e+00
1.020856628035720748e+00
1.020822900755992357e+00
1.020791639802827611e+00
1.020762928774570977e+00
1.020736841591203259e+00
1.020713442359877376e+00
1.020692785202652164e+00
1.020674914057542626e+00
1.020659862465823409e+00
1.020647653360011731e+00
1.020638298868056459e+00
1.020631800149968349e+00
1.020628147283412446e+00
1.020627319214577611e+00
1.020629283789942665e+00
1.020633997883319655e+00
1.020641407630735298e+00
1.020651448783343795e+00
1.020664047185593670e+00
1.020679119382412292e+00
1.020696573355227565e+00
1.020716309382350362e+00
1.020738221014739766e+00
1.020762196153598866e+00
1.020788118211805040e+00
1.020815867337086846e+00
1.020845321671276285e+00
1.020876358617126556e+00
1.020908856082217042e+00
1.020942693668519308e+00
1.020977753776337149e+00
1.021013922592564960e+00
1.021051090935505501e+00
1.021089154931767995e+00
1.021128016504838865e+00
1.021167583659656763e+00
1.021207770552688743e+00
1.021248497342404304e+00
1.021289689820483515e+00
1.021331278829394229e+00
1.021373199477005667e+00
1.021415390163583625e+00
1.021457791440758545e+00
1.021500344725924103e+00
1.021542990898973269e+00
1.021585668811415770e+00
1.021628313740787108e+00
1.021670855825917545e+00
1.021713218521122624e+00
1.021755317109717787e+00
1.021797057319402846e+00
1.021838334083927213e+00
1.021879030496867902e+00
1.021919017004150554e+00
1.021958150881790983e+00
1.021996276044006446e+00
1.022033223223912213e+00
1.022068810564219277e+00
1.022102844648323350e+00
1.022135121992723938e+00
1.022165431009709469e+00
1.022193554434703167e+00
1.022219272195891371e+00
1.022242364685144844e+00
1.022262616369593591e+00
1.022279819663453715e+00
1.022293778961029354e+00
1.022304314715573259e+00
1.022311267436271542e+00
1.022314501468371439e+00
1.022313908420527939e+00
1.022309410109623729e+00
1.022300960906928236e+00
1.022288549390280021e+00
1.022272199234128820e+00
1.022251969301302132e+00
1.022227952935279571e+00
1.022200276487233772e+00
1.022169097145606331e+00
1.022134600165215179e+00
1.022096995615702442e+00
1.022056514784139170e+00
1.022013406372979105e+00
1.021967932632364295e+00
1.021920365555750276e+00
1.021870983251380594e+00
1.021820066581098363e+00
1.021767896134385012e+00
1.021714749581397408e+00
1.021660899425842928e+00
1.021606611158258682e+00
1.021552141793480972e+00
1.021497738763278651e+00
1.021443639126288883e+00
1.021390069052189542e+00
1.021337243534939265e+00
1.021285366290270336e+00
1.021234629794777415e+00
1.021185215427296011e+00
1.021137293677384594e+00
1.021091024390170965e+00
1.021046557021410894e+00
1.021004030881143443e+00
1.020963575348706298e+00
1.020925310046087997e+00
1.020889344960560718e+00
1.020855780511297439e+00
1.020824707558170230e+00
1.020796207354177421e+00
1.020770351445919211e+00
1.020747201529235593e+00
1.020726809269510316e+00
1.020709216098221184e+00
1.020694452999065582e+00
1.020682540298381236e+00
1.020673487475597163e+00
1.020667293010060428e+00
1.020663944280751911e+00
1.020663417535089934e+00
1.020665677942196092e+00
1.020670679744621001e+00
1.020678366520580305e+00
1.020688671566233330e+00
1.020701518404451225e+00
1.020716821422933851e+00
1.020734486640495486e+00
1.020754412595990646e+00
1.020776491349800752e+00
1.020800609583253582e+00
1.020826649776967132e+00
1.020854491445114753e+00
1.020884012399193796e+00
1.020915090012227244e+00
1.020947602452606073e+00
1.020981429856068434e+00
1.021016455404730294e+00
1.021052566283559226e+00
1.021089654487238096e+00
1.021127617453832404e+00
1.021166358505944061e+00
1.021205787084872307e+00
1.021245818768560465e+00
1.021286375069523578e+00
1.021327383014375645e+00
1.021368774511820732e+00
1.021410485520926503e+00
1.021452455036076401e+00
1.021494623909155353e+00
1.021536933533276237e+00
1.021579324415736956e+00
1.021621734670955295e+00
1.021664098466943837e+00
1.021706344461501548e+00
1.021748394266760229e+00
1.021790160983014228e+00
1.021831547844864740e+00
1.021872447024461117e+00
1.021912738637947404e+00
1.021952290001783226e+00
1.021990955185241301e+00
1.022028574903672160e+00
1.022064976793801039e+00
1.022099976107001984e+00
1.022133376848917363e+00
1.022164973383731468e+00
1.022194552508785881e+00
1.022221895990131024e+00
1.022246783532326564e+00
1.022268996136888264e+00
1.022288319783992261e+00
1.022304549352430758e+00
1.022317492674601702e+00
1.022326974607848271e+00
1.022332840992170144e+00
1.022334962358486088e+00
1.022333237252336158e+00
1.022327595045835702e+00
1.022317998126087257e+00
1.022304443370672500e+00
1.022286962849323189e+00
1.022265623723786820e+00
1.022240527353168726e+00
1.022211807647270376e+00
1.022179628743146385e+00
1.022144182107953103e+00
1.022105683192238379e+00
1.022064367770803894e+00
1.022020488112576064e+00
1.021974309116756796e+00
1.021926104540837876e+00
1.021876153428321610e+00
1.021824736822170454e+00
1.021772134826103740e+00
1.021718624051866753e+00
1.021664475468208266e+00
1.021609952647777320e+00
1.021555310392311178e+00
1.021500793704619880e+00
1.021446637067958241e+00
1.021393063988954575e+00
1.021340286758815497e+00
1.021288506388362993e+00
1.021237912674956672e+00
1.021188684362927201e+00
1.021140989363370277e+00
1.021094985003650812e+00
1.021050818281563188e+00
1.021008626103577566e+00
1.020968535490975437e+00
1.020930663741800526e+00
1.020895118540503077e+00
1.020861998010821114e+00
1.020831390710907449e+00
1.020803375572875815e+00
1.020778021791858947e+00
1.020755388672286212e+00
1.020735525441412772e+00
1.020718471042124875e+00
1.020704253918719662e+00
1.020692891810649927e+00
1.020684391570159777e+00
1.020678749020234477e+00
1.020675948869347982e+00
1.020675964699059746e+00
1.020678759039557404e+00
1.020684283546731352e+00
1.020692479292283128e+00
1.020703277175712520e+00
1.020716598463823344e+00
1.020732355459673002e+00
1.020750452298782029e+00
1.020770785865995123e+00
1.020793246821823264e+00
1.020817720722575928e+00
1.020844089214274053e+00
1.020872231276470643e+00
1.020902024488850479e+00
1.020933346291038379e+00
1.020966075204560175e+00
1.021000091985446723e+00
1.021035280676654722e+00
1.021071529531205613e+00
1.021108731779747814e+00
1.021146786219894631e+00
1.021185597609140627e+00
1.021225076848097046e+00
1.021265140946108207e+00
1.021305712766744200e+00
1.021346720556062238e+00
1.021388097261711092e+00
1.021429779655827819e+00
1.021471707279148600e+00
1.021513821227823859e+00
1.021556062808082865e+00
1.021598372087191287e+00
1.021640686372143669e+00
1.021682938650288808e+00
1.021725056028671474e+00
1.021766958211283161e+00
1.021808556055680661e+00
1.021849750252448841e+00
1.021890430172665454e+00
1.021930472929673206e+00
1.021969742701851924e+00
1.022008090362407584e+00
1.022045353460143913e+00
1.022081356591400869e+00
1.022115912197514742e+00
1.022148821814002240e+00
1.022179877786993707e+00
1.022208865459232729e+00
1.022235565812284808e+00
1.022259758533893725e+00
1.022281225460198950e+00
1.022299754322693932e+00
1.022315142710401137e+00
1.022327202140048463e+00
1.022335762112449586e+00
1.022340674023167528e+00
1.022341814791186909e+00
1.022339090071697321e+00
1.022332436928796717e+00
1.022321825861059130e+00
1.022307262096870284e+00
1.022288786106158032e+00
1.022266473308804713e+00
1.022240432995527692e+00
1.022210806511867576e+00
1.022177764787661980e+00
1.022141505320789623e+00
1.022102248743192554e+00
1.022060235108128046e+00
1.022015720039843867e+00
1.021968970880793304e+00
1.021920262958224912e+00
1.021869876073088212e+00
1.021818091291682329e+00
1.021765188096392052e+00
1.021711441928091268e+00
1.021657122130999351e+00
1.021602490292070620e+00
1.021547798952088471e+00
1.021493290654748698e+00
1.021439197292952628e+00
1.021385739707898921e+00
1.021333127495709370e+00
1.021281558977605641e+00
1.021231221292467684e+00
1.021182290574365048e+00
1.021134932181956945e+00
1.021089300951219414e+00
1.021045541447515914e+00
1.021003788197505591e+00
1.020964165885689390e+00
1.020926789504491339e+00
1.020891764450638117e+00
1.020859186564241128e+00
1.020829142110360133e+00
1.020801707705945249e+00
1.020776950197904487e+00
1.020754926500579973e+00
1.020735683403176219e+00
1.020719257359591126e+00
1.020705674274689390e+00
1.020694949302272114e+00
1.020687086670821531e+00
1.020682079553504540e+00
1.020679909998857715e+00
1.020680548938027954e+00
1.020683956283361393e+00
1.020690081131470750e+00
1.020698862081715230e+00
1.020710227678211623e+00
1.020724096980176299e+00
1.020740380261582203e+00
1.020758979836904778e+00
1.020779791005275605e+00
1.020802703100782693e+00
1.020827600632163934e+00
1.020854364490927146e+00
1.020882873203172503e+00
1.020913004197333329e+00
1.020944635057817962e+00
1.020977644733288336e+00
1.021011914668134679e+00
1.021047329826623162e+00
1.021083779581207995e+00
1.021121158439499244e+00
1.021159366588245021e+00
1.021198310237259044e+00
1.021237901751288035e+00
1.021278059563162977e+00
1.021318707867036046e+00
1.021359776095847050e+00
1.021401198192292581e+00
1.021442911687350463e+00
1.021484856604788494e+00
1.021526974214052252e+00
1.021569205657502977e+00
1.021611490481175055e+00
1.021653765101186551e+00
1.021695961240619788e+00
1.021738004374251885e+00
1.021779812220881656e+00
1.021821293325216429e+00
1.021862345773236536e+00
1.021902856086519540e+00
1.021942698342008571e+00
1.021981733563857686e+00
1.022019809433023951e+00
1.022056760357838767e+00
1.022092407944549697e+00
1.022126561900465802e+00
1.022159021393591161e+00
1.022189576881362028e+00
1.022218012407264176e+00
1.022244108347938107e+00
1.022267644575220791e+00
1.022288403978139026e+00
1.022306176270015188e+00
1.022320761986738713e+00
1.022331976565182377e+00
1.022339654377086404e+00
1.022343652584892792e+00
1.022343854683178233e+00
1.022340173593423884e+00
1.022332554191352383e+00
1.022320975164903167e+00
1.022305450126369530e+00
1.022286027933064334e+00
1.022262792205193005e+00
1.022235860065176194e+00
1.022205380157007903e+00
1.022171530034879705e+00
1.022134513035147130e+00
1.022094554763038454e+00
1.022051899334371461e+00
1.022006805512760685e+00
1.021959542874856908e+00
1.021910388121388458e+00
1.021859621631836079e+00
1.021807524337488449e+00
1.021754374963458112e+00
1.021700447666820555e+00
1.021646010076879385e+00
1.021591321725725088e+00
1.021536632843303316e+00
1.021482183481251083e+00
1.021428202923568840e+00
1.021374909339289427e+00
1.021322509632004216e+00
1.021271199442832955e+00
1.021221163266482712e+00
1.021172574643981257e+00
1.021125596400064506e+00
1.021080380897750661e+00
1.021037070287212245e+00
1.020995796730476135e+00
1.020956682587750963e+00
1.020919840555219338e+00
1.020885373747953961e+00
1.020853375725184087e+00
1.020823930458458761e+00
1.020797112246317084e+00
1.020772985581833048e+00
1.020751604981893657e+00
1.020733014789236393e+00
1.020717248960102630e+00
1.020704330851880837e+00
1.020694273026213850e+00
1.020687077083793914e+00
1.020682733547354948e+00
1.020681221809202288e+00
1.020682510158944067e+00
1.020686555905868209e+00
1.020693305608635360e+00
1.020702695422588846e+00
1.020714651572064424e+00
1.020729090951629559e+00
1.020745921856259564e+00
1.020765044836185798e+00
1.020786353667642699e+00
1.020809736426167458e+00
1.020835076644666106e+00
1.020862254534323554e+00
1.020891148242844659e+00
1.020921635121625926e+00
1.020953592971443058e+00
1.020986901235261035e+00
1.021021442106827770e+00
1.021057101524932342e+00
1.021093770025431446e+00
1.021131343426391114e+00
1.021169723325740186e+00
1.021208817395527380e+00
1.021248539462042082e+00
1.021288809366438510e+00
1.021329552605950486e+00
1.021370699761099399e+00
1.021412185719328569e+00
1.021453948710209669e+00
1.021495929171626127e+00
1.021538068470219551e+00
1.021580307502856222e+00
1.021622585209024603e+00
1.021664837026940109e+00
1.021706993328814317e+00
1.021748977873236264e+00
1.021790706314963382e+00
1.021832084814580099e+00
1.021873008792350657e+00
1.021913361872055059e+00
1.021953015061406012e+00
1.021991826215573607e+00
1.022029639829045156e+00
1.022066287198221790e+00
1.022101586992429478e+00
1.022135346264112954e+00
1.022167361919652739e+00
1.022197422660334087e+00
1.022225311388608393e+00
1.022250808058071225e+00
1.022273692927063715e+00
1.022293750156179071e+00
1.022310771670161600e+00
1.022324561185946834e+00
1.022334938292202233e+00
1.022341742453095392e+00
1.022344836801515111e+00
1.022344111585709925e+00
1.022339487139143355e+00
1.022330916256641853e+00
1.022318385880406133e+00
1.022301918026339518e+00
1.022281569913004340e+00
1.022257433290338247e+00
1.022229633000774296e+00
1.022198324839068473e+00
1.022163692806598689e+00
1.022125945879067022e+00
1.022085314421908642e+00
1.022042046394505466e+00
1.021996403482491989e+00
1.021948657287740092e+00
1.021899085689433218e+00
1.021847969468763884e+00
1.021795589266270454e+00
1.021742222916669718e+00
1.021688143183055786e+00
1.021633615891884617e+00
1.021578898453220585e+00
1.021524238737726575e+00
1.021469874272854517e+00
1.021416031715338013e+00
1.021362926554856498e+00
1.021310763003993705e+00
1.021259734031697342e+00
1.021210021500766452e+00
1.021161796373969644e+00
1.021115218957849180e+00
1.021070439157850451e+00
1.021027596722940523e+00
1.020986821462295024e+00
1.020948233420830409e+00
1.020911943004348732e+00
1.020878051048834001e+00
1.020846648831930992e+00
1.020817818027923929e+00
1.020791630610490053e+00
1.020768148710233358e+00
1.020747424436389883e+00
1.020729499674208007e+00
1.020714405871246511e+00
1.020702163827262865e+00
1.020692783503388545e+00
1.020686263866911858e+00
1.020682592788193510e+00
1.020681747005931062e+00
