1.000603444564682754e+00
1.000677446618257083e+00
1.000799995434046963e+00
1.000944274485916718e+00
1.001101250034754919e+00
1.001266577740361097e+00
1.001437693845643295e+00
1.001612892079967176e+00
1.001790952139567370e+00
1.001970960566256341e+00
1.002152211848488683e+00
1.002334148234441891e+00
1.002516320508804348e+00
1.002698361181164621e+00
1.002879965540687923e+00
1.003060877954496277e+00
1.003240881789122518e+00
1.003419791897411262e+00
1.003597448952054716e+00
1.003773715123355004e+00
1.003948470743483590e+00
1.004121611699577032e+00
1.004293047368693959e+00
1.004462698958284772e+00
1.004630498152366602e+00
1.004796385990069041e+00
1.004960311922439953e+00
1.005122233007394339e+00
1.005282113212878858e+00
1.005439922805777320e+00
1.005595637809548970e+00
1.005749239517632176e+00
1.005900714052647471e+00
1.006050051963697900e+00
1.006197247855769250e+00
1.006342300046565663e+00
1.006485210247113793e+00
1.006625983263289781e+00
1.006764626716041278e+00
1.006901150778571008e+00
1.007035567929149389e+00
1.007167892718519919e+00
1.007298141551113524e+00
1.007426332479450348e+00
1.007552485011268484e+00
1.007676619928987272e+00
1.007798759121206533e+00
1.007918925425957291e+00
1.008037142485456394e+00
1.008153434612112598e+00
1.008267826665518063e+00
1.008380343940145307e+00
1.008491012063440717e+00
1.008599856903970693e+00
1.008706904489250045e+00
1.008812180932840308e+00
1.008915712370280549e+00
1.009017524903371932e+00
1.009117644552317783e+00
1.009216097215194896e+00
1.009312908634205197e+00
1.009408104368154202e+00
1.009501709770585398e+00
1.009593749972995669e+00
1.009684249872569772e+00
1.009773234123870544e+00
1.009860727133940372e+00
1.009946753060289026e+00
1.010031335811271802e+00
1.010114499048381465e+00
1.010196266190024783e+00
1.010276660416380867e+00
1.010355704674980482e+00
1.010433421686694366e+00
1.010509833951844794e+00
1.010584963756215870e+00
1.010658833176767857e+00
1.010731464086904285e+00
1.010802878161182417e+00
1.010873096879390420e+00
1.010942141529952654e+00
1.011010033212647929e+00
1.011076792840659655e+00
1.011142441141990922e+00
1.011206998660304057e+00
1.011270485755252135e+00
1.011332922602381945e+00
1.011394329192693675e+00
1.011454725331950133e+00
1.011514130639816544e+00
1.011572564548920194e+00
1.011630046303907626e+00
1.011686594960564012e+00
1.011742229385064640e+00
1.011796968253397377e+00
1.011850830050998740e+00
1.011903833072629100e+00
1.011955995422500365e+00
1.012007335014655229e+00
1.012057869573597113e+00
1.012107616635143259e+00
1.012156593547484995e+00
1.012204817472416529e+00
1.012252305386695639e+00
1.012299074083496286e+00
1.012345140173908753e+00
1.012390520088443990e+00
1.012435230078497561e+00
1.012479286217734753e+00
1.012522704403357565e+00
1.012565500357220705e+00
1.012607689626772611e+00
1.012649287585790425e+00
1.012690309434905789e+00
1.012730770201898833e+00
1.012770684741767457e+00
1.012810067736568787e+00
1.012848933695045472e+00
1.012887296952047267e+00
1.012925171667771407e+00
1.012962571826840241e+00
1.012999511237247408e+00
1.013036003529197648e+00
1.013072062153873798e+00
1.013107700382162024e+00
1.013142931303367966e+00
1.013177767823953968e+00
1.013212222666333151e+00
1.013246308367742543e+00
1.013280037279228107e+00
1.013313421564761896e+00
1.013346473200520848e+00
1.013379203974334120e+00
1.013411625485325596e+00
1.013443749143759565e+00
1.013475586171098897e+00
1.013507147600284597e+00
1.013538444276238071e+00
1.013569486856589208e+00
1.013600285812630286e+00
1.013630851430487478e+00
1.013661193812513961e+00
1.013691322878888412e+00
1.013721248369420458e+00
1.013750979845547295e+00
1.013780526692517947e+00
1.013809898121750930e+00
1.013839103173359790e+00
1.013868150718833849e+00
1.013897049463862832e+00
1.013925807951298053e+00
1.013954434564240392e+00
1.013982937529240402e+00
1.014011324919606771e+00
1.014039604658810045e+00
1.014067784523971394e+00
1.014095872149429090e+00
1.014123875030371380e+00
1.014151800526526426e+00
1.014179655865898866e+00
1.014207448148543245e+00
1.014235184350364305e+00
1.014262871326931936e+00
1.014290515817301230e+00
1.014318124447827207e+00
1.014345703735958226e+00
1.014373260094004525e+00
1.014400799832859690e+00
1.014428329165674603e+00
1.014455854211460117e+00
1.014483380998618234e+00
1.014510915468378460e+00
1.014538463478140695e+00
1.014566030804700203e+00
1.014593623147355572e+00
1.014621246130882337e+00
1.014648905308368265e+00
1.014676606163895212e+00
1.014704354115066653e+00
1.014732154515372242e+00
1.014760012656378940e+00
1.014787933769751849e+00
1.014815923029093181e+00
1.014843985551604266e+00
1.014872126399561036e+00
1.014900350581610766e+00
1.014928663053882296e+00
1.014957068720919064e+00
1.014985572436429839e+00
1.015014179003868255e+00
1.015042893176837158e+00
1.015071719659329741e+00
1.015100663105809264e+00
1.015129728121132446e+00
1.015158919260328085e+00
1.015188241028232241e+00
1.015217697878991743e+00
1.015247294215442242e+00
1.015277034388366584e+00
1.015306922695645930e+00
1.015336963381307411e+00
1.015367160634479848e+00
1.015397518588261550e+00
1.015428041318510388e+00
1.015458732842566825e+00
1.015489597117907650e+00
1.015520638040748214e+00
1.015551859444593141e+00
1.015583265098744636e+00
1.015614858706770374e+00
1.015646643904945634e+00
1.015678624260661689e+00
1.015710803270819307e+00
1.015743184360198281e+00
1.015775770879819184e+00
1.015808566105293131e+00
1.015841573235164885e+00
1.015874795389253293e+00
1.015908235606991283e+00
1.015941896845766967e+00
1.015975781979268522e+00
1.016009893795835506e+00
1.016044234996815732e+00
1.016078808194931904e+00
1.016113615912656698e+00
1.016148660580599827e+00
1.016183944535904216e+00
1.016219470020655269e+00
1.016255239180304359e+00
1.016291254062101856e+00
1.016327516613546145e+00
1.016364028680845522e+00
1.016400792007394305e+00
1.016437808232264484e+00
1.016475078888708250e+00
1.016512605402681624e+00
1.016550389091376960e+00
1.016588431161776995e+00
1.016626732709221326e+00
1.016665294715989987e+00
1.016704118049907679e+00
1.016743203462960210e+00
1.016782551589935135e+00
1.016822162947078390e+00
1.016862037930772900e+00
1.016902176816238068e+00
1.016942579756251241e+00
1.016983246779895156e+00
1.017024177791327366e+00
1.017065372568578763e+00
1.017106830762380731e+00
1.017148551895017849e+00
1.017190535359218995e+00
1.017232780417076654e+00
1.017275286199004425e+00
1.017318051702732706e+00
1.017361075792342806e+00
1.017404357197347009e+00
1.017447894511809503e+00
1.017491686193520151e+00
1.017535730563214003e+00
1.017580025803848542e+00
1.017624569959934222e+00
1.017669360936927170e+00
1.017714396500683183e+00
1.017759674276975890e+00
1.017805191751089300e+00
1.017850946267477408e+00
1.017896935029503069e+00
1.017943155099255925e+00
1.017989603397452925e+00
1.018036276703426113e+00
1.018083171655199903e+00
1.018130284749664050e+00
1.018177612342842098e+00
1.018225150650262867e+00
1.018272895747435847e+00
1.018320843570434509e+00
1.018368989916594636e+00
1.018417330445323010e+00
1.018465860679030000e+00
1.018514576004182048e+00
1.018563471672479626e+00
1.018612542802164178e+00
1.018661784379456758e+00
1.018711191260132765e+00
1.018760758171230130e+00
1.018810479712900285e+00
1.018860350360402123e+00
1.018910364466236729e+00
1.018960516262431337e+00
1.019010799862969607e+00
1.019061209266372448e+00
1.019111738358428720e+00
1.019162380915076493e+00
1.019213130605438389e+00
1.019263980995008589e+00
1.019314925548990391e+00
1.019365957635788966e+00
1.019417070530652225e+00
1.019468257419465118e+00
1.019519511402690704e+00
1.019570825499458655e+00
1.019622192651799431e+00
1.019673605729020549e+00
1.019725057532222978e+00
1.019776540798952302e+00
1.019828048207982896e+00
1.019879572384232436e+00
1.019931105903796542e+00
1.019982641299105763e+00
1.020034171064192918e+00
1.020085687660070795e+00
1.020137183520210211e+00
1.020188651056113116e+00
1.020240082662973613e+00
1.020291470725420924e+00
1.020342807623334735e+00
1.020394085737724943e+00
1.020445297456672007e+00
1.020496435181309502e+00
1.020547491331852186e+00
1.020598458353650928e+00
1.020649328723267857e+00
1.020700094954565484e+00
1.020750749604793839e+00
1.020801285280669823e+00
1.020851694644437035e+00
1.020901970419896942e+00
1.020952105398396981e+00
1.021002092444770248e+00
1.021051924503212804e+00
1.021101594603086138e+00
1.021151095864641478e+00
1.021200421504643518e+00
1.021249564841896440e+00
1.021298519302647811e+00
1.021347278425872362e+00
1.021395835868416757e+00
1.021444185409996930e+00
1.021492320958043543e+00
1.021540236552376024e+00
1.021587926369703858e+00
1.021635384727942686e+00
1.021682606090337675e+00
1.021729585069380608e+00
1.021776316430520026e+00
1.021822795095651770e+00
1.021869016146382370e+00
1.021914974827059730e+00
1.021960666547565122e+00
1.022006086885856480e+00
1.022051231590262343e+00
1.022096096581517788e+00
1.022140677954537447e+00
1.022184971979923862e+00
1.022228975105204718e+00
1.022272683955797845e+00
1.022316095335698449e+00
1.022359206227890782e+00
1.022402013794475817e+00
1.022444515376522922e+00
1.022486708493634433e+00
1.022528590843231999e+00
1.022570160299559161e+00
1.022611414912404371e+00
1.022652352905543127e+00
1.022692972674903888e+00
1.022733272786457315e+00
1.022773251973833952e+00
1.022812909135672133e+00
1.022852243332699196e+00
1.022891253784553367e+00
1.022929939866344728e+00
1.022968301104968392e+00
1.023006337175165648e+00
1.023044047895348641e+00
1.023081433223183234e+00
1.023118493250949612e+00
1.023155228200672617e+00
1.023191638419042260e+00
1.023227724372120839e+00
1.023263486639849784e+00
1.023298925910362644e+00
1.023334042974110236e+00
1.023368838717808149e+00
1.023403314118214169e+00
1.023437470235741609e+00
1.023471308207919428e+00
1.023504829242707803e+00
1.023538034611675585e+00
1.023570925643049190e+00
1.023603503714645147e+00
1.023635770246688725e+00
1.023667726694531321e+00
1.023699374541279017e+00
1.023730715290332327e+00
1.023761750457855335e+00
1.023792481565180434e+00
1.023822910131152231e+00
1.023853037664429255e+00
1.023882865655747265e+00
1.023912395570152789e+00
1.023941628839218465e+00
1.023970566853250830e+00
1.023999210953494998e+00
1.024027562424350668e+00
1.024055622485606332e+00
1.024083392284702132e+00
1.024110872889032242e+00
1.024138065278291876e+00
1.024164970336884695e+00
1.024191588846397272e+00
1.024217921478149940e+00
1.024243968785836456e+00
1.024269731198260480e+00
1.024295209012181296e+00
1.024320402385275885e+00
1.024345311329233787e+00
1.024369935702987622e+00
1.024394275206099048e+00
1.024418329372302594e+00
1.024442097563224685e+00
1.024465578962289181e+00
1.024488772568814543e+00
1.024511677192325276e+00
1.024534291447078971e+00
1.024556613746828937e+00
1.024578642299830644e+00
1.024600375104105510e+00
1.024621809942978246e+00
1.024642944380894427e+00
1.024663775759538042e+00
1.024684301194258351e+00
1.024704517570821150e+00
1.024724421542497765e+00
1.024744009527506661e+00
1.024763277706820963e+00
1.024782222022354361e+00
1.024800838175543349e+00
1.024819121626336260e+00
1.024837067592605289e+00
1.024854671049994170e+00
1.024871926732218608e+00
1.024888829131826995e+00
1.024905372501444756e+00
1.024921550855502961e+00
1.024937357972478758e+00
1.024952787397647835e+00
1.024967832446367577e+00
1.024982486207901555e+00
1.024996741549797585e+00
1.025010591122826664e+00
1.025024027366495671e+00
1.025037042515140051e+00
1.025049628604607577e+00
1.025061777479538749e+00
1.025073480801247605e+00
1.025084730056211590e+00
1.025095516565170950e+00
1.025105831492839847e+00
1.025115665858231884e+00
1.025125010545597348e+00
1.025133856315968650e+00
1.025142193819311265e+00
1.025150013607272204e+00
1.025157306146519343e+00
1.025164061832660733e+00
1.025170271004729017e+00
1.025175923960219393e+00
1.025181010970664053e+00
1.025185522297720198e+00
1.025189448209754772e+00
1.025192778998897047e+00
1.025195504998537066e+00
1.025197616601235540e+00
1.025199104277019213e+00
1.025199958592021954e+00
1.025200170227439145e+00
1.025199729998753195e+00
1.025198628875191087e+00
1.025196857999365108e+00
1.025194408707058802e+00
1.025191272547097521e+00
1.025187441301264712e+00
1.025182907004203559e+00
1.025177661963249776e+00
1.025171698778142737e+00
1.025165010360553630e+00
1.025157589953372472e+00
1.025149431149692703e+00
1.025140527911432065e+00
1.025130874587530050e+00
1.025120465931653291e+00
1.025109297119354945e+00
1.025097363764617020e+00
1.025084661935718788e+00
1.025071188170370018e+00
1.025056939490044838e+00
1.025041913413463401e+00
1.025026107969158495e+00
1.025009521707078708e+00
1.024992153709167741e+00
1.024974003598880579e+00
1.024955071549580765e+00
1.024935358291780840e+00
1.024914865119186835e+00
1.024893593893510868e+00
1.024871547048020748e+00
1.024848727589800390e+00
1.024825139100704607e+00
1.024800785736986075e+00
1.024775672227586698e+00
1.024749803871091602e+00
1.024723186531340424e+00
1.024695826631707440e+00
1.024667731148062311e+00
1.024638907600424753e+00
1.024609364043345572e+00
1.024579109055038240e+00
1.024548151725295675e+00
1.024516501642241506e+00
1.024484168877952683e+00
1.024451163973013834e+00
1.024417497920054210e+00
1.024383182146335391e+00
1.024348228495450375e+00
1.024312649208207304e+00
1.024276456902772026e+00
1.024239664554145168e+00
1.024202285473055252e+00
1.024164333284348860e+00
1.024125821904962930e+00
1.024086765521562636e+00
1.024047178567936367e+00
1.024007075702224823e+00
1.023966471784079513e+00
1.023925381851830574e+00
1.023883821099750069e+00
1.023841804855489590e+00
1.023799348557777433e+00
1.023756467734443953e+00
1.023713177980858591e+00
1.023669494938837632e+00
1.023625434276096202e+00
1.023581011666302443e+00
1.023536242769788718e+00
1.023491143214976251e+00
1.023445728580550274e+00
1.023400014378437195e+00
1.023354016037608005e+00
1.023307748888744984e+00
1.023261228149791924e+00
1.023214468912401642e+00
1.023167486129303860e+00
1.023120294602585245e+00
1.023072908972895600e+00
1.023025343709567991e+00
1.022977613101647032e+00
1.022929731249809349e+00
1.022881712059160453e+00
1.022833569232882711e+00
1.022785316266707767e+00
1.022736966444188766e+00
1.022688532832731534e+00
1.022640028280355606e+00
1.022591465413143830e+00
1.022542856633342989e+00
1.022494214118071953e+00
1.022445549818597588e+00
1.022396875460134247e+00
1.022348202542123552e+00
1.022299542338951595e+00
1.022250905901062712e+00
1.022202304056422317e+00
1.022153747412296809e+00
1.022105246357300823e+00
1.022056811063682291e+00
1.022008451489804681e+00
1.021960177382791102e+00
1.021911998281301415e+00
1.021863923518411044e+00
1.021815962224563057e+00
1.021768123330566880e+00
1.021720415570627427e+00
1.021672847485375346e+00
1.021625427424887267e+00
1.021578163551680518e+00
1.021531063843663434e+00
1.021484136097037920e+00
1.021437387929143181e+00
1.021390826781232608e+00
1.021344459921182057e+00
1.021298294446127519e+00
1.021252337285027512e+00
1.021206595201156864e+00
1.021161074794531221e+00
1.021115782504263603e+00
1.021070724610863678e+00
1.021025907238478858e+00
1.020981336357086988e+00
1.020937017784647516e+00
1.020892957189217576e+00
1.020849160091038765e+00
1.020805631864607710e+00
1.020762377740729532e+00
1.020719402808570431e+00
1.020676712017711152e+00
1.020634310180210225e+00
1.020592201972683410e+00
1.020550391938405133e+00
1.020508884489437662e+00
1.020467683908792944e+00
1.020426794352633060e+00
1.020386219852508436e+00
1.020345964317644460e+00
1.020306031537270730e+00
1.020266425183001813e+00
1.020227148811267082e+00
1.020188205865790732e+00
1.020149599680123309e+00
1.020111333480223426e+00
1.020073410387091650e+00
1.020035833419450144e+00
1.019998605496469812e+00
1.019961729440547415e+00
1.019925207980119986e+00
1.019889043752522984e+00
1.019853239306888204e+00
1.019817797107073654e+00
1.019782719534628734e+00
1.019748008891787627e+00
1.019713667404488433e+00
1.019679697225415183e+00
1.019646100437060721e+00
1.019612879054802246e+00
1.019580035029991727e+00
1.019547570253052982e+00
1.019515486556583639e+00
1.019483785718456659e+00
1.019452469464920519e+00
1.019421539473688298e+00
1.019390997377015662e+00
1.019360844764761964e+00
1.019331083187430043e+00
1.019301714159176253e+00
1.019272739160791419e+00
1.019244159642644032e+00
1.019215977027578379e+00
1.019188192713765595e+00
1.019160808077499425e+00
1.019133824475933370e+00
1.019107243249746331e+00
1.019081065725740753e+00
1.019055293219357061e+00
1.019029927037106376e+00
1.019004968478906648e+00
1.018980418840326641e+00
1.018956279414719557e+00
1.018932551495252081e+00
1.018909236376815297e+00
1.018886335357814588e+00
1.018863849741835192e+00
1.018841780839175648e+00
1.018820129968247112e+00
1.018798898456836577e+00
1.018778087643223529e+00
1.018757698877158280e+00
1.018737733520690636e+00
1.018718192948851797e+00
1.018699078550187265e+00
1.018680391727144752e+00
1.018662133896308220e+00
1.018644306488491136e+00
1.018626910948680075e+00
1.018609948735839765e+00
1.018593421322574244e+00
1.018577330194656128e+00
1.018561676850421094e+00
1.018546462800037578e+00
1.018531689564651455e+00
1.018517358675417039e+00
1.018503471672417060e+00
1.018490030103474719e+00
1.018477035522873830e+00
1.018464489489982805e+00
1.018452393567795822e+00
1.018440749321398275e+00
1.018429558316358730e+00
1.018418822117062250e+00
1.018408542284982676e+00
1.018398720376909372e+00
1.018389357943128903e+00
1.018380456525574074e+00
1.018372017655939876e+00
1.018364042853779683e+00
1.018356533624581672e+00
1.018349491457836153e+00
1.018342917825093341e+00
1.018336814178022909e+00
1.018331181946475983e+00
1.018326022536553133e+00
1.018321337328685683e+00
1.018317127675731903e+00
1.018313394901089186e+00
1.018310140296831534e+00
1.018307365121865038e+00
1.018305070600112439e+00
1.018303257918724780e+00
1.018301928226319708e+00
1.018301082631251298e+00
1.018300722199909636e+00
1.018300847955051713e+00
1.018301460874162512e+00
1.018302561887848956e+00
1.018304151878265174e+00
1.018306231677565954e+00
1.018308802066392182e+00
1.018311863772385362e+00
1.018315417468730999e+00
1.018319463772725531e+00
1.018324003244376108e+00
1.018329036385017705e+00
1.018334563635958201e+00
1.018340585377145668e+00
1.018347101925851650e+00
1.018354113535380190e+00
1.018361620393787526e+00
1.018369622622622428e+00
1.018378120275678977e+00
1.018387113337762440e+00
1.018396601723467576e+00
1.018406585275964726e+00
1.018417063765797881e+00
1.018428036889685639e+00
1.018439504269333939e+00
1.018451465450248117e+00
1.018463919900552295e+00
1.018476867009810771e+00
1.018490306087851183e+00
1.018504236363588333e+00
1.018518656983851134e+00
1.018533567012204433e+00
1.018548965427776842e+00
1.018564851124083237e+00
1.018581222907846584e+00
1.018598079497821551e+00
1.018615419523614563e+00
1.018633241524504296e+00
1.018651543948262628e+00
1.018670325149972022e+00
1.018689583390850917e+00
1.018709316837072443e+00
1.018729523558592032e+00
1.018750201527975463e+00
1.018771348619233574e+00
1.018792962606661634e+00
1.018815041163687596e+00
1.018837581861730124e+00
1.018860582169067497e+00
1.018884039449719392e+00
1.018907950962346209e+00
1.018932313859162164e+00
1.018957125184873469e+00
1.018982381875635168e+00
1.019008080758035950e+00
1.019034218548109827e+00
1.019060791850379122e+00
1.019087797156932318e+00
1.019115230846538322e+00
1.019143089183802697e+00
1.019171368318367188e+00
1.019200064284156104e+00
1.019229172998675992e+00
1.019258690262368816e+00
1.019288611758023766e+00
1.019318933050251896e+00
1.019349649585028272e+00
1.019380756689302281e+00
1.019412249570684992e+00
1.019444123317212680e+00
1.019476372897194949e+00
1.019508993159148558e+00
1.019541978831820517e+00
1.019575324524310211e+00
1.019609024726285451e+00
1.019643073808305100e+00
1.019677466022247625e+00
1.019712195501849106e+00
1.019747256263357826e+00
1.019782642206306544e+00
1.019818347114406887e+00
1.019854364656568091e+00
1.019890688388049416e+00
1.019927311751737120e+00
1.019964228079563995e+00
1.020001430594063896e+00
1.020038912410067056e+00
1.020076666536539056e+00
1.020114685878567684e+00
1.020152963239494337e+00
1.020191491323196864e+00
1.020230262736523841e+00
1.020269269991878502e+00
1.020308505509960550e+00
1.020347961622656285e+00
1.020387630576087279e+00
1.020427504533810037e+00
1.020467575580171982e+00
1.020507835723817536e+00
1.020548276901347640e+00
1.020588890981129593e+00
1.020629669767254555e+00
1.020670605003639819e+00
1.020711688378278303e+00
1.020752911527622819e+00
1.020794266041112675e+00
1.020835743465827727e+00
1.020877335311274781e+00
1.020919033054295877e+00
1.020960828144096499e+00
1.021002712007383462e+00
1.021044676053614042e+00
1.021086711680342374e+00
1.021128810278662868e+00
1.021170963238736018e+00
1.021213161955398352e+00
1.021255397833839673e+00
1.021297662295346687e+00
1.021339946783099695e+00
1.021382242768013704e+00
1.021424541754619719e+00
1.021466835286971353e+00
1.021509114954568975e+00
1.021551372398291857e+00
1.021593599316329204e+00
1.021635787470096535e+00
1.021677928690131409e+00
1.021720014881954963e+00
1.021762038031887032e+00
1.021803990212811097e+00
1.021845863589868841e+00
1.021887650426080540e+00
1.021929343087879971e+00
1.021970934050546065e+00
1.022012415903532201e+00
1.022053781355671376e+00
1.022095023240255030e+00
1.022136134519968875e+00
1.022177108291681069e+00
1.022217937791069620e+00
1.022258616397078379e+00
1.022299137636198285e+00
1.022339495186553870e+00
1.022379682881799701e+00
1.022419694714806093e+00
1.022459524841134115e+00
1.022499167582288537e+00
1.022538617428741858e+00
1.022577869042723631e+00
1.022616917260767533e+00
1.022655757096011087e+00
1.022694383740240687e+00
1.022732792565680837e+00
1.022770979126517599e+00
1.022808939160157582e+00
1.022846668588214492e+00
1.022884163517224554e+00
1.022921420239084167e+00
1.022958435231210661e+00
1.022995205156422394e+00
1.023031726862542179e+00
1.023067997381715388e+00
1.023104013929451606e+00
1.023139773903383620e+00
1.023175274881750418e+00
1.023210514621599287e+00
1.023245491056717693e+00
1.023280202295287378e+00
1.023314646617274892e+00
1.023348822471548791e+00
1.023382728472743253e+00
1.023416363397855244e+00
1.023449726182596109e+00
1.023482815917487576e+00
1.023515631843723295e+00
1.023548173348784562e+00
1.023580439961832678e+00
1.023612431348872587e+00
1.023644147307697816e+00
1.023675587762629569e+00
1.023706752759045546e+00
1.023737642457717367e+00
1.023768257128957249e+00
1.023798597146581724e+00
1.023828662981707716e+00
1.023858455196377859e+00
1.023887974437033499e+00
1.023917221427837365e+00
1.023946196963858579e+00
1.023974901904124213e+00
1.024003337164550498e+00
1.024031503710761459e+00
1.024059402550801412e+00
1.024087034727752421e+00
1.024114401312266276e+00
1.024141503395018082e+00
1.024168342079092131e+00
1.024194918472309812e+00
1.024221233679504017e+00
1.024247288794758237e+00
1.024273084893609687e+00
1.024298623025233113e+00
1.024323904204610169e+00
1.024348929404697461e+00
1.024373699548598804e+00
1.024398215501752363e+00
1.024422478064148212e+00
1.024446487962572316e+00
1.024470245842901805e+00
1.024493752262451984e+00
1.024517007682385517e+00
1.024540012460199101e+00
1.024562766842289641e+00
1.024585270956618999e+00
1.024607524805480674e+00
1.024629528258378830e+00
1.024651281045038775e+00
1.024672782748547117e+00
1.024694032798641352e+00
1.024715030465158216e+00
1.024735774851649239e+00
1.024756264889177038e+00
1.024776499330304791e+00
1.024796476743287332e+00
1.024816195506479843e+00
1.024835653802974367e+00
1.024854849615475016e+00
1.024873780721427430e+00
1.024892444688414228e+00
1.024910838869828256e+00
1.024928960400837807e+00
1.024946806194657833e+00
1.024964372939139334e+00
1.024981657093692489e+00
1.024998654886553284e+00
1.025015362312414080e+00
1.025031775130426759e+00
1.025047888862592904e+00
1.025063698792559652e+00
1.025079199964830101e+00
1.025094387184405598e+00
1.025109255016872334e+00
1.025123797788946467e+00
1.025138009589493748e+00
1.025151884271032321e+00
1.025165415451735784e+00
1.025178596517950513e+00
1.025191420627233896e+00
1.025203880711931470e+00
1.025215969483300960e+00
1.025227679436196304e+00
1.025239002854318349e+00
1.025249931816044402e+00
1.025260458200845992e+00
1.025270573696297260e+00
1.025280269805685762e+00
1.025289537856228117e+00
1.025298369007894284e+00
1.025306754262844677e+00
1.025314684475479021e+00
1.025322150363100260e+00
1.025329142517185543e+00
1.025335651415267613e+00
1.025341667433414816e+00
1.025347180859306206e+00
1.025352181905890836e+00
1.025356660725618596e+00
1.025360607425230830e+00
1.025364012081092957e+00
1.025366864755053342e+00
1.025369155510801988e+00
1.025370874430714396e+00
1.025372011633145952e+00
1.025372557290156195e+00
1.025372501645627210e+00
1.025371835033746182e+00
1.025370547897813900e+00
1.025368630809342818e+00
1.025366074487402690e+00
1.025362869818172262e+00
1.025359007874649730e+00
1.025354479936474439e+00
1.025349277509810975e+00
1.025343392347242810e+00
1.025336816467621759e+00
1.025329542175815289e+00
1.025321562082299742e+00
1.025312869122533055e+00
1.025303456576053707e+00
1.025293318085240823e+00
1.025282447673674380e+00
1.025270839764033770e+00
1.025258489195471912e+00
1.025245391240400705e+00
1.025231541620629461e+00
1.025216936522790112e+00
1.025201572612991718e+00
1.025185447050643406e+00
1.025168557501389577e+00
1.025150902149100318e+00
1.025132479706864164e+00
1.025113289426931917e+00
1.025093331109567352e+00
1.025072605110753265e+00
1.025051112348721372e+00
1.025028854309260495e+00
1.025005833049777326e+00
1.024982051202079969e+00
1.024957511973857871e+00
1.024932219148845913e+00
1.024906177085655123e+00
1.024879390715267125e+00
1.024851865537185436e+00
1.024823607614253618e+00
1.024794623566144258e+00
1.024764920561542336e+00
1.024734506309035620e+00
1.024703389046747182e+00
1.024671577530738453e+00
1.024639081022227671e+00
1.024605909273659243e+00
1.024572072513684873e+00
1.024537581431104627e+00
1.024502447157826346e+00
1.024466681250917555e+00
1.024430295673805835e+00
1.024393302776710035e+00
1.024355715276375589e+00
1.024317546235188114e+00
1.024278809039754767e+00
1.024239517379029518e+00
1.024199685222072720e+00
1.024159326795525349e+00
1.024118456560890067e+00
1.024077089191700818e+00
1.024035239550668663e+00
1.023992922666887573e+00
1.023950153713184541e+00
1.023906947983689530e+00
1.023863320871711391e+00
1.023819287847987924e+00
1.023774864439382704e+00
1.023730066208098144e+00
1.023684908731466114e+00
1.023639407582373373e+00
1.023593578310377783e+00
1.023547436423560608e+00
1.023500997371161070e+00
1.023454276527024920e+00
1.023407289173904999e+00
1.023360050488633988e+00
1.023312575528195101e+00
1.023264879216694956e+00
1.023216976333263029e+00
1.023168881500863936e+00
1.023120609176033646e+00
1.023072173639524518e+00
1.023023588987851173e+00
1.022974869125718556e+00
1.022926027759311740e+00
1.022877078390423300e+00
1.022828034311389800e+00
1.022778908600802339e+00
1.022729714119963607e+00
1.022680463510047488e+00
1.022631169189925249e+00
1.022581843354620323e+00
1.022532497974343535e+00
1.022483144794073207e+00
1.022433795333631545e+00
1.022384460888216662e+00
1.022335152529348701e+00
1.022285881106183236e+00
1.022236657247155955e+00
1.022187491361914891e+00
1.022138393643502674e+00
1.022089374070750623e+00
1.022040442410851124e+00
1.021991608222075465e+00
1.021942880856604452e+00
1.021894269463442528e+00
1.021845782991393836e+00
1.021797430192069811e+00
1.021749219622913873e+00
1.021701159650219015e+00
1.021653258452123847e+00
1.021605524021578004e+00
1.021557964169252930e+00
1.021510586526405362e+00
1.021463398547672652e+00
1.021416407513801694e+00
1.021369620534308131e+00
1.021323044550062065e+00
1.021276686335802042e+00
1.021230552502579769e+00
1.021184649500137098e+00
1.021138983619220175e+00
1.021093560993837190e+00
1.021048387603463059e+00
1.021003469275199027e+00
1.020958811685896528e+00
1.020914420364247510e+00
1.020870300692854116e+00
1.020826457910282148e+00
1.020782897113105658e+00
1.020739623257954864e+00
1.020696641163566287e+00
1.020653955512849986e+00
1.020611570854974559e+00
1.020569491607479007e+00
1.020527722058414799e+00
1.020486266368524131e+00
1.020445128573457705e+00
1.020404312586034923e+00
1.020363822198550041e+00
1.020323661085127842e+00
1.020283832804127933e+00
1.020244340800598337e+00
1.020205188408782604e+00
1.020166378854677092e+00
1.020127915258637996e+00
1.020089800638038557e+00
1.020052037909974230e+00
1.020014629894015146e+00
1.019977579315000771e+00
1.019940888805879409e+00
1.019904560910585012e+00
1.019868598086951739e+00
1.019833002709662928e+00
1.019797777073228939e+00
1.019762923394994747e+00
1.019728443818170627e+00
1.019694340414883271e+00
1.019660615189245334e+00
1.019627270080438519e+00
1.019594306965805330e+00
1.019561727663948147e+00
1.019529533937830079e+00
1.019497727497873818e+00
1.019466310005054721e+00
1.019435283073982790e+00
1.019404648275969105e+00
1.019374407142074279e+00
1.019344561166129814e+00
1.019315111807730823e+00
1.019286060495193880e+00
1.019257408628472916e+00
1.019229157582030698e+00
1.019201308707656128e+00
1.019173863337224040e+00
1.019146822785392370e+00
1.019120188352226064e+00
1.019093961325747255e+00
1.019068142984399294e+00
1.019042734599424183e+00
1.019017737437143190e+00
1.018993152761136001e+00
1.018968981834313059e+00
1.018945225920872222e+00
1.018921886288141065e+00
1.018898964208290403e+00
1.018876460959923014e+00
1.018854377829526481e+00
1.018832716112791026e+00
1.018811477115786790e+00
1.018790662155996340e+00
1.018770272563204404e+00
1.018750309680238608e+00
1.018730774863561006e+00
1.018711669483714832e+00
1.018692994925619377e+00
1.018674752588719201e+00
1.018656943886986577e+00
1.018639570248780490e+00
1.018622633116565979e+00
1.018606133946493131e+00
1.018590074207844864e+00
1.018574455382353694e+00
1.018559278963396597e+00
1.018544546455067312e+00
1.018530259371138502e+00
1.018516419233916448e+00
1.018503027572993158e+00
1.018490085923905664e+00
1.018477595826709159e+00
1.018465558824467987e+00
1.018453976461674682e+00
1.018442850282601286e+00
1.018432181829594496e+00
1.018421972641315065e+00
1.018412224250934806e+00
1.018402938184293838e+00
1.018394115958026314e+00
1.018385759077659047e+00
1.018377869035692829e+00
1.018370447309668636e+00
1.018363495360223858e+00
1.018357014629148516e+00
1.018351006537440373e+00
1.018345472483365821e+00
1.018340413840533198e+00
1.018335831955975879e+00
1.018331728148256676e+00
1.018328103705587795e+00
1.018324959883976311e+00
1.018322297905392748e+00
1.018320118955966969e+00
1.018318424184212034e+00
1.018317214699276940e+00
1.018316491569229987e+00
1.018316255819373684e+00
1.018316508430589185e+00
1.018317250337714253e+00
1.018318482427949867e+00
1.018320205539300805e+00
1.018322420459044864e+00
1.018325127922230511e+00
1.018328328610206057e+00
1.018332023149174370e+00
1.018336212108776007e+00
1.018340896000694995e+00
1.018346075277292151e+00
1.018351750330258154e+00
1.018357921489289275e+00
1.018364589020781974e+00
1.018371753126547041e+00
1.018379413942537948e+00
1.018387571537596958e+00
1.018396225912213238e+00
1.018405376997293832e+00
1.018415024652944867e+00
1.018425168667260960e+00
1.018435808755126182e+00
1.018446944557017453e+00
1.018458575637815722e+00
1.018470701485621355e+00
1.018483321510572193e+00
1.018496435043664494e+00
1.018510041335576322e+00
1.018524139555488706e+00
1.018538728789911030e+00
1.018553808041503972e+00
1.018569376227901557e+00
1.018585432180533878e+00
1.018601974643447594e+00
1.018619002272127316e+00
1.018636513632312557e+00
1.018654507198818893e+00
1.018672981354356022e+00
1.018691934388347597e+00
1.018711364495751504e+00
1.018731269775884352e+00
1.018751648231246421e+00
1.018772497766353480e+00
1.018793816186573054e+00
1.018815601196968457e+00
1.018837850401150602e+00
1.018860561300142464e+00
1.018883731291255090e+00
1.018907357666976043e+00
1.018931437613878943e+00
1.018955968211549656e+00
1.018980946431532253e+00
1.019006369136304713e+00
1.019032233078275951e+00
1.019058534898815260e+00
1.019085271127316616e+00
1.019112438180294733e+00
1.019140032360524639e+00
1.019168049856221447e+00
1.019196486740266305e+00
1.019225338969484751e+00
1.019254602383974362e+00
1.019284272706493022e+00
1.019314345541906919e+00
1.019344816376702267e+00
1.019375680578568311e+00
1.019406933396049819e+00
1.019438569958281082e+00
1.019470585274794949e+00
1.019502974235422688e+00
1.019535731610277551e+00
1.019568852049836938e+00
1.019602330085116471e+00
1.019636160127949331e+00
1.019670336471369509e+00
1.019704853290103408e+00
1.019739704641175582e+00
1.019774884464631493e+00
1.019810386584381057e+00
1.019846204709163873e+00
1.019882332433646344e+00
1.019918763239647141e+00
1.019955490497494788e+00
1.019992507467527787e+00
1.020029807301729097e+00
1.020067383045507370e+00
1.020105227639619638e+00
1.020143333922242768e+00
1.020181694631194125e+00
1.020220302406301238e+00
1.020259149791924891e+00
1.020298229239632981e+00
1.020337533111030925e+00
1.020377053680742385e+00
1.020416783139547867e+00
1.020456713597674536e+00
1.020496837088239461e+00
1.020537145570846738e+00
1.020577630935334490e+00
1.020618285005669978e+00
1.020659099543993031e+00
1.020700066254804472e+00
1.020741176789293991e+00
1.020782422749808127e+00
1.020823795694451697e+00
1.020865287141819344e+00
1.020906888575854987e+00
1.020948591450826948e+00
1.020990387196424987e+00
1.021032267222961476e+00
1.021074222926677377e+00
1.021116245695147917e+00
1.021158326912772418e+00
1.021200457966351838e+00
1.021242630250738248e+00
1.021284835174550043e+00
1.021327064165948428e+00
1.021369308678461874e+00
1.021411560196850310e+00
1.021453810243000637e+00
1.021496050381847098e+00
1.021538272227298538e+00
1.021580467448171881e+00
1.021622627774115166e+00
1.021664745001513053e+00
1.021706810999361448e+00
1.021748817715105506e+00
1.021790757180423892e+00
1.021832621516954420e+00
1.021874402941945759e+00
1.021916093773828305e+00
1.021957686437689583e+00
1.021999173470647282e+00
1.022040547527105936e+00
1.022081801383888600e+00
1.022122927945233073e+00
1.022163920247642466e+00
1.022204771464579220e+00
1.022245474910992158e+00
1.022286024047671882e+00
1.022326412485418112e+00
1.022366633989015616e+00
1.022406682481006079e+00
1.022446552045253698e+00
1.022486236930288062e+00
1.022525731552423878e+00
1.022565030498649108e+00
1.022604128529270184e+00
1.022643020580317863e+00
1.022681701765693507e+00
1.022720167379068457e+00
1.022758412895513835e+00
1.022796433972872565e+00
1.022834226452856266e+00
1.022871786361873703e+00
1.022909109911582792e+00
1.022946193499166156e+00
1.022983033707327127e+00
1.023019627304006640e+00
1.023055971241820572e+00
1.023092062657212864e+00
1.023127898869333974e+00
1.023163477378635111e+00
1.023198795865187805e+00
1.023233852186725024e+00
1.023268644376411185e+00
1.023303170640340376e+00
1.023337429354766126e+00
1.023371419063067833e+00
1.023405138472459619e+00
1.023438586450440058e+00
1.023471762020995435e+00
1.023504664360554983e+00
1.023537292793708975e+00
1.023569646788692111e+00
1.023601725952639097e+00
1.023633530026621941e+00
1.023665058880470324e+00
1.023696312507387018e+00
1.023727291018364571e+00
1.023757994636407709e+00
1.023788423690572547e+00
1.023818578609831054e+00
1.023848459916765430e+00
1.023878068221102389e+00
1.023907404213097116e+00
1.023936468656773568e+00
1.023965262383030428e+00
1.023993786282621610e+00
1.024022041299017305e+00
1.024050028421162217e+00
1.024077748676129218e+00
1.024105203121684848e+00
1.024132392838776662e+00
1.024159318923942408e+00
1.024185982481662816e+00
1.024212384616656202e+00
1.024238526426130669e+00
1.024264408991999886e+00
1.024290033373076003e+00
1.024315400597240355e+00
1.024340511653613950e+00
1.024365367484723954e+00
1.024389968978684617e+00
1.024414316961400839e+00
1.024438412188799497e+00
1.024462255339102512e+00
1.024485847005150330e+00
1.024509187686784673e+00
1.024532277783301026e+00
1.024555117585981723e+00
1.024577707270716953e+00
1.024600046890728589e+00
1.024622136369401915e+00
1.024643975493239267e+00
1.024665563904943566e+00
1.024686901096648839e+00
1.024707986403297300e+00
1.024728818996185620e+00
1.024749397876685730e+00
1.024769721870150363e+00
1.024789789620021541e+00
1.024809599582147346e+00
1.024829150019320512e+00
1.024848438996054600e+00
1.024867464373607095e+00
1.024886223805261842e+00
1.024904714731886157e+00
1.024922934377773043e+00
1.024940879746785161e+00
1.024958547618808780e+00
1.024975934546539014e+00
1.024993036852600792e+00
1.025009850627028207e+00
1.025026371725111130e+00
1.025042595765622622e+00
1.025058518129446483e+00
1.025074133958613132e+00
1.025089438155762700e+00
1.025104425384043560e+00
1.025119090067468042e+00
1.025133426391732883e+00
1.025147428305520414e+00
1.025161089522294011e+00
1.025174403522598920e+00
1.025187363556884446e+00
1.025199962648857044e+00
1.025212193599375876e+00
1.025224048990903025e+00
1.025235521192520149e+00
1.025246602365515791e+00
1.025257284469558883e+00
1.025267559269463113e+00
1.025277418342545488e+00
1.025286853086592398e+00
1.025295854728431433e+00
1.025304414333113590e+00
1.025312522813710547e+00
1.025320170941722342e+00
1.025327349358098106e+00
1.025334048584865876e+00
1.025340259037363699e+00
1.025345971037072479e+00
1.025351174825031464e+00
1.025355860575835276e+00
1.025360018412196039e+00
1.025363638420051737e+00
1.025366710664209480e+00
1.025369225204501689e+00
1.025371172112430340e+00
1.025372541488278832e+00
1.025373323478661947e+00
1.025373508294484370e+00
1.025373086229277586e+00
1.025372047677875820e+00
1.025370383155401077e+00
1.025368083316511525e+00
1.025365138974871027e+00
1.025361541122800535e+00
1.025357280951060490e+00
1.025352349868714263e+00
1.025346739523024020e+00
1.025340441819325488e+00
1.025333448940823899e+00
1.025325753368258042e+00
1.025317347899372233e+00
1.025308225668133844e+00
