1.000603444564682754e+00
1.000677081339931274e+00
1.000797892322024873e+00
1.000937507137622084e+00
1.001085463614409088e+00
1.001236993391642294e+00
1.001390331239961462e+00
1.001545599840612866e+00
1.001703969329946542e+00
1.001866922344933242e+00
1.002035687282059939e+00
1.002210892551629540e+00
1.002392448765897504e+00
1.002579637075237340e+00
1.002771350350613488e+00
1.002966388534398456e+00
1.003163679243863404e+00
1.003362319782215462e+00
1.003561422320849328e+00
1.003759848973749813e+00
1.003955993987799111e+00
1.004147774932873993e+00
1.004332926036317630e+00
1.004509553771645525e+00
1.004676760699005911e+00
1.004835058494140565e+00
1.004986360381589394e+00
1.005133549162949613e+00
1.005279818002165371e+00
1.005428037165386534e+00
1.005580311857315223e+00
1.005737778414927286e+00
1.005900621855132293e+00
1.006068274698454168e+00
1.006239728523537380e+00
1.006413849225561874e+00
1.006589572572468505e+00
1.006765903132574635e+00
1.006941736297557899e+00
1.007115620170043524e+00
1.007285623255138374e+00
1.007449452520843280e+00
1.007604871590773943e+00
1.007750319262846084e+00
1.007885487099707156e+00
1.008011581474128393e+00
1.008131127880724787e+00
1.008247402583587693e+00
1.008363735487723511e+00
1.008482920423600770e+00
1.008606852299787526e+00
1.008736405850465978e+00
1.008871526239405902e+00
1.009011481461170590e+00
1.009155192199155948e+00
1.009301519257878699e+00
1.009449395106787328e+00
1.009597755115127171e+00
1.009745327120520120e+00
1.009890421140024142e+00
1.010030884965655407e+00
1.010164342140476679e+00
1.010288709733346169e+00
1.010402836831270523e+00
1.010506991994912340e+00
1.010602955785609325e+00
1.010693658670914763e+00
1.010782526339135901e+00
1.010872794479483527e+00
1.010966992517272622e+00
1.011066670345629692e+00
1.011172359472531479e+00
1.011283730832477801e+00
1.011399888343355702e+00
1.011519698567579173e+00
1.011642031993343238e+00
1.011765821333322712e+00
1.011889929569193658e+00
1.012012922323050290e+00
1.012132903294190811e+00
1.012247568727846714e+00
1.012354560234397516e+00
1.012452056054375049e+00
1.012539388738969537e+00
1.012617407438066053e+00
1.012688394561398475e+00
1.012755564691738108e+00
1.012822365640683397e+00
1.012891836843492710e+00
1.012966178604215006e+00
1.013046567836897616e+00
1.013133196805857006e+00
1.013225490062845235e+00
1.013322425360399404e+00
1.013422845424063246e+00
1.013525639347819141e+00
1.013629726139602560e+00
1.013733872265596414e+00
1.013836468219071030e+00
1.013935430438463126e+00
1.014028364672035831e+00
1.014113024193504131e+00
1.014187943524547109e+00
1.014252994197068825e+00
1.014309594138131487e+00
1.014360452867575590e+00
1.014408964097103016e+00
1.014458500045984479e+00
1.014511835628993275e+00
1.014570808264463997e+00
1.014636219678080264e+00
1.014707946743586664e+00
1.014785207885287477e+00
1.014866895746219022e+00
1.014951853838061302e+00
1.015038988213399884e+00
1.015127180485253078e+00
1.015215072256411721e+00
1.015300869030493658e+00
1.015382327560201858e+00
1.015457032755228584e+00
1.015522944294792840e+00
1.015579036299051996e+00
1.015625752048630259e+00
1.015665043024364778e+00
1.015699958779790135e+00
1.015733970198731351e+00
1.015770289865419285e+00
1.015811376827388202e+00
1.015858687760641921e+00
1.015912660666540290e+00
1.015972891093320341e+00
1.016038436014421897e+00
1.016108141087329386e+00
1.016180866513252568e+00
1.016255523901949731e+00
1.016330928440871251e+00
1.016405570939998171e+00
1.016477472108090030e+00
1.016544270409507345e+00
1.016603609987277057e+00
1.016653750709439308e+00
1.016694173786798050e+00
1.016725901776806662e+00
1.016751362133399006e+00
1.016773848168207373e+00
1.016796811009637480e+00
1.016823232527465759e+00
1.016855219006682187e+00
1.016893841661581366e+00
1.016939197138638562e+00
1.016990640685609959e+00
1.017047113158370930e+00
1.017107445139485478e+00
1.017170519291017206e+00
1.017235232740821615e+00
1.017300303008915607e+00
1.017364050477700399e+00
1.017424324425347582e+00
1.017478701082219050e+00
1.017524971931932143e+00
1.017561785069175162e+00
1.017589176211065372e+00
1.017608728990307743e+00
1.017623270654103296e+00
1.017636237903941421e+00
1.017650973343011467e+00
1.017670170367437787e+00
1.017695558956107416e+00
1.017727831836854557e+00
1.017766775719685546e+00
1.017811550858219949e+00
1.017861024848712548e+00
1.017914036566670344e+00
1.017969486454336714e+00
1.018026230366183116e+00
1.018082857920939555e+00
1.018137508925979873e+00
1.018187889467933038e+00
1.018231583177585886e+00
1.018266620862765759e+00
1.018292115658037122e+00
1.018308681781849412e+00
1.018318421330702828e+00
1.018324471597110037e+00
1.018330313365259698e+00
1.018339102710940081e+00
1.018353200324527474e+00
1.018373948929442996e+00
1.018401680357254202e+00
1.018435910090605079e+00
1.018475650327126614e+00
1.018519733000666339e+00
1.018567018560099458e+00
1.018616410694572760e+00
1.018666692937153506e+00
1.018716301054026108e+00
1.018763196266249782e+00
1.018804985189060375e+00
1.018839339612113593e+00
1.018864620422473388e+00
1.018880466218381242e+00
1.018888068572435301e+00
1.018889984135820992e+00
1.018889562596447806e+00
1.018890235087794416e+00
1.018894905612752755e+00
1.018905571220552808e+00
1.018923188189968077e+00
1.018947754428345398e+00
1.018978558122119571e+00
1.019014509194139162e+00
1.019054433830881790e+00
1.019097216519284421e+00
1.019141741267616474e+00
1.019186686978311274e+00
1.019230317146448295e+00
1.019270430607984723e+00
1.019304593264498404e+00
1.019330653356694150e+00
1.019347385849241228e+00
1.019354994577590379e+00
1.019355222260482252e+00
1.019350999329509566e+00
1.019345787857915298e+00
1.019342884565402230e+00
1.019344888987843145e+00
1.019353416251845168e+00
1.019369047767061165e+00
1.019391482363598556e+00
1.019419827711706361e+00
1.019452933329452193e+00
1.019489640048154122e+00
1.019528848222199136e+00
1.019569393096490639e+00
1.019609818702492010e+00
1.019648208421467306e+00
1.019682230440994486e+00
1.019709482150449986e+00
1.019728079484660599e+00
1.019737283194911193e+00
1.019737878511592477e+00
1.019732109845435941e+00
1.019723188975090400e+00
1.019714592895689442e+00
1.019709410346885337e+00
1.019709897124532194e+00
1.019717279978307189e+00
1.019731786695696751e+00
1.019752857999097984e+00
1.019779468126823296e+00
1.019810441656953115e+00
1.019844643844497911e+00
1.019880973180777861e+00
1.019918183754972008e+00
1.019954659980050860e+00
1.019988310438583401e+00
1.020016720279428801e+00
1.020037601200390220e+00
1.020049425680465749e+00
1.020051994611050450e+00
1.020046665796901619e+00
1.020036115986591163e+00
1.020023739679114083e+00
1.020012937868552072e+00
1.020006530167596459e+00
1.020006402038887039e+00
1.020013396369622516e+00
1.020027417044553353e+00
1.020047691779222943e+00
1.020073106179172573e+00
1.020102486889155058e+00
1.020134722488910128e+00
1.020168684181133045e+00
1.020203012425262123e+00
1.020235916029610390e+00
1.020265149126394322e+00
1.020288276480328715e+00
1.020303213530546316e+00
1.020308870034062343e+00
1.020305619925866658e+00
1.020295360199275692e+00
1.020281115218233392e+00
1.020266362631081059e+00
1.020254346013678148e+00
1.020247567580438108e+00
1.020247527923809905e+00
1.020254700687276861e+00
1.020268702666979665e+00
1.020288595580398416e+00
1.020313216414409307e+00
1.020341410960896145e+00
1.020372079714494395e+00
1.020404035968861978e+00
1.020435777385836129e+00
1.020465332829297411e+00
1.020490338323813972e+00
1.020508413867398101e+00
1.020517769696925203e+00
1.020517819860245812e+00
1.020509520119647018e+00
1.020495250874559501e+00
1.020478289265793981e+00
1.020462100211354084e+00
1.020449699912934882e+00
1.020443237723495766e+00
1.020443826201199888e+00
1.020451593534756451e+00
1.020465911701094353e+00
1.020485722926057992e+00
1.020509848549760346e+00
1.020537159892031420e+00
1.020566548991401756e+00
1.020596738377149260e+00
1.020626060389770773e+00
1.020652373553369685e+00
1.020673248008601375e+00
1.020686444250886282e+00
1.020690554366584735e+00
1.020685545045654674e+00
1.020672937611931008e+00
1.020655521386468534e+00
1.020636726782659043e+00
1.020619917546342403e+00
1.020607825076759179e+00
1.020602222824129823e+00
1.020603842803788686e+00
1.020612499600155099e+00
1.020627366146658943e+00
1.020647308685715515e+00
1.020671156992478013e+00
1.020697803587026886e+00
1.020726104761031872e+00
1.020754660427281690e+00
1.020781624819822486e+00
1.020804711200632209e+00
1.020821490639201690e+00
1.020829954625487090e+00
1.020829154327802080e+00
1.020819635005246306e+00
1.020803443152835221e+00
1.020783688635297448e+00
1.020763856114335066e+00
1.020747129886552695e+00
1.020735912009644419e+00
1.020731588851476745e+00
1.020734529237409483e+00
1.020744272676941788e+00
1.020759840098959481e+00
1.020780059845963761e+00
1.020803784041746098e+00
1.020829912147895868e+00
1.020857233106728490e+00
1.020884196699878732e+00
1.020908778674577855e+00
1.020928588176149399e+00
1.020941276097592887e+00
1.020945155396960846e+00
1.020939798253067909e+00
1.020926329815890821e+00
1.020907259905136311e+00
1.020885922053811790e+00
1.020865761063713961e+00
1.020849715392436963e+00
1.020839825970427661e+00
1.020837092110049138e+00
1.020841545711842269e+00
1.020852494701494528e+00
1.020868853854375757e+00
1.020889444103307397e+00
1.020913143087675667e+00
1.020938834552058028e+00
1.020965207197425118e+00
1.020990540743480723e+00
1.021012646529435131e+00
1.021029086318628654e+00
1.021037678131371251e+00
1.021037141109546020e+00
1.021027610435423671e+00
1.021010767500688088e+00
1.020989506242210521e+00
1.020967283920371615e+00
1.020947419757058716e+00
1.020932552720576147e+00
1.020924343139849366e+00
1.020923413771244181e+00
1.020929493579090686e+00
1.020941705302598645e+00
1.020958899713592327e+00
1.020979911513974603e+00
1.021003636478176935e+00
1.021028913774578717e+00
1.021054300945594573e+00
1.021077898273448525e+00
1.021097382488583838e+00
1.021110338647333027e+00
1.021114842926434729e+00
1.021110093853728085e+00
1.021096808360033803e+00
1.021077176936835862e+00
1.021054386121727608e+00
1.021031918874673483e+00
1.021012893928131549e+00
1.020999610036553484e+00
1.020993339158458468e+00
1.020994347618753517e+00
1.021002101661162786e+00
1.021015585805852055e+00
1.021033622880349601e+00
1.021055072122602825e+00
1.021078830505260493e+00
1.021103660296965199e+00
1.021127962260939270e+00
1.021149660926817582e+00
1.021166344234486933e+00
1.021175702301507338e+00
1.021176158792723498e+00
1.021167448042074044e+00
1.021150862579468521e+00
1.021129034500142474e+00
1.021105344580568008e+00
1.021083209530023073e+00
1.021065484928393108e+00
1.021054101257585112e+00
1.021049945347300092e+00
1.021052955811596608e+00
1.021062380780494161e+00
1.021077111591617737e+00
1.021095971030141936e+00
1.021117842862356406e+00
1.021141600500390823e+00
1.021165896636330395e+00
1.021188958118400603e+00
1.021208552316064777e+00
1.021222239411748500e+00
1.021227903468331810e+00
1.021224397496494074e+00
1.021212026999293920e+00
1.021192629252702044e+00
1.021169194536087232e+00
1.021145197995100062e+00
1.021123907368177708e+00
1.021107865284518912e+00
1.021098618043547734e+00
1.021096680822513925e+00
1.021101700555652636e+00
1.021112754101167752e+00
1.021128680215971141e+00
1.021148319831867379e+00
1.021170570893690677e+00
1.021194253046144862e+00
1.021217879679090501e+00
1.021239497935137575e+00
1.021256752526734868e+00
1.021267250134580529e+00
1.021269159842438157e+00
1.021261832733353359e+00
1.021246156939763061e+00
1.021224460922295796e+00
1.021199999026872751e+00
1.021176244150337808e+00
1.021156243677922015e+00
1.021142190376080450e+00
1.021135241953699424e+00
1.021135564745831781e+00
1.021142555747955427e+00
1.021155167221432514e+00
1.021172219193693387e+00
1.021192578327217104e+00
1.021215137273656204e+00
1.021238629123305319e+00
1.021261404496409675e+00
1.021281338721516940e+00
1.021296004260918933e+00
1.021303138586762582e+00
1.021301283504827406e+00
1.021290338742549597e+00
1.021271761504539022e+00
1.021248298726627812e+00
1.021223369478126752e+00
1.021200354911136365e+00
1.021182023178739851e+00
1.021170192798850795e+00
1.021165639262291203e+00
1.021168211106824320e+00
1.021177100905590995e+00
1.021191180312230440e+00
1.021209275793327542e+00
1.021230276592470787e+00
1.021253043413277162e+00
1.021276190615303170e+00
1.021297891955469161e+00
1.021315874142849189e+00
1.021327702555377526e+00
1.021331335509288785e+00
1.021325766067146645e+00
1.021311471123147019e+00
1.021290439111669723e+00
1.021265748301162457e+00
1.021240883117833675e+00
1.021219053430309165e+00
1.021202702198279466e+00
1.021193261263677154e+00
1.021191140245792495e+00
1.021195907792426638e+00
1.021206599109828694e+00
1.021222044081509850e+00
1.021241090728633338e+00
1.021262637663987949e+00
1.021285482343529338e+00
1.021308092157648284e+00
1.021328462007977000e+00
1.021344209204597897e+00
1.021352969619242490e+00
1.021353013074021598e+00
1.021343847731285726e+00
1.021326531762620782e+00
1.021303525190380368e+00
1.021278141390666638e+00
1.021253835275087951e+00
1.021233577658568148e+00
1.021219453150133294e+00
1.021212505775864976e+00
1.021212804655112105e+00
1.021219681619603303e+00
1.021232060654756024e+00
1.021248761340542544e+00
1.021268657642919742e+00
1.021290635713130168e+00
1.021313396798062545e+00
1.021335240289805046e+00
1.021353994490203032e+00
1.021367222225024740e+00
1.021372716326806040e+00
1.021369143713209748e+00
1.021356572055867051e+00
1.021336619926300315e+00
1.021312141439702170e+00
1.021286585212492160e+00
1.021263289836042309e+00
1.021244931990997085e+00
1.021233217146853223e+00
1.021228810920844055e+00
1.021231475159460222e+00
1.021240351092595589e+00
1.021254294202226243e+00
1.021272136079223181e+00
1.021292770407122630e+00
1.021315042556493857e+00
1.021337526192608092e+00
1.021358341910382883e+00
1.021375179288225521e+00
1.021385615779579759e+00
1.021387691968798306e+00
1.021380546618100960e+00
1.021364828402404168e+00
1.021342671693270532e+00
1.021317234307062893e+00
1.021292001626921131e+00
1.021270119709656088e+00
1.021253928946725065e+00
1.021244746643438894e+00
1.021242879123433145e+00
1.021247820581685506e+00
1.021258568692851254e+00
1.021273947312688168e+00
1.021292812029868546e+00
1.021314060305847260e+00
1.021336464609490013e+00
1.021358444570862778e+00
1.021377943994578708e+00
1.021392557658315159e+00
1.021399958250663209e+00
1.021398523874157416e+00
1.021387923694663469e+00
1.021369384113191892e+00
1.021345489932018458e+00
1.021319604812267912e+00
1.021295158082672572e+00
1.021275039173737298e+00
1.021261222731471463e+00
1.021254639946510778e+00
1.021255265668759016e+00
1.021262370664499652e+00
1.021274854447825842e+00
1.021291538176826386e+00
1.021311302649869690e+00
1.021333025111073933e+00
1.021355372284815655e+00
1.021376591448101667e+00
1.021394466364138331e+00
1.021406556311650782e+00
1.021410717466610496e+00
1.021405748433685368e+00
1.021391886734088317e+00
1.021370908415399903e+00
1.021345766866910587e+00
1.021319931640931600e+00
1.021296692109096238e+00
1.021278629803314519e+00
1.021267336369403367e+00
1.021263369243937680e+00
1.021266407079900906e+00
1.021275543923554796e+00
1.021289622364782712e+00
1.021307480225834841e+00
1.021328014295224573e+00
1.021350051857801811e+00
1.021372123621893779e+00
1.021392297238304270e+00
1.021408229030197790e+00
1.021417515605926418e+00
1.021418287697298588e+00
1.021409834912998083e+00
1.021392977438894345e+00
1.021369989874715500e+00
1.021344101032511054e+00
1.021318789144327832e+00
1.021297130862221625e+00
1.021281361444296598e+00
1.021272683848891027e+00
1.021271303551884113e+00
1.021276644187248728e+00
1.021287669903062412e+00
1.021303201100656199e+00
1.021322101090238910e+00
1.021343264132825501e+00
1.021365434885045831e+00
1.021386983654892333e+00
1.021405804644921034e+00
1.021419475308338765e+00
1.021425712887287673e+00
1.021423011041078688e+00
1.021411203275460533e+00
1.021391681777435112e+00
1.021367148980926842e+00
1.021341010102749358e+00
1.021316661566613604e+00
1.021296906948299998e+00
1.021283609429906702e+00
1.021277588452816243e+00
1.021278727691280253e+00
1.021286240948363400e+00
1.021299006900531214e+00
1.021315850012909365e+00
1.021335657150926446e+00
1.021357294093255375e+00
1.021379390433892143e+00
1.021400140729270323e+00
1.021417287074257274e+00
1.021428391581019390e+00
1.021431381743356903e+00
1.021425194030733508e+00
1.021410237077621463e+00
1.021388439950346783e+00
1.021362847177983202e+00
1.021336940765392942e+00
1.021313954520100209e+00
1.021296371481802190e+00
1.021285668979317940e+00
1.021282298174797321e+00
1.021285858132703783e+00
1.021295399822816918e+00
1.021309756002936275e+00
1.021327771528947714e+00
1.021348344711026090e+00
1.021370281928542623e+00
1.021392068832289057e+00
1.021411720689842761e+00
1.021426864825368819e+00
1.021435124289825414e+00
1.021434727694541911e+00
1.021425120127915420e+00
1.021407292364290065e+00
1.021383653060074836e+00
1.021357493382544446e+00
1.021332276522865845e+00
1.021311004470458084e+00
1.021295805103722643e+00
1.021287767486272591e+00
1.021286998880306607e+00
1.021292856311250885e+00
1.021304274295174785e+00
1.021320072093859999e+00
1.021339120597297034e+00
1.021360308628516567e+00
1.021382350227002744e+00
1.021403565059484819e+00
1.021421799602762137e+00
1.021434619539985933e+00
1.021439794499417575e+00
1.021435940682389187e+00
1.021423058671176110e+00
1.021402703378008425e+00
1.021377687388000055e+00
1.021351448787547245e+00
1.021327344056517372e+00
1.021308086785822411e+00
1.021295427495833241e+00
1.021290075207889725e+00
1.021291825667139941e+00
1.021299839822293443e+00
1.021312978978822450e+00
1.021330072353809237e+00
1.021350011845477690e+00
1.021371649091714406e+00
1.021393574055348363e+00
1.021413928276452499e+00
1.021430415445953255e+00
1.021440607170115644e+00
1.021442510197015263e+00
1.021435204613136971e+00
1.021419270784893474e+00
1.021396785801406359e+00
1.021370877007843792e+00
1.021345030533216569e+00
1.021322418599743820e+00
1.021305422745503622e+00
1.021295405774985454e+00
1.021292714701724780e+00
1.021296872717004423e+00
1.021306891768071434e+00
1.021321597622882882e+00
1.021339842680340837e+00
1.021360524964332939e+00
1.021382427091928058e+00
1.021403987745825415e+00
1.021423170731468488e+00
1.021437579009287111e+00
1.021444869544998912e+00
1.021443376378808665e+00
1.021432704175331940e+00
1.021414012731230780e+00
1.021389838162697128e+00
1.021363525303332853e+00
1.021338514654102969e+00
1.021317728624846488e+00
1.021303185788636991e+00
1.021295862033392510e+00
1.021295769230994743e+00
1.021302201809315413e+00
1.021314068431835587e+00
1.021330189278184086e+00
1.021349442393573392e+00
1.021370708760927393e+00
1.021392669045570800e+00
1.021413591219077155e+00
1.021431276299110014e+00
1.021443284087626857e+00
1.021447444495596990e+00
1.021442502925343776e+00
1.021428629159427448e+00
1.021407537178701475e+00
1.021382141948622424e+00
1.021355905817127763e+00
1.021332138579293503e+00
1.021313460052733380e+00
1.021301507201440195e+00
1.021296880199964896e+00
1.021299290261168835e+00
1.021307849587255401e+00
1.021321405405200888e+00
1.021338792847339860e+00
1.021358907557345042e+00
1.021380584265379365e+00
1.021402370936103310e+00
1.021422356126015174e+00
1.021438208782635026e+00
1.021447516927004306e+00
1.021448374424041461e+00
1.021440010273809484e+00
1.021423176547558764e+00
1.021400092854122921e+00
1.021373960883112941e+00
1.021348262740527701e+00
1.021326103371368310e+00
1.021309760133848332e+00
1.021300481383927261e+00
1.021298512328346231e+00
1.021303304102560983e+00
1.021313833620361988e+00
1.021328922277454421e+00
1.021347430238246812e+00
1.021368253227655565e+00
1.021390147234100709e+00
1.021411502277679073e+00
1.021430231997928040e+00
1.021443920000947081e+00
1.021450264796884611e+00
1.021447713184776340e+00
1.021436032943620731e+00
1.021416550694331793e+00
1.021391923028217796e+00
1.021365539744447659e+00
1.021340811261218562e+00
1.021320575831487831e+00
1.021306741111682959e+00
1.021300170793943529e+00
1.021300784364235437e+00
1.021307817709369070e+00
1.021320157291245589e+00
1.021336626003123804e+00
1.021356108349168679e+00
1.021377474929699991e+00
1.021399370355982938e+00
1.021420010140297485e+00
1.021437152507910007e+00
1.021448357590439393e+00
1.021451523509708803e+00
1.021445531167403331e+00
1.021430721046440837e+00
1.021408961966723705e+00
1.021383263252334306e+00
1.021357103011573120e+00
1.021333737918480811e+00
1.021315690564125633e+00
1.021304483756102055e+00
1.021300610630917038e+00
1.021303701404000730e+00
1.021312823622003041e+00
1.021326813539482181e+00
1.021344513086265948e+00
1.021364820127731443e+00
1.021386549655586506e+00
1.021408205432693617e+00
1.021427823414507330e+00
1.021443041864705581e+00
1.021451472379177883e+00
1.021451303692165080e+00
1.021441918529343074e+00
1.021424239995108341e+00
1.021400624239190869e+00
1.021374338713570307e+00
1.021348853555176905e+00
1.021327201068549240e+00
1.021311552075705897e+00
1.021303040833548836e+00
1.021301813289119398e+00
1.021307252426249867e+00
1.021318304032790891e+00
1.021333787516006009e+00
1.021352570747724453e+00
1.021373544958250390e+00
1.021395436661455491e+00
1.021416585764447493e+00
1.021434857427944820e+00
1.021447821281509682e+00
1.021453225138269971e+00
1.021449635629292363e+00
1.021436986607412223e+00
1.021416768701069566e+00
1.021391751640938095e+00
1.021365361511779035e+00
1.021340971524585584e+00
1.021321331532399679e+00
1.021308236968139216e+00
1.021302440559262337e+00
1.021303772578675773e+00
1.021311414457144906e+00
1.021324233962008332e+00
1.021341058229878307e+00
1.021360777268068176e+00
1.021382248637102697e+00
1.021404078321697551e+00
1.021424428924897487e+00
1.021441018954573954e+00
1.021451415389351025e+00
1.021453592486274875e+00
1.021446572549067122e+00
1.021430867628017491e+00
1.021408496603710248e+00
1.021382554924753716e+00
1.021356528091486027e+00
1.021333613529813000e+00
1.021316233478638091e+00
1.021305796274579292e+00
1.021302690050423623e+00
1.021306467682800534e+00
1.021316156119225660e+00
1.021330583548625048e+00
1.021348599300565319e+00
1.021369101719419525e+00
1.021390883191903853e+00
1.021412401267510983e+00
1.021431640051682743e+00
1.021446211581701569e+00
1.021453758402485645e+00
1.021452571720549596e+00
1.021442192285685335e+00
1.021423712922320259e+00
1.021399619899344025e+00
1.021373237775584863e+00
1.021348016992684293e+00
1.021326912179687074e+00
1.021311985580184434e+00
1.021304257966967999e+00
1.021303778769178772e+00
1.021309866794290588e+00
1.021321440513030865e+00
1.021337319485340345e+00
1.021356378958566236e+00
1.021377503311424739e+00
1.021399386786385310e+00
1.021420317996556193e+00
1.021438115713071637e+00
1.021450341323733912e+00
1.021454799798232838e+00
1.021450184376243353e+00
1.021436597345817932e+00
1.021415689923414583e+00
1.021390337330473574e+00
1.021363993310848928e+00
1.021339987023854423e+00
1.021320976010504644e+00
1.021308642470739159e+00
1.021303629641934219e+00
1.021305681913366126e+00
1.021313930356325006e+00
1.021327227391152670e+00
1.021344405657427012e+00
1.021364359462425764e+00
1.021385930579490342e+00
1.021407683929318910e+00
1.021427729090183423e+00
1.021443748338286106e+00
1.021453322301391742e+00
1.021454509252442744e+00
1.021446478368099875e+00
1.021429913492956976e+00
1.021406978268305732e+00
1.021380845860741182e+00
1.021355000953655834e+00
1.021332575912818008e+00
1.021315889822339340e+00
1.021306236512555365e+00
1.021303901364348343e+00
1.021308363684247045e+00
1.021318613824998334e+00
1.021333474604821268e+00
1.021351803076608666e+00
1.021372496118930773e+00
1.021394320637190267e+00
1.021415686173172910e+00
1.021434526115607699e+00
1.021448431123506362e+00
1.021455082248101887e+00
1.021452880579116096e+00
1.021441528647274666e+00
1.021422287049056354e+00
1.021397765343531772e+00
1.021371336505407124e+00
1.021346423794021963e+00
1.021325899457583120e+00
1.021311715428192990e+00
1.021304779869144808e+00
1.021305048618670330e+00
1.021311780338548525e+00
1.021323869875428780e+00
1.021340138831809963e+00
1.021359469231713613e+00
1.021380736104626319e+00
1.021402598700038133e+00
1.021423293446847458e+00
1.021440595224150316e+00
1.021452063252650921e+00
1.021455567568916312e+00
1.021449934460232134e+00
1.021435436396376017e+00
1.021413881179178196e+00
1.021388241599770375e+00
1.021361990521110430e+00
1.021338406498633500e+00
1.021320051178595589e+00
1.021308492811032975e+00
1.021304266854997644e+00
1.021307035290424325e+00
1.021315882920005080e+00
1.021329649989852095e+00
1.021347175628413373e+00
1.021367357004553611e+00
1.021389017290238010e+00
1.021410678064867739e+00
1.021430396117239070e+00
1.021445821385963626e+00
1.021454555208365589e+00
1.021454747667587704e+00
1.021445719817189346e+00
1.021428326879586290e+00
1.021404871465780628e+00
1.021378595922323163e+00
1.021352976092093412e+00
1.021331073789972788e+00
1.021315102462336810e+00
1.021306241672277126e+00
1.021304676510234266e+00
1.021309816577156138e+00
1.021320619565424304e+00
1.021335905393348620e+00
1.021354538884032825e+00
1.021375413320275483e+00
1.021397267264990028e+00
1.021418460698002573e+00
1.021436877817138322e+00
1.021450093130437553e+00
1.021455833901210530e+00
1.021452618277889357e+00
1.021440313761694085e+00
1.021420346148925518e+00
1.021395441090691580e+00
1.021369011288921769e+00
1.021344445591163996e+00
1.021324529490530431e+00
1.021311103179525670e+00
1.021304963340688765e+00
1.021305975323397064e+00
1.021313341713246281e+00
1.021325937292795638e+00
1.021342587337835006e+00
1.021362179790952451e+00
