1.000603444564682754e+00
1.000676843126264259e+00
1.000796576956524353e+00
1.000933855382615256e+00
1.001079227493203661e+00
1.001230791786810626e+00
1.001389951159231462e+00
1.001558264735082915e+00
1.001735731092615378e+00
1.001920746495365000e+00
1.002111098100240349e+00
1.002304833399103812e+00
1.002500124910087997e+00
1.002694423229058662e+00
1.002884187375267189e+00
1.003066134211558325e+00
1.003239388585545289e+00
1.003406607772653558e+00
1.003572804531172480e+00
1.003742766024758204e+00
1.003919045148649936e+00
1.004101585292400678e+00
1.004288697678112019e+00
1.004478325394210891e+00
1.004668483494391529e+00
1.004856702970974958e+00
1.005039539040761820e+00
1.005213378650965383e+00
1.005376509128199647e+00
1.005530786226120687e+00
1.005681153226224422e+00
1.005833210618042983e+00
1.005990747843077848e+00
1.006154757360627316e+00
1.006324043701734894e+00
1.006496543537620081e+00
1.006670153377075216e+00
1.006842484586351505e+00
1.007010247234845668e+00
1.007169599578820574e+00
1.007317950520584926e+00
1.007455999205214559e+00
1.007588031296364317e+00
1.007719920014841453e+00
1.007856402103672444e+00
1.007999499168157342e+00
1.008148653776056225e+00
1.008301948705361717e+00
1.008457221415642202e+00
1.008612175004461431e+00
1.008763763588656381e+00
1.008908125435589387e+00
1.009041978041720800e+00
1.009164808909447153e+00
1.009279907541781540e+00
1.009393010893446352e+00
1.009509555903485900e+00
1.009632573221032725e+00
1.009762277864812985e+00
1.009897049007784098e+00
1.010034716228984442e+00
1.010173043511048530e+00
1.010309249865547709e+00
1.010439623253882147e+00
1.010560430307829272e+00
1.010670034241659465e+00
1.010770527449287304e+00
1.010867153780886429e+00
1.010965784551070001e+00
1.011070402125961554e+00
1.011182105712364443e+00
1.011299728115346852e+00
1.011421162382525996e+00
1.011544193760030463e+00
1.011666272828336766e+00
1.011783946154745095e+00
1.011893270903566178e+00
1.011991664410107239e+00
1.012079936965910143e+00
1.012162529581271508e+00
1.012245450355703458e+00
1.012333519888280797e+00
1.012428795429489714e+00
1.012530721459701910e+00
1.012637357564529772e+00
1.012746489503311587e+00
1.012855735935087154e+00
1.012961949173025289e+00
1.013061188388480804e+00
1.013150157127792772e+00
1.013228403932977528e+00
1.013299318373728664e+00
1.013368724025754730e+00
1.013442102705797154e+00
1.013522492069040659e+00
1.013610093817318702e+00
1.013703266588500629e+00
1.013799811127137573e+00
1.013897443641802454e+00
1.013993315662836014e+00
1.014083651190815560e+00
1.014164693282733287e+00
1.014234841861186842e+00
1.014296266227789900e+00
1.014354281674063607e+00
1.014414793676155169e+00
1.014481781579540165e+00
1.014556322672873323e+00
1.014637226197449227e+00
1.014722363950394390e+00
1.014809491865563906e+00
1.014896013974367683e+00
1.014978423880417369e+00
1.015052749789577824e+00
1.015116429832292999e+00
1.015170337822884905e+00
1.015218981974348011e+00
1.015268404853229001e+00
1.015323422389858177e+00
1.015386065082967360e+00
1.015455749081363823e+00
1.015530513502517440e+00
1.015608124443831972e+00
1.015686168527885513e+00
1.015761454649240392e+00
1.015830010182205534e+00
1.015888546780861601e+00
1.015936665249727477e+00
1.015977820801668985e+00
1.016017876385401308e+00
1.016062312407250978e+00
1.016114137951255270e+00
1.016173521524371459e+00
1.016238798544447652e+00
1.016307754381426953e+00
1.016378083737416560e+00
1.016446903818575720e+00
1.016510406334191874e+00
1.016564831922119883e+00
1.016608621468620743e+00
1.016644007842681940e+00
1.016676352368907299e+00
1.016711565938901440e+00
1.016753600548308212e+00
1.016803496375824123e+00
1.016860034830385562e+00
1.016921072716746366e+00
1.016984351652909790e+00
1.017047249968700662e+00
1.017106230676377843e+00
1.017157311251730700e+00
1.017197959180119238e+00
1.017229107857870352e+00
1.017255318055239055e+00
1.017282647110932192e+00
1.017315887910222205e+00
1.017357031630136799e+00
1.017405461302951952e+00
1.017459198503380957e+00
1.017515999035229157e+00
1.017573431539278817e+00
1.017628277860354480e+00
1.017676548771270451e+00
1.017714973783372834e+00
1.017743206890270091e+00
1.017764760770411225e+00
1.017785523901666656e+00
1.017810960916114116e+00
1.017844041642664399e+00
1.017884896502525116e+00
1.017931838787461407e+00
1.017982644582773988e+00
1.018034996874223497e+00
1.018085990643501582e+00
1.018131797663114346e+00
1.018168665707838816e+00
1.018195080180572365e+00
1.018213333634523377e+00
1.018228823844879560e+00
1.018247455834777604e+00
1.018273145124589441e+00
1.018306890015319377e+00
1.018347444093300691e+00
1.018392653177538243e+00
1.018440251473863523e+00
1.018487600494670797e+00
1.018531142397806732e+00
1.018566892529271684e+00
1.018592352515673038e+00
1.018608514350811012e+00
1.018619985060271294e+00
1.018632828036790672e+00
1.018651805431103785e+00
1.018678864661088479e+00
1.018713355052910385e+00
1.018753283290877221e+00
1.018796399773257200e+00
1.018840261563010330e+00
1.018881630817901618e+00
1.018916508913142671e+00
1.018941648275812017e+00
1.018956756975437639e+00
1.018965401425617312e+00
1.018973489158184975e+00
1.018986462750052002e+00
1.019007248865266835e+00
1.019035939019524495e+00
1.019070826189730106e+00
1.019109680673567109e+00
1.019150178253024341e+00
1.019189396969311767e+00
1.019223494265339092e+00
1.019248729721750957e+00
1.019263635205434726e+00
1.019270561190017244e+00
1.019274937381412283e+00
1.019282658013102250e+00
1.019297598871522048e+00
1.019320715590483761e+00
1.019350735280552867e+00
1.019385495369285355e+00
1.019422725797197504e+00
1.019459774836284138e+00
1.019493067812459852e+00
1.019518621815377557e+00
1.019533974982042679e+00
1.019540177546627735e+00
1.019541879904549919e+00
1.019545147813960995e+00
1.019554710090190053e+00
1.019572469761048428e+00
1.019597743574724547e+00
1.019628525389887130e+00
1.019662562452951171e+00
1.019697402550655330e+00
1.019729790780653067e+00
1.019755722022553934e+00
1.019771973945019727e+00
1.019778309239605107e+00
1.019778346458136475e+00
1.019778009540158514e+00
1.019782716971303183e+00
1.019795351780961479e+00
1.019815967601710449e+00
1.019842838877056401e+00
1.019873731864596067e+00
1.019906316606891572e+00
1.019937655743127003e+00
1.019963894332301502e+00
1.019981305754737333e+00
1.019988469375685991e+00
1.019987792948936267e+00
1.019984736301327022e+00
1.019985181266324759e+00
1.019992963505949257e+00
1.020008996905046761e+00
1.020031983714155377e+00
1.020059754479189840e+00
1.020090035885343305e+00
1.020120163766417232e+00
1.020146547755089284e+00
1.020165208217365116e+00
1.020173721017209267e+00
1.020173194659788285e+00
1.020168321755998253e+00
1.020165169114922277e+00
1.020168431794289177e+00
1.020179969177700485e+00
1.020199066896541051e+00
1.020223707396866963e+00
1.020251635611739260e+00
1.020280390448434105e+00
1.020306700495591246e+00
1.020326555203665997e+00
1.020336758683922929e+00
1.020337128725488540e+00
1.020331335381795768e+00
1.020325317895909301e+00
1.020324470116116711e+00
1.020331631919721538e+00
1.020346820306618607e+00
1.020368292534752142e+00
1.020393811655056160e+00
1.020421042224701980e+00
1.020447031675852934e+00
1.020467913357634870e+00
1.020479975529071659e+00
1.020481845806107124e+00
1.020475989007605833e+00
1.020467894156631417e+00
1.020463429973627933e+00
1.020466392141516021e+00
1.020477653755150316e+00
1.020495893445499291e+00
1.020518935765275970e+00
1.020544504428614996e+00
1.020569922871228830e+00
1.020591585423729741e+00
1.020605516644944144e+00
1.020609331033819345e+00
1.020604195505026901e+00
1.020594844154358860e+00
1.020587343977710004e+00
1.020586356051593979e+00
1.020593696713038012e+00
1.020608621534004445e+00
1.020629102472878635e+00
1.020652882548017448e+00
1.020677491820032090e+00
1.020699642588361211e+00
1.020715319627556017e+00
1.020721354467819308e+00
1.020717620432107786e+00
1.020707838578218229e+00
1.020697962504649947e+00
1.020693360849799003e+00
1.020696830538274646e+00
1.020708352736653612e+00
1.020726168416081103e+00
1.020748037946167530e+00
1.020771620512613831e+00
1.020793948481876434e+00
1.020811144101343659e+00
1.020819511487997655e+00
1.020817727185672208e+00
1.020808312854598388e+00
1.020796785781351357e+00
1.020789000719456663e+00
1.020788713178059526e+00
1.020796755951326906e+00
1.020811784847949211e+00
1.020831619044432648e+00
1.020853979515441878e+00
1.020876177427617826e+00
1.020894592295817915e+00
1.020905253802624646e+00
1.020905815935451599e+00
1.020897504089975705e+00
1.020885093037298796e+00
1.020874648927042827e+00
1.020870798308227911e+00
1.020875314630389274e+00
1.020887424036552193e+00
1.020905088648190517e+00
1.020926049916716760e+00
1.020947829213517899e+00
1.020967122935675153e+00
1.020979912023826541e+00
1.020983056384119347e+00
1.020976485231907205e+00
1.020963970036771418e+00
1.020951477659992612e+00
1.020944350704131365e+00
1.020945342980426496e+00
1.020954400242100046e+00
1.020969747796628635e+00
1.020989143771526386e+00
1.021010242187936345e+00
1.021030060654642080e+00
1.021044711040284270e+00
1.021050514304292278e+00
1.021046196523990535e+00
1.021034335888840516e+00
1.021020476916459918e+00
1.021010459378556723e+00
1.021007998164394248e+00
1.021013885957110290e+00
1.021026756285905446e+00
1.021044423446148652e+00
1.021064605937252345e+00
1.021084602906668026e+00
1.021100779639769307e+00
1.021109171883039402e+00
1.021107473898837714e+00
1.021096969556424927e+00
1.021082473434656857e+00
1.021070049732482055e+00
1.021064289790222013e+00
1.021066924129765408e+00
1.021077149889030533e+00
1.021092919865371318e+00
1.021111974264180322e+00
1.021131825981604013e+00
1.021149155958382293e+00
1.021159942137126908e+00
1.021161073685727061e+00
1.021152535993634647e+00
1.021138150317736137e+00
1.021123895687688909e+00
1.021115087813954769e+00
1.021114437139274411e+00
1.021121854284293695e+00
1.021135549387558683e+00
1.021153278705628331e+00
1.021172691296966750e+00
1.021190790329653986e+00
1.021203677983252511e+00
1.021207692960239388e+00
1.021201611392852149e+00
1.021188067662843757e+00
1.021172632526301971e+00
1.021161129807585555e+00
1.021157233329825331e+00
1.021161695790806734e+00
1.021173128885752623e+00
1.021189342438758807e+00
1.021208052687131218e+00
1.021226546971545357e+00
1.021241176870647749e+00
1.021247985034213990e+00
1.021244706688086756e+00
1.021232684134143920e+00
1.021216770945401198e+00
1.021203028364424892e+00
1.021196011915128876e+00
1.021197409158909553e+00
1.021206388598928205e+00
1.021220894140803637e+00
1.021238664988025402e+00
1.021257205703571591e+00
1.021273182128583201e+00
1.021282569926948103e+00
1.021282288300745300e+00
1.021272379043389078e+00
1.021256712620637552e+00
1.021241279254733181e+00
1.021231367029566961e+00
1.021229642830311146e+00
1.021235982419259614e+00
1.021248581200558503e+00
1.021265193847511465e+00
1.021283464566440369e+00
1.021300382295553977e+00
1.021312040087761996e+00
1.021314795163382527e+00
1.021307474158112294e+00
1.021292767333223495e+00
1.021276270805120401e+00
1.021263791630087070e+00
1.021258962226416767e+00
1.021262495468000076e+00
1.021272981629311349e+00
1.021288226397494503e+00
1.021305943864279087e+00
1.021323409663253745e+00
1.021336962058560616e+00
1.021342651310497063e+00
1.021338254205895746e+00
1.021325171434770418e+00
1.021308294844227138e+00
1.021293681860759861e+00
1.021285851714810233e+00
1.021286449043040001e+00
1.021294614080838326e+00
1.021308282215632302e+00
1.021325191802226584e+00
1.021342839102477917e+00
1.021357875088393818e+00
1.021366273733309571e+00
1.021364984943285759e+00
1.021354107115344245e+00
1.021337559409431606e+00
1.021321342395408172e+00
1.021310715933021918e+00
1.021308303250617389e+00
1.021313945548123492e+00
1.021325823891138906e+00
1.021341691579226385e+00
1.021359187976641270e+00
1.021375287886713945e+00
1.021386075674994398e+00
1.021387927748176327e+00
1.021379721642679206e+00
1.021364203218530609e+00
1.021346993179596208e+00
1.021333881122900245e+00
1.021328457822721969e+00
1.021331396530993807e+00
1.021341266495542133e+00
1.021355869538595140e+00
1.021372917635933852e+00
1.021389674712315898e+00
1.021402465999777576e+00
1.021407349974176260e+00
1.021402145516505211e+00
1.021388311663985249e+00
1.021370777892989024e+00
1.021355597066797349e+00
1.021347251744665563e+00
1.021347343726320300e+00
1.021354985343629895e+00
1.021368103793188320e+00
1.021384436662377437e+00
1.021401471858515375e+00
1.021415845621457041e+00
1.021423530730065199e+00
1.021421508395140343e+00
1.021409933798608893e+00
1.021392774325446506e+00
1.021376040138153973e+00
1.021364962366380968e+00
1.021362120539397011e+00
1.021367321600175515e+00
1.021378732639803388e+00
1.021394105736020741e+00
1.021411075351147613e+00
1.021426602172165632e+00
1.021436762238306484e+00
1.021437951744641470e+00
1.021429099493224246e+00
1.021413006681741065e+00
1.021395317894178367e+00
1.021381804655955960e+00
1.021376015914839952e+00
1.021378585520090088e+00
1.021388062066876934e+00
1.021402243739562010e+00
1.021418840371358883e+00
1.021435104115760328e+00
1.021447347392012706e+00
1.021451637437720494e+00
1.021445835722499140e+00
1.021431459589595692e+00
1.021413475541904869e+00
1.021397931195684006e+00
1.021389272113837787e+00
1.021389057368665920e+00
1.021396371741589704e+00
1.021409134531155338e+00
1.021425082593558908e+00
1.021441695380747250e+00
1.021455594488754892e+00
1.021462751949741676e+00
1.021460180841244014e+00
1.021448093297874005e+00
1.021430504482256030e+00
1.021413433441579421e+00
1.021402082115442145e+00
1.021398986315230406e+00
1.021403919027722651e+00
1.021415033707264719e+00
1.021430081325411798e+00
1.021446691345485602e+00
1.021461810320271280e+00
1.021471506286648179e+00
1.021472195795653626e+00
1.021462859259372413e+00
1.021446352957899872e+00
1.021428344679424338e+00
1.021414587303525856e+00
1.021408587792377753e+00
1.021410940811937174e+00
1.021420174659052993e+00
1.021434084077667892e+00
1.021450376701893870e+00
1.021466292824496636e+00
1.021478132244440840e+00
1.021481971479581308e+00
1.021475715060241374e+00
1.021460938589223488e+00
1.021442645010791406e+00
1.021426876040024467e+00
1.021418039940587885e+00
1.021417653170501483e+00
1.021424773299564936e+00
1.021437311996686637e+00
1.021453005398105685e+00
1.021469324378851962e+00
1.021482875960894932e+00
1.021489631857124269e+00
1.021486637553206789e+00
1.021474162292350440e+00
1.021456268573680992e+00
1.021438983642304343e+00
1.021427479808177718e+00
1.021424249152448560e+00
1.021429030996902743e+00
1.021439965476930611e+00
1.021454802551838847e+00
1.021471166571877198e+00
1.021485989924919346e+00
1.021495332955776103e+00
1.021495633122285529e+00
1.021485922776367961e+00
1.021469113022963393e+00
1.021450894191646031e+00
1.021436999959727476e+00
1.021430895153454532e+00
1.021433135469600018e+00
1.021442229245094868e+00
1.021455967961708788e+00
1.021472056982704935e+00
1.021487724641040762e+00
1.021499258299355395e+00
1.021502744262078544e+00
1.021496130577894679e+00
1.021481051054673905e+00
1.021462544498687341e+00
1.021446646084289256e+00
1.021437726483527042e+00
1.021437259652122398e+00
1.021444276275190077e+00
1.021456680643545001e+00
1.021472208170204121e+00
1.021488321023327206e+00
1.021501611715284419e+00
1.021508052059224569e+00
1.021504720477893979e+00
1.021491943467915497e+00
1.021473830423330842e+00
1.021456416111202081e+00
1.021444842783810758e+00
1.021441558782411274e+00
1.021446270047260851e+00
1.021457103698329316e+00
1.021471808762524081e+00
1.021488004354348833e+00
1.021502608662211431e+00
1.021511674644544065e+00
1.021511661207235022e+00
1.021501652959858619e+00
1.021484615569334897e+00
1.021466261250360441e+00
1.021452303933198191e+00
1.021446166164003522e+00
1.021448364880988002e+00
1.021457388788393317e+00
1.021471026270663440e+00
1.021486980338993211e+00
1.021502467263550873e+00
1.021513762152064242e+00
1.021516961595220208e+00
1.021510057606457966e+00
1.021494742135607314e+00
1.021476089273690491e+00
1.021460127025414222e+00
1.021451188187782133e+00
1.021450704326897885e+00
1.021457679562471021e+00
1.021470011046709425e+00
1.021485433455761260e+00
1.021501400115988556e+00
1.021514489092854250e+00
1.021520672715133138e+00
1.021517062862088654e+00
1.021504043418191010e+00
1.021485770228697687e+00
1.021468284915107549e+00
1.021456699254745804e+00
1.021453417843912526e+00
1.021458113520967714e+00
1.021468900684020298e+00
1.021483527496621413e+00
1.021499607708340029e+00
1.021514045271449955e+00
1.021522886061248414e+00
1.021522610965611921e+00
1.021512357158863571e+00
1.021495144601340499e+00
1.021476706741896834e+00
1.021462737230263373e+00
1.021456616196246392e+00
1.021458822030176794e+00
1.021467824123611257e+00
1.021481407918067186e+00
1.021497273983432930e+00
1.021512626420882697e+00
1.021523728263040720e+00
1.021526686881401913e+00
1.021519538690657702e+00
1.021504033711199799e+00
1.021485280743130719e+00
1.021469300003031933e+00
1.021460386139785514e+00
1.021459928446291743e+00
1.021466904792115216e+00
1.021479205421116143e+00
1.021494564249874948e+00
1.021510425623284313e+00
1.021523353221004626e+00
1.021529320299511268e+00
1.021525472705743010e+00
1.021512251836785623e+00
1.021493859543216809e+00
1.021476343641732232e+00
1.021464785029052358e+00
1.021461544558408763e+00
1.021466262245235956e+00
1.021477040052120255e+00
1.021491625338940556e+00
1.021507626354845488e+00
1.021521932777088360e+00
1.021530583699077788e+00
1.021530082518350202e+00
1.021519619271279655e+00
1.021502267937561381e+00
1.021483782554317710e+00
1.021469835968859652e+00
1.021463765767824938e+00
1.021466012006920998e+00
1.021475025080350818e+00
1.021488587632278566e+00
1.021504397694503741e+00
1.021519647089708993e+00
1.021530586953901309e+00
1.021533335929742048e+00
1.021525975260816566e+00
1.021510312958823441e+00
1.021491491958586018e+00
1.021475524080287745e+00
1.021466665562599019e+00
1.021466263547082587e+00
1.021473269966549413e+00
1.021485568379257192e+00
1.021500891911270692e+00
1.021516675781792616e+00
1.021529469344544028e+00
1.021535247193408047e+00
1.021531189647031379e+00
1.021517795730872091e+00
1.021499312852494512e+00
1.021481794372165020e+00
1.021470289911793117e+00
1.021467116591184832e+00
1.021471881882734856e+00
1.021482675594239220e+00
1.021497244333313015e+00
1.021513190707454388e+00
1.021527390078339259e+00
1.021535875057749010e+00
1.021535172075594078e+00
1.021524524318679239e+00
1.021507059506404191e+00
1.021488551622441010e+00
1.021474652200504929e+00
1.021468656166598210e+00
1.021470965458501023e+00
1.021480011785053321e+00
1.021493575131022791e+00
1.021509350886672607e+00
1.021524518484231425e+00
1.021535317341424109e+00
1.021537877859704624e+00
1.021530326531470800e+00
1.021514529272746552e+00
1.021495662579083419e+00
1.021479729274838100e+00
1.021470946936497981e+00
1.021470620681700137e+00
1.021477676818909108e+00
1.021489992437173866e+00
1.021505299833943781e+00
1.021521024955050150e+00
1.021533702888244299e+00
1.021539309973775289e+00
1.021535061500292052e+00
1.021521514228789673e+00
1.021502960672253657e+00
1.021485459088921077e+00
1.021474027441652277e+00
1.021470939133604539e+00
1.021475769375270959e+00
1.021486596095733113e+00
1.021501165194643734e+00
1.021517073492146377e+00
1.021531181993610815e+00
1.021539517130217067e+00
1.021538628883599475e+00
1.021527813871205392e+00
1.021510253266364465e+00
1.021491740360176648e+00
1.021477904870460307e+00
1.021471998953246807e+00
1.021474386648300481e+00
1.021483481288358641e+00
1.021497060330230244e+00
1.021512816413868929e+00
1.021527916468204067e+00
1.021538588372684409e+00
1.021540974774199917e+00
1.021533247827205004e+00
1.021517331257166150e+00
1.021498434545366596e+00
1.021482550927798716e+00
1.021473859075273660e+00
1.021473622213730170e+00
1.021480741338934184e+00
1.021493087281664103e+00
1.021508391466797949e+00
1.021524070417232810e+00
1.021536645016646760e+00
1.021542093761688363e+00
1.021537667404841088e+00
1.021523980541406473e+00
1.021505370333942952e+00
1.021487899297232271e+00
1.021476553358968697e+00
1.021473562228448539e+00
1.021478469136492873e+00
1.021489340405519197e+00
1.021503921265558557e+00
1.021519802600713067e+00
1.021533831020887906e+00
1.021542027080259096e+00
1.021540964829595444e+00
1.021529994589538859e+00
1.021512350694794513e+00
1.021493845105764020e+00
1.021480085229092616e+00
1.021474280348268593e+00
1.021476756827680354e+00
1.021485909930838432e+00
1.021499514712444601e+00
1.021515260949374948e+00
1.021530302955124814e+00
1.021540857254250589e+00
1.021543079226209461e+00
1.021535187094828157e+00
1.021519162291946392e+00
1.021500246707329751e+00
1.021484423401266550e+00
1.021475831902423748e+00
1.021475693681364039e+00
1.021482884732120011e+00
1.021495269833383013e+00
1.021510579488770887e+00
1.021526220648197647e+00
1.021538700056630056e+00
1.021543998779644635e+00
1.021539403523822553e+00
1.021525586809168384e+00
1.021506929986819134e+00
1.021489499189421002e+00
1.021478247940106776e+00
1.021475362282265209e+00
1.021480353750233272e+00
1.021491277328262282e+00
1.021505877610046520e+00
1.021521739393143502e+00
1.021535694855734588e+00
1.021543758982452532e+00
1.021542530409605742e+00
1.021531413426181478e+00
1.021513695228405183e+00
1.021495205807752438e+00
1.021481529770203345e+00
1.021475833430020685e+00
1.021478405701315761e+00
1.021487624083146306e+00
1.021501261349063494e+00
1.021517004297046505e+00
1.021531994514827790e+00
1.021542437359947098e+00
1.021544501432940955e+00
1.021536451428795456e+00
1.021520326374227183e+00
1.021501399987213787e+00
1.021485644569181117e+00
1.021477160276393237e+00
1.021477126964118742e+00
1.021484395935085221e+00
1.021496826117832324e+00
1.021512147042028973e+00
1.021527755934943382e+00
1.021540145472571659e+00
1.021545299705233001e+00
1.021540541780746825e+00
1.021526602225814706e+00
1.021507906113522157e+00
1.021490522557686909e+00
1.021479372313512712e+00
1.021476597791242336e+00
1.021481679112941521e+00
1.021492660190007840e+00
1.021507285008576460e+00
1.021523132128019595e+00
1.021537019262142909e+00
1.021544956138018101e+00
1.021543566493325894e+00
1.021532308843233539e+00
1.021514522938066438e+00
1.021496056161529609e+00
1.021482469834682272e+00
1.021476887211455464e+00
1.021479559983252239e+00
1.021488848187626086e+00
1.021502522433450633e+00
1.021518266421440169e+00
1.021533208905579748e+00
1.021543544269270187e+00
1.021545454824394961e+00
1.021537252133488671e+00
1.021521032698112563e+00
1.021502101480848301e+00
1.021486419444900928e+00
1.021478047149828594e+00
1.021478122979440073e+00
1.021485473855264559e+00
1.021497953053696062e+00
1.021513289074137631e+00
1.021528869272326556e+00
1.021541172329780478e+00
1.021546185700956233e+00
1.021541269459068868e+00
1.021527212211073676e+00
1.021508482279577246e+00
1.021491151124631402e+00
1.021480106375982633e+00
1.021477446848308546e+00
1.021482621536811797e+00
1.021493663542416996e+00
1.021508316268259220e+00
1.021524151883018261e+00
1.021537973607346661e+00
1.021545786227465946e+00
1.021544239097802453e+00
1.021532845210221474e+00
1.021514996554096388e+00
1.021496557265784366e+00
1.021483064902299898e+00
1.021477599571722461e+00
1.021480375972949606e+00
1.021489736983358654e+00
1.021503451159364140e+00
1.021519198983701138e+00
1.021534096271142111e+00
1.021544326628967436e+00
1.021546086572503675e+00
1.021537734922830731e+00
1.021521425527758486e+00
1.021502494007499040e+00
1.021486889411441723e+00
1.021478632484115634e+00
1.021478820285604661e+00
1.021486255666208987e+00
1.021498786444436035e+00
1.021514140029636586e+00
1.021529693758028490e+00
1.021541912395982799e+00
1.021546787225107611e+00
1.021541715725173605e+00
1.021527544648493713e+00
1.021508785088990567e+00
1.021491510219782572e+00
1.021480574193517121e+00
1.021478032271827319e+00
1.021483302609828892e+00
1.021494407757583600e+00
1.021509090555686061e+00
1.021524916628848478e+00
1.021538674679718151e+00
1.021546364875123736e+00
1.021544662701118655e+00
1.021533135869441056e+00
1.021515228285856391e+00
1.021496820199122801e+00
1.021483424928276484e+00
1.021478079355718105e+00
1.021480961420820455e+00
1.021490397140642825e+00
1.021504153127203995e+00
1.021519906522280419e+00
1.021534760098529615e+00
1.021544886890273673e+00
1.021546498110169843e+00
1.021538000223397358e+00
1.021521604286874663e+00
1.021502675988180231e+00
1.021487151891128375e+00
1.021479012712963375e+00
1.021479314341799283e+00
1.021486835866672438e+00
1.021499419838806766e+00
1.021514792514314207e+00
1.021530321062849911e+00
1.021542456419814338e+00
1.021547194120564939e+00
1.021541969529525584e+00
1.021527687601013534e+00
1.021508901716352558e+00
1.021491686130418852e+00
1.021480861173076349e+00
1.021478438600467609e+00
1.021483806015875073e+00
1.021494975675416583e+00
1.021509689873576487e+00
1.021525507537104804e+00
1.021539202829741644e+00
1.021546771625098549e+00
1.021544916055183494e+00
1.021533258787401977e+00
1.021515295313707439e+00
1.021496921354419829e+00
1.021483625521919292e+00
1.021478401398859592e+00
1.021481390400933886e+00
1.021490901983338695e+00
1.021504700917666764e+00
1.021520460879544956e+00
1.021535271499220965e+00
1.021545295446362189e+00
1.021546759126577442e+00
1.021538117029201942e+00
1.021521637274601213e+00
1.021502715024250829e+00
1.021487273788528993e+00
1.021479254051251839e+00
1.021479670684399821e+00
1.021487279325753672e+00
1.021499917446254013e+00
1.021515310082244943e+00
1.021530814090778838e+00
