1.000603444564682754e+00
1.000677116719105753e+00
1.000798095962259993e+00
1.000938139606694310e+00
1.001086814516213730e+00
1.001239145479621895e+00
1.001392932812308789e+00
1.001547769898161411e+00
1.001704388886556885e+00
1.001864078227774346e+00
1.002028184568973801e+00
1.002197746433036496e+00
1.002373279547572160e+00
1.002554711057230818e+00
1.002741448734238983e+00
1.002932555143755788e+00
1.003126969765322452e+00
1.003323699457955742e+00
1.003521902167282986e+00
1.003720829201175668e+00
1.003919652722582434e+00
1.004117259686429176e+00
1.004312119797454717e+00
1.004502324199646024e+00
1.004685841324962636e+00
1.004860951647457146e+00
1.005026729190140022e+00
1.005183384875621977e+00
1.005332323031802311e+00
1.005475883644314727e+00
1.005616877380167473e+00
1.005758082050245639e+00
1.005901835269772615e+00
1.006049781002764654e+00
1.006202771186901268e+00
1.006360904870157391e+00
1.006523682014689669e+00
1.006690232795689477e+00
1.006859557118337634e+00
1.007030695463276171e+00
1.007202771503900030e+00
1.007374898222106241e+00
1.007546000012675247e+00
1.007714646916535006e+00
1.007879007678577077e+00
1.008036999938120681e+00
1.008186648214966397e+00
1.008326566071932273e+00
1.008456396331401494e+00
1.008577027944597138e+00
1.008690489826870040e+00
1.008799562713246889e+00
1.008907260254110705e+00
1.009016345283206162e+00
1.009128982788053630e+00
1.009246556009976814e+00
1.009369633152345846e+00
1.009498063546039326e+00
1.009631174003188026e+00
1.009768014043823436e+00
1.009907575477313246e+00
1.010048911962079909e+00
1.010191119793986569e+00
1.010333200136263709e+00
1.010473878389068769e+00
1.010611485839217449e+00
1.010744001669288350e+00
1.010869306617209418e+00
1.010985616898172346e+00
1.011091971847442483e+00
1.011188590641465268e+00
1.011276942758734476e+00
1.011359495099351191e+00
1.011439237415656667e+00
1.011519157750848219e+00
1.011601810912727384e+00
1.011689044472613652e+00
1.011781885380678148e+00
1.011880568409526671e+00
1.011984682814396352e+00
1.012093399278882977e+00
1.012205713841337618e+00
1.012320630176203107e+00
1.012437217920198140e+00
1.012554533895885234e+00
1.012671453939492316e+00
1.012786508636500438e+00
1.012897829651574266e+00
1.013003288175517991e+00
1.013100842472494989e+00
1.013189018488057425e+00
1.013267362015191964e+00
1.013336678335628571e+00
1.013398949639037205e+00
1.013456960040264532e+00
1.013513774635331988e+00
1.013572242321560513e+00
1.013634631424532140e+00
1.013702429799566707e+00
1.013776298278111554e+00
1.013856156270774855e+00
1.013941371288947568e+00
1.014031003225123850e+00
1.014124030170349355e+00
1.014219479888139208e+00
1.014316423837362313e+00
1.014413848670518314e+00
1.014510477029996860e+00
1.014604641681718267e+00
1.014694313187531449e+00
1.014777337832677429e+00
1.014851862275989891e+00
1.014916825552770963e+00
1.014972335397836600e+00
1.015019766635569143e+00
1.015061532125412835e+00
1.015100617983569764e+00
1.015140053527577635e+00
1.015182465152398184e+00
1.015229785865117584e+00
1.015283127291543241e+00
1.015342796012416393e+00
1.015408431053678839e+00
1.015479226354841114e+00
1.015554176955385302e+00
1.015632270374979385e+00
1.015712557821652151e+00
1.015794086865786650e+00
1.015875738318835264e+00
1.015956057937235979e+00
1.016033190120450902e+00
1.016104999000000175e+00
1.016169400913520704e+00
1.016224840532907070e+00
1.016270754514876362e+00
1.016307836374673368e+00
1.016337982515357563e+00
1.016363936607482810e+00
1.016388772161698650e+00
1.016415385615425659e+00
1.016446116439957637e+00
1.016482531868297734e+00
1.016525367179973216e+00
1.016574600593495470e+00
1.016629635556737021e+00
1.016689543434817544e+00
1.016753294819024989e+00
1.016819902268960796e+00
1.016888427073647350e+00
1.016957859502733541e+00
1.017026940227568232e+00
1.017094025655256084e+00
1.017157099435777479e+00
1.017213992338409145e+00
1.017262795058616387e+00
1.017302352315288871e+00
1.017332657652177730e+00
1.017354980450001278e+00
1.017371663125002712e+00
1.017385669350693966e+00
1.017400051316893705e+00
1.017417490807425384e+00
1.017439993196982417e+00
1.017468745311919776e+00
1.017504119868215762e+00
1.017545803699122065e+00
1.017593015278801971e+00
1.017644752438720435e+00
1.017699992148910493e+00
1.017757774224459011e+00
1.017817145444352978e+00
1.017877001668275438e+00
1.017935915585994167e+00
1.017992057461578170e+00
1.018043297919585477e+00
1.018087523689555907e+00
1.018123107109573322e+00
1.018149379300089308e+00
1.018166919408234783e+00
1.018177530045154988e+00
1.018183903173273119e+00
1.018189108674779408e+00
1.018196079586659364e+00
1.018207217712179702e+00
1.018224163422188244e+00
1.018247722956003631e+00
1.018277932563186550e+00
1.018314233205424024e+00
1.018355710974764516e+00
1.018401333113323037e+00
1.018450101475079972e+00
1.018501071935620006e+00
1.018553243733952618e+00
1.018605382033836770e+00
1.018655874823172436e+00
1.018702728154270876e+00
1.018743767150294133e+00
1.018777035383842566e+00
1.018801289083182127e+00
1.018816408839916754e+00
1.018823554945451626e+00
1.018824992072415059e+00
1.018823652620283848e+00
1.018822603276311689e+00
1.018824574510412084e+00
1.018831639520071164e+00
1.018845058051633279e+00
1.018865268868921259e+00
1.018892008429536311e+00
1.018924522877698857e+00
1.018961816500958184e+00
1.019002859210985434e+00
1.019046682449552321e+00
1.019092334977951930e+00
1.019138730842915397e+00
1.019184473866867169e+00
1.019227765878701009e+00
1.019266491063947511e+00
1.019298514055304361e+00
1.019322141172908758e+00
1.019336601321986446e+00
1.019342358540352711e+00
1.019341117173902411e+00
1.019335510864598504e+00
1.019328599093368481e+00
1.019323346023373933e+00
1.019322212260308724e+00
1.019326909816515858e+00
1.019338316293880276e+00
1.019356528005825879e+00
1.019381026600808093e+00
1.019410916479876139e+00
1.019445164743007837e+00
1.019482764857583268e+00
1.019522768719869577e+00
1.019564185607704898e+00
1.019605806692465144e+00
1.019646054275187730e+00
1.019682961151354483e+00
1.019714352454877959e+00
1.019738230495139675e+00
1.019753267391842355e+00
1.019759232168278462e+00
1.019757173913701909e+00
1.019749274824805596e+00
1.019738430422902464e+00
1.019727717070959550e+00
1.019719910802779239e+00
1.019717151416537515e+00
1.019720772104180551e+00
1.019731279684412906e+00
1.019748463330034660e+00
1.019771600411458312e+00
1.019799704915504535e+00
1.019831741951102044e+00
1.019866735595974738e+00
1.019903736658660742e+00
1.019941677245715494e+00
1.019979192910262178e+00
1.020014519111890117e+00
1.020045557361045852e+00
1.020070155108235621e+00
1.020086557389352944e+00
1.020093893787959782e+00
1.020092513140144819e+00
1.020084018522764868e+00
1.020070980615818135e+00
1.020056443914199029e+00
1.020043400416227541e+00
1.020034367992273427e+00
1.020031130442269784e+00
1.020034638311700270e+00
1.020045050674498688e+00
1.020061893198802583e+00
1.020084291874529647e+00
1.020111216139579557e+00
1.020141652258864884e+00
1.020174648050660382e+00
1.020209222004726524e+00
1.020244190641336424e+00
1.020278011006304997e+00
1.020308744765889841e+00
1.020334220853225116e+00
1.020352404899188548e+00
1.020361888773636316e+00
1.020362331537586709e+00
1.020354669756057486e+00
1.020340999509457669e+00
1.020324174984247101e+00
1.020307278436122012e+00
1.020293129175152913e+00
1.020283932947797734e+00
1.020281097188024066e+00
1.020285198754053990e+00
1.020296082358268075e+00
1.020313059714988757e+00
1.020335157202935772e+00
1.020361336741616887e+00
1.020390615300932780e+00
1.020422044905548775e+00
1.020454574543683712e+00
1.020486870923871692e+00
1.020517203994343092e+00
1.020543495253089183e+00
1.020563579058963111e+00
1.020575643493983886e+00
1.020578721773790276e+00
1.020573047863834626e+00
1.020560121148164967e+00
1.020542445226197303e+00
1.020523045353175062e+00
1.020504938167389852e+00
1.020490697132905078e+00
1.020482177644048249e+00
1.020480404265076135e+00
1.020485600920622682e+00
1.020497340010437792e+00
1.020514771836605217e+00
1.020536870202629842e+00
1.020562614992948092e+00
1.020591049522995730e+00
1.020621200314351551e+00
1.020651908155921550e+00
1.020681664779760300e+00
1.020708562341972936e+00
1.020730436933474872e+00
1.020745221853806228e+00
1.020751432607640563e+00
1.020748620158300257e+00
1.020737607575481709e+00
1.020720401444685566e+00
1.020699810204654945e+00
1.020678918014903624e+00
1.020660584754589095e+00
1.020647080887048030e+00
1.020639888199267986e+00
1.020639654843396471e+00
1.020646283198945348e+00
1.020659121860306939e+00
1.020677211881307667e+00
1.020699513375311840e+00
1.020725036365555116e+00
1.020752833227773548e+00
1.020781868608377163e+00
1.020810839692415595e+00
1.020838051606634878e+00
1.020861448308639341e+00
1.020878855024140330e+00
1.020888407220001071e+00
1.020889044869863316e+00
1.020880887662245051e+00
1.020865329073836092e+00
1.020844801529437351e+00
1.020822306582386041e+00
1.020800881907644175e+00
1.020783154349144795e+00
1.020771050081030751e+00
1.020765668108972513e+00
1.020767298670377077e+00
1.020775563072128023e+00
1.020789638267848520e+00
1.020808504250047877e+00
1.020831135298485570e+00
1.020856569851575468e+00
1.020883841355225918e+00
1.020911813818764280e+00
1.020939013561112940e+00
1.020963564742846108e+00
1.020983313857130037e+00
1.020996166175965669e+00
1.021000564810742972e+00
1.020995954695969044e+00
1.020983044657773231e+00
1.020963748520759884e+00
1.020940824487712950e+00
1.020917354377439246e+00
1.020896235554143106e+00
1.020879801525496955e+00
1.020869608073138757e+00
1.020866375430874218e+00
1.020870065351907829e+00
1.020880065522880686e+00
1.020895433766237925e+00
1.020915129717690384e+00
1.020938156654735973e+00
1.020963566509482501e+00
1.020990338401962072e+00
1.021017199281931687e+00
1.021042490033339467e+00
1.021064179391068638e+00
1.021080087280768822e+00
1.021088300875664157e+00
1.021087670158662641e+00
1.021078201354136850e+00
1.021061180016839653e+00
1.021038963379647502e+00
1.021014524753592223e+00
1.020990919052507717e+00
1.020970824031932400e+00
1.020956235551301994e+00
1.020948327190089877e+00
1.020947456679158538e+00
1.020953296169714974e+00
1.020965051448132321e+00
1.020981710457577574e+00
1.021002242663972437e+00
1.021025681297202503e+00
1.021051065633729937e+00
1.021077281797779790e+00
1.021102890453294165e+00
1.021126049074228881e+00
1.021144617592116166e+00
1.021156477428707632e+00
1.021160003296484042e+00
1.021154536341396968e+00
1.021140670636223380e+00
1.021120224168603485e+00
1.021095900485670782e+00
1.021070774772988576e+00
1.021047778680848506e+00
1.021029306947871973e+00
1.021016988838491013e+00
1.021011617293463569e+00
1.021013214990921902e+00
1.021021210803398693e+00
1.021034681358178098e+00
1.021052587143744139e+00
1.021073924920282039e+00
1.021097745384486277e+00
1.021123040880088872e+00
1.021148567255409478e+00
1.021172701497738977e+00
1.021193439173131878e+00
1.021208598524154132e+00
1.021216222667643558e+00
1.021215074935720279e+00
1.021205049123086628e+00
1.021187321096327816e+00
1.021164169050182258e+00
1.021138533569679208e+00
1.021113482982905829e+00
1.021091743426346010e+00
1.021075379275664829e+00
1.021065638730320524e+00
1.021062948099827672e+00
1.021067032230796867e+00
1.021077127872883850e+00
1.021092232677891065e+00
1.021111312114219905e+00
1.021133393884276597e+00
1.021157521955349479e+00
1.021182603327711824e+00
1.021207232546752941e+00
1.021229601430549527e+00
1.021247586116507122e+00
1.021259048181059281e+00
1.021262297925588314e+00
1.021256575111373799e+00
1.021242358804308248e+00
1.021221368312191569e+00
1.021196248238949611e+00
1.021170062873973050e+00
1.021145774927633365e+00
1.021125838511220074e+00
1.021111955806789373e+00
1.021104993022455609e+00
1.021105035243721648e+00
1.021111554572273317e+00
1.021123648464787204e+00
1.021140279617640534e+00
1.021160438532325410e+00
1.021183173868764227e+00
1.021207489857631767e+00
1.021232170201481715e+00
1.021255628083574951e+00
1.021275887675302529e+00
1.021290768925235737e+00
1.021298275037956227e+00
1.021297086118770903e+00
1.021286984791767383e+00
1.021269035729558405e+00
1.021245434431917953e+00
1.021219084350216022e+00
1.021193063393340594e+00
1.021170143504253724e+00
1.021152456353604965e+00
1.021141324747706802e+00
1.021137244593586013e+00
1.021139995226089781e+00
1.021148846461966242e+00
1.021162807435465503e+00
1.021180840475571561e+00
1.021201967465829252e+00
1.021225235894170025e+00
1.021249572282342033e+00
1.021273604392394896e+00
1.021295559161432775e+00
1.021313331452329720e+00
1.021324766843699106e+00
1.021328115214525489e+00
1.021322517511004335e+00
1.021308337794855081e+00
1.021287194082374228e+00
1.021261667871367518e+00
1.021234808305986341e+00
1.021209605881771232e+00
1.021188572157492480e+00
1.021173481597600130e+00
1.021165274163757575e+00
1.021164098760004801e+00
1.021169472713184367e+00
1.021180516330743693e+00
1.021196195911688198e+00
1.021215496010201562e+00
1.021237462469022139e+00
1.021261110019779705e+00
1.021285249039598497e+00
1.021308328791799447e+00
1.021328403589703449e+00
1.021343298282515466e+00
1.021350980234140504e+00
1.021350049838981811e+00
1.021340180033182277e+00
1.021322323043178049e+00
1.021298588192594892e+00
1.021271837443774810e+00
1.021245154410516776e+00
1.021221354185847030e+00
1.021202634426463529e+00
1.021190392445125550e+00
1.021185194679959940e+00
1.021186876678330302e+00
1.021194743399278515e+00
1.021207817256663875e+00
1.021225058358329996e+00
1.021245482534949289e+00
1.021268139634533778e+00
1.021291974277692027e+00
1.021315646628632390e+00
1.021337419312676076e+00
1.021355208232230805e+00
1.021366846687229213e+00
1.021370528137785616e+00
1.021365297452132115e+00
1.021351403941330505e+00
1.021330361938892928e+00
1.021304685779699017e+00
1.021277405199066290e+00
1.021251535118138598e+00
1.021229642514426939e+00
1.021213573398074725e+00
1.021204341873022781e+00
1.021202161986758838e+00
1.021206598232766716e+00
1.021216795788406628e+00
1.021231726000352502e+00
1.021250367861445296e+00
1.021271763670441812e+00
1.021294937266103098e+00
1.021318724431769409e+00
1.021341610233664765e+00
1.021361680468269917e+00
1.021376767916844841e+00
1.021384808118584342e+00
1.021384325368903445e+00
1.021374884618780676e+00
1.021357324643260123e+00
1.021333665274300584e+00
1.021306722665483502e+00
1.021279582192873070e+00
1.021255099333080008e+00
1.021235536306257741e+00
1.021222364724020171e+00
1.021216222390747053e+00
1.021217002714683852e+00
1.021224047841809535e+00
1.021236395290661125e+00
1.021253003939315507e+00
1.021272883411171506e+00
1.021295084793976793e+00
1.021318569352930750e+00
1.021342028728721152e+00
1.021363761634437317e+00
1.021381707148935281e+00
1.021393689900803370e+00
1.021397850954094189e+00
1.021393142000546428e+00
1.021379698100137068e+00
1.021358927728862387e+00
1.021333274102404154e+00
1.021305743258091425e+00
1.021279371082266074e+00
1.021256777821871298e+00
1.021239880181135096e+00
1.021229766689193852e+00
1.021226717771415826e+00
1.021230346973520220e+00
1.021239826361331593e+00
1.021254133830926225e+00
1.021272243287291381e+00
1.021293192831917995e+00
1.021316014034455266e+00
1.021339566755707473e+00
1.021362371454123563e+00
1.021382546578149642e+00
1.021397935723378003e+00
1.021406446568128068e+00
1.021406531012504004e+00
1.021397647939549458e+00
1.021380521912656381e+00
1.021357080123424410e+00
1.021330088632317112e+00
1.021302630563408531e+00
1.021277598892462279e+00
1.021257318859927210e+00
1.021243336058072160e+00
1.021236360393922737e+00
1.021236344710074739e+00
1.021242670354986615e+00
1.021254391807737694e+00
1.021270467787529057e+00
1.021289901647139065e+00
1.021311744650174269e+00
1.021334973239846233e+00
1.021358309516359419e+00
1.021380088527752195e+00
1.021398274500124659e+00
1.021410686888522656e+00
1.021415418397509267e+00
1.021411330600159983e+00
1.021398445047107195e+00
1.021378062401431919e+00
1.021352550909872425e+00
1.021324888600893877e+00
1.021298128764649871e+00
1.021274942646047901e+00
1.021257316677005367e+00
1.021246413991528268e+00
1.021242582540277999e+00
1.021245486753552978e+00
1.021254327605367607e+00
1.021268091102254916e+00
1.021285746628006308e+00
1.021306327516631640e+00
1.021328871722686049e+00
1.021352261809224338e+00
1.021375053095473051e+00
1.021395397686848838e+00
1.021411152728086691e+00
1.021420201942420336e+00
1.021420928620057733e+00
1.021412687700354871e+00
1.021396089020134124e+00
1.021372964156288088e+00
1.021346024836224942e+00
1.021318347851936537e+00
1.021292860678406189e+00
1.021271949914769550e+00
1.021257234708929040e+00
1.021249497712992449e+00
1.021248752706364504e+00
1.021254422228333514e+00
1.021265579606032148e+00
1.021281184552212062e+00
1.021300234181717670e+00
1.021321778934711322e+00
1.021344808963484230e+00
1.021368075729354175e+00
1.021389950717424888e+00
1.021408425107776630e+00
1.021421316565222615e+00
1.021426673474621127e+00
1.021423270493925006e+00
1.021411016644309111e+00
1.021391103045093285e+00
1.021365819241522699e+00
1.021338110930322118e+00
1.021311045148748597e+00
1.021287341749236743e+00
1.021269055813773807e+00
1.021257425162359178e+00
1.021252866335697895e+00
1.021255096430107479e+00
1.021263347348925432e+00
1.021276614829422336e+00
1.021293864395868223e+00
1.021314124132568502e+00
1.021336437070667236e+00
1.021359707062047040e+00
1.021382523641505280e+00
1.021403073415924734e+00
1.021419229663766748e+00
1.021428855991711293e+00
1.021430270935066442e+00
1.021422727812334674e+00
1.021406721464838796e+00
1.021383985063880395e+00
1.021357171819854193e+00
1.021329348055075581e+00
1.021303472632492548e+00
1.021281991732578831e+00
1.021266597530420039e+00
1.021258145975459275e+00
1.021256713217786327e+00
1.021261764948786732e+00
1.021272395261531463e+00
1.021287566095915089e+00
1.021306268460009603e+00
1.021327551041329773e+00
1.021350416237339909e+00
1.021373643697939482e+00
1.021395641307342395e+00
1.021414428842449595e+00
1.021427825440345938e+00
1.021433839197684934e+00
1.021431161195196058e+00
1.021419589138126360e+00
1.021400203100944815e+00
1.021375210323241411e+00
1.021347519845462237e+00
1.021320208705610799e+00
1.021296042856410846e+00
1.021277144842716034e+00
1.021264827155393018e+00
1.021259575909184703e+00
1.021261162596985628e+00
1.021268852072126254e+00
1.021281651480141273e+00
1.021298523242740730e+00
1.021318489803995311e+00
1.021340598007554723e+00
1.021363771550191091e+00
1.021386633429987034e+00
1.021407405442497085e+00
1.021423979431669071e+00
1.021434202649957879e+00
1.021436332790240931e+00
1.021429524062812622e+00
1.021414156290640030e+00
1.021391861640668752e+00
1.021365230689553760e+00
1.021337315102496257e+00
1.021311101910521657e+00
1.021289094982653856e+00
1.021273058889768937e+00
1.021263923341543922e+00
1.021261828223829715e+00
1.021266284312178918e+00
1.021276408410807468e+00
1.021291165999830275e+00
1.021309542211851662e+00
1.021330583127955105e+00
1.021353301939561309e+00
1.021376505246432753e+00
1.021398637159709910e+00
1.021417747533261533e+00
1.021431660112861683e+00
1.021438346719421464e+00
1.021436418317464234e+00
1.021425562738459858e+00
1.021406747745135402e+00
1.021382094806152274e+00
1.021354471989108559e+00
1.021326962501194036e+00
1.021302375771531157e+00
1.021282900510056324e+00
1.021269923766635834e+00
1.021264002132627580e+00
1.021264963175061879e+00
1.021272106713896122e+00
1.021284453034458917e+00
1.021300962307629456e+00
1.021320651041891292e+00
1.021342568680431828e+00
1.021365657298912932e+00
1.021388572507050618e+00
1.021409571823407525e+00
1.021426567935041829e+00
1.021437395418421268e+00
1.021440255082328719e+00
1.021434204722280192e+00
1.021419509365422584e+00
1.021397697775596525e+00
1.021371293856899287e+00
1.021343330387169290e+00
1.021316819238503371e+00
1.021294319958761854e+00
1.021277668778639125e+00
1.021267869540355644e+00
1.021265127159818764e+00
1.021268999396069521e+00
1.021278627732803646e+00
1.021292982580384923e+00
1.021311043528584150e+00
1.021331853278983681e+00
1.021354434386486876e+00
1.021377619104451906e+00
1.021399887471293955e+00
1.021419320737520398e+00
1.021433750263642137e+00
1.021441115578131553e+00
1.021439951102175447e+00
1.021429836458587204e+00
1.021411626069290479e+00
1.021387352315684227e+00
1.021359837993409903e+00
1.021332168566277954e+00
1.021307194198683987e+00
1.021287168355125452e+00
1.021273552434074361e+00
1.021266974322833754e+00
1.021267319284046904e+00
1.021273924112481968e+00
1.021285824014782406e+00
1.021301977856316157e+00
1.021321396012853100e+00
1.021343129372034086e+00
1.021366136908958389e+00
1.021389105902040573e+00
1.021410329979278497e+00
1.021427744793624637e+00
1.021439175832334900e+00
1.021442771012771367e+00
1.021437494580350602e+00
1.021423497232846422e+00
1.021402202139617632e+00
1.021376062582053379e+00
1.021348088185002112e+00
1.021321312229252376e+00
1.021298347813183405e+00
1.021281101984644391e+00
1.021270652998385930e+00
1.021267272021469941e+00
1.021270565659049279e+00
1.021279702061060668e+00
1.021293658031925400e+00
1.021311408053074077e+00
1.021331990758979291e+00
1.021354436666007670e+00
1.021377602335773682e+00
1.021400003313597704e+00
1.021419753408207232e+00
1.021434694466468729e+00
1.021442737668489809e+00
1.021442344565189231e+00
1.021432988452372737e+00
1.021415409622886461e+00
1.021391548213456124e+00
1.021364177476245860e+00
1.021336381143164385e+00
1.021311047255529569e+00
1.021290492507205938e+00
1.021276252334620605e+00
1.021269026655323486e+00
1.021268759989889752e+00
1.021274828103072574e+00
1.021286282949903423e+00
1.021302083127309857e+00
1.021321232781751132e+00
1.021342783154209233e+00
1.021365708634371927e+00
1.021388727142813480e+00
1.021410168660200180e+00
1.021427993772565213e+00
1.021440022365849742e+00
1.021444353481187672e+00
1.021439860839606473e+00
1.021426581517554055e+00
1.021405831112900398e+00
1.021379988434044428e+00
1.021352035660310742e+00
1.021325023946223265e+00
1.021301617692805364e+00
1.021283793814034668e+00
1.021272705163452033e+00
1.021268690305064730e+00
1.021271406512265667e+00
1.021280050601586442e+00
1.021293607305436613e+00
1.021311046533044831e+00
1.021331402253570886e+00
1.021353711578243173e+00
1.021376853990362932e+00
1.021399380007348867e+00
1.021419437001748642e+00
1.021434880039800541e+00
1.021443595847838282e+00
1.021443976867614678e+00
1.021435392158838384e+00
1.021418467340061031e+00
1.021395047314858084e+00
1.021367851558938167e+00
1.021339958014049643e+00
1.021314289623851845e+00
1.021293224670436706e+00
1.021278372215999930e+00
1.021270504856222505e+00
1.021269627870030394e+00
1.021275157969872893e+00
1.021286165727113726e+00
1.021301610596635712e+00
1.021320490501046452e+00
1.021341856012830451e+00
1.021364695453391924e+00
1.021387756282437165e+00
1.021409404937704490e+00
1.021427628748980077e+00
1.021440245382433387e+00
1.021445309028588433e+00
1.021441606059940277e+00
1.021429060878110029e+00
1.021408879753392007e+00
1.021383363282349466e+00
1.021355461888799665e+00
1.021328240967323886e+00
1.021304413853944881e+00
1.021286026268163782e+00
1.021274305753796519e+00
1.021269659340502400e+00
1.021271796747984295e+00
1.021279945468447137e+00
1.021293099762309975e+00
1.021310225603521582e+00
1.021330351790354918e+00
1.021352520704019717e+00
1.021375633329029586e+00
1.021398274511583271e+00
1.021418626039646949e+00
1.021434558789112934e+00
1.021443938867382384e+00
1.021445093443634766e+00
1.021437289633612355e+00
1.021421038080912780e+00
1.021398085646258558e+00
1.021371093846003220e+00
1.021343130710901548e+00
1.021317150997911316e+00
1.021295592819412734e+00
1.021280138348611199e+00
1.021271633419628788e+00
1.021270145505742022e+00
1.021275134222985992e+00
1.021285690663006562e+00
1.021300776351460105e+00
1.021319383095530275e+00
1.021340559851354302e+00
1.021363307398066356e+00
1.021386401561824364e+00
1.021408245207285903e+00
1.021426854061372680e+00
1.021440046838391069e+00
1.021445836902175941e+00
1.021442926591275668e+00
1.021431128813444333e+00
1.021411538982164080e+00
1.021386375866403018e+00
1.021358553817163450e+00
1.021331148741276618e+00
1.021306920422575093e+00
1.021287982214831302e+00
1.021275636347877214e+00
1.021270359307000941e+00
1.021271914988789664e+00
1.021279563574016613e+00
1.021292310512877721e+00
1.021309118580398412e+00
1.021329010993707431e+00
1.021351034126743773e+00
1.021374109017936682e+00
1.021396854096333184e+00
1.021417486265081997e+00
1.021433894653492214e+00
1.021443928515111788e+00
1.021445853645921220e+00
1.021438837702304259e+00
1.021423276297460436e+00
1.021400815627758307e+00
1.021374055129199210e+00
1.021346048745928270e+00
1.021319779846947995e+00
1.021297744499479965e+00
1.021281697369337715e+00
1.021272558000667185e+00
1.021270457430240031e+00
1.021274900107419281e+00
1.021284999579069819e+00
1.021299720737585348e+00
1.021318049486564350e+00
1.021339032296260996e+00
1.021361680945131134e+00
1.021384798390265525e+00
1.021406823763011618e+00
1.021425802683145090e+00
1.021439558060562414e+00
1.021446066442680545e+00
1.021443949575622456e+00
1.021432910283854856e+00
1.021413931826845811e+00
1.021389147664785835e+00
1.021361431761780070e+00
1.021333866720085082e+00
1.021309256165065849e+00
1.021289779801748399e+00
1.021276814444908476e+00
1.021270906945066059e+00
1.021271877055389021e+00
1.021279019656977649e+00
1.021291353108736644e+00
1.021307837820797371e+00
1.021327491116506003e+00
1.021349362138554540e+00
1.021372390512216288e+00
1.021395227406900030e+00
1.021416125391426455e+00
1.021432994142517758e+00
1.021443669745614180e+00
1.021446360572920042e+00
1.021440137489179723e+00
1.021425281266723051e+00
1.021403335013149505e+00
1.021376832036936966e+00
