1.000603444564682754e+00
1.000677177780590288e+00
1.000798449686383540e+00
1.000939263075265595e+00
1.001089325005338537e+00
1.001243472925764433e+00
1.001398944985987249e+00
1.001554508151838441e+00
1.001710021979676402e+00
1.001866092061504565e+00
1.002023745779225150e+00
1.002184143345659972e+00
1.002348346955021618e+00
1.002517158357669302e+00
1.002691023678751847e+00
1.002870000587358978e+00
1.003053783202881633e+00
1.003241777934315238e+00
1.003433215777162824e+00
1.003627276025743642e+00
1.003823189277757155e+00
1.004020289977594960e+00
1.004218002090863315e+00
1.004415761825096398e+00
1.004612901680051129e+00
1.004808534582104951e+00
1.005001482332058327e+00
1.005190287709879726e+00
1.005373333095007649e+00
1.005549060203543732e+00
1.005716250080632923e+00
1.005874291899531592e+00
1.006023359929280048e+00
1.006164441007685539e+00
1.006299204069437181e+00
1.006429755435786833e+00
1.006558352203308360e+00
1.006687140445860607e+00
1.006817956495942745e+00
1.006952200141459919e+00
1.007090772926166444e+00
1.007234073084727344e+00
1.007382041933267303e+00
1.007534255931548994e+00
1.007690051216890259e+00
1.007848656670357279e+00
1.008009304448224563e+00
1.008171289365578094e+00
1.008333961840235382e+00
1.008496659147514629e+00
1.008658599646939491e+00
1.008818778661170867e+00
1.008975909789040060e+00
1.009128450141233424e+00
1.009274730927397279e+00
1.009413185936459678e+00
1.009542634758755941e+00
1.009662547728320314e+00
1.009773212170012924e+00
1.009875744733375047e+00
1.009971945250950132e+00
1.010064039472919006e+00
1.010154384915689540e+00
1.010245206353391989e+00
1.010338397779932063e+00
1.010435398134649887e+00
1.010537132970961594e+00
1.010644013087434345e+00
1.010755984573659783e+00
1.010872623993523067e+00
1.010993264893050414e+00
1.011117131209795961e+00
1.011243446480717179e+00
1.011371490811904694e+00
1.011500591382769709e+00
1.011630052429517423e+00
1.011759050305851115e+00
1.011886532737418243e+00
1.012011165897086951e+00
1.012131367004882598e+00
1.012245442444745347e+00
1.012351821981453348e+00
1.012449343930663215e+00
1.012537517074904692e+00
1.012616679356023841e+00
1.012688000351816386e+00
1.012753326088098982e+00
1.012814916019245892e+00
1.012875147146155674e+00
1.012936250837777719e+00
1.013000117551077217e+00
1.013068175511434355e+00
1.013141335097428986e+00
1.013219990020565398e+00
1.013304069818539599e+00
1.013393137131523458e+00
1.013486515408204003e+00
1.013583422092068975e+00
1.013683076039233466e+00
1.013784751568413744e+00
1.013887765844503797e+00
1.013991406639084270e+00
1.014094826979438313e+00
1.014196946301116453e+00
1.014296401707856177e+00
1.014391586421679925e+00
1.014480794138535424e+00
1.014562458051336380e+00
1.014635437507403370e+00
1.014699276981387399e+00
1.014754357848647537e+00
1.014801892096371283e+00
1.014843759424521874e+00
1.014882239775241279e+00
1.014919716757547219e+00
1.014958416469303515e+00
1.015000215320895016e+00
1.015046521812220659e+00
1.015098223686717649e+00
1.015155691686860928e+00
1.015218834507365830e+00
1.015287198149548598e+00
1.015360094773442912e+00
1.015436735578371774e+00
1.015516336335880343e+00
1.015598168426596004e+00
1.015681543006111021e+00
1.015765736417029608e+00
1.015849884241634360e+00
1.015932884088248445e+00
1.016013350688453443e+00
1.016089659777343446e+00
1.016160098215459051e+00
1.016223107328060316e+00
1.016277570605756964e+00
1.016323069428578529e+00
1.016360027848618675e+00
1.016389697744307430e+00
1.016413988653645628e+00
1.016435196403278951e+00
1.016455706354462141e+00
1.016477734616307638e+00
1.016503139233437158e+00
1.016533305231304141e+00
1.016569094664578454e+00
1.016610853041465035e+00
1.016658466787900839e+00
1.016711464673653253e+00
1.016769147744490009e+00
1.016830721790197067e+00
1.016895400878921496e+00
1.016962455292852674e+00
1.017031192428670128e+00
1.017100879845182160e+00
1.017170638711003328e+00
1.017239348194335813e+00
1.017305604318304635e+00
1.017367769119497334e+00
1.017424126295323639e+00
1.017473128534897908e+00
1.017513685900047982e+00
1.017545417989796697e+00
1.017568791580448551e+00
1.017585097297332819e+00
1.017596272461548601e+00
1.017604626205758755e+00
1.017612542911489282e+00
1.017622226090157067e+00
1.017635513110831891e+00
1.017653763624457808e+00
1.017677812584681485e+00
1.017707979394929296e+00
1.017744127901115903e+00
1.017785769855622524e+00
1.017832195843614951e+00
1.017882607221169522e+00
1.017936217537763754e+00
1.017992297295657877e+00
1.018050151564535488e+00
1.018109040692658285e+00
1.018168073202375679e+00
1.018226111830642155e+00
1.018281736152377270e+00
1.018333296958162437e+00
1.018379077273428690e+00
1.018417543430088612e+00
1.018447633819685949e+00
1.018469007219956479e+00
1.018482173149512615e+00
1.018488460117058736e+00
1.018489831727156236e+00
1.018488608617511115e+00
1.018487172395778462e+00
1.018487712400242273e+00
1.018492044080806513e+00
1.018501500852982744e+00
1.018516890113625450e+00
1.018538505114688242e+00
1.018566187460137051e+00
1.018599432543100258e+00
1.018637521362501630e+00
1.018679651809350828e+00
1.018725037871593075e+00
1.018772951159380602e+00
1.018822695238454479e+00
1.018873524063867997e+00
1.018924534413073513e+00
1.018974573667033257e+00
1.019022206258973107e+00
1.019065773262722185e+00
1.019103558681555555e+00
1.019134044059269772e+00
1.019156197342142578e+00
1.019169717125809171e+00
1.019175155604853833e+00
1.019173878463483174e+00
1.019167874466966328e+00
1.019159474514677255e+00
1.019151056329137273e+00
1.019144794247141883e+00
1.019142481308479287e+00
1.019145424539155798e+00
1.019154403942230225e+00
1.019169687069583885e+00
1.019191093976023810e+00
1.019218104552174653e+00
1.019249991124612453e+00
1.019285948974263167e+00
1.019325193230925963e+00
1.019366997124785623e+00
1.019410663064328926e+00
1.019455438874931286e+00
1.019500409884369407e+00
1.019544408561661175e+00
1.019585984877977802e+00
1.019623471127958148e+00
1.019655153417111215e+00
1.019679529640970639e+00
1.019695598219575894e+00
1.019703098044200784e+00
1.019702623913263384e+00
1.019695578124297120e+00
1.019683973755499018e+00
1.019670151090823706e+00
1.019656483267795677e+00
1.019645129204908018e+00
1.019637859415890802e+00
1.019635954695975677e+00
1.019640168052553753e+00
1.019650741938798344e+00
1.019667475616341967e+00
1.019689834309382537e+00
1.019717082488092785e+00
1.019748413512622021e+00
1.019783044136127304e+00
1.019820249455095862e+00
1.019859330769463002e+00
1.019899529719573650e+00
1.019939920149955048e+00
1.019979319734482193e+00
1.020016264348425850e+00
1.020049078157770905e+00
1.020076050246697008e+00
1.020095695805560920e+00
1.020107044512705396e+00
1.020109875969264390e+00
1.020104827516085777e+00
1.020093337580869619e+00
1.020077442836910819e+00
1.020059492229959730e+00
1.020041853761921802e+00
1.020026670635575172e+00
1.020015690796819641e+00
1.020010168992262933e+00
1.020010831606358970e+00
1.020017896526920431e+00
1.020031142875802210e+00
1.020050021918318395e+00
1.020073790938447633e+00
1.020101641910539758e+00
1.020132793537591009e+00
1.020166522879294213e+00
1.020202130036107935e+00
1.020238850279862053e+00
1.020275745821793256e+00
1.020311619552135785e+00
1.020344993521812960e+00
1.020374184334555734e+00
1.020397484856200077e+00
1.020413428453378790e+00
1.020421076800093640e+00
1.020420250592554812e+00
1.020411629644448759e+00
1.020396688041179667e+00
1.020377485354020619e+00
1.020356378483821658e+00
1.020335729742139819e+00
1.020317666283350189e+00
1.020303913373945770e+00
1.020295699793412947e+00
1.020293725552446462e+00
1.020298184369687000e+00
1.020308835738692910e+00
1.020325117534573778e+00
1.020346280396411398e+00
1.020371515334882684e+00
1.020400043237494447e+00
1.020431143156276699e+00
1.020464113857788790e+00
1.020498184039997147e+00
1.020532404125683357e+00
1.020565562238410218e+00
1.020596166885813449e+00
1.020622527682984781e+00
1.020642942079952098e+00
1.020655962489745772e+00
1.020660683297318849e+00
1.020656966650090203e+00
1.020645534734191173e+00
1.020627896791018507e+00
1.020606134563251111e+00
1.020582612163888792e+00
1.020559685608417588e+00
1.020539465599470619e+00
1.020523654522529355e+00
1.020513455166799588e+00
1.020509541305913537e+00
1.020512082771947160e+00
1.020520819832536397e+00
1.020535177441142860e+00
1.020554400046094656e+00
1.020577678046178161e+00
1.020604234697911394e+00
1.020633351046789983e+00
1.020664324384860100e+00
1.020696376643458247e+00
1.020728546327784869e+00
1.020759606844445333e+00
1.020788053470900847e+00
1.020812189431285155e+00
1.020830317572218426e+00
1.020841010215302269e+00
1.020843395146578292e+00
1.020837376283645792e+00
1.020823718043399442e+00
1.020803964282788412e+00
1.020780218155179053e+00
1.020754850210087827e+00
1.020730209524544296e+00
1.020708389901443969e+00
1.020691070590483696e+00
1.020679428308141734e+00
1.020674110665777068e+00
1.020675263830018498e+00
1.020682609185953549e+00
1.020695559178947720e+00
1.020713352471445123e+00
1.020735179160982220e+00
1.020760265027387703e+00
1.020787893093689780e+00
1.020817359033479033e+00
1.020847877827507189e+00
1.020878475951652042e+00
1.020907912166270748e+00
1.020934668850618898e+00
1.020957043446328871e+00
1.020973345006596089e+00
1.020982166605485020e+00
1.020982670087629218e+00
1.020974801419007649e+00
1.020959367065686463e+00
1.020937944928498986e+00
1.020912658791254035e+00
1.020885884853996117e+00
1.020859964606221082e+00
1.020836974495196170e+00
1.020818570368691169e+00
1.020805902773233242e+00
1.020799593215410361e+00
1.020799764398228504e+00
1.020806119146154822e+00
1.020818057786153199e+00
1.020834813573845423e+00
1.020855576590111946e+00
1.020879575268768047e+00
1.020906094575974254e+00
1.020934428411275352e+00
1.020963784616074399e+00
1.020993177525594930e+00
1.021021351327374038e+00
1.021046775835626974e+00
1.021067743313281984e+00
1.021082569815647823e+00
1.021089869987017451e+00
1.021088840352257332e+00
1.021079469164710041e+00
1.021062604724412459e+00
1.021039858384030996e+00
1.021013373773084876e+00
1.020985531964609727e+00
1.020958666226804645e+00
1.020934835211906311e+00
1.020915671113990175e+00
1.020902298223520743e+00
1.020895312007313205e+00
1.020894811909834221e+00
1.020900482514754515e+00
1.020911712411845418e+00
1.020927729814030016e+00
1.020947725050133759e+00
1.020970929316264542e+00
1.020996629465612759e+00
1.021024117449436996e+00
1.021052593766506034e+00
1.021081060489346104e+00
1.021108247297681126e+00
1.021132611765149356e+00
1.021152441567442892e+00
1.021166060538251319e+00
1.021172105682005782e+00
1.021169808790890032e+00
1.021159200609401463e+00
1.021141171028972838e+00
1.021117364249482407e+00
1.021089942965736297e+00
1.021061292363962592e+00
1.021033736882093423e+00
1.021009316963913616e+00
1.020989640921722508e+00
1.020975806723828594e+00
1.020968383878039898e+00
1.020967448786000098e+00
1.020972668114591420e+00
1.020983419094119160e+00
1.020998925247550648e+00
1.021018377398271282e+00
1.021041009591050930e+00
1.021066110487277800e+00
1.021092969894832114e+00
1.021120780749139145e+00
1.021148532724279967e+00
1.021174941046295803e+00
1.021198451362626436e+00
1.021217347340868109e+00
1.021229961351548754e+00
1.021234953524067901e+00
1.021231591474228928e+00
1.021219948610635919e+00
1.021200956150542849e+00
1.021176290527689101e+00
1.021148132728877167e+00
1.021118871313082543e+00
1.021090821304270202e+00
1.021066004549966433e+00
1.021046005275454416e+00
1.021031895079818508e+00
1.021024217607479301e+00
1.021023026442974047e+00
1.021027970664315054e+00
1.021038416516726777e+00
1.021053583175137058e+00
1.021072662187042956e+00
1.021094890511537123e+00
1.021119558518137183e+00
1.021145953657170535e+00
1.021173261064706406e+00
1.021200457869543499e+00
1.021226244890522050e+00
1.021249056157037760e+00
1.021267171899795212e+00
1.021278933771489594e+00
1.021283025770888697e+00
1.021278751867225720e+00
1.021266228278867150e+00
1.021246427262754164e+00
1.021221056865356580e+00
1.021192315598540068e+00
1.021162594670450563e+00
1.021134199128799658e+00
1.021109131857970365e+00
1.021088952808875572e+00
1.021074707178605045e+00
1.021066912854546427e+00
1.021065600836575271e+00
1.021070402943409228e+00
1.021080674805083577e+00
1.021095631579536755e+00
1.021114465751924882e+00
1.021136417242684447e+00
1.021160778011125370e+00
1.021186832920505161e+00
1.021213759060641824e+00
1.021240520862109369e+00
1.021265804780805864e+00
1.021288033535677764e+00
1.021305484489412940e+00
1.021316509314293519e+00
1.021319816606941489e+00
1.021314747196897077e+00
1.021301460233061231e+00
1.021280968706414605e+00
1.021255011646737376e+00
1.021225804328238951e+00
1.021195739897891919e+00
1.021167112881572248e+00
1.021141906849326153e+00
1.021121657303048380e+00
1.021107383014665304e+00
1.021099576227715744e+00
1.021098245593637932e+00
1.021103006001194080e+00
1.021113202829830202e+00
1.021128047540996509e+00
1.021146733756438829e+00
1.021168504388708653e+00
1.021192652853574856e+00
1.021218461186375492e+00
1.021245098177483435e+00
1.021271515405210994e+00
1.021296385009771157e+00
1.021318118711884049e+00
1.021334991577617535e+00
1.021345366032566648e+00
1.021347975987157763e+00
1.021342199617590651e+00
1.021328239100586011e+00
1.021307147836320484e+00
1.021280695199333177e+00
1.021251112465632493e+00
1.021220794020839984e+00
1.021192023336379373e+00
1.021166764328544696e+00
1.021146527884598143e+00
1.021132306334628481e+00
1.021124566395942956e+00
1.021123294609940224e+00
1.021128089263716232e+00
1.021138285845405003e+00
1.021153092430666653e+00
1.021171703963649868e+00
1.021193366365747757e+00
1.021217374363667441e+00
1.021243006915943496e+00
1.021269424257670089e+00
1.021295564963631275e+00
1.021320086912532954e+00
1.021341391147461586e+00
1.021357751015120829e+00
1.021367540427192910e+00
1.021369519313352514e+00
1.021363103663641025e+00
1.021348538757111513e+00
1.021326918059199951e+00
1.021300040640941376e+00
1.021270153020485960e+00
1.021239650130189913e+00
1.021210803865139072e+00
1.021185558158011819e+00
1.021165399122959672e+00
1.021151292636644392e+00
1.021143680011326715e+00
1.021142525918583344e+00
1.021147412371186336e+00
1.021157665320450825e+00
1.021172489758084945e+00
1.021191082124693228e+00
1.021212691354923985e+00
1.021236613330767984e+00
1.021262123679337996e+00
1.021288373824425388e+00
1.021314289191305402e+00
1.021338513460717135e+00
1.021359437329320219e+00
1.021375333009451492e+00
1.021384586632110736e+00
1.021385984842111405e+00
1.021378981891926330e+00
1.021363866215030614e+00
1.021341770979228736e+00
1.021314524293949866e+00
1.021284387160222407e+00
1.021253754372665412e+00
1.021224885737900712e+00
1.021199704883805515e+00
1.021179672999498855e+00
1.021165729501506636e+00
1.021158290421944503e+00
1.021157298805017710e+00
1.021162320716184402e+00
1.021172672920404256e+00
1.021187557619320785e+00
1.021206172913344146e+00
1.021227770743688756e+00
1.021251647983184796e+00
1.021277076668576367e+00
1.021303199157577835e+00
1.021328927586661717e+00
1.021352891512809835e+00
1.021373471629178464e+00
1.021388939607282609e+00
1.021397694531614553e+00
1.021398550448687992e+00
1.021391000303539354e+00
1.021375375713908129e+00
1.021352849168390531e+00
1.021325277147113297e+00
1.021294934375212460e+00
1.021264214832446449e+00
1.021235365734426859e+00
1.021210290091651540e+00
1.021190424022997423e+00
1.021176680483441235e+00
1.021169450354180830e+00
1.021168655297452821e+00
1.021173845758814203e+00
1.021184329664029278e+00
1.021199306711329857e+00
1.021217976814317696e+00
1.021239594903763592e+00
1.021263458670897739e+00
1.021288836299627523e+00
1.021314860828826054e+00
1.021340430974258418e+00
1.021364162254611907e+00
1.021384425714586985e+00
1.021399493087151722e+00
1.021407777145362683e+00
1.021408120014504206e+00
1.021400053743757308e+00
1.021383953142855461e+00
1.021361029621300265e+00
1.021333167353117410e+00
1.021302654029687451e+00
1.021271882146406629e+00
1.021243085835112474e+00
1.021218147185206204e+00
1.021198477107242208e+00
1.021184962099117799e+00
1.021177968025354765e+00
1.021177395415267863e+00
1.021182779422959985e+00
1.021193419479405007e+00
1.021208513059328249e+00
1.021227262033416405e+00
1.021248924295137694e+00
1.021272798174170049e+00
1.021298147736049433e+00
1.021324096450472840e+00
1.021349529488327246e+00
1.021373048426964969e+00
1.021393015029887774e+00
1.021407701702408577e+00
1.021415535641834627e+00
1.021415387719484258e+00
1.021406829481544820e+00
1.021390278915504934e+00
1.021366985934029969e+00
1.021338861719733426e+00
1.021308206173826783e+00
1.021277409645840129e+00
1.021248692701122174e+00
1.021223916213402028e+00
1.021204465754347313e+00
1.021191201375618807e+00
1.021184464064855524e+00
1.021184133471648492e+00
1.021189729788549272e+00
1.021200544293720425e+00
1.021215772511815612e+00
1.021234618405279182e+00
1.021256342793872118e+00
1.021280244458579789e+00
1.021305583078292001e+00
1.021331472305923915e+00
1.021356783651293565e+00
1.021380104859020532e+00
1.021399788790877672e+00
1.021414109143846005e+00
1.021421508275454970e+00
1.021420886460161492e+00
1.021411855115146317e+00
1.021394875369616262e+00
1.021371235204273642e+00
1.021342872117110945e+00
1.021312097464719182e+00
1.021281298797583226e+00
1.021252682642067144e+00
1.021228088370944143e+00
1.021208876094151119e+00
1.021195879434614984e+00
1.021189414648749683e+00
1.021189340764043330e+00
1.021195163343052492e+00
1.021206165850813141e+00
1.021221542128989856e+00
1.021240498357393500e+00
1.021262298236349952e+00
1.021286240804110346e+00
1.021311581082226416e+00
1.021337422662270455e+00
1.021362623285059001e+00
1.021385756982915449e+00
1.021405168107596850e+00
1.021419132275356079e+00
1.021426107739892730e+00
1.021425024825435068e+00
1.021415535175127065e+00
1.021398143002236525e+00
1.021374173903470961e+00
1.021345590991650898e+00
1.021314716326695571e+00
1.021283934015388972e+00
1.021255436082861179e+00
1.021231040124902067e+00
1.021212080674613221e+00
1.021199364950422517e+00
1.021193184629139994e+00
1.021193378378270289e+00
1.021199437463601756e+00
1.021210637874424565e+00
1.021226172030155865e+00
1.021245248444613285e+00
1.021267133643843028e+00
1.021291126722726261e+00
1.021316477772732600e+00
1.021342280082962128e+00
1.021367377525908449e+00
1.021390330554126535e+00
1.021409475413418644e+00
1.021423090275086487e+00
1.021429650024652247e+00
1.021428115671975112e+00
1.021418179421996086e+00
1.021400388492948341e+00
1.021376105629037134e+00
1.021347318850522878e+00
1.021316360171343529e+00
1.021285609618536983e+00
1.021257244263887864e+00
1.021233059659266251e+00
1.021214364653438178e+00
1.021201940091235549e+00
1.021196053227408473e+00
1.021196522636032444e+00
1.021202825620938670e+00
1.021214231030649344e+00
1.021229930116691609e+00
1.021249133834634115e+00
1.021271111472494830e+00
1.021295161974886234e+00
1.021320530228814416e+00
1.021346298983651035e+00
1.021371298153266993e+00
1.021394074755380688e+00
1.021412957346379269e+00
1.021426227296476252e+00
1.021432376858105950e+00
1.021430398351547808e+00
1.021420024860100639e+00
1.021401846506589939e+00
1.021377262698146104e+00
1.021348285648691290e+00
1.021317256579885147e+00
1.021286550811604243e+00
1.021258330020136551e+00
1.021234367455351677e+00
1.021215946181592615e+00
1.021203820707533350e+00
1.021198234029227825e+00
1.021198984898199935e+00
1.021205536992572771e+00
1.021217152352542401e+00
1.021233021309656097e+00
1.021252357360141527e+00
1.021274432481551475e+00
1.021298545255417967e+00
1.021323935088696677e+00
1.021349673958106496e+00
1.021374577738043188e+00
1.021397180169036023e+00
1.021415802547196439e+00
1.021428730093489001e+00
1.021434473161488166e+00
1.021432055995281640e+00
1.021421252853662365e+00
1.021402696642535357e+00
1.021377822931705648e+00
1.021348667409009092e+00
1.021317579760798289e+00
1.021286929980992353e+00
1.021258863918009574e+00
1.021235132270261525e+00
1.021216992224804887e+00
1.021205171997999539e+00
1.021199890496286455e+00
1.021200926923718555e+00
1.021207731670249030e+00
1.021219560297508266e+00
1.021235602458451019e+00
1.021255074280097208e+00
1.021277250348613830e+00
1.021301428664067812e+00
1.021326842876989938e+00
1.021352553963297716e+00
1.021377363686900352e+00
1.021399792681776386e+00
1.021418155425573904e+00
1.021430741649653973e+00
1.021436080541746616e+00
1.021433228871364562e+00
1.021422002350324210e+00
1.021403076525091436e+00
1.021377922612594746e+00
1.021348599049293426e+00
1.021317463246722790e+00
1.021286879262690572e+00
1.021258976694992437e+00
1.021235483449557613e+00
1.021217630750374195e+00
1.021206120571655163e+00
1.021201147904956530e+00
1.021202472686042029e+00
1.021209532355383587e+00
1.021221576322983271e+00
1.021237793797991289e+00
1.021257403619618920e+00
1.021279682893440510e+00
1.021303928814408124e+00
1.021329368999857490e+00
1.021355053201925767e+00
1.021379769013213146e+00
1.021402024144988374e+00
1.021420126710928411e+00
1.021432371620007107e+00
1.021437307625501001e+00
1.021434024611784563e+00
1.021422380001418606e+00
1.021403091818037456e+00
1.021377666395233863e+00
1.021348184187696351e+00
1.021317009596435454e+00
1.021286500141678655e+00
1.021258768757369095e+00
1.021235520324225154e+00
1.021217960024378257e+00
1.021206763646339777e+00
1.021202102447119842e+00
1.021203717377395792e+00
1.021211033267868773e+00
1.021223293700883605e+00
1.021239687669889706e+00
1.021259436798991560e+00
1.021281820615840275e+00
1.021306135281648597e+00
1.021331602103729530e+00
1.021357259392987160e+00
1.021381880520369156e+00
1.021403960471629624e+00
1.021421801463582746e+00
1.021433704257306951e+00
1.021438237900931023e+00
1.021434525970506879e+00
1.021422467837050041e+00
1.021402823817233241e+00
1.021377134816361165e+00
1.021347502572312882e+00
1.021316297743972923e+00
1.021285870721293731e+00
1.021258317370592028e+00
1.021235319322854718e+00
1.021218055646514689e+00
1.021207176007104422e+00
1.021202828113020100e+00
1.021204734217011190e+00
1.021212306880609821e+00
1.021224784179365130e+00
1.021241355112353366e+00
1.021261244152591008e+00
1.021283733144506156e+00
1.021308116982222458e+00
1.021333610386464086e+00
1.021359240015283554e+00
1.021383764978353703e+00
1.021405667746566825e+00
1.021423245119488454e+00
1.021434804391718298e+00
1.021438935632966505e+00
1.021434796674697498e+00
1.021422329053878864e+00
1.021402335175518150e+00
1.021376389957610931e+00
1.021346615682026115e+00
1.021315388538348801e+00
1.021285051202437177e+00
1.021257682078627660e+00
1.021234939331804981e+00
1.021217975851786086e+00
1.021207415250132255e+00
1.021203381878148964e+00
1.021205579581699441e+00
1.021213408994507521e+00
1.021226103002927932e+00
1.021242850826106885e+00
1.021262879841321247e+00
1.021285474096636836e+00
1.021309926981254224e+00
1.021335446353291543e+00
1.021361047012451451e+00
1.021385473778445574e+00
1.021407196831479069e+00
1.021424508045837509e+00
1.021435721937609120e+00
1.021439450321714126e+00
1.021434885835231343e+00
1.021422012378174760e+00
1.021401674218782141e+00
1.021375479715101342e+00
1.021345570950114690e+00
1.021314328921689718e+00
1.021284088016757963e+00
1.021256908792715912e+00
1.021234425740071394e+00
1.021217765512023590e+00
1.021207525741469446e+00
1.021203807619722514e+00
1.021206296880609710e+00
1.021214382572022128e+00
1.021227292705291001e+00
1.021244216927088333e+00
1.021264385565622934e+00
1.021287084751752783e+00
1.021311606127662586e+00
1.021337150413674788e+00
1.021362720352032349e+00
1.021387046454932168e+00
1.021408586849631872e+00
1.021425628989289569e+00
1.021436495305597880e+00
1.021439820078693828e+00
1.021434831287478584e+00
1.021421555371530232e+00
1.021400878217010533e+00
1.021374441036225100e+00
1.021344404967204245e+00
1.021313155098758418e+00
1.021283016963151713e+00
1.021256032895248023e+00
1.021233813510949773e+00
1.021217459175738140e+00
1.021207541625458015e+00
1.021204139094081809e+00
1.021206919501966404e+00
1.021215260653602019e+00
1.021228385995866184e+00
1.021245485803303765e+00
1.021265793393053345e+00
1.021288596850336017e+00
1.021313185824197056e+00
1.021338753623075801e+00
1.021364290739300573e+00
1.021388513371314755e+00
1.021409867844767172e+00
1.021426637707834928e+00
1.021437154007671433e+00
1.021440074205482551e+00
1.021434662143757999e+00
1.021420986957429111e+00
1.021399975885286970e+00
1.021373302395409244e+00
1.021343145932112284e+00
1.021311894963197187e+00
1.021281865609705797e+00
1.021255081617708171e+00
1.021233129536266215e+00
1.021217083398920700e+00
1.021207489132379687e+00
1.021204402221444596e+00
1.021207473075175010e+00
1.021216068597378346e+00
1.021229407977267245e+00
1.021246682310380072e+00
1.021267127932107499e+00
1.021290034746151321e+00
1.021314690158492633e+00
1.021340279792976702e+00
1.021365781706478293e+00
1.021389897788947509e+00
1.021411062829384875e+00
1.021427556998930397e+00
1.021437720665373083e+00
1.021440235182152545e+00
1.021434400762238681e+00
1.021420329370832381e+00
1.021398989314308281e+00
1.021372085705816168e+00
1.021341815544975162e+00
1.021310569972311955e+00
1.021280655150360150e+00
1.021254075879417966e+00
1.021232394457407544e+00
1.021216658548558032e+00
1.021207388364645530e+00
1.021204616854939351e+00
1.021207977222868379e+00
1.021216825814378781e+00
1.021230377863838301e+00
1.021247825473557302e+00
1.021268408017828477e+00
1.021291417075634644e+00
1.021316137556396608e+00
1.021341747128312605e+00
1.021367211234442296e+00
1.021391217473180291e+00
1.021412189375477286e+00
1.021428404274967949e+00
1.021438212570144444e+00
1.021440320212626762e+00
1.021434064277451537e+00
1.021419599674021406e+00
1.021397935471738405e+00
1.021370807806390335e+00
1.021340430480173200e+00
1.021309196606042580e+00
1.021279401850072821e+00
1.021253031719048687e+00
