1.000603444564682754e+00
1.000677455737609467e+00
1.000800046291678846e+00
1.000944435061544624e+00
1.001101627657514204e+00
1.001267314457974233e+00
1.001438963012209804e+00
1.001614896082081652e+00
1.001793920467252352e+00
1.001975147892088192e+00
1.002157896055960062e+00
1.002341628438304877e+00
1.002525915130712431e+00
1.002710406131712473e+00
1.002894812536238911e+00
1.003078892975040048e+00
1.003262443666868009e+00
1.003445291015980789e+00
1.003627286032264809e+00
1.003808300071908244e+00
1.003988221543897108e+00
1.004166953328887057e+00
1.004344410728018611e+00
1.004520519809579238e+00
1.004695216057355900e+00
1.004868443250308996e+00
1.005040152521730068e+00
1.005210301559424702e+00
1.005378853918143189e+00
1.005545778422523684e+00
1.005711048643956884e+00
1.005874642438575606e+00
1.006036541536391216e+00
1.006196731173706782e+00
1.006355199762540398e+00
1.006511938592014266e+00
1.006666941557613271e+00
1.006820204914949723e+00
1.006971727055257393e+00
1.007121508300294455e+00
1.007269550714698703e+00
1.007415857934134795e+00
1.007560435007806676e+00
1.007703288254099050e+00
1.007844425128264998e+00
1.007983854101203836e+00
1.008121584548469007e+00
1.008257626648745076e+00
1.008391991291083034e+00
1.008524689990258683e+00
1.008655734809658977e+00
1.008785138291147909e+00
1.008912913391397659e+00
1.009039073424209398e+00
1.009163632008367895e+00
1.009286603020610462e+00
1.009408000553311258e+00
1.009527838876503214e+00
1.009646132403882568e+00
1.009762895662467796e+00
1.009878143265590333e+00
1.009991889888930849e+00
1.010104150249316213e+00
1.010214939086022667e+00
1.010324271144341424e+00
1.010432161161178399e+00
1.010538623852481610e+00
1.010643673902298367e+00
1.010747325953283093e+00
1.010849594598491219e+00
1.010950494374304398e+00
1.011050039754350482e+00
1.011148245144291691e+00
1.011245124877363954e+00
1.011340693210566855e+00
1.011434964321410224e+00
1.011527952305137035e+00
1.011619671172344637e+00
1.011710134846946607e+00
1.011799357164413493e+00
1.011887351870246476e+00
1.011974132618642663e+00
1.012059712971314029e+00
1.012144106396433818e+00
1.012227326267683081e+00
1.012309385863377376e+00
1.012390298365661412e+00
1.012470076859753210e+00
1.012548734333235556e+00
1.012626283675381877e+00
1.012702737676515863e+00
1.012778109027404838e+00
1.012852410318676677e+00
1.012925654040274681e+00
1.012997852580937774e+00
1.013069018227718665e+00
1.013139163165533541e+00
1.013208299476757057e+00
1.013276439140852858e+00
1.013343594034051387e+00
1.013409775929073442e+00
1.013474996494903468e+00
1.013539267296613033e+00
1.013602599795235815e+00
1.013665005347697434e+00
1.013726495206795253e+00
1.013787080521237227e+00
1.013846772335725399e+00
1.013905581591098892e+00
1.013963519124521540e+00
1.014020595669719693e+00
1.014076821857264443e+00
1.014132208214897801e+00
1.014186765167897741e+00
1.014240503039479435e+00
1.014293432051230681e+00
1.014345562323573757e+00
1.014396903876256140e+00
1.014447466628861205e+00
1.014497260401334700e+00
1.014546294914530522e+00
1.014594579790760953e+00
1.014642124554357983e+00
1.014688938632237747e+00
1.014735031354462969e+00
1.014780411954805395e+00
1.014825089571303574e+00
1.014869073246809750e+00
1.014912371929531432e+00
1.014954994473558969e+00
1.014996949639381363e+00
1.015038246094386531e+00
1.015078892413348699e+00
1.015118897078900018e+00
1.015158268481983539e+00
1.015197014922294194e+00
1.015235144608700457e+00
1.015272665659653795e+00
1.015309586103581019e+00
1.015345913879263762e+00
1.015381656836206181e+00
1.015416822734988678e+00
1.015451419247614506e+00
1.015485453957844619e+00
1.015518934361526959e+00
1.015551867866921532e+00
1.015584261795016596e+00
1.015616123379849522e+00
1.015647459768819871e+00
1.015678278023011138e+00
1.015708585117507834e+00
1.015738387941723220e+00
1.015767693299729935e+00
1.015796507910598834e+00
1.015824838408748265e+00
1.015852691344301562e+00
1.015880073183458521e+00
1.015906990308879543e+00
1.015933449020084200e+00
1.015959455533862466e+00
1.015985015984707696e+00
1.016010136425261168e+00
1.016034822826777928e+00
1.016059081079609738e+00
1.016082916993708452e+00
1.016106336299147372e+00
1.016129344646664823e+00
1.016151947608224804e+00
1.016174150677603638e+00
1.016195959270992599e+00
1.016217378727623188e+00
1.016238414310415727e+00
1.016259071206645048e+00
1.016279354528631274e+00
1.016299269314449694e+00
1.016318820528661515e+00
1.016338013063065038e+00
1.016356851737470812e+00
1.016375341300491897e+00
1.016393486430357207e+00
1.016411291735745959e+00
1.016428761756637433e+00
1.016445900965183835e+00
1.016462713766598247e+00
1.016479204500064348e+00
1.016495377439659453e+00
1.016511236795298867e+00
1.016526786713693120e+00
1.016542031279322522e+00
1.016556974515428369e+00
1.016571620385015029e+00
1.016585972791868464e+00
1.016600035581586070e+00
1.016613812542619844e+00
1.016627307407329317e+00
1.016640523853043376e+00
1.016653465503134957e+00
1.016666135928099290e+00
1.016678538646641261e+00
1.016690677126768527e+00
1.016702554786887980e+00
1.016714174996905973e+00
1.016725541079329886e+00
1.016736656310371911e+00
1.016747523921048835e+00
1.016758147098283160e+00
1.016768528985998676e+00
1.016778672686210694e+00
1.016788581260111846e+00
1.016798257729147004e+00
1.016807705076081980e+00
1.016816926246060016e+00
1.016825924147645166e+00
1.016834701653854589e+00
1.016843261603174398e+00
1.016851606800557972e+00
1.016859740018411173e+00
1.016867663997553350e+00
1.016875381448163029e+00
1.016882895050699620e+00
1.016890207456804029e+00
1.016897321290177070e+00
1.016904239147431666e+00
1.016910963598922635e+00
1.016917497189548492e+00
1.016923842439528380e+00
1.016930001845151921e+00
1.016935977879501074e+00
1.016941772993143589e+00
1.016947389614799135e+00
1.016952830151977238e+00
1.016958096991584792e+00
1.016963192500505819e+00
1.016968119026152362e+00
1.016972878896987620e+00
1.016977474423018002e+00
1.016981907896258308e+00
1.016986181591170713e+00
1.016990297765073104e+00
1.016994258658520334e+00
1.016998066495663045e+00
1.017001723484574072e+00
1.017005231817555533e+00
1.017008593671416827e+00
1.017011811207730654e+00
1.017014886573065713e+00
1.017017821899195873e+00
1.017020619303290463e+00
1.017023280888079251e+00
1.017025808742002990e+00
1.017028204939340874e+00
1.017030471540322001e+00
1.017032610591219965e+00
1.017034624124429021e+00
1.017036514158528249e+00
1.017038282698329521e+00
1.017039931734910585e+00
1.017041463245640820e+00
1.017042879194188121e+00
1.017044181530521563e+00
1.017045372190899855e+00
1.017046453097852687e+00
1.017047426160153201e+00
1.017048293272782900e+00
1.017049056316890798e+00
1.017049717159743683e+00
1.017050277654673263e+00
1.017050739641019552e+00
1.017051104944067141e+00
1.017051375374979694e+00
1.017051552730731778e+00
1.017051638794038038e+00
1.017051635333278137e+00
1.017051544102425709e+00
1.017051366840970195e+00
1.017051105273842460e+00
1.017050761111338630e+00
1.017050336049045045e+00
1.017049831767761869e+00
1.017049249933430710e+00
1.017048592197062229e+00
1.017047860194663755e+00
1.017047055547172674e+00
1.017046179860387811e+00
1.017045234724907488e+00
1.017044221716066232e+00
1.017043142393879052e+00
1.017041998302983696e+00
1.017040790972592479e+00
1.017039521916441425e+00
1.017038192632750082e+00
1.017036804604178002e+00
1.017035359297793207e+00
1.017033858165038218e+00
1.017032302641706742e+00
1.017030694147919689e+00
1.017029034088110517e+00
1.017027323851014131e+00
1.017025564809659777e+00
1.017023758321371929e+00
1.017021905727773623e+00
1.017020008354798666e+00
1.017018067512707624e+00
1.017016084496109585e+00
1.017014060583990798e+00
1.017011997039749094e+00
1.017009895111233853e+00
1.017007756030793075e+00
1.017005581015324900e+00
1.017003371266338219e+00
1.017001127970016405e+00
1.016998852297289035e+00
1.016996545403909824e+00
1.016994208430540780e+00
1.016991842502841026e+00
1.016989448731563828e+00
1.016987028212658295e+00
1.016984582027378625e+00
1.016982111242396458e+00
1.016979616909921891e+00
1.016977100067829154e+00
1.016974561739786065e+00
1.016972002935391917e+00
1.016969424650318476e+00
1.016966827866456757e+00
1.016964213552068230e+00
1.016961582661940477e+00
1.016958936137548841e+00
1.016956274907220070e+00
1.016953599886301962e+00
1.016950911977334560e+00
1.016948212070228230e+00
1.016945501042439748e+00
1.016942779759158144e+00
1.016940049073487673e+00
1.016937309826634328e+00
1.016934562848098800e+00
1.016931808955864991e+00
1.016929048956594528e+00
1.016926283645821938e+00
1.016923513808150048e+00
1.016920740217446495e+00
1.016917963637042455e+00
1.016915184819928042e+00
1.016912404508952150e+00
1.016909623437020294e+00
1.016906842327288896e+00
1.016904061893366240e+00
1.016901282839505205e+00
1.016898505860798441e+00
1.016895731643372880e+00
1.016892960864579809e+00
1.016890194193186936e+00
1.016887432289565574e+00
1.016884675805876048e+00
1.016881925386252661e+00
1.016879181666985099e+00
1.016876445276696073e+00
1.016873716836519170e+00
1.016870996960270501e+00
1.016868286254619891e+00
1.016865585319257859e+00
1.016862894747059487e+00
1.016860215124244959e+00
1.016857547030537212e+00
1.016854891039315589e+00
1.016852247717765945e+00
1.016849617627027857e+00
1.016847001322337185e+00
1.016844399353165729e+00
1.016841812263357347e+00
1.016839240591258964e+00
1.016836684869849572e+00
1.016834145626864139e+00
1.016831623384914618e+00
1.016829118661606524e+00
1.016826631969652173e+00
1.016824163816979043e+00
1.016821714706836577e+00
1.016819285137897433e+00
1.016816875604354964e+00
1.016814486596017364e+00
1.016812118598399373e+00
1.016809772092808206e+00
1.016807447556426824e+00
1.016805145462394533e+00
1.016802866279881590e+00
1.016800610474163369e+00
1.016798378506689193e+00
1.016796170835146729e+00
1.016793987913527042e+00
1.016791830192180335e+00
1.016789698117874785e+00
1.016787592133847173e+00
1.016785512679852843e+00
1.016783460192212107e+00
1.016781435103853548e+00
1.016779437844353762e+00
1.016777468839975107e+00
1.016775528513699900e+00
1.016773617285262166e+00
1.016771735571175395e+00
1.016769883784760742e+00
1.016768062336168565e+00
1.016766271632400187e+00
1.016764512077326987e+00
1.016762784071704395e+00
1.016761088013188319e+00
1.016759424296344250e+00
1.016757793312657920e+00
1.016756195450541522e+00
1.016754631095339700e+00
1.016753100629331774e+00
1.016751604431734179e+00
1.016750142878698693e+00
1.016748716343311099e+00
1.016747325195587637e+00
1.016745969802468785e+00
1.016744650527814375e+00
1.016743367732393377e+00
1.016742121773876795e+00
1.016740913006826119e+00
1.016739741782683115e+00
1.016738608449756942e+00
1.016737513353211497e+00
1.016736456835052538e+00
1.016735439234111915e+00
1.016734460886035141e+00
1.016733522123264510e+00
1.016732623275025338e+00
1.016731764667309523e+00
1.016730946622861120e+00
1.016730169461160571e+00
1.016729433498410273e+00
1.016728739047518371e+00
1.016728086418086985e+00
1.016727475916395562e+00
1.016726907845390215e+00
1.016726382504668180e+00
1.016725900190470266e+00
1.016725461195666202e+00
1.016725065809747086e+00
1.016724714318816503e+00
1.016724407005581643e+00
1.016724144149349085e+00
1.016723926026018798e+00
1.016723752908079703e+00
1.016723625064609671e+00
1.016723542761273080e+00
1.016723506260323706e+00
1.016723515820605828e+00
1.016723571697558892e+00
1.016723674143224398e+00
1.016723823406253224e+00
1.016724019731915174e+00
1.016724263362110303e+00
1.016724554535382907e+00
1.016724893486936177e+00
1.016725280448648849e+00
1.016725715649093864e+00
1.016726199313560564e+00
1.016726731664074457e+00
1.016727312919424309e+00
1.016727943295185899e+00
1.016728623003751331e+00
1.016729352254357455e+00
1.016730131253117397e+00
1.016730960203053868e+00
1.016731839304132912e+00
1.016732768753299432e+00
1.016733748744516053e+00
1.016734779468799754e+00
1.016735861114264505e+00
1.016736993866159899e+00
1.016738177906915785e+00
1.016739413416185789e+00
1.016740700570890610e+00
1.016742039545265097e+00
1.016743430510904433e+00
1.016744873636811874e+00
1.016746369089445601e+00
1.016747917032768678e+00
1.016749517628298571e+00
1.016751171035155554e+00
1.016752877410113332e+00
1.016754636907650333e+00
1.016756449679998786e+00
1.016758315877196672e+00
1.016760235647137023e+00
1.016762209135619877e+00
1.016764236486401796e+00
1.016766317841246714e+00
1.016768453339975675e+00
1.016770643120516127e+00
1.016772887318950991e+00
1.016775186069568182e+00
1.016777539504906347e+00
1.016779947755805713e+00
1.016782410951450721e+00
1.016784929219418876e+00
1.016787502685723821e+00
1.016790131474860193e+00
1.016792815709847808e+00
1.016795555512270521e+00
1.016798351002320855e+00
1.016801202298838191e+00
1.016804109519348520e+00
1.016807072780101073e+00
1.016810092196105408e+00
1.016813167881167379e+00
1.016816299947923330e+00
1.016819488507871627e+00
1.016822733671406187e+00
1.016826035547845120e+00
1.016829394245461149e+00
1.016832809871509369e+00
1.016836282532253222e+00
1.016839812332990034e+00
1.016843399378074997e+00
1.016847043770944037e+00
1.016850745614135576e+00
1.016854505009309406e+00
1.016858322057267783e+00
1.016862196857971412e+00
1.016866129510556327e+00
1.016870120113349651e+00
1.016874168763883812e+00
1.016878275558909195e+00
1.016882440594406134e+00
1.016886663965595350e+00
1.016890945766948384e+00
1.016895286092196260e+00
1.016899685034336365e+00
1.016904142685640000e+00
1.016908659137657267e+00
1.016913234481222839e+00
1.016917868806459291e+00
1.016922562202780433e+00
1.016927314758893530e+00
1.016932126562800409e+00
1.016936997701799239e+00
1.016941928262482975e+00
1.016946918330740468e+00
1.016951967991754024e+00
1.016957077329997405e+00
1.016962246429234273e+00
1.016967475372513752e+00
1.016972764242168648e+00
1.016978113119809457e+00
1.016983522086321923e+00
1.016988991221859706e+00
1.016994520605841057e+00
1.017000110316943262e+00
1.017005760433094430e+00
1.017011471031469494e+00
1.017017242188483106e+00
1.017023073979781422e+00
1.017028966480236996e+00
1.017034919763940781e+00
1.017040933904193700e+00
1.017047008973500866e+00
1.017053145043562923e+00
1.017059342185267834e+00
1.017065600468684217e+00
1.017071919963052018e+00
1.017078300736775631e+00
1.017084742857415236e+00
1.017091246391679249e+00
1.017097811405414998e+00
1.017104437963602948e+00
1.017111126130346266e+00
1.017117875968864826e+00
1.017124687541486328e+00
1.017131560909637633e+00
1.017138496133839443e+00
1.017145493273695855e+00
1.017152552387888598e+00
1.017159673534168807e+00
1.017166856769350147e+00
1.017174102149300374e+00
1.017181409728936003e+00
1.017188779562212986e+00
1.017196211702122266e+00
1.017203706200681346e+00
1.017211263108927843e+00
1.017218882476913056e+00
1.017226564353696627e+00
1.017234308787338559e+00
1.017242115824894322e+00
1.017249985512408195e+00
1.017257917894908825e+00
1.017265913016400791e+00
1.017273970919862380e+00
1.017282091647237596e+00
1.017290275239432162e+00
1.017298521736307526e+00
1.017306831176677084e+00
1.017315203598299966e+00
1.017323639037876593e+00
1.017332137531044234e+00
1.017340699112372793e+00
1.017349323815358808e+00
1.017358011672423235e+00
1.017366762714905448e+00
1.017375576973060136e+00
1.017384454476052191e+00
1.017393395251953159e+00
1.017402399327738127e+00
1.017411466729280622e+00
1.017420597481349276e+00
1.017429791607604495e+00
1.017439049130593798e+00
1.017448370071748931e+00
1.017457754451382534e+00
1.017467202288684147e+00
1.017476713601715765e+00
1.017486288407410289e+00
1.017495926721565969e+00
1.017505628558845521e+00
1.017515393932769907e+00
1.017525222855716560e+00
1.017535115338915164e+00
1.017545071392444989e+00
1.017555091025230674e+00
1.017565174245039117e+00
1.017575321058475701e+00
1.017585531470981630e+00
1.017595805486828819e+00
1.017606143109117456e+00
1.017616544339772444e+00
1.017627009179538744e+00
1.017637537627978706e+00
1.017648129683467406e+00
1.017658785343189765e+00
1.017669504603134989e+00
1.017680287458095245e+00
1.017691133901658551e+00
1.017702043926207001e+00
1.017713017522911434e+00
1.017724054681727663e+00
1.017735155391391588e+00
1.017746319639415198e+00
1.017757547412081687e+00
1.017768838694441236e+00
1.017780193470306127e+00
1.017791611722245415e+00
1.017803093431581374e+00
1.017814638578382169e+00
1.017826247141459195e+00
1.017837919098359967e+00
1.017849654425364125e+00
1.017861453097477220e+00
1.017873315088424491e+00
1.017885240370647315e+00
1.017897228915294550e+00
1.017909280692219420e+00
1.017921395669971307e+00
1.017933573815790194e+00
1.017945815095601336e+00
1.017958119474007717e+00
1.017970486914283157e+00
1.017982917378367880e+00
1.017995410826858738e+00
1.018007967219004550e+00
1.018020586512697889e+00
1.018033268664468194e+00
1.018046013629474889e+00
1.018058821361499389e+00
1.018071691812937551e+00
1.018084624934792570e+00
1.018097620676666093e+00
1.018110678986751783e+00
1.018123799811825325e+00
1.018136983097238435e+00
1.018150228786908418e+00
1.018163536823311066e+00
1.018176907147470889e+00
1.018190339698954450e+00
1.018203834415858822e+00
1.018217391234804925e+00
1.018231010090926203e+00
1.018244690917861739e+00
1.018258433647745154e+00
1.018272238211195946e+00
1.018286104537309278e+00
1.018300032553646650e+00
1.018314022186225465e+00
1.018328073359510366e+00
1.018342185996401250e+00
1.018356360018224382e+00
1.018370595344721963e+00
1.018384891894040134e+00
1.018399249582720323e+00
1.018413668325687471e+00
1.018428148036239156e+00
1.018442688626035153e+00
1.018457290005085225e+00
1.018471952081739351e+00
1.018486674762675737e+00
1.018501457952888378e+00
1.018516301555677517e+00
1.018531205472636314e+00
1.018546169603639751e+00
1.018561193846832413e+00
1.018576278098616950e+00
1.018591422253641632e+00
1.018606626204787702e+00
1.018621889843158268e+00
1.018637213058064539e+00
1.018652595737013833e+00
1.018668037765697143e+00
1.018683539027976037e+00
1.018699099405870001e+00
1.018714718779543560e+00
1.018730397027292955e+00
1.018746134025532601e+00
1.018761929648783315e+00
1.018777783769657885e+00
1.018793696258847303e+00
1.018809666985108109e+00
1.018825695815248178e+00
1.018841782614113622e+00
1.018857927244574579e+00
1.018874129567511222e+00
1.018890389441800437e+00
1.018906706724300282e+00
1.018923081269838882e+00
1.018939512931196223e+00
1.018956001559093938e+00
1.018972547002177542e+00
1.018989149107004000e+00
1.019005807718027068e+00
1.019022522677582199e+00
1.019039293825871884e+00
1.019056121000951887e+00
1.019073004038714814e+00
1.019089942772877677e+00
1.019106937034964799e+00
1.019123986654293379e+00
1.019141091457960613e+00
1.019158251270824822e+00
1.019175465915494350e+00
1.019192735212309797e+00
1.019210058979329592e+00
1.019227437032315331e+00
1.019244869184715574e+00
1.019262355247651408e+00
1.019279895029900684e+00
1.019297488337882474e+00
1.019315134975642856e+00
1.019332834744837379e+00
1.019350587444717515e+00
1.019368392872115336e+00
1.019386250821425310e+00
1.019404161084592753e+00
1.019422123451095397e+00
1.019440137707928962e+00
1.019458203639591609e+00
1.019476321028068400e+00
1.019494489652815972e+00
1.019512709290746111e+00
1.019530979716211760e+00
1.019549300700990369e+00
1.019567672014269011e+00
1.019586093422628625e+00
1.019604564690028692e+00
1.019623085577791910e+00
1.019641655844588879e+00
1.019660275246422998e+00
1.019678943536614035e+00
1.019697660465784805e+00
1.019716425781843849e+00
1.019735239229972557e+00
1.019754100552607845e+00
1.019773009489429061e+00
1.019791965777341325e+00
1.019810969150461988e+00
1.019830019340105309e+00
1.019849116074767803e+00
1.019868259080113582e+00
1.019887448078959036e+00
1.019906682791260621e+00
1.019925962934097985e+00
1.019945288221660640e+00
1.019964658365234644e+00
1.019984073073187059e+00
1.020003532050953732e+00
1.020023035001023981e+00
1.020042581622928157e+00
1.020062171613223434e+00
1.020081804665480707e+00
1.020101480470271493e+00
1.020121198715154165e+00
1.020140959084662846e+00
1.020160761260292315e+00
1.020180604920487344e+00
1.020200489740629379e+00
1.020220415393025437e+00
1.020240381546894337e+00
1.020260387868356489e+00
1.020280434020422122e+00
1.020300519662979077e+00
1.020320644452782588e+00
1.020340808043444181e+00
1.020361010085420794e+00
1.020381250226003900e+00
1.020401528109310618e+00
1.020421843376273063e+00
1.020442195664628349e+00
1.020462584608909928e+00
1.020483009840437827e+00
1.020503470987310202e+00
1.020523967674394905e+00
1.020544499523321713e+00
1.020565066152473221e+00
1.020585667176977740e+00
1.020606302208702409e+00
1.020626970856246984e+00
1.020647672724934729e+00
1.020668407416808865e+00
1.020689174530625465e+00
1.020709973661847680e+00
1.020730804402642189e+00
1.020751666341871644e+00
1.020772559065092899e+00
1.020793482154551679e+00
1.020814435189180358e+00
1.020835417744592188e+00
1.020856429393082188e+00
1.020877469703621365e+00
1.020898538241856945e+00
1.020919634570111256e+00
1.020940758247378621e+00
1.020961908829328024e+00
1.020983085868299334e+00
1.021004288913307523e+00
1.021025517510041114e+00
1.021046771200865066e+00
1.021068049524821664e+00
1.021089352017634289e+00
1.021110678211709200e+00
1.021132027636140194e+00
1.021153399816712160e+00
1.021174794275905739e+00
1.021196210532903104e+00
1.021217648103593056e+00
1.021239106500577698e+00
1.021260585233180862e+00
1.021282083807452334e+00
1.021303601726180066e+00
1.021325138488895723e+00
1.021346693591886678e+00
1.021368266528204227e+00
1.021389856787675132e+00
1.021411463856913171e+00
1.021433087219330904e+00
1.021454726355152776e+00
1.021476380741427326e+00
1.021498049852042733e+00
1.021519733157741472e+00
1.021541430126134520e+00
1.021563140221718680e+00
1.021584862905893010e+00
1.021606597636977476e+00
1.021628343870229161e+00
1.021650101057863580e+00
1.021671868649074000e+00
1.021693646090050311e+00
1.021715432824003678e+00
1.021737228291185406e+00
1.021759031928912043e+00
1.021780843171588016e+00
1.021802661450731176e+00
1.021824486194996551e+00
1.021846316830204104e+00
1.021868152779364713e+00
1.021889993462708590e+00
1.021911838297712594e+00
1.021933686699131094e+00
1.021955538079025505e+00
1.021977391846795591e+00
1.021999247409210776e+00
1.022021104170444339e+00
1.022042961532105609e+00
1.022064818893275273e+00
1.022086675650539789e+00
1.022108531198029802e+00
1.022130384927454561e+00
1.022152236228141664e+00
1.022174084487075474e+00
1.022195929088937305e+00
1.022217769416144506e+00
1.022239604848894423e+00
1.022261434765205035e+00
1.022283258540958251e+00
1.022305075549945652e+00
1.022326885163912236e+00
1.022348686752603264e+00
1.022370479683810007e+00
1.022392263323419481e+00
1.022414037035461076e+00
1.022435800182158072e+00
1.022457552123976932e+00
1.022479292219678815e+00
1.022501019826373536e+00
1.022522734299570413e+00
1.022544434993233331e+00
1.022566121259836924e+00
1.022587792450421418e+00
1.022609447914649028e+00
1.022631087000862138e+00
1.022652709056143472e+00
1.022674313426373160e+00
1.022695899456289137e+00
1.022717466489551086e+00
1.022739013868799951e+00
1.022760540935721441e+00
1.022782047031110197e+00
1.022803531494935303e+00
1.022824993666403337e+00
1.022846432884027656e+00
1.022867848485693010e+00
1.022889239808725925e+00
1.022910606189961547e+00
1.022931946965813577e+00
1.022953261472346664e+00
1.022974549045344128e+00
1.022995809020383451e+00
1.023017040732906668e+00
1.023038243518294976e+00
1.023059416711942671e+00
1.023080559649331756e+00
1.023101671666108547e+00
1.023122752098159394e+00
1.023143800281687721e+00
1.023164815553292639e+00
1.023185797250046214e+00
1.023206744709573179e+00
1.023227657270131541e+00
1.023248534270690957e+00
1.023269375051016450e+00
1.023290178951747009e+00
1.023310945314480191e+00
1.023331673481853388e+00
1.023352362797627979e+00
1.023373012606771937e+00
1.023393622255546198e+00
1.023414191091587266e+00
1.023434718463994475e+00
1.023455203723413476e+00
1.023475646222124391e+00
1.023496045314127301e+00
1.023516400355229949e+00
1.023536710703134345e+00
1.023556975717525130e+00
1.023577194760156850e+00
1.023597367194942542e+00
1.023617492388043670e+00
1.023637569707956718e+00
1.023657598525603785e+00
1.023677578214421846e+00
1.023697508150451352e+00
1.023717387712427485e+00
1.023737216281868756e+00
1.023756993243167379e+00
1.023776717983679418e+00
1.023796389893814052e+00
1.023816008367126162e+00
1.023835572800403382e+00
1.023855082593758681e+00
1.023874537150719188e+00
1.023893935878317230e+00
1.023913278187179365e+00
1.023932563491617653e+00
1.023951791209717355e+00
1.023970960763429305e+00
1.023990071578656735e+00
1.024009123085345863e+00
1.024028114717574933e+00
1.024047045913640819e+00
1.024065916116151165e+00
1.024084724772109212e+00
1.024103471333001947e+00
1.024122155254888700e+00
1.024140775998487296e+00
1.024159333029259544e+00
1.024177825817498499e+00
1.024196253838412840e+00
1.024214616572213465e+00
1.024232913504194986e+00
1.024251144124821877e+00
1.024269307929810635e+00
1.024287404420212155e+00
1.024305433102493890e+00
1.024323393488620448e+00
1.024341285096134202e+00
1.024359107448234774e+00
1.024376860073857642e+00
1.024394542507752526e+00
1.024412154290560206e+00
1.024429694968888027e+00
1.024447164095386720e+00
1.024464561228823456e+00
1.024481885934155567e+00
1.024499137782603153e+00
1.024516316351721024e+00
1.024533421225467311e+00
1.024550451994274525e+00
1.024567408255117051e+00
1.024584289611577992e+00
1.024601095673915108e+00
1.024617826059126102e+00
1.024634480391011015e+00
1.024651058300235951e+00
1.024667559424393026e+00
1.024683983408060106e+00
1.024700329902860085e+00
1.024716598567517511e+00
1.024732789067913652e+00
1.024748901077142671e+00
1.024764934275562700e+00
1.024780888350849128e+00
1.024796762998042787e+00
1.024812557919601019e+00
1.024828272825443420e+00
1.024843907432996915e+00
1.024859461467241495e+00
1.024874934660752634e+00
1.024890326753741032e+00
1.024905637494093913e+00
1.024920866637411443e+00
1.024936013947043811e+00
1.024951079194126091e+00
1.024966062157611102e+00
1.024980962624299607e+00
1.024995780388872069e+00
1.025010515253915511e+00
1.025025167029949280e+00
1.025039735535450802e+00
1.025054220596878007e+00
1.025068622048690425e+00
1.025082939733367615e+00
1.025097173501428482e+00
1.025111323211445935e+00
1.025125388730061093e+00
1.025139369931995947e+00
1.025153266700063348e+00
1.025167078925175224e+00
1.025180806506350795e+00
1.025194449350720349e+00
1.025208007373528574e+00
1.025221480498136550e+00
1.025234868656020426e+00
1.025248171786769191e+00
1.025261389838081350e+00
1.025274522765757812e+00
1.025287570533694126e+00
1.025300533113872259e+00
1.025313410486346166e+00
1.025326202639231354e+00
1.025338909568687562e+00
1.025351531278902328e+00
1.025364067782072341e+00
1.025376519098382122e+00
1.025388885255981153e+00
1.025401166290960342e+00
1.025413362247324933e+00
1.025425473176966751e+00
1.025437499139633779e+00
1.025449440202898632e+00
1.025461296442125914e+00
1.025473067940434913e+00
1.025484754788664077e+00
1.025496357085331711e+00
1.025507874936595121e+00
1.025519308456207757e+00
1.025530657765476139e+00
1.025541922993213007e+00
1.025553104275690242e+00
1.025564201756588689e+00
1.025575215586948197e+00
1.025586145925113879e+00
1.025596992936683050e+00
1.025607756794448155e+00
1.025618437678338601e+00
1.025629035775363018e+00
1.025639551279547312e+00
1.025649984391872493e+00
1.025660335320210503e+00
1.025670604279258491e+00
1.025680791490472643e+00
1.025690897181998018e+00
1.025700921588599712e+00
1.025710864951590473e+00
1.025720727518758313e+00
1.025730509544291014e+00
1.025740211288701076e+00
1.025749833018749113e+00
1.025759375007363250e+00
1.025768837533560074e+00
1.025778220882364478e+00
1.025787525344724616e+00
1.025796751217430636e+00
1.025805898803027194e+00
1.025814968409728412e+00
1.025823960351330388e+00
1.025832874947121276e+00
1.025841712521792459e+00
1.025850473405347074e+00
1.025859157933007193e+00
1.025867766445122120e+00
1.025876299287072690e+00
1.025884756809175347e+00
1.025893139366588436e+00
1.025901447319211846e+00
1.025909681031590415e+00
1.025917840872814235e+00
1.025925927216418287e+00
1.025933940440281633e+00
1.025941880926525940e+00
1.025949749061412231e+00
1.025957545235236523e+00
1.025965269842227912e+00
1.025972923280441318e+00
1.025980505951652688e+00
1.025988018261251966e+00
1.025995460618137622e+00
1.026002833434606076e+00
1.026010137126246224e+00
1.026017372111828418e+00
1.026024538813195885e+00
1.026031637655154594e+00
1.026038669065362452e+00
1.026045633474218732e+00
1.026052531314751270e+00
1.026059363022506776e+00
1.026066129035436258e+00
1.026072829793782670e+00
1.026079465739970109e+00
1.026086037318487243e+00
1.026092544975775844e+00
1.026098989160114883e+00
1.026105370321508836e+00
1.026111688911570896e+00
1.026117945383409058e+00
1.026124140191512435e+00
1.026130273791633574e+00
1.026136346640676544e+00
1.026142359196579479e+00
1.026148311918199774e+00
1.026154205265198627e+00
1.026160039697927129e+00
1.026165815677307691e+00
1.026171533664722357e+00
1.026177194121894010e+00
1.026182797510773348e+00
1.026188344293422983e+00
1.026193834931901971e+00
1.026199269888150578e+00
1.026204649623876808e+00
1.026209974600440056e+00
1.026215245278737420e+00
1.026220462119089127e+00
1.026225625581123957e+00
1.026230736123666665e+00
1.026235794204623630e+00
1.026240800280868504e+00
1.026245754808131405e+00
1.026250658240884128e+00
1.026255511032229339e+00
1.026260313633787780e+00
1.026265066495586575e+00
1.026269770065948439e+00
1.026274424791380646e+00
1.026279031116464235e+00
1.026283589483746095e+00
1.026288100333625719e+00
1.026292564104250182e+00
1.026296981231402894e+00
1.026301352148397239e+00
1.026305677285967555e+00
1.026309957072164325e+00
1.026314191932245823e+00
1.026318382288572639e+00
1.026322528560504654e+00
1.026326631164292902e+00
1.026330690512978316e+00
1.026334707016286707e+00
1.026338681080527726e+00
1.026342613108490953e+00
1.026346503499345530e+00
1.026350352648539355e+00
1.026354160947698713e+00
1.026357928784528806e+00
1.026361656542716272e+00
1.026365344601829710e+00
1.026368993337223090e+00
1.026372603119940052e+00
1.026376174316617096e+00
1.026379707289389875e+00
1.026383202395797500e+00
1.026386659988691274e+00
1.026390080416140549e+00
1.026393464021341462e+00
1.026396811142526566e+00
1.026400122112874236e+00
1.026403397260419181e+00
1.026406636907965186e+00
1.026409841372997178e+00
1.026413010967593298e+00
1.026416145998341634e+00
1.026419246766252957e+00
1.026422313566678568e+00
1.026425346689226581e+00
1.026428346417678883e+00
1.026431313029911641e+00
1.026434246797814032e+00
1.026437147987208975e+00
1.026440016857774751e+00
1.026442853662968391e+00
1.026445658649947523e+00
1.026448432059496874e+00
1.026451174125952104e+00
1.026453885077126982e+00
1.026456565134242105e+00
1.026459214511850959e+00
1.026461833417771308e+00
1.026464422053014802e+00
1.026466980611719704e+00
1.026469509281081605e+00
1.026472008241289480e+00
1.026474477665458629e+00
1.026476917719566284e+00
1.026479328562390769e+00
1.026481710345446441e+00
1.026484063212925513e+00
1.026486387301636327e+00
1.026488682740945624e+00
1.026490949652719253e+00
1.026493188151268887e+00
1.026495398343293397e+00
1.026497580327826675e+00
1.026499734196183677e+00
1.026501860031908908e+00
1.026503957910725573e+00
1.026506027900486062e+00
1.026508070061123767e+00
1.026510084444605342e+00
1.026512071094886291e+00
1.026514030047863901e+00
1.026515961331336602e+00
1.026517864964959337e+00
1.026519740960203819e+00
1.026521589320319006e+00
1.026523410040291573e+00
1.026525203106809947e+00
1.026526968498228776e+00
1.026528706184532069e+00
1.026530416127303225e+00
1.026532098279690830e+00
1.026533752586379133e+00
1.026535378983558733e+00
1.026536977398898598e+00
1.026538547751520758e+00
1.026540089951973433e+00
1.026541603902209054e+00
1.026543089495561834e+00
1.026544546616726450e+00
1.026545975141738953e+00
1.026547374937960111e+00
1.026548745864057643e+00
1.026550087769992015e+00
1.026551400497003108e+00
1.026552683877599570e+00
1.026553937735546373e+00
1.026555161885857714e+00
1.026556356134790127e+00
1.026557520279835600e+00
1.026558654109719360e+00
1.026559757404396533e+00
1.026560829935051933e+00
1.026561871464100939e+00
1.026562881745191724e+00
1.026563860523211247e+00
1.026564807534289692e+00
1.026565722505808687e+00
1.026566605156411960e+00
1.026567455196014222e+00
1.026568272325818043e+00
1.026569056238324507e+00
1.026569806617353198e+00
1.026570523138059299e+00
1.026571205466954240e+00
1.026571853261927014e+00
1.026572466172271270e+00
1.026573043838707289e+00
1.026573585893413298e+00
1.026574091960053892e+00
1.026574561653812001e+00
1.026574994581422651e+00
1.026575390341209815e+00
1.026575748523122833e+00
1.026576068708778156e+00
1.026576350471498866e+00
1.026576593376361091e+00
1.026576796980239292e+00
1.026576960831853569e+00
1.026577084471822054e+00
1.026577167432711324e+00
1.026577209239093014e+00
1.026577209407599112e+00
1.026577167446982575e+00
1.026577082858177281e+00
1.026576955134362201e+00
1.026576783761028011e+00
1.026576568216043484e+00
1.026576307969727875e+00
1.026576002484921979e+00
1.026575651217064067e+00
1.026575253614267602e+00
1.026574809117399845e+00
1.026574317160164451e+00
1.026573777169187185e+00
1.026573188564101180e+00
1.026572550757637092e+00
1.026571863155715025e+00
1.026571125157537789e+00
1.026570336155689045e+00
1.026569495536231891e+00
1.026568602678810338e+00
1.026567656956752561e+00
1.026566657737180366e+00
1.026565604381114660e+00
1.026564496243590918e+00
1.026563332673769757e+00
1.026562113015057065e+00
1.026560836605221239e+00
1.026559502776515309e+00
1.026558110855802397e+00
1.026556660164681833e+00
1.026555150019619056e+00
1.026553579732077948e+00
1.026551948608655174e+00
1.026550255951217405e+00
1.026548501057042762e+00
1.026546683218960698e+00
1.026544801725499445e+00
1.026542855861031889e+00
1.026540844905927230e+00
1.026538768136701751e+00
1.026536624826176691e+00
1.026534414243633897e+00
1.026532135654977473e+00
1.026529788322895431e+00
1.026527371507026887e+00
1.026524884464127929e+00
1.026522326448243927e+00
1.026519696710880947e+00
1.026516994501181168e+00
1.026514219066101852e+00
1.026511369650594308e+00
1.026508445497786637e+00
1.026505445849168696e+00
1.026502369944779502e+00
1.026499217023396637e+00
1.026495986322727649e+00
1.026492677079605453e+00
1.026489288530182176e+00
1.026485819910130992e+00
1.026482270454843526e+00
1.026478639399634574e+00
1.026474925979945940e+00
1.026471129431554274e+00
1.026467248990778902e+00
1.026463283894693213e+00
1.026459233381336711e+00
1.026455096689930624e+00
1.026450873061093727e+00
1.026446561737059504e+00
1.026442161961897526e+00
1.026437672981734384e+00
1.026433094044975736e+00
1.026428424402531681e+00
1.026423663308043466e+00
1.026418810018109973e+00
1.026413863792515535e+00
1.026408823894462197e+00
1.026403689590799084e+00
1.026398460152255776e+00
1.026393134853675004e+00
1.026387712974247801e+00
1.026382193797747533e+00
1.026376576612767266e+00
1.026370860712955579e+00
1.026365045397255482e+00
1.026359129970141115e+00
1.026353113741855339e+00
1.026346996028652203e+00
1.026340776153032763e+00
1.026334453443985772e+00
1.026328027237227936e+00
1.026321496875442829e+00
1.026314861708520265e+00
1.026308121093796100e+00
1.026301274396290930e+00
1.026294320988950126e+00
1.026287260252880529e+00
1.026280091577588482e+00
1.026272814361217867e+00
1.026265428010785019e+00
1.026257931942415436e+00
1.026250325581576917e+00
1.026242608363312936e+00
1.026234779732475788e+00
1.026226839143955738e+00
1.026218786062911281e+00
1.026210619964995630e+00
1.026202340336584307e+00
1.026193946674997193e+00
1.026185438488722346e+00
1.026176815297635825e+00
1.026168076633218851e+00
1.026159222038773855e+00
1.026150251069638752e+00
1.026141163293395886e+00
1.026131958290081636e+00
1.026122635652391590e+00
1.026113194985881716e+00
1.026103635909169753e+00
1.026093958054129285e+00
1.026084161066085798e+00
1.026074244604002761e+00
1.026064208340671025e+00
1.026054051962889346e+00
1.026043775171644690e+00
1.026033377682286307e+00
1.026022859224696493e+00
1.026012219543459336e+00
1.026001458398021704e+00
1.025990575562852225e+00
1.025979570827596499e+00
1.025968443997224755e+00
1.025957194892178403e+00
1.025945823348509034e+00
1.025934329218014529e+00
1.025922712368369627e+00
1.025910972683249600e+00
1.025899110062452380e+00
1.025887124422012242e+00
1.025875015694310166e+00
1.025862783828177083e+00
1.025850428788992907e+00
1.025837950558779132e+00
1.025825349136286757e+00
1.025812624537076223e+00
1.025799776793595353e+00
1.025786805955246628e+00
1.025773712088451806e+00
1.025760495276709872e+00
1.025747155620646778e+00
1.025733693238062294e+00
1.025720108263968200e+00
1.025706400850620481e+00
1.025692571167545308e+00
1.025678619401559466e+00
1.025664545756782786e+00
1.025650350454645032e+00
1.025636033733887009e+00
1.025621595850551682e+00
1.025607037077973072e+00
1.025592357706756275e+00
1.025577558044750814e+00
1.025562638417016448e+00
1.025547599165785195e+00
1.025532440650413601e+00
1.025517163247330554e+00
1.025501767349976445e+00
1.025486253368736556e+00
1.025470621730869114e+00
1.025454872880424251e+00
1.025439007278158066e+00
1.025423025401439148e+00
1.025406927744149321e+00
1.025390714816577287e+00
1.025374387145304933e+00
1.025357945273090099e+00
1.025341389758740229e+00
1.025324721176978926e+00
1.025307940118310057e+00
1.025291047188872762e+00
1.025274043010289571e+00
1.025256928219511421e+00
1.025239703468654229e+00
1.025222369424830582e+00
1.025204926769975655e+00
1.025187376200666467e+00
1.025169718427936250e+00
1.025151954177084601e+00
1.025134084187478312e+00
1.025116109212352189e+00
1.025098030018599671e+00
1.025079847386561216e+00
1.025061562109807589e+00
1.025043174994917372e+00
1.025024686861249590e+00
1.025006098540713673e+00
1.024987410877531646e+00
1.024968624728000544e+00
1.024949740960245714e+00
1.024930760453973466e+00
1.024911684100219267e+00
1.024892512801091282e+00
1.024873247469510806e+00
1.024853889028949583e+00
1.024834438413163573e+00
1.024814896565923839e+00
1.024795264440743869e+00
1.024775543000604916e+00
1.024755733217678655e+00
1.024735836073046524e+00
1.024715852556417950e+00
1.024695783665845905e+00
1.024675630407440252e+00
1.024655393795079972e+00
1.024635074850123617e+00
1.024614674601117770e+00
1.024594194083504828e+00
1.024573634339330130e+00
1.024552996416947082e+00
1.024532281370722053e+00
1.024511490260740398e+00
1.024490624152507579e+00
1.024469684116655621e+00
1.024448671228646468e+00
1.024427586568474657e+00
1.024406431220372893e+00
1.024385206272516724e+00
1.024363912816729005e+00
1.024342551948187463e+00
1.024321124765130042e+00
1.024299632368565138e+00
1.024278075861980053e+00
1.024256456351051670e+00
1.024234774943360238e+00
1.024213032748102714e+00
1.024191230875809211e+00
1.024169370438061222e+00
1.024147452547213177e+00
1.024125478316112448e+00
1.024103448857827781e+00
1.024081365285374856e+00
1.024059228711448277e+00
1.024037040248153119e+00
1.024014801006743358e+00
1.023992512097359864e+00
1.023970174628772600e+00
1.023947789708129275e+00
1.023925358440700872e+00
1.023902881929636521e+00
1.023880361275721240e+00
1.023857797577133022e+00
1.023835191929209687e+00
1.023812545424215070e+00
1.023789859151111425e+00
1.023767134195335604e+00
1.023744371638578787e+00
1.023721572558570436e+00
1.023698738028868682e+00
1.023675869118650050e+00
1.023652966892509397e+00
1.023630032410261181e+00
1.023607066726744064e+00
1.023584070891633946e+00
1.023561045949257009e+00
1.023537992938412078e+00
1.023514912892193429e+00
1.023491806837820484e+00
1.023468675796472382e+00
1.023445520783125673e+00
1.023422342806399099e+00
1.023399142868400613e+00
1.023375921964581492e+00
1.023352681083592897e+00
1.023329421207149093e+00
1.023306143309895333e+00
1.023282848359278852e+00
1.023259537315426293e+00
1.023236211131025364e+00
1.023212870751211145e+00
1.023189517113457070e+00
1.023166151147470782e+00
1.023142773775094660e+00
1.023119385910210788e+00
1.023095988458651018e+00
1.023072582318110602e+00
1.023049168378068252e+00
1.023025747519708872e+00
1.023002320615850946e+00
1.022978888530879926e+00
1.022955452120684505e+00
1.022932012232597998e+00
1.022908569705343496e+00
1.022885125368983683e+00
1.022861680044874877e+00
1.022838234545625058e+00
1.022814789675056790e+00
1.022791346228172138e+00
1.022767904991124244e+00
1.022744466741190461e+00
1.022721032246752815e+00
1.022697602267276462e+00
1.022674177553299035e+00
1.022650758846417318e+00
1.022627346879282806e+00
1.022603942375597263e+00
1.022580546050112282e+00
1.022557158608635941e+00
1.022533780748036136e+00
1.022510413156255460e+00
1.022487056512321413e+00
1.022463711486366611e+00
1.022440378739646771e+00
1.022417058924565580e+00
1.022393752684700896e+00
1.022370460654834501e+00
1.022347183460984965e+00
1.022323921720441398e+00
1.022300676041803635e+00
1.022277447025022212e+00
1.022254235261442545e+00
1.022231041333849788e+00
1.022207865816520123e+00
1.022184709275271164e+00
1.022161572267513918e+00
1.022138455342312069e+00
1.022115359040439708e+00
1.022092283894441289e+00
1.022069230428695796e+00
1.022046199159481805e+00
1.022023190595045206e+00
1.022000205235668924e+00
1.021977243573743976e+00
1.021954306093844078e+00
1.021931393272799582e+00
1.021908505579776971e+00
1.021885643476356131e+00
1.021862807416612506e+00
1.021839997847199255e+00
1.021817215207432072e+00
1.021794459929374455e+00
1.021771732437925184e+00
1.021749033150908925e+00
1.021726362479163708e+00
1.021703720826636186e+00
1.021681108590471565e+00
1.021658526161110636e+00
1.021635973922384366e+00
1.021613452251610710e+00
1.021590961519693863e+00
1.021568502091220854e+00
1.021546074324564790e+00
1.021523678571984783e+00
1.021501315179727643e+00
1.021478984488131347e+00
1.021456686831728522e+00
1.021434422539352349e+00
1.021412191934240488e+00
1.021389995334141432e+00
1.021367833051421314e+00
1.021345705393172043e+00
1.021323612661317437e+00
1.021301555152722251e+00
1.021279533159300978e+00
1.021257546968125984e+00
1.021235596861536976e+00
1.021213683117251136e+00
1.021191806008471481e+00
1.021169965803998103e+00
1.021148162768336087e+00
1.021126397161806310e+00
1.021104669240654461e+00
1.021082979257161405e+00
1.021061327459751755e+00
1.021039714093102901e+00
1.021018139398254032e+00
1.020996603612714271e+00
1.020975106970570145e+00
1.020953649702593946e+00
1.020932232036348752e+00
1.020910854196296347e+00
1.020889516403902020e+00
1.020868218877738265e+00
1.020846961833589805e+00
1.020825745484555735e+00
1.020804570041152104e+00
1.020783435711411391e+00
1.020762342700984426e+00
1.020741291213236979e+00
1.020720281449348343e+00
1.020699313608407710e+00
1.020678387887506755e+00
1.020657504481837119e+00
1.020636663584777448e+00
1.020615865387987764e+00
1.020595110081495616e+00
1.020574397853785564e+00
1.020553728891882450e+00
1.020533103381435769e+00
1.020512521506802717e+00
1.020491983451127016e+00
1.020471489396416853e+00
1.020451039523622816e+00
1.020430634012709614e+00
1.020410273042729798e+00
1.020389956791893926e+00
1.020369685437636953e+00
1.020349459156685734e+00
1.020329278125121419e+00
1.020309142518440737e+00
1.020289052511615280e+00
1.020269008279148792e+00
1.020249009995129574e+00
1.020229057833284880e+00
1.020209151967028438e+00
1.020189292569508188e+00
1.020169479813652469e+00
1.020149713872209540e+00
1.020129994917789995e+00
1.020110323122902951e+00
1.020090698659990691e+00
1.020071121701461969e+00
1.020051592419721320e+00
1.020032110987196816e+00
1.020012677576365379e+00
1.019993292359774761e+00
1.019973955510063757e+00
1.019954667199980847e+00
1.019935427602398414e+00
1.019916236890326067e+00
1.019897095236921514e+00
1.019878002815498119e+00
1.019858959799531783e+00
1.019839966362663164e+00
1.019821022678700340e+00
1.019802128921617701e+00
1.019783285265551953e+00
1.019764491884799007e+00
1.019745748953804432e+00
1.019727056647156349e+00
1.019708415139572999e+00
1.019689824605889195e+00
1.019671285221043000e+00
1.019652797160057300e+00
1.019634360598021816e+00
1.019615975710073119e+00
1.019597642671372428e+00
1.019579361657081851e+00
1.019561132842339957e+00
1.019542956402234246e+00
1.019524832511775392e+00
1.019506761345865709e+00
1.019488743079270510e+00
1.019470777886585910e+00
1.019452865942206410e+00
1.019435007420291806e+00
1.019417202494731445e+00
1.019399451339110030e+00
1.019381754126670980e+00
1.019364111030279130e+00
1.019346522222384754e+00
1.019328987874983383e+00
1.019311508159578938e+00
1.019294083247144211e+00
1.019276713308081339e+00
1.019259398512182724e+00
1.019242139028591509e+00
1.019224935025760947e+00
1.019207786671415317e+00
1.019190694132510622e+00
1.019173657575193293e+00
1.019156677164762215e+00
1.019139753065629428e+00
1.019122885441280157e+00
1.019106074454235733e+00
1.019089320266014287e+00
1.019072623037094338e+00
1.019055982926877046e+00
1.019039400093650460e+00
1.019022874694553993e+00
1.019006406885542670e+00
1.018989996821354937e+00
1.018973644655477351e+00
1.018957350540114160e+00
1.018941114626155109e+00
1.018924937063145908e+00
1.018908817999258032e+00
1.018892757581261854e+00
1.018876755954498226e+00
1.018860813262854714e+00
1.018844929648738962e+00
1.018829105253057143e+00
1.018813340215190433e+00
1.018797634672975239e+00
1.018781988762683888e+00
1.018766402619005529e+00
1.018750876375030145e+00
1.018735410162233457e+00
1.018720004110461819e+00
1.018704658347921788e+00
1.018689373001166576e+00
1.018674148195087170e+00
1.018658984052905447e+00
1.018643880696165294e+00
1.018628838244728385e+00
1.018613856816769081e+00
1.018598936528773535e+00
1.018584077495536588e+00
1.018569279830162877e+00
1.018554543644069055e+00
1.018539869046984681e+00
1.018525256146958879e+00
1.018510705050364340e+00
1.018496215861904197e+00
1.018481788684621137e+00
1.018467423619906498e+00
1.018453120767510045e+00
1.018438880225553067e+00
1.018424702090540368e+00
1.018410586457375366e+00
1.018396533419374306e+00
1.018382543068283130e+00
1.018368615494294360e+00
1.018354750786065965e+00
1.018340949030740461e+00
1.018327210313964226e+00
1.018313534719909486e+00
1.018299922331295626e+00
1.018286373229411623e+00
1.018272887494140022e+00
1.018259465203979586e+00
1.018246106436071052e+00
1.018232811266221782e+00
1.018219579768931737e+00
1.018206412017419016e+00
1.018193308083647164e+00
1.018180268038352043e+00
1.018167291951068254e+00
1.018154379890158889e+00
1.018141531922840404e+00
1.018128748115213478e+00
1.018116028532289441e+00
1.018103373238019804e+00
1.018090782295323127e+00
1.018078255766114548e+00
1.018065793711334210e+00
1.018053396190974791e+00
1.018041063264109480e+00
1.018028794988921071e+00
1.018016591422728157e+00
1.018004452622014222e+00
1.017992378642453177e+00
1.017980369538937779e+00
1.017968425365603835e+00
1.017956546175859511e+00
1.017944732022407983e+00
1.017932982957273635e+00
1.017921299031827376e+00
1.017909680296809505e+00
1.017898126802354586e+00
1.017886638598011873e+00
1.017875215732771510e+00
1.017863858255082077e+00
1.017852566212874343e+00
1.017841339653580590e+00
1.017830178624153925e+00
1.017819083171087602e+00
1.017808053340432561e+00
1.017797089177815639e+00
1.017786190728455109e+00
1.017775358037177336e+00
1.017764591148431430e+00
1.017753890106303238e+00
1.017743254954528442e+00
1.017732685736506326e+00
1.017722182495311323e+00
1.017711745273701673e+00
1.017701374114133639e+00
1.017691069058766828e+00
1.017680830149475746e+00
1.017670657427855563e+00
1.017660550935230779e+00
1.017650510712659884e+00
1.017640536800941131e+00
1.017630629240618756e+00
1.017620788071984750e+00
1.017611013335083081e+00
1.017601305069711914e+00
1.017591663315426276e+00
1.017582088111537608e+00
1.017572579497115992e+00
1.017563137510988147e+00
1.017553762191738098e+00
1.017544453577705177e+00
1.017535211706981801e+00
1.017526036617411478e+00
1.017516928346585248e+00
1.017507886931838801e+00
1.017498912410248035e+00
1.017490004818624616e+00
1.017481164193511090e+00
1.017472390571175334e+00
1.017463683987606338e+00
1.017455044478506210e+00
1.017446472079285291e+00
1.017437966825055273e+00
1.017429528750621870e+00
1.017421157890479044e+00
1.017412854278800793e+00
1.017404617949433820e+00
1.017396448935890874e+00
1.017388347271341420e+00
1.017380312988606983e+00
1.017372346120150262e+00
1.017364446698068914e+00
1.017356614754088229e+00
1.017348850319552689e+00
1.017341153425418421e+00
1.017333524102246312e+00
1.017325962380193571e+00
1.017318468289007738e+00
1.017311041858018683e+00
1.017303683116131729e+00
1.017296392091821655e+00
1.017289168813125588e+00
1.017282013307637012e+00
1.017274925602499991e+00
1.017267905724403176e+00
1.017260953699575143e+00
1.017254069553779061e+00
1.017247253312307809e+00
1.017240504999980200e+00
1.017233824641136763e+00
1.017227212259635971e+00
1.017220667878852236e+00
1.017214191521672806e+00
1.017207783210494210e+00
1.017201442967222036e+00
1.017195170813269822e+00
1.017188966769556169e+00
1.017182830856506293e+00
1.017176763094050918e+00
1.017170763501626940e+00
1.017164832098178984e+00
1.017158968902159177e+00
1.017153173931531374e+00
1.017147447203771149e+00
1.017141788735869579e+00
1.017136198544336789e+00
1.017130676645205289e+00
1.017125223054033745e+00
1.017119837785912084e+00
1.017114520855465720e+00
1.017109272276861986e+00
1.017104092063815246e+00
1.017098980229593108e+00
1.017093936787023534e+00
1.017088961748500608e+00
1.017084055125993869e+00
1.017079216931053853e+00
1.017074447174821872e+00
1.017069745868036890e+00
1.017065113021045519e+00
1.017060548643809792e+00
1.017056052745917150e+00
1.017051625336589771e+00
1.017047266424693674e+00
1.017042976018750045e+00
1.017038754126943223e+00
1.017034600757132701e+00
1.017030515916863997e+00
1.017026499613376433e+00
1.017022551853617562e+00
1.017018672644251609e+00
1.017014861991670571e+00
1.017011119902006433e+00
1.017007446381140712e+00
1.017003841434716449e+00
1.017000305068149757e+00
1.016996837286638922e+00
1.016993438095177726e+00
1.016990107498564999e+00
1.016986845501416159e+00
1.016983652108174097e+00
1.016980527323118944e+00
1.016977471150380286e+00
1.016974483593946266e+00
1.016971564657675131e+00
1.016968714345304114e+00
1.016965932660460759e+00
1.016963219606671798e+00
1.016960575187373150e+00
1.016957999405919688e+00
1.016955492265593231e+00
1.016953053769613202e+00
1.016950683921143073e+00
1.016948382723301458e+00
1.016946150179168118e+00
1.016943986291791946e+00
1.016941891064200298e+00
1.016939864499404766e+00
1.016937906600407615e+00
1.016936017370210443e+00
1.016934196811818403e+00
1.016932444928247747e+00
1.016930761722530496e+00
1.016929147197720873e+00
1.016927601356898858e+00
1.016926124203176407e+00
1.016924715739700336e+00
1.016923375969657872e+00
1.016922104896278878e+00
1.016920902522840731e+00
1.016919768852670103e+00
1.016918703889145403e+00
1.016917707635700552e+00
1.016916780095826089e+00
1.016915921273070733e+00
1.016915131171043596e+00
1.016914409793413521e+00
1.016913757143912189e+00
1.016913173226333011e+00
1.016912658044531126e+00
1.016912211602424065e+00
1.016911833903991313e+00
1.016911524953272750e+00
1.016911284754368427e+00
1.016911113311437020e+00
1.016911010628693823e+00
1.016910976710410086e+00
1.016911011560909905e+00
1.016911115184568892e+00
1.016911287585810397e+00
1.016911528769104400e+00
1.016911838738963070e+00
1.016912217499938986e+00
1.016912665056620035e+00
1.016913181413628298e+00
1.016913766575614275e+00
1.016914420547253783e+00
1.016915143333244398e+00
1.016915934938300348e+00
1.016916795367148740e+00
1.016917724624525565e+00
1.016918722715169476e+00
1.016919789643819572e+00
1.016920925415207844e+00
1.016922130034056515e+00
1.016923403505071377e+00
1.016924745832938015e+00
1.016926157022316257e+00
1.016927637077833735e+00
1.016929186004082108e+00
1.016930803805611072e+00
1.016932490486923024e+00
1.016934246052467072e+00
1.016936070506634371e+00
1.016937963853752125e+00
1.016939926098078040e+00
1.016941957243794104e+00
1.016944057295002590e+00
1.016946226255718511e+00
1.016948464129865615e+00
1.016950770921269287e+00
1.016953146633652327e+00
1.016955591270627846e+00
1.016958104835695487e+00
1.016960687332233881e+00
1.016963338763495761e+00
1.016966059132603517e+00
1.016968848442542317e+00
1.016971706696153888e+00
1.016974633896133406e+00
1.016977630045021952e+00
1.016980695145202285e+00
1.016983829198892408e+00
1.016987032208141351e+00
1.016990304174822057e+00
1.016993645100628507e+00
1.016997054987068605e+00
1.017000533835459741e+00
1.017004081646922575e+00
1.017007698422377704e+00
1.017011384162539223e+00
1.017015138867909396e+00
1.017018962538775328e+00
1.017022855175201412e+00
1.017026816777026665e+00
1.017030847343858735e+00
1.017034946875069235e+00
1.017039115369788416e+00
1.017043352826901614e+00
1.017047659245042368e+00
1.017052034622589751e+00
1.017056478957663046e+00
1.017060992248115969e+00
1.017065574491533342e+00
1.017070225685225759e+00
1.017074945826225152e+00
1.017079734911280120e+00
1.017084592936851495e+00
1.017089519899107231e+00
1.017094515793919074e+00
1.017099580616856569e+00
1.017104714363183504e+00
1.017109917027852806e+00
1.017115188605502762e+00
1.017120529090451697e+00
1.017125938476694191e+00
1.017131416757896423e+00
1.017136963927390614e+00
1.017142579978172368e+00
1.017148264902894894e+00
1.017154018693865014e+00
1.017159841343038051e+00
1.017165732842014503e+00
1.017171693182033820e+00
1.017177722353971081e+00
1.017183820348332546e+00
1.017189987155250108e+00
1.017196222764477298e+00
1.017202527165384618e+00
1.017208900346954659e+00
1.017215342297777880e+00
1.017221853006047061e+00
1.017228432459553300e+00
1.017235080645681355e+00
1.017241797551403426e+00
1.017248583163276709e+00
1.017255437467436074e+00
1.017262360449590286e+00
1.017269352095017343e+00
1.017276412388558926e+00
1.017283541314615292e+00
1.017290738857140386e+00
1.017298004999636962e+00
1.017305339725150359e+00
1.017312743016264731e+00
1.017320214855096161e+00
1.017327755223289110e+00
1.017335364102009088e+00
1.017343041471938436e+00
1.017350787313270555e+00
1.017358601605703905e+00
1.017366484328437126e+00
1.017374435460162818e+00
1.017382454979061324e+00
1.017390542862796288e+00
1.017398699088507108e+00
1.017406923632804716e+00
1.017415216471763362e+00
1.017423577580917282e+00
1.017432006935252264e+00
1.017440504509200316e+00
1.017449070276633449e+00
1.017457704210857239e+00
1.017466406284604163e+00
1.017475176470027831e+00
1.017484014738694764e+00
1.017492921061580624e+00
1.017501895409060442e+00
1.017510937750903732e+00
1.017520048056266724e+00
1.017529226293686584e+00
1.017538472431072760e+00
1.017547786435701207e+00
1.017557168274207058e+00
1.017566617912577076e+00
1.017576135316141883e+00
1.017585720449569964e+00
1.017595373276859005e+00
1.017605093761328572e+00
1.017614881865613441e+00
1.017624737551654057e+00
1.017634660780690758e+00
1.017644651513255338e+00
1.017654709709161498e+00
1.017664835327499517e+00
1.017675028326626263e+00
1.017685288664157639e+00
1.017695616296960814e+00
1.017706011181144454e+00
1.017716473272052280e+00
1.017727002524253077e+00
1.017737598891532924e+00
1.017748262326886088e+00
1.017758992782506589e+00
1.017769790209779313e+00
1.017780654559270914e+00
1.017791585780721819e+00
1.017802583823035345e+00
1.017813648634270152e+00
1.017824780161630693e+00
1.017835978351457449e+00
1.017847243149217817e+00
1.017858574499496793e+00
1.017869972345986973e+00
1.017881436631480119e+00
1.017892967297855389e+00
1.017904564286071123e+00
1.017916227536155294e+00
1.017927956987193516e+00
1.017939752577321055e+00
1.017951614243711944e+00
1.017963541922568105e+00
1.017975535549110244e+00
1.017987595057566530e+00
1.017999720381162820e+00
1.018011911452110674e+00
1.018024168201599577e+00
1.018036490559782292e+00
1.018048878455767747e+00
1.018061331817607940e+00
1.018073850572287053e+00
1.018086434645711247e+00
1.018099083962697549e+00
1.018111798446960981e+00
1.018124578021105453e+00
1.018137422606611331e+00
1.018150332123822333e+00
1.018163306491937092e+00
1.018176345628995172e+00
1.018189449451865958e+00
1.018202617876236893e+00
1.018215850816601264e+00
1.018229148186246436e+00
1.018242509897241854e+00
1.018255935860426620e+00
1.018269425985396603e+00
1.018282980180493569e+00
1.018296598352791182e+00
1.018310280408083246e+00
1.018324026250871039e+00
1.018337835784350665e+00
1.018351708910399278e+00
1.018365645529563990e+00
1.018379645541046985e+00
1.018393708842693979e+00
1.018407835330980227e+00
1.018422024900997425e+00
1.018436277446440386e+00
1.018450592859593939e+00
1.018464971031319166e+00
1.018479411851039185e+00
1.018493915206727829e+00
1.018508480984892328e+00
1.018523109070563093e+00
1.018537799347276840e+00
1.018552551697065267e+00
1.018567366000437957e+00
1.018582242136371274e+00
1.018597179982292378e+00
1.018612179414065677e+00
1.018627240305976844e+00
1.018642362530721046e+00
1.018657545959386068e+00
1.018672790461438993e+00
1.018688095904710655e+00
1.018703462155381878e+00
1.018718889077967926e+00
1.018734376535302966e+00
1.018749924388526740e+00
1.018765532497068138e+00
1.018781200718630320e+00
1.018796928909176502e+00
1.018812716922912642e+00
1.018828564612274334e+00
1.018844471827909937e+00
1.018860438418665471e+00
1.018876464231568857e+00
1.018892549111815260e+00
1.018908692902750879e+00
1.018924895445855627e+00
1.018941156580730034e+00
1.018957476145078145e+00
1.018973853974691091e+00
1.018990289903431767e+00
1.019006783763218404e+00
1.019023335384009687e+00
1.019039944593786551e+00
1.019056611218538189e+00
1.019073335082243847e+00
1.019090116006858171e+00
1.019106953812294547e+00
1.019123848316407344e+00
1.019140799334977476e+00
1.019157806681695089e+00
1.019174870168142677e+00
1.019191989603779547e+00
1.019209164795924050e+00
1.019226395549738928e+00
1.019243681668212442e+00
1.019261022952143048e+00
1.019278419200122965e+00
1.019295870208520416e+00
1.019313375771464969e+00
1.019330935680828221e+00
1.019348549726208475e+00
1.019366217694915200e+00
1.019383939371949488e+00
1.019401714539990067e+00
1.019419542979374871e+00
1.019437424468085052e+00
1.019455358781728549e+00
1.019473345693521660e+00
1.019491384974275050e+00
1.019509476392374658e+00
1.019527619713766819e+00
1.019545814701940056e+00
1.019564061117909537e+00
1.019582358720200421e+00
1.019600707264830985e+00
1.019619106505295747e+00
1.019637556192550143e+00
1.019656056074992989e+00
1.019674605898450492e+00
1.019693205406160041e+00
1.019711854338753554e+00
1.019730552434242155e+00
1.019749299427998857e+00
1.019768095052742796e+00
1.019786939038524576e+00
1.019805831112708283e+00
1.019824770999956387e+00
1.019843758422214641e+00
1.019862793098695875e+00
1.019881874745864447e+00
1.019901003077420931e+00
1.019920177804286343e+00
1.019939398634587491e+00
1.019958665273641429e+00
1.019977977423940363e+00
1.019997334785137433e+00
1.020016737054030731e+00
1.020036183924550421e+00
1.020055675087742308e+00
1.020075210231755181e+00
1.020094789041825933e+00
1.020114411200265359e+00
1.020134076386445043e+00
1.020153784276782716e+00
1.020173534544729144e+00
1.020193326860756144e+00
1.020213160892341042e+00
1.020233036303956009e+00
1.020252952757053411e+00
1.020272909910056036e+00
1.020292907418341333e+00
1.020312944934232302e+00
1.020333022106983956e+00
1.020353138582772878e+00
1.020373294004685683e+00
1.020393488012706573e+00
1.020413720243708244e+00
1.020433990331440999e+00
1.020454297906521646e+00
1.020474642596424619e+00
1.020495024025471320e+00
1.020515441814821234e+00
1.020535895582462604e+00
1.020556384943203998e+00
1.020576909508666086e+00
1.020597468887271653e+00
1.020618062684240712e+00
1.020638690501580070e+00
1.020659351938079329e+00
1.020680046589300893e+00
1.020700774047576420e+00
1.020721533901998379e+00
1.020742325738416501e+00
1.020763149139431558e+00
1.020784003684390262e+00
1.020804888949381262e+00
1.020825804507231371e+00
1.020846749927501573e+00
1.020867724776483909e+00
1.020888728617198815e+00
1.020909761009392902e+00
1.020930821509538067e+00
1.020951909670827273e+00
1.020973025043177884e+00
1.020994167173227440e+00
1.021015335604336549e+00
1.021036529876587995e+00
1.021057749526787850e+00
1.021078994088468583e+00
1.021100263091889726e+00
1.021121556064041203e+00
1.021142872528646217e+00
1.021164212006165473e+00
1.021185574013802499e+00
1.021206958065506321e+00
1.021228363671979000e+00
1.021249790340680974e+00
1.021271237575838153e+00
1.021292704878448587e+00
1.021314191746291122e+00
1.021335697673933840e+00
1.021357222152742938e+00
1.021378764670893169e+00
1.021400324713378049e+00
1.021421901762020967e+00
1.021443495295486947e+00
1.021465104789295086e+00
1.021486729715833430e+00
1.021508369544369410e+00
1.021530023741068050e+00
1.021551691769005510e+00
1.021573373088184411e+00
1.021595067155552705e+00
1.021616773425019664e+00
1.021638491347473865e+00
1.021660220370803396e+00
1.021681959939914730e+00
1.021703709496753376e+00
1.021725468480325194e+00
1.021747236326719044e+00
1.021769012469128324e+00
1.021790796337875840e+00
1.021812587360437341e+00
1.021834384961467723e+00
1.021856188562825452e+00
1.021877997583601871e+00
1.021899811440146522e+00
1.021921629546096888e+00
1.021943451312407714e+00
1.021965276147380308e+00
1.021987103456695856e+00
1.022008932643443613e+00
1.022030763108157547e+00
1.022052594248847424e+00
1.022074425461033886e+00
1.022096256137784653e+00
1.022118085669749377e+00
1.022139913445198278e+00
1.022161738850058565e+00
1.022183561267954399e+00
1.022205380080246861e+00
1.022227194666072592e+00
1.022249004402389083e+00
1.022270808664012876e+00
1.022292606823666183e+00
1.022314398252019085e+00
1.022336182317736597e+00
1.022357958387522414e+00
1.022379725826167762e+00
1.022401483996598692e+00
1.022423232259924486e+00
1.022444969975487616e+00
1.022466696500914818e+00
1.022488411192167490e+00
1.022510113403595433e+00
1.022531802487988362e+00
1.022553477796632304e+00
1.022575138679362672e+00
1.022596784484621768e+00
1.022618414559514743e+00
1.022640028249867550e+00
1.022661624900286004e+00
1.022683203854214629e+00
1.022704764453998383e+00
1.022726306040941724e+00
1.022747827955373223e+00
1.022769329536707072e+00
1.022790810123507033e+00
1.022812269053551937e+00
1.022833705663900750e+00
1.022855119290959180e+00
1.022876509270546741e+00
1.022897874937964247e+00
1.022919215628063982e+00
1.022940530675318760e+00
1.022961819413892304e+00
1.022983081177710085e+00
1.023004315300532596e+00
1.023025521116026848e+00
1.023046697957840978e+00
1.023067845159677081e+00
1.023088962055368700e+00
1.023110047978954107e+00
1.023131102264753789e+00
1.023152124247447947e+00
1.023173113262153766e+00
1.023194068644504684e+00
1.023214989730728108e+00
1.023235875857726906e+00
1.023256726363158009e+00
1.023277540585515677e+00
1.023298317864211437e+00
1.023319057539656018e+00
1.023339758953343726e+00
1.023360421447934598e+00
1.023381044367338122e+00
1.023401627056798269e+00
1.023422168862977877e+00
1.023442669134043248e+00
1.023463127219751412e+00
1.023483542471535390e+00
1.023503914242590351e+00
1.023524241887961095e+00
1.023544524764629760e+00
1.023564762231602199e+00
1.023584953649997686e+00
1.023605098383135958e+00
1.023625195796625365e+00
1.023645245258453684e+00
1.023665246139075391e+00
1.023685197811501135e+00
1.023705099651388117e+00
1.023724951037128683e+00
1.023744751349941140e+00
1.023764499973958575e+00
1.023784196296319671e+00
1.023803839707257524e+00
1.023823429600191570e+00
1.023842965371815961e+00
1.023862446422190597e+00
1.023881872154831063e+00
1.023901241976797882e+00
1.023920555298787338e+00
1.023939811535220734e+00
1.023959010104333656e+00
1.023978150428266343e+00
1.023997231933152063e+00
1.024016254049206376e+00
1.024035216210816390e+00
1.024054117856628032e+00
1.024072958429635083e+00
1.024091737377267330e+00
1.024110454151476723e+00
1.024129108208825745e+00
1.024147699010572676e+00
1.024166226022759307e+00
1.024184688716294866e+00
1.024203086567042620e+00
1.024221419055903581e+00
1.024239685668900890e+00
1.024257885897263520e+00
1.024276019237507773e+00
1.024294085191521653e+00
1.024312083266643469e+00
1.024330012975745774e+00
1.024347873837312850e+00
1.024365665375519985e+00
1.024383387120314293e+00
1.024401038607489101e+00
1.024418619378762996e+00
1.024436128981854877e+00
1.024453566970558782e+00
1.024470932904817166e+00
1.024488226350795506e+00
1.024505446880953352e+00
1.024522594074114945e+00
1.024539667515539820e+00
1.024556666796991200e+00
1.024573591516803717e+00
1.024590441279950914e+00
1.024607215698109641e+00
1.024623914389723556e+00
1.024640536980069072e+00
1.024657083101313759e+00
1.024673552392579179e+00
1.024689944499999283e+00
1.024706259076778370e+00
1.024722495783247478e+00
1.024738654286921236e+00
1.024754734262548705e+00
1.024770735392169341e+00
1.024786657365160725e+00
1.024802499878291417e+00
1.024818262635766031e+00
1.024833945349274522e+00
1.024849547738035493e+00
1.024865069528840600e+00
1.024880510456096738e+00
1.024895870261866238e+00
1.024911148695905716e+00
1.024926345515704273e+00
1.024941460486517686e+00
1.024956493381403932e+00
1.024971443981254948e+00
1.024986312074827044e+00
1.025001097458771548e+00
1.025015799937659899e+00
1.025030419324010733e+00
1.025044955438314531e+00
1.025059408109054271e+00
1.025073777172726297e+00
1.025088062473859862e+00
1.025102263865033780e+00
1.025116381206891081e+00
1.025130414368152332e+00
1.025144363225628519e+00
1.025158227664229482e+00
1.025172007576972355e+00
1.025185702864987780e+00
1.025199313437524573e+00
1.025212839211951277e+00
1.025226280113758603e+00
1.025239636076555882e+00
1.025252907042070172e+00
1.025266092960140041e+00
1.025279193788710019e+00
1.025292209493821272e+00
1.025305140049600938e+00
1.025317985438250812e+00
1.025330745650032904e+00
1.025343420683253237e+00
1.025356010544244523e+00
1.025368515247345957e+00
1.025380934814882128e+00
1.025393269277139918e+00
1.025405518672343419e+00
1.025417683046625950e+00
1.025429762454002969e+00
1.025441756956340100e+00
1.025453666623320714e+00
1.025465491532413509e+00
1.025477231768834319e+00
1.025488887425509699e+00
1.025500458603036957e+00
1.025511945409643300e+00
1.025523347961141862e+00
1.025534666380887305e+00
1.025545900799730514e+00
1.025557051355968419e+00
1.025568118195295142e+00
1.025579101470750487e+00
1.025590001342665980e+00
1.025600817978610468e+00
1.025611551553333722e+00
1.025622202248707371e+00
1.025632770253666060e+00
1.025643255764144390e+00
1.025653658983015859e+00
1.025663980120027574e+00
1.025674219391733422e+00
1.025684377021427007e+00
1.025694453239072823e+00
1.025704448281234971e+00
1.025714362391005441e+00
1.025724195817930173e+00
1.025733948817934449e+00
1.025743621653246951e+00
1.025753214592320273e+00
1.025762727909754535e+00
1.025772161886213674e+00
1.025781516808347060e+00
1.025790792968702680e+00
1.025799990665646977e+00
1.025809110203275143e+00
1.025818151891328078e+00
1.025827116045100462e+00
1.025836002985355933e+00
1.025844813038232273e+00
1.025853546535153926e+00
1.025862203812736073e+00
1.025870785212694036e+00
1.025879291081745581e+00
1.025887721771518102e+00
1.025896077638448922e+00
1.025904359043690484e+00
1.025912566353009758e+00
1.025920699936689218e+00
1.025928760169426690e+00
1.025936747430233442e+00
1.025944662102332261e+00
1.025952504573055091e+00
1.025960275233738006e+00
1.025967974479617739e+00
1.025975602709725099e+00
1.025983160326781274e+00
1.025990647737088368e+00
1.025998065350423705e+00
1.026005413579931247e+00
1.026012692842014129e+00
1.026019903556223856e+00
1.026027046145151722e+00
1.026034121034317126e+00
1.026041128652059431e+00
1.026048069429423837e+00
1.026054943800051689e+00
1.026061752200067900e+00
1.026068495067967712e+00
1.026075172844505001e+00
1.026081785972577931e+00
1.026088334897115928e+00
1.026094820064966440e+00
1.026101241924779917e+00
1.026107600926896346e+00
1.026113897523229124e+00
1.026120132167152477e+00
1.026126305313385112e+00
1.026132417417875420e+00
1.026138468937686232e+00
1.026144460330880026e+00
1.026150392056402794e+00
1.026156264573969246e+00
1.026162078343947570e+00
1.026167833827242859e+00
1.026173531485182977e+00
1.026179171779402433e+00
1.026184755171726914e+00
1.026190282124058939e+00
1.026195753098262164e+00
1.026201168556045706e+00
1.026206528958850894e+00
1.026211834767734921e+00
1.026217086443257376e+00
1.026222284445365673e+00
1.026227429233281807e+00
1.026232521265385778e+00
1.026237560999106346e+00
1.026242548890804240e+00
1.026247485395660464e+00
1.026252370967563943e+00
1.026257206058999616e+00
1.026261991120935413e+00
1.026266726602711454e+00
1.026271412951928585e+00
1.026276050614338686e+00
1.026280640033732539e+00
1.026285181651832801e+00
1.026289675908180987e+00
1.026294123240032441e+00
1.026298524082244867e+00
1.026302878867173085e+00
1.026307188024559558e+00
1.026311451981428480e+00
1.026315671161980525e+00
1.026319845987485380e+00
1.026323976876178712e+00
1.026328064243155591e+00
1.026332108500268125e+00
1.026336110056022655e+00
1.026340069315475612e+00
1.026343986680132936e+00
1.026347862547848377e+00
1.026351697312723577e+00
1.026355491365006145e+00
1.026359245090993744e+00
1.026362958872933273e+00
1.026366633088924285e+00
1.026370268112820838e+00
1.026373864314137574e+00
1.026377422057951794e+00
1.026380941704809757e+00
1.026384423610633867e+00
1.026387868126628078e+00
1.026391275599186859e+00
1.026394646369802377e+00
1.026397980774975016e+00
1.026401279146123224e+00
1.026404541809494919e+00
1.026407769086078448e+00
1.026410961291516433e+00
1.026414118736019399e+00
1.026417241724278728e+00
1.026420330555384730e+00
1.026423385522740039e+00
1.026426406913979683e+00
1.026429395010886925e+00
1.026432350089314438e+00
1.026435272419102152e+00
1.026438162263999754e+00
1.026441019881588312e+00
1.026443845523203002e+00
1.026446639433856722e+00
1.026449401852165488e+00
1.026452133010273604e+00
1.026454833133781719e+00
1.026457502441672665e+00
1.026460141146241956e+00
1.026462749453026957e+00
1.026465327560737828e+00
1.026467875661189799e+00
1.026470393939235670e+00
1.026472882572699419e+00
1.026475341732312696e+00
1.026477771581649545e+00
1.026480172277064229e+00
1.026482543967629724e+00
1.026484886795077101e+00
1.026487200893735130e+00
1.026489486390472550e+00
1.026491743404641888e+00
1.026493972048021730e+00
1.026496172424761433e+00
1.026498344631329829e+00
1.026500488756459495e+00
1.026502604881097458e+00
1.026504693078353458e+00
1.026506753413451545e+00
1.026508785943682334e+00
1.026510790718355715e+00
1.026512767778755109e+00
1.026514717158093948e+00
1.026516638881472376e+00
1.026518532965834396e+00
1.026520399419929896e+00
1.026522238244271801e+00
1.026524049431101426e+00
1.026525832964349627e+00
1.026527588819602377e+00
1.026529316964066130e+00
1.026531017356535180e+00
1.026532689947361465e+00
1.026534334678422145e+00
1.026535951483092735e+00
1.026537540286219352e+00
1.026539101004092513e+00
1.026540633544423153e+00
1.026542137806318422e+00
1.026543613680261480e+00
1.026545061048090179e+00
1.026546479782978860e+00
1.026547869749420361e+00
1.026549230803211366e+00
1.026550562791436416e+00
1.026551865552457699e+00
1.026553138915900387e+00
1.026554382702646206e+00
1.026555596724822994e+00
1.026556780785799372e+00
1.026557934680179418e+00
1.026559058193799112e+00
1.026560151103724339e+00
1.026561213178252219e+00
1.026562244176910887e+00
1.026563243850463492e+00
1.026564211940913740e+00
1.026565148181511899e+00
1.026566052296762788e+00
1.026566924002437098e+00
1.026567763005581613e+00
1.026568569004535192e+00
1.026569341688941872e+00
1.026570080739769297e+00
1.026570785829328702e+00
1.026571456621293787e+00
1.026572092770726030e+00
1.026572693924097335e+00
1.026573259719317566e+00
1.026573789785763857e+00
1.026574283744310145e+00
1.026574741207359587e+00
1.026575161778880085e+00
1.026575545054440264e+00
1.026575890621247433e+00
1.026576198058189338e+00
1.026576466935875676e+00
1.026576696816683842e+00
1.026576887254804893e+00
1.026577037796293057e+00
1.026577147979116589e+00
1.026577217333210612e+00
1.026577245380534187e+00
1.026577231635125376e+00
1.026577175603163639e+00
1.026577076783029341e+00
1.026576934665370811e+00
1.026576748733168287e+00
1.026576518461805199e+00
1.026576243319137216e+00
1.026575922765567084e+00
1.026575556254119448e+00
1.026575143230520570e+00
1.026574683133276711e+00
1.026574175393758726e+00
1.026573619436286888e+00
1.026573014678218598e+00
1.026572360530037642e+00
1.026571656395448784e+00
1.026570901671470804e+00
1.026570095748534639e+00
1.026569238010584195e+00
1.026568327835178041e+00
1.026567364593593767e+00
1.026566347650936795e+00
1.026565276366249613e+00
1.026564150092624361e+00
1.026562968177318069e+00
1.026561729961870117e+00
1.026560434782222586e+00
1.026559081968843046e+00
1.026557670846848680e+00
1.026556200736136404e+00
1.026554670951511206e+00
1.026553080802820705e+00
1.026551429595089271e+00
1.026549716628657016e+00
1.026547941199320579e+00
1.026546102598476340e+00
1.026544200113266303e+00
1.026542233026725759e+00
1.026540200617935827e+00
1.026538102162176003e+00
1.026535936931079807e+00
1.026533704192795105e+00
1.026531403212143312e+00
1.026529033250784817e+00
1.026526593567383738e+00
1.026524083417777788e+00
1.026521502055148805e+00
1.026518848730196165e+00
1.026516122691314425e+00
1.026513323184769400e+00
1.026510449454880902e+00
1.026507500744205936e+00
1.026504476293722989e+00
1.026501375343021216e+00
1.026498197130490508e+00
1.026494940893514229e+00
1.026491605868663282e+00
1.026488191291893726e+00
1.026484696398745733e+00
1.026481120424544757e+00
1.026477462604605595e+00
1.026473722174436665e+00
1.026469898369949174e+00
1.026465990427665176e+00
1.026461997584929176e+00
1.026457919080121961e+00
1.026453754152876430e+00
1.026449502044291862e+00
1.026445161997155076e+00
1.026440733256161142e+00
1.026436215068132096e+00
1.026431606682243647e+00
1.026426907350248996e+00
1.026422116326705325e+00
1.026417232869202056e+00
1.026412256238589338e+00
1.026407185699207858e+00
1.026402020519123326e+00
1.026396759970355399e+00
1.026391403329113938e+00
1.026385949876032821e+00
1.026380398896405310e+00
1.026374749680420972e+00
1.026369001523401936e+00
1.026363153726041144e+00
1.026357205594640831e+00
1.026351156441349888e+00
1.026345005584405001e+00
1.026338752348367578e+00
1.026332396064365771e+00
1.026325936070332290e+00
1.026319371711243988e+00
1.026312702339362559e+00
1.026305927314473454e+00
1.026299046004123916e+00
1.026292057783863676e+00
1.026284962037480319e+00
1.026277758157239095e+00
1.026270445544118282e+00
1.026263023608046332e+00
1.026255491768135908e+00
1.026247849452918359e+00
1.026240096100576427e+00
1.026232231159175612e+00
1.026224254086894661e+00
1.026216164352254268e+00
1.026207961434343563e+00
1.026199644823046375e+00
1.026191214019264386e+00
1.026182668535137621e+00
1.026174007894265383e+00
1.026165231631923414e+00
1.026156339295277053e+00
1.026147330443595962e+00
1.026138204648462615e+00
1.026128961493979697e+00
1.026119600576975044e+00
1.026110121507203043e+00
1.026100523907542250e+00
1.026090807414192119e+00
1.026080971676863296e+00
1.026071016358967691e+00
1.026060941137802995e+00
1.026050745704732980e+00
1.026040429765367801e+00
1.026029993039734967e+00
1.026019435262450319e+00
1.026008756182884341e+00
1.025997955565322695e+00
1.025987033189122766e+00
1.025975988848867759e+00
1.025964822354514139e+00
1.025953533531534179e+00
1.025942122221056074e+00
1.025930588279995836e+00
1.025918931581188520e+00
1.025907152013509460e+00
1.025895249481993954e+00
1.025883223907950281e+00
1.025871075229066509e+00
1.025858803399514851e+00
1.025846408390046260e+00
1.025833890188083464e+00
1.025821248797804230e+00
1.025808484240222418e+00
1.025795596553261246e+00
1.025782585791820800e+00
1.025769452027839534e+00
1.025756195350350231e+00
1.025742815865528623e+00
1.025729313696737588e+00
1.025715688984562224e+00
1.025701941886842050e+00
1.025688072578694099e+00
1.025674081252530456e+00
1.025659968118069365e+00
1.025645733402340110e+00
1.025631377349680795e+00
1.025616900221729466e+00
1.025602302297409452e+00
1.025587583872906494e+00
1.025572745261640994e+00
1.025557786794232928e+00
1.025542708818458326e+00
1.025527511699202865e+00
1.025512195818404582e+00
1.025496761574993476e+00
1.025481209384821568e+00
1.025465539680587401e+00
1.025449752911755663e+00
1.025433849544466813e+00
1.025417830061442270e+00
1.025401694961883825e+00
1.025385444761363063e+00
1.025369079991709009e+00
1.025352601200884450e+00
1.025336008952861366e+00
1.025319303827483042e+00
1.025302486420327952e+00
1.025285557342560327e+00
1.025268517220779607e+00
1.025251366696859900e+00
1.025234106427788117e+00
1.025216737085490548e+00
1.025199259356659232e+00
1.025181673942568539e+00
1.025163981558887993e+00
1.025146182935489314e+00
1.025128278816248129e+00
1.025110269958840803e+00
1.025092157134533721e+00
1.025073941127971899e+00
1.025055622736958050e+00
1.025037202772229872e+00
1.025018682057232233e+00
1.025000061427883358e+00
1.024981341732337459e+00
1.024962523830744932e+00
1.024943608595004108e+00
1.024924596908514118e+00
1.024905489665919767e+00
1.024886287772855509e+00
1.024866992145683886e+00
1.024847603711232846e+00
1.024828123406526181e+00
1.024808552178516408e+00
1.024788890983809431e+00
1.024769140788388988e+00
1.024749302567339093e+00
1.024729377304562261e+00
1.024709365992497290e+00
1.024689269631833710e+00
1.024669089231225572e+00
1.024648825807001895e+00
1.024628480382877127e+00
1.024608053989659595e+00
1.024587547664958409e+00
1.024566962452889918e+00
1.024546299403784388e+00
1.024525559573888689e+00
1.024504744025071856e+00
1.024483853824528889e+00
1.024462890044485208e+00
1.024441853761898669e+00
1.024420746058166243e+00
1.024399568018826034e+00
1.024378320733263736e+00
1.024357005294417089e+00
1.024335622798483891e+00
1.024314174344628015e+00
1.024292661034689189e+00
1.024271083972891905e+00
1.024249444265557862e+00
1.024227743020818870e+00
1.024205981348331074e+00
1.024184160358993845e+00
1.024162281164665567e+00
1.024140344877887632e+00
1.024118352611606220e+00
1.024096305478899849e+00
1.024074204592706483e+00
1.024052051065555524e+00
1.024029846009303135e+00
1.024007590534867562e+00
1.023985285751971119e+00
