1.000603444564682754e+00
1.000676036624856824e+00
1.000795151950169659e+00
1.000938064786452308e+00
1.001097493710659148e+00
1.001265773757128663e+00
1.001436020028177776e+00
1.001609343411681730e+00
1.001790554595042293e+00
1.001976654927371424e+00
1.002160788676789593e+00
1.002341646624260951e+00
1.002526346562094162e+00
1.002716453571184108e+00
1.002905386046868408e+00
1.003088259122465020e+00
1.003270395154092665e+00
1.003458033397880200e+00
1.003646977496256643e+00
1.003829977282096220e+00
1.004007950417799888e+00
1.004189499627927695e+00
1.004374934716253165e+00
1.004556660241620492e+00
1.004730866049444948e+00
1.004904809004186994e+00
1.005083958678093525e+00
1.005262702871662972e+00
1.005433955793546330e+00
1.005600603218521183e+00
1.005771478706304567e+00
1.005945235316465070e+00
1.006113726726484359e+00
1.006274585959278545e+00
1.006436373126370132e+00
1.006603171982937139e+00
1.006768195492008022e+00
1.006925000743221554e+00
1.007078339222470920e+00
1.007236589512087832e+00
1.007396737207765458e+00
1.007550485242177496e+00
1.007697157799712695e+00
1.007846094081220834e+00
1.007999690808924598e+00
1.008150276510876076e+00
1.008292425203038079e+00
1.008432564395706166e+00
1.008578105353538312e+00
1.008724497668164410e+00
1.008863647975619893e+00
1.008996703611473311e+00
1.009133275957827092e+00
1.009273949973733764e+00
1.009410468045469855e+00
1.009538719805782359e+00
1.009666533799049803e+00
1.009799968907067802e+00
1.009933144229535618e+00
1.010058490549206933e+00
1.010179009273483697e+00
1.010304099952253232e+00
1.010432537120949270e+00
1.010555769032027484e+00
1.010671236629454128e+00
1.010787825116417071e+00
1.010909969038451095e+00
1.011030699986950498e+00
1.011143268595493083e+00
1.011252466850642406e+00
1.011367034341329685e+00
1.011484029260112827e+00
1.011594890594476492e+00
1.011698784864285550e+00
1.011805255976618856e+00
1.011916946773723014e+00
1.012026062020689787e+00
1.012126946940669736e+00
1.012226028443803827e+00
1.012330988648183938e+00
1.012437331361605963e+00
1.012536767295415308e+00
1.012630294856415425e+00
1.012727683852599592e+00
1.012829715955722243e+00
1.012928037576507068e+00
1.013018338632670545e+00
1.013108437068421575e+00
1.013204626167894862e+00
1.013301065177533378e+00
1.013390015406943956e+00
1.013474335644719115e+00
1.013563576859308313e+00
1.013656679958638618e+00
1.013745004805183703e+00
1.013825801823558415e+00
1.013907957348746169e+00
1.013996124272461552e+00
1.014083358288484060e+00
1.014162746231186407e+00
1.014238949347754826e+00
1.014320868438872036e+00
1.014405702524034503e+00
1.014484798510631780e+00
1.014557135770489449e+00
1.014632283622269426e+00
1.014713091883250984e+00
1.014791771677120202e+00
1.014862500618370245e+00
1.014931593914751407e+00
1.015006909173161720e+00
1.015084066113096206e+00
1.015154673630773940e+00
1.015219547005826062e+00
1.015288511900076074e+00
1.015362544119656318e+00
1.015433277993836203e+00
1.015496228274505697e+00
1.015559127105336579e+00
1.015628455956341769e+00
1.015698465095595804e+00
1.015761300723514227e+00
1.015819646475994098e+00
1.015883141641857002e+00
1.015950905103007784e+00
1.016014265804284333e+00
1.016070291044438356e+00
1.016127813248341116e+00
1.016191681658826784e+00
1.016255018341620131e+00
1.016310779522989538e+00
1.016363465164021207e+00
1.016422095872231424e+00
1.016484029067437511e+00
1.016540561319140057e+00
1.016590483019478075e+00
1.016643346071808063e+00
1.016702198834036341e+00
1.016759294587479268e+00
1.016808663831532566e+00
1.016856481258808564e+00
1.016910752337115031e+00
1.016967232840331636e+00
1.017017461076195950e+00
1.017062061730610090e+00
1.017110882245255032e+00
1.017165092668954829e+00
1.017216345697181890e+00
1.017259992826833326e+00
1.017303653498142779e+00
1.017353979673686126e+00
1.017405333468338835e+00
1.017449769374779489e+00
1.017489784823311982e+00
1.017535080519493818e+00
1.017584959026714309e+00
1.017630744063990011e+00
1.017669325483022025e+00
1.017709457171809939e+00
1.017756174631335497e+00
1.017802686574433846e+00
1.017841835832701936e+00
1.017877947829016527e+00
1.017920142306444564e+00
1.017965944336998163e+00
1.018006621527802080e+00
1.018040776292294947e+00
1.018077921124893592e+00
1.018121298713432710e+00
1.018163223409997542e+00
1.018197590764145843e+00
1.018230420546008430e+00
1.018269850934649501e+00
1.018311785004805126e+00
1.018347707920698397e+00
1.018378051239781978e+00
1.018412665135732142e+00
1.018452914167601531e+00
1.018490486426278263e+00
1.018520578134594956e+00
1.018550681337835773e+00
1.018587608234435393e+00
1.018625844817387271e+00
1.018657367740310793e+00
1.018684483091914394e+00
1.018716937143836265e+00
1.018754219656697657e+00
1.018787663958221401e+00
1.018813986969354435e+00
1.018841849834253965e+00
1.018876468308918870e+00
1.018911149626058776e+00
1.018938633871294464e+00
1.018963065023907211e+00
1.018993649443945992e+00
1.019028085501886505e+00
1.019057624355293790e+00
1.019080682145884653e+00
1.019106718889289276e+00
1.019139169145832469e+00
1.019170419363632174e+00
1.019194237961458915e+00
1.019216481864099855e+00
1.019245412735934497e+00
1.019277087732898268e+00
1.019302949113875201e+00
1.019323234819183632e+00
1.019347786310027759e+00
1.019378162966374290e+00
1.019406098027897611e+00
1.019426637857439477e+00
1.019447138812139109e+00
1.019474567162719003e+00
1.019503539871117415e+00
1.019525963909675648e+00
1.019543951895632183e+00
1.019567286138760576e+00
1.019595645878563328e+00
1.019620382365246325e+00
1.019638043023108454e+00
1.019657188101573464e+00
1.019683210123031980e+00
1.019709521642580885e+00
1.019728766364932593e+00
1.019744903523032598e+00
1.019767218581068446e+00
1.019793586717145484e+00
1.019815249558813530e+00
1.019830438808371431e+00
1.019848554363121496e+00
1.019873221361448978e+00
1.019896904508626356e+00
1.019913249978182890e+00
1.019927947742980567e+00
1.019949377397932899e+00
1.019973754294461354e+00
1.019992483496941160e+00
1.020005609854538253e+00
1.020022959228490844e+00
1.020046286213425191e+00
1.020067374590421405e+00
1.020081124544091500e+00
1.020094752110713987e+00
1.020115373876071319e+00
1.020137742032143358e+00
1.020153698614724602e+00
1.020165162191644104e+00
1.020181945117788480e+00
1.020203917717559694e+00
1.020222453833462772e+00
1.020233934066000492e+00
1.020246812821694160e+00
1.020266657216093220e+00
1.020286989252603416e+00
1.020300360259560613e+00
1.020310543166704331e+00
1.020326897521012466e+00
1.020347477717996831e+00
1.020363519949521347e+00
1.020373073239414285e+00
1.020385472277496763e+00
1.020404531962145089e+00
1.020422799124507174e+00
1.020433801114372319e+00
1.020443058497710442e+00
1.020459064789816406e+00
1.020478196430389950e+00
1.020491824984266493e+00
1.020499803067236977e+00
1.020511935876228016e+00
1.020530173535263208e+00
1.020546353978568188e+00
1.020555234113734500e+00
1.020563886378944352e+00
1.020579574695740011e+00
1.020597189635153113e+00
1.020608511736369461e+00
1.020615265423863161e+00
1.020627288232503371e+00
1.020644642811852520e+00
1.020658729024614075e+00
1.020665762995853099e+00
1.020674089295082743e+00
1.020689447689130169e+00
1.020705472896330956e+00
1.020714627126531049e+00
1.020720495897857738e+00
1.020732508361289703e+00
1.020748900105111101e+00
1.020760905224693538e+00
1.020766391752493618e+00
1.020774624617389437e+00
1.020789607563519219e+00
1.020803972866287213e+00
1.020811132113503605e+00
1.020816434308479126e+00
1.020828482986343211e+00
1.020843818212931797e+00
1.020853781377556668e+00
1.020858033738003545e+00
1.020866354930213937e+00
1.020880890685296194e+00
1.020893536445566463e+00
1.020898908611480138e+00
1.020903932851856988e+00
1.020916017282110122e+00
1.020930193800857477e+00
1.020938184781598590e+00
1.020941520417712134e+00
1.020950058449104247e+00
1.020964054848385372e+00
1.020974938900295559e+00
1.020978764575432240e+00
1.020983762535621953e+00
1.020995842964558697e+00
1.021008756528114736e+00
1.021014879612978987e+00
1.021017609163142659e+00
1.021026439171246469e+00
1.021039788224887168e+00
1.021048891783057133e+00
1.021051438569497094e+00
1.021056618984255593e+00
1.021068624387772683e+00
1.021080175918261279e+00
1.021084572556716807e+00
1.021086989466985617e+00
1.021096135941287564e+00
1.021108718141729543e+00
1.021116050792401087e+00
1.021117604647996835e+00
1.021123128592447804e+00
1.021134963770142123e+00
1.021145066665925416e+00
1.021147916035280323e+00
1.021150287438184812e+00
1.021159729673732475e+00
1.021171418939103237e+00
1.021177022961224701e+00
1.021177877571879833e+00
1.021183855421244457e+00
1.021195406603765399e+00
1.021203993429141477e+00
1.021205510101427016e+00
1.021208069118797912e+00
1.021217748517755375e+00
1.021228418223552481e+00
1.021232372247427467e+00
1.021232817744935018e+00
1.021239308483318231e+00
1.021250447728792921e+00
1.021257475940507309e+00
1.021257904259306404e+00
1.021260843614044234e+00
1.021270671479887149e+00
1.021280201372036789e+00
1.021282622924381656e+00
1.021282935143742687e+00
1.021289948549823912e+00
1.021300537796894670e+00
1.021305994578715515e+00
1.021305600037925920e+00
1.021309066969929180e+00
1.021318931523320206e+00
1.021327214836471153e+00
1.021328260947117039e+00
1.021328691954146661e+00
1.021336193607334852e+00
1.021346089325445128e+00
1.021349995773824126e+00
1.021349054342517437e+00
1.021353147186788490e+00
1.021362919150827553e+00
1.021369869206476988e+00
1.021369734225418657e+00
1.021370504309709215e+00
1.021378422599992675e+00
1.021387481545029896e+00
1.021389896245351370e+00
1.021388682935755909e+00
1.021393450011196080e+00
1.021402986952079983e+00
1.021408542837832556e+00
1.021407453004284260e+00
1.021408744024551396e+00
1.021416977828341288e+00
1.021425063754833218e+00
1.021426085339311562e+00
1.021424863236167546e+00
1.021430304602255923e+00
1.021439454846472472e+00
1.021443586205339926e+00
1.021441791179904079e+00
1.021443741222105572e+00
1.021452166929718519e+00
1.021459157608433532e+00
1.021458925490788427e+00
1.021457936022930557e+00
1.021464008116526490e+00
1.021472615198477651e+00
1.021475326365682612e+00
1.021473088606789537e+00
1.021475788266568818e+00
1.021484265422667681e+00
1.021490059218056468e+00
1.021488751631387304e+00
1.021488206324438819e+00
1.021494828729395010e+00
1.021502736934791766e+00
1.021504070493939320e+00
1.021501653753808636e+00
1.021505144670749266e+00
1.021513520325719071e+00
1.021518041886560590e+00
1.021515870704739370e+00
1.021515944312372248e+00
1.021523007352200363e+00
1.021530068272097802e+00
1.021530107667943499e+00
1.021527765850317016e+00
1.021532042079545510e+00
1.021540154624688057e+00
1.021543359675318285e+00
1.021540562151482145e+00
1.021541387097906650e+00
1.021548758903794596e+00
1.021554838381125485e+00
1.021553708810809535e+00
1.021551676023819244e+00
1.021556688327186713e+00
1.021564371778403979e+00
1.021566251241160295e+00
1.021563079481567771e+00
1.021564741883485006e+00
1.021572274118800694e+00
1.021577258829039492e+00
1.021575125523516370e+00
1.021573607615886115e+00
1.021579270000317008e+00
1.021586359352758100e+00
1.021586942905410744e+00
1.021583652330165126e+00
1.021586190203626732e+00
1.021593722455661712e+00
1.021597525630925318e+00
1.021594588951340921e+00
1.021593756446862011e+00
1.021599953676555428e+00
1.021606291312404213e+00
1.021605650066329529e+00
1.021602488121470032e+00
1.021605892384729541e+00
1.021613255944986198e+00
1.021615822187121214e+00
1.021612309594585266e+00
1.021612291935479311e+00
1.021618886645297319e+00
1.021624329215765403e+00
1.021622576768677071e+00
1.021619772775970159e+00
1.021623991199606341e+00
1.021631013203660343e+00
1.021632322607403776e+00
1.021628478260381057e+00
1.021629359586280872e+00
1.021636198102092941e+00
1.021640623118369895e+00
1.021637914084772225e+00
1.021635670570263166e+00
1.021640614080192577e+00
1.021647122684596232e+00
1.021647194404318393e+00
1.021643267608046912e+00
1.021645084651553459e+00
1.021652001440750190e+00
1.021655313041984758e+00
1.021651838435191140e+00
1.021650323874319755e+00
1.021655873977475482e+00
1.021661704624928557e+00
1.021660599619965915e+00
1.021656833411286769e+00
1.021659576142392334e+00
1.021666397559781281e+00
1.021668531360652388e+00
1.021664510811173265e+00
1.021663853683536072e+00
1.021669869625689842e+00
1.021674871863567091e+00
1.021672694111714019e+00
1.021669314917503790e+00
1.021672930154545078e+00
1.021679478455363776e+00
1.021680405681105963e+00
1.021676077179664022e+00
1.021676361519657128e+00
1.021682686209944402e+00
1.021686730295130907e+00
1.021683625574057341e+00
1.021680834339296018e+00
1.021685231811659600e+00
1.021691330160683808e+00
1.021691061229597963e+00
1.021686669587885010e+00
1.021687932584614211e+00
1.021694397121716502e+00
1.021697379841047582e+00
1.021693531404658906e+00
1.021691496155165080e+00
1.021696555836091314e+00
1.021702034433714434e+00
1.021700621771084450e+00
1.021696407098257042e+00
1.021698639393040509e+00
1.021705066797264472e+00
1.021706916361719397e+00
1.021702537423798240e+00
1.021701387143157502e+00
1.021706966450835585e+00
1.021711669289266933e+00
1.021709208700964489e+00
1.021705395883823808e+00
1.021708544845719047e+00
1.021714753963175459e+00
1.021715434166457381e+00
1.021710757811717274e+00
1.021710577779005868e+00
1.021716517613402431e+00
1.021720309098929746e+00
1.021716938805774078e+00
1.021713728444897828e+00
1.021717703989685644e+00
1.021723514344877959e+00
1.021723028169168934e+00
1.021718295849050051e+00
1.021719124960011049e+00
1.021725254321602883e+00
1.021728025155954622e+00
1.021723921772956123e+00
1.021721482570890016e+00
1.021726164395300840e+00
1.021731402182555204e+00
1.021729794683302384e+00
1.021725244604421601e+00
1.021727075335055801e+00
1.021733215063967526e+00
1.021734887197298658e+00
1.021730258498938948e+00
1.021728720970292770e+00
1.021733965794827892e+00
1.021738470573401836e+00
1.021735830412623169e+00
1.021731686852928700e+00
1.021734468204585466e+00
1.021740434794454311e+00
1.021740965619369446e+00
1.021736040640894849e+00
1.021735492252451305e+00
1.021741139977519364e+00
1.021744771314125888e+00
1.021741230049093563e+00
1.021737694111017447e+00
1.021741337182672904e+00
1.021746947488300306e+00
1.021746333476461821e+00
1.021741351068338410e+00
1.021741833298235536e+00
1.021747711730972119e+00
1.021750355149337430e+00
1.021746083521961612e+00
1.021743325353362764e+00
1.021747710470821691e+00
1.021752787569097709e+00
1.021751067228866106e+00
1.021746264377356939e+00
1.021747772357662454e+00
1.021753700977826362e+00
1.021755272981363261e+00
1.021750473979827101e+00
1.021748626326925757e+00
1.021753610323958394e+00
1.021757990147958539e+00
1.021755245715932681e+00
1.021750846709059024e+00
1.021753331845087320e+00
1.021759125546192859e+00
1.021759577858216694e+00
1.021754477029040986e+00
1.021753630192506979e+00
1.021759052690776270e+00
1.021762590693447326e+00
1.021758947676999707e+00
1.021755154682653988e+00
1.021758529974616359e+00
1.021764003637317897e+00
1.021763326875041678e+00
1.021758160958328165e+00
1.021758359605627442e+00
1.021764047862533609e+00
1.021766625039421506e+00
1.021762248821032060e+00
1.021759233946198719e+00
1.021763381005095006e+00
1.021768355230461278e+00
1.021766581936168095e+00
1.021761587137217209e+00
1.021762829635770142e+00
1.021768602354611311e+00
1.021770130344910266e+00
1.021765219552225545e+00
1.021763118246090896e+00
1.021767894607068961e+00
1.021772202287864140e+00
1.021769408775407006e+00
1.021764809793025419e+00
1.021767050507278451e+00
1.021772721521574834e+00
1.021773146903450780e+00
1.021767923950180013e+00
1.021766829787345454e+00
1.021772075314786532e+00
1.021775568318805227e+00
1.021771874467141572e+00
1.021767874903058315e+00
1.021771029260172714e+00
1.021776411982104671e+00
1.021775719989090891e+00
1.021770419811155906e+00
1.021770381070201239e+00
1.021775922936569270e+00
1.021778478204914409e+00
1.021774044379427426e+00
1.021770818639249123e+00
1.021774770021377066e+00
1.021779683048843035e+00
1.021777900673724426e+00
1.021772758969266670e+00
1.021773777666580063e+00
1.021779434221999683e+00
1.021780958954861651e+00
1.021775979695105807e+00
1.021773666246508228e+00
1.021778273327635267e+00
1.021782546949103976e+00
1.021779744940315204e+00
1.021774987071563334e+00
1.021777020938569924e+00
1.021782605352651752e+00
1.021783041366848055e+00
1.021777736171878059e+00
1.021776432163691739e+00
1.021781535438310629e+00
1.021785018332090456e+00
1.021781311233190381e+00
1.021777142472093836e+00
1.021780109758487320e+00
1.021785434352024735e+00
1.021784761843478329e+00
1.021779364027135761e+00
1.021779121645267630e+00
1.021784548545515703e+00
1.021787113953651627e+00
1.021782657341175460e+00
1.021779254613794263e+00
1.021783040844279622e+00
1.021787922570481344e+00
1.021786163288826765e+00
1.021780908204188432e+00
1.021781733414984794e+00
1.021787302252764373e+00
1.021788853255900964e+00
1.021783837751585100e+00
1.021781342754233712e+00
1.021785808077949165e+00
1.021790074955910121e+00
1.021787294344369768e+00
1.021782408169446210e+00
1.021784262378780284e+00
1.021789785958171937e+00
1.021790259900984710e+00
1.021784902215022495e+00
1.021783415876006185e+00
1.021788401714776917e+00
1.021791899539262305e+00
1.021788207013272665e+00
1.021783896836822692e+00
1.021786701423728960e+00
1.021791991263505839e+00
1.021791363566032729e+00
1.021785895488243057e+00
1.021785474110788350e+00
1.021790808419597241e+00
1.021793407008798837e+00
1.021788953507931197e+00
1.021785398917751664e+00
1.021789041842680268e+00
1.021793913531575893e+00
1.021792200931866734e+00
1.021786857555770034e+00
1.021787511279006244e+00
1.021793012572201675e+00
1.021794611134475117e+00
1.021789583463915019e+00
1.021786929522301435e+00
1.021791272676631390e+00
1.021795552229682880e+00
1.021792815059883175e+00
1.021787823462028122e+00
1.021789517603414410e+00
1.021794998550006772e+00
1.021795530181855760e+00
1.021790142325416539e+00
1.021788493878831527e+00
1.021793379846770655e+00
1.021796910419007443e+00
1.021793253115139244e+00
1.021788822284616760e+00
1.021791481596721507e+00
1.021796753141069658e+00
1.021796188689620966e+00
1.021790670952453794e+00
1.021790088570059929e+00
1.021795346035715202e+00
1.021797994240646101e+00
1.021793563204595578e+00
1.021789875474983678e+00
1.021793390591799522e+00
1.021798267182725262e+00
1.021796618553488578e+00
1.021791205800510083e+00
1.021791703960480913e+00
1.021797151828484518e+00
1.021798813198333544e+00
1.021793791471784729e+00
1.021790995356251619e+00
1.021795230129229903e+00
1.021799535993157981e+00
1.021796858554657295e+00
1.021791778793252226e+00
1.021793326910202415e+00
1.021798777895750687e+00
1.021799381455987588e+00
1.021793980313725037e+00
1.021792184666832748e+00
1.021796983033012474e+00
1.021800558884202292e+00
1.021796952200137554e+00
1.021792416356878341e+00
1.021794942754832514e+00
1.021800207410046291e+00
1.021799719595146705e+00
1.021794167854214841e+00
1.021793437613926603e+00
1.021798629151422055e+00
1.021801338577052576e+00
1.021796944573225119e+00
1.021793137768918225e+00
1.021796535952171237e+00
1.021801427769168269e+00
1.021799855792648648e+00
1.021794388079704241e+00
1.021794742186642013e+00
1.021800146339088666e+00
1.021801881353740615e+00
1.021796879326388297e+00
1.021793953570493851e+00
1.021798089531897880e+00
1.021802431126686450e+00
1.021799825506581438e+00
1.021794670753963352e+00
1.021796082865969568e+00
1.021801512538942358e+00
1.021802198239244674e+00
1.021796796738132951e+00
1.021794864946110826e+00
1.021799584132847549e+00
1.021803213944303401e+00
1.021799669448491654e+00
1.021795040521937592e+00
1.021797442696873670e+00
1.021802708197786735e+00
1.021802306733672783e+00
1.021796733052071415e+00
1.021795864598223247e+00
1.021800997616302276e+00
1.021803776352968374e+00
1.021799430465053948e+00
1.021795515281297195e+00
1.021798804059142141e+00
1.021803718074924205e+00
1.021802232079431105e+00
1.021796720564983385e+00
1.021796938942340027e+00
1.021802305893464879e+00
1.021804122182330854e+00
1.021799150445290127e+00
1.021796104525036331e+00
1.021800148193735991e+00
1.021804531879695777e+00
1.021802007107763144e+00
1.021796787582338162e+00
1.021798070807076630e+00
1.021803484902961578e+00
1.021804260027488809e+00
1.021798868225165968e+00
1.021796808568772530e+00
1.021801454218073335e+00
1.021805143877591915e+00
1.021801670355107827e+00
1.021796957597768785e+00
1.021799241596225594e+00
1.021804513020355465e+00
1.021804204949617656e+00
1.021798618791430524e+00
1.021797619249508182e+00
1.021802698623949457e+00
1.021805552211503709e+00
1.021801262993472958e+00
1.021797247700216849e+00
1.021800432189313046e+00
1.021805372950518320e+00
1.021803979826672482e+00
1.021798433316675858e+00
1.021798521998389608e+00
1.021803855954420692e+00
1.021805758818087551e+00
1.021800825667574797e+00
1.021797666861824938e+00
1.021801622557492628e+00
1.021806052478387183e+00
1.021803615361584594e+00
1.021798339152988788e+00
1.021799498523685790e+00
1.021804900673277006e+00
1.021805770379125455e+00
1.021800396254925580e+00
1.021798215023767664e+00
1.021802790772387004e+00
1.021806544141630191e+00
1.021803148353211288e+00
1.021798359091391273e+00
1.021800529059012863e+00
1.021805809562064127e+00
1.021805599983744539e+00
1.021800008933276160e+00
1.021798883622325960e+00
1.021803912400596648e+00
1.021806844526110147e+00
1.021802618691798337e+00
1.021798509816002287e+00
1.021801593397395180e+00
1.021806563693181236e+00
1.021805268555441515e+00
1.021799694156738658e+00
1.021799657534694372e+00
1.021804961034042059e+00
1.021806954078058993e+00
1.021802066141289878e+00
1.021798800151374476e+00
1.021802670608116914e+00
1.021807149298360251e+00
1.021804805021206297e+00
1.021799478683455664e+00
1.021800517736885627e+00
1.021805910047588251e+00
1.021806877940089064e+00
1.021801527962777900e+00
1.021799230017684357e+00
1.021803738053836952e+00
1.021807557519337717e+00
1.021804244745760260e+00
1.021799384917686071e+00
1.021801443632837314e+00
1.021806734976286712e+00
1.021806627567758863e+00
1.021801037844336513e+00
1.021799790787268458e+00
1.021804770693423237e+00
1.021807783690938720e+00
1.021803626607318272e+00
1.021799429420962246e+00
1.021802414224042721e+00
1.021807415564723875e+00
1.021806222224536764e+00
1.021800625811616126e+00
1.021800467098678222e+00
1.021805741469847151e+00
1.021807827057887863e+00
1.021802989739929668e+00
1.021799621132164049e+00
1.021803407937270647e+00
1.021807936756023327e+00
1.021805689309368326e+00
1.021800318284080022e+00
1.021801239480721435e+00
1.021806622951947574e+00
1.021807691495587811e+00
1.021802371028233569e+00
1.021799960202635749e+00
1.021804401663748862e+00
1.021808288530570596e+00
1.021805062961100186e+00
1.021800137500744388e+00
1.021802086755769334e+00
1.021807389683824452e+00
1.021807387073461193e+00
1.021801803898474859e+00
1.021800438186365456e+00
1.021805369981789280e+00
1.021808465189388615e+00
1.021804381228515135e+00
1.021800100096827535e+00
1.021802987345309832e+00
1.021808020304554976e+00
1.021806931608389757e+00
1.021801318156397631e+00
1.021801039717341819e+00
1.021806285406382742e+00
1.021808464984300890e+00
1.021803682787107093e+00
1.021800215308949378e+00
1.021803919216922374e+00
1.021808498658850928e+00
1.021806351146559155e+00
1.021800940065366703e+00
1.021801745090266555e+00
1.021807119910991712e+00
1.021808290723738910e+00
1.021803004313197150e+00
1.021800483700481266e+00
1.021804858958394568e+00
1.021808813732492993e+00
1.021805678743203272e+00
1.021800691855170751e+00
1.021802532730096358e+00
1.021807847240379985e+00
1.021807951275092385e+00
1.021802379135022587e+00
1.021800897188655632e+00
1.021805780931358321e+00
1.021808958947921564e+00
1.021804951739657685e+00
1.021800590371231943e+00
1.021803380632267721e+00
1.021808445093564721e+00
1.021807463166274133e+00
1.021801836990369194e+00
1.021801440580288656e+00
1.021806657386886474e+00
1.021808931716444047e+00
1.021804208468565678e+00
1.021800645276465636e+00
1.021804266435868414e+00
1.021808896355731688e+00
1.021806851216154666e+00
1.021801404118841461e+00
1.021802094099215630e+00
1.021807459863284473e+00
1.021808733929608248e+00
1.021803485515616838e+00
1.021800857677003904e+00
1.021805166544704324e+00
1.021809189137723672e+00
1.021806147493144135e+00
1.021801102851721321e+00
1.021802835913035779e+00
1.021808161453223285e+00
1.021808373392819824e+00
1.021802816229902433e+00
1.021801219989766807e+00
1.021806055223018816e+00
1.021809316095144693e+00
1.021805388710866680e+00
1.021800950339500691e+00
1.021803643705336384e+00
1.021808739041770941e+00
1.021807865464047005e+00
1.021802230393574762e+00
1.021801717331837889e+00
1.021806904581716857e+00
1.021809273911379101e+00
1.021804612935482526e+00
1.021800956761202972e+00
1.021804494880707459e+00
1.021809174657821950e+00
1.021807233825875461e+00
1.021801754319733746e+00
1.021802329984442981e+00
1.021807685848415748e+00
1.021809063675525486e+00
1.021803856743675576e+00
1.021801123860567539e+00
1.021805365744036020e+00
1.021809455623835516e+00
1.021806509624981096e+00
1.021801410520108089e+00
1.021803035967042472e+00
1.021808371579578045e+00
1.021808692239815963e+00
1.021803153591968716e+00
1.021801444658037683e+00
1.021806230549365146e+00
1.021809573909207680e+00
1.021805728997010831e+00
