1.000603444564682754e+00
1.000677455305783115e+00
1.000800043887332347e+00
1.000944427485390475e+00
1.001101609877484977e+00
1.001267279839557212e+00
1.001438903487263943e+00
1.001614802261004300e+00
1.001793781732355004e+00
1.001974952488185799e+00
1.002157631181101127e+00
1.002341280332858631e+00
1.002525469162128147e+00
1.002709846872870125e+00
1.002894123836350904e+00
1.003078058023066266e+00
1.003261445048112321e+00
1.003444110762945707e+00
1.003625905670972429e+00
1.003806700664854112e+00
1.003986383730635978e+00
1.004164857365057895e+00
1.004342036523400594e+00
1.004517846965577998e+00
1.004692223904169568e+00
1.004865110883880863e+00
1.005036458840512958e+00
1.005206225300904643e+00
1.005374373695024026e+00
1.005540872758446946e+00
1.005705696008611039e+00
1.005868821282044134e+00
1.006030230322587204e+00
1.006189908412745693e+00
1.006347844041916906e+00
1.006504028606451939e+00
1.006658456137477620e+00
1.006811123053127144e+00
1.006962027932417403e+00
1.007111171308474162e+00
1.007258555479157991e+00
1.007404184333458463e+00
1.007548063192236665e+00
1.007690198662101633e+00
1.007830598501351815e+00
1.007969271497039188e+00
1.008106227352312256e+00
1.008241476583282337e+00
1.008375030424719432e+00
1.008506900743946444e+00
1.008637099962347738e+00
1.008765640983944945e+00
1.008892537130535727e+00
1.009017802082914805e+00
1.009141449827733794e+00
1.009263494609569545e+00
1.009383950887808634e+00
1.009502833297966529e+00
1.009620156617080600e+00
1.009735935732849477e+00
1.009850185616189000e+00
1.009962921296913674e+00
1.010074157842255183e+00
1.010183910337953961e+00
1.010292193871678457e+00
1.010399023518533390e+00
1.010504414328447176e+00
1.010608381315232229e+00
1.010710939447134304e+00
1.010812103638699000e+00
1.010911888743796005e+00
1.011010309549658537e+00
1.011107380771804287e+00
1.011203117049721545e+00
1.011297532943208566e+00
1.011390642929275829e+00
1.011482461399518362e+00
1.011573002657887077e+00
1.011662280918790957e+00
1.011750310305470579e+00
1.011837104848595459e+00
1.011922678485037697e+00
1.012007045056792620e+00
1.012090218310008893e+00
1.012172211894106777e+00
1.012253039360968554e+00
1.012332714164176251e+00
1.012411249658295542e+00
1.012488659098189192e+00
1.012564955638360242e+00
1.012640152332317411e+00
1.012714262131965581e+00
1.012787297887017601e+00
1.012859272344434070e+00
1.012930198147888206e+00
1.013000087837262697e+00
1.013068953848181408e+00
1.013136808511579057e+00
1.013203664053313080e+00
1.013269532593820133e+00
1.013334426147822320e+00
1.013398356624084728e+00
1.013461335825226906e+00
1.013523375447589636e+00
1.013584487081158336e+00
1.013644682209543291e+00
1.013703972210018955e+00
1.013762368353616772e+00
1.013819881805274381e+00
1.013876523624038128e+00
1.013932304763314862e+00
1.013987236071173914e+00
1.014041328290689492e+00
1.014094592060328814e+00
1.014147037914373550e+00
1.014198676283373679e+00
1.014249517494633102e+00
1.014299571772716124e+00
1.014348849239974815e+00
1.014397359917091457e+00
1.014445113723632108e+00
1.014492120478607262e+00
1.014538389901034288e+00
1.014583931610499867e+00
1.014628755127718662e+00
1.014672869875083316e+00
1.014716285177205357e+00
1.014759010261442107e+00
1.014801054258410939e+00
1.014842426202483106e+00
1.014883135032264683e+00
1.014923189591053099e+00
1.014962598627279444e+00
1.015001370794924362e+00
1.015039514653920616e+00
1.015077038670532783e+00
1.015113951217714972e+00
1.015150260575457875e+00
1.015185974931110957e+00
1.015221102379695761e+00
1.015255650924199893e+00
1.015289628475862127e+00
1.015323042854446633e+00
1.015355901788507431e+00
1.015388212915648403e+00
1.015419983782777980e+00
1.015451221846362717e+00
1.015481934472679981e+00
1.015512128938073966e+00
1.015541812429216595e+00
1.015570992043373533e+00
1.015599674788680185e+00
1.015627867584427912e+00
1.015655577261362463e+00
1.015682810561995719e+00
1.015709574140935434e+00
1.015735874565230512e+00
1.015761718314734274e+00
1.015787111782490371e+00
1.015812061275136235e+00
1.015836573013332522e+00
1.015860653132211855e+00
1.015884307681854004e+00
1.015907542627784821e+00
1.015930363851498708e+00
1.015952777151010178e+00
1.015974788241427174e+00
1.015996402755553696e+00
1.016017626244518191e+00
1.016038464178426803e+00
1.016058921947045945e+00
1.016079004860509949e+00
1.016098718150055591e+00
1.016118066968782596e+00
1.016137056392441895e+00
1.016155691420248308e+00
1.016173976975720539e+00
1.016191917907545150e+00
1.016209518990467853e+00
1.016226784926206328e+00
1.016243720344390145e+00
1.016260329803524209e+00
1.016276617791973091e+00
1.016292588728970214e+00
1.016308246965648809e+00
1.016323596786093075e+00
1.016338642408409987e+00
1.016353387985821533e+00
1.016367837607774716e+00
1.016381995301069985e+00
1.016395865031006318e+00
1.016409450702540518e+00
1.016422756161464269e+00
1.016435785195589858e+00
1.016448541535951877e+00
1.016461028858017812e+00
1.016473250782906845e+00
1.016485210878617984e+00
1.016496912661262630e+00
1.016508359596303368e+00
1.016519555099794303e+00
1.016530502539621850e+00
1.016541205236746626e+00
1.016551666466441795e+00
1.016561889459526080e+00
1.016571877403593893e+00
1.016581633444232802e+00
1.016591160686236117e+00
1.016600462194798826e+00
1.016609540996705530e+00
1.016618400081497509e+00
1.016627042402626024e+00
1.016635470878587189e+00
1.016643688394033518e+00
1.016651697800866394e+00
1.016659501919303210e+00
1.016667103538918981e+00
1.016674505419663532e+00
1.016681710292847596e+00
1.016688720862103601e+00
1.016695539804313597e+00
1.016702169770506536e+00
1.016708613386724025e+00
1.016714873254853879e+00
1.016720951953428376e+00
1.016726852038389195e+00
1.016732576043820169e+00
1.016738126482640503e+00
1.016743505847268469e+00
1.016748716610246017e+00
1.016753761224829411e+00
1.016758642125547230e+00
1.016763361728720838e+00
1.016767922432951776e+00
1.016772326619576505e+00
1.016776576653086517e+00
1.016780674881516244e+00
1.016784623636799889e+00
1.016788425235096716e+00
1.016792081977086371e+00
1.016795596148234893e+00
1.016798970019032300e+00
1.016802205845204865e+00
1.016805305867898301e+00
1.016808272313837858e+00
1.016811107395465985e+00
1.016813813311054027e+00
1.016816392244794587e+00
1.016818846366874363e+00
1.016821177833525880e+00
1.016823388787062576e+00
1.016825481355896565e+00
1.016827457654542410e+00
1.016829319783604468e+00
1.016831069829750911e+00
1.016832709865678197e+00
1.016834241950061779e+00
1.016835668127497261e+00
1.016836990428432896e+00
1.016838210869094761e+00
1.016839331451402373e+00
1.016840354162879656e+00
1.016841280976561457e+00
1.016842113850892293e+00
1.016842854729623546e+00
1.016843505541706882e+00
1.016844068201184559e+00
1.016844544607079515e+00
1.016844936643281461e+00
1.016845246178435636e+00
1.016845475065827342e+00
1.016845625143271370e+00
1.016845698232998974e+00
1.016845696141546407e+00
1.016845620659647675e+00
1.016845473562126623e+00
1.016845256607791903e+00
1.016844971539336617e+00
1.016844620083239503e+00
1.016844203949669234e+00
1.016843724832394713e+00
1.016843184408696255e+00
1.016842584339284539e+00
1.016841926268220453e+00
1.016841211822844038e+00
1.016840442613704765e+00
1.016839620234498698e+00
1.016838746262010984e+00
1.016837822256065227e+00
1.016836849759476191e+00
1.016835830298010945e+00
1.016834765380356220e+00
1.016833656498089766e+00
1.016832505125661701e+00
1.016831312720380964e+00
1.016830080722407992e+00
1.016828810554755602e+00
1.016827503623298101e+00
1.016826161316784827e+00
1.016824785006863685e+00
1.016823376048112237e+00
1.016821935778073005e+00
1.016820465517301209e+00
1.016818966569417615e+00
1.016817440221168489e+00
1.016815887742495095e+00
1.016814310386609854e+00
1.016812709390081615e+00
1.016811085972924911e+00
1.016809441338703435e+00
1.016807776674633734e+00
1.016806093151701118e+00
1.016804391924782447e+00
1.016802674132774253e+00
1.016800940898729522e+00
1.016799193330001350e+00
1.016797432518391719e+00
1.016795659540309593e+00
1.016793875456933227e+00
1.016792081314378038e+00
1.016790278143872683e+00
1.016788466961939363e+00
1.016786648770579449e+00
1.016784824557463329e+00
1.016782995296126479e+00
1.016781161946169743e+00
1.016779325453461835e+00
1.016777486750348736e+00
1.016775646755863294e+00
1.016773806375940392e+00
1.016771966503632996e+00
1.016770128019333086e+00
1.016768291790990819e+00
1.016766458674340345e+00
1.016764629513121410e+00
1.016762805139308279e+00
1.016760986373332898e+00
1.016759174024314039e+00
1.016757368890282898e+00
1.016755571758410026e+00
1.016753783405230926e+00
1.016752004596872538e+00
1.016750236089274839e+00
1.016748478628415775e+00
1.016746732950531085e+00
1.016744999782333458e+00
1.016743279841229253e+00
1.016741573835532542e+00
1.016739882464677391e+00
1.016738206419425694e+00
1.016736546382074113e+00
1.016734903026656145e+00
1.016733277019139958e+00
1.016731669017626460e+00
1.016730079672538700e+00
1.016728509626811494e+00
1.016726959516074391e+00
1.016725429968832195e+00
1.016723921606640602e+00
1.016722435044277617e+00
1.016720970889911424e+00
1.016719529745262030e+00
1.016718112205761138e+00
1.016716718860705360e+00
1.016715350293404985e+00
1.016714007081330973e+00
1.016712689796253066e+00
1.016711399004377459e+00
1.016710135266477355e+00
1.016708899138019762e+00
1.016707691169287830e+00
1.016706511905499877e+00
1.016705361886920400e+00
1.016704241648971330e+00
1.016703151722336163e+00
1.016702092633058552e+00
1.016701064902641116e+00
1.016700069048134480e+00
1.016699105582226093e+00
1.016698175013323713e+00
1.016697277845634906e+00
1.016696414579241203e+00
1.016695585710170269e+00
1.016694791730463621e+00
1.016694033128240360e+00
1.016693310387755567e+00
1.016692623989458699e+00
1.016691974410044885e+00
1.016691362122504216e+00
1.016690787596168377e+00
1.016690251296751057e+00
1.016689753686387920e+00
1.016689295223673462e+00
1.016688876363691652e+00
1.016688497558047022e+00
1.016688159254889978e+00
1.016687861898941225e+00
1.016687605931512639e+00
1.016687391790525474e+00
1.016687219910524798e+00
1.016687090722693476e+00
1.016687004654863280e+00
1.016686962131521099e+00
1.016686963573815827e+00
1.016687009399563024e+00
1.016687100023244250e+00
1.016687235856009064e+00
1.016687417305670360e+00
1.016687644776702815e+00
1.016687918670235558e+00
1.016688239384045289e+00
1.016688607312547177e+00
1.016689022846786417e+00
1.016689486374424689e+00
1.016689998279729501e+00
1.016690558943560196e+00
1.016691168743352858e+00
1.016691828053107205e+00
1.016692537243368610e+00
1.016693296681213665e+00
1.016694106730232638e+00
1.016694967750512379e+00
1.016695880098619664e+00
1.016696844127584320e+00
1.016697860186880131e+00
1.016698928622410847e+00
1.016700049776490644e+00
1.016701223987829472e+00
1.016702451591517065e+00
1.016703732919006953e+00
1.016705068298102477e+00
1.016706458052943907e+00
1.016707902503993788e+00
1.016709401968027171e+00
1.016710956758120066e+00
1.016712567183639893e+00
1.016714233550238156e+00
1.016715956159842449e+00
1.016717735310653126e+00
1.016719571297136859e+00
1.016721464410026421e+00
1.016723414936320680e+00
1.016725423159282382e+00
1.016727489358445258e+00
1.016729613809615129e+00
1.016731796784878794e+00
1.016734038552610464e+00
1.016736339377483977e+00
1.016738699520482569e+00
1.016741119238914859e+00
1.016743598786429059e+00
1.016746138413031630e+00
1.016748738365107707e+00
1.016751398885440194e+00
1.016754120213235746e+00
1.016756902584148747e+00
1.016759746230307959e+00
1.016762651380346716e+00
1.016765618259432458e+00
1.016768647089298927e+00
1.016771738088279697e+00
1.016774891471345033e+00
1.016778107450137636e+00
1.016781386233010620e+00
1.016784728025068585e+00
1.016788133028207586e+00
1.016791601441157544e+00
1.016795133459526213e+00
1.016798729275843360e+00
1.016802389079605851e+00
1.016806113057323824e+00
1.016809901392569770e+00
1.016813754266023384e+00
1.016817671855523297e+00
1.016821654336112601e+00
1.016825701880092137e+00
1.016829814657067566e+00
1.016833992834000444e+00
1.016838236575258847e+00
1.016842546042667328e+00
1.016846921395557546e+00
1.016851362790818447e+00
1.016855870382946669e+00
1.016860444324096502e+00
1.016865084764128957e+00
1.016869791850661287e+00
1.016874565729116497e+00
1.016879406542769093e+00
1.016884314432795033e+00
1.016889289538318142e+00
1.016894331996455181e+00
1.016899441942360927e+00
1.016904619509273910e+00
1.016909864828558829e+00
1.016915178029748734e+00
1.016920559240587885e+00
1.016926008587069052e+00
1.016931526193476820e+00
1.016937112182421998e+00
1.016942766674879817e+00
1.016948489790226340e+00
1.016954281646271330e+00
1.016960142359292218e+00
1.016966072044065861e+00
1.016972070813898288e+00
1.016978138780655350e+00
1.016984276054788694e+00
1.016990482745363522e+00
1.016996758960083902e+00
1.017003104805314972e+00
1.017009520386107368e+00
1.017016005806217427e+00
1.017022561168126504e+00
1.017029186573060517e+00
1.017035882121006374e+00
1.017042647910728626e+00
1.017049484039782570e+00
1.017056390604529792e+00
1.017063367700148380e+00
1.017070415420644913e+00
1.017077533858863569e+00
1.017084723106495003e+00
1.017091983254084120e+00
1.017099314391035847e+00
1.017106716605619798e+00
1.017114189984976491e+00
1.017121734615118234e+00
1.017129350580932456e+00
1.017137037966183044e+00
1.017144796853509892e+00
1.017152627324428682e+00
1.017160529459329554e+00
1.017168503337474661e+00
1.017176549036995059e+00
1.017184666634887158e+00
1.017192856207006502e+00
1.017201117828065549e+00
1.017209451571625234e+00
1.017217857510088752e+00
1.017226335714695118e+00
1.017234886255511173e+00
1.017243509201422702e+00
1.017252204620126443e+00
1.017260972578120537e+00
1.017269813140694534e+00
1.017278726371919628e+00
1.017287712334637551e+00
1.017296771090450358e+00
1.017305902699708886e+00
1.017315107221500980e+00
1.017324384713640395e+00
1.017333735232653469e+00
1.017343158833767802e+00
1.017352655570899156e+00
1.017362225496638573e+00
1.017371868662240386e+00
1.017381585117607568e+00
1.017391374911279511e+00
1.017401238090418270e+00
1.017411174700795229e+00
1.017421184786777122e+00
1.017431268391312926e+00
1.017441425555919210e+00
1.017451656320667031e+00
1.017461960724168168e+00
1.017472338803560694e+00
1.017482790594494979e+00
1.017493316131120373e+00
1.017503915446070550e+00
1.017514588570450185e+00
1.017525335533820963e+00
1.017536156364187150e+00
1.017547051087981824e+00
1.017558019730053331e+00
1.017569062313651962e+00
1.017580178860414186e+00
1.017591369390350886e+00
1.017602633921833366e+00
1.017613972471578254e+00
1.017625385054635290e+00
1.017636871684373334e+00
1.017648432372466827e+00
1.017660067128881796e+00
1.017671775961863201e+00
1.017683558877920724e+00
1.017695415881816334e+00
1.017707346976549410e+00
1.017719352163346080e+00
1.017731431441642354e+00
1.017743584809074786e+00
1.017755812261463610e+00
1.017768113792802964e+00
1.017780489395245347e+00
1.017792939059088742e+00
1.017805462772765290e+00
1.017818060522826418e+00
1.017830732293930174e+00
1.017843478068828578e+00
1.017856297828354961e+00
1.017869191551408647e+00
1.017882159214945403e+00
1.017895200793961452e+00
1.017908316261481261e+00
1.017921505588545550e+00
1.017934768744195750e+00
1.017948105695464012e+00
1.017961516407356548e+00
1.017975000842843425e+00
1.017988558962843459e+00
1.018002190726210898e+00
1.018015896089723205e+00
1.018029675008066626e+00
1.018043527433823314e+00
1.018057453317456451e+00
1.018071452607298699e+00
1.018085525249536882e+00
1.018099671188198219e+00
1.018113890365137664e+00
1.018128182720022590e+00
1.018142548190319463e+00
1.018156986711279410e+00
1.018171498215923343e+00
1.018186082635029965e+00
1.018200739897117790e+00
1.018215469928433148e+00
1.018230272652935087e+00
1.018245147992279165e+00
1.018260095865804793e+00
1.018275116190517693e+00
1.018290208881076797e+00
1.018305373849777595e+00
1.018320611006537035e+00
1.018335920258878646e+00
1.018351301511916107e+00
1.018366754668337260e+00
1.018382279628388565e+00
1.018397876289859116e+00
1.018413544548063765e+00
1.018429284295827131e+00
1.018445095423466729e+00
1.018460977818777424e+00
1.018476931367012561e+00
1.018492955950868861e+00
1.018509051450468217e+00
1.018525217743340594e+00
1.018541454704406712e+00
1.018557762205960948e+00
1.018574140117652460e+00
1.018590588306468536e+00
1.018607106636715276e+00
1.018623694970000715e+00
1.018640353165215728e+00
1.018657081078515603e+00
1.018673878563301827e+00
1.018690745470202774e+00
1.018707681647055718e+00
1.018724686938885737e+00
1.018741761187889505e+00
1.018758904233413087e+00
1.018776115911935065e+00
1.018793396057044554e+00
1.018810744499423437e+00
1.018828161066824389e+00
1.018845645584053550e+00
1.018863197872947879e+00
1.018880817752356727e+00
1.018898505038120295e+00
1.018916259543049430e+00
1.018934081076905418e+00
1.018951969446379557e+00
1.018969924455070952e+00
1.018987945903466308e+00
1.019006033588919724e+00
1.019024187305630491e+00
1.019042406844621773e+00
1.019060691993720846e+00
1.019079042537535784e+00
1.019097458257433919e+00
1.019115938931523191e+00
1.019134484334626389e+00
1.019153094238262280e+00
1.019171768410622958e+00
1.019190506616552083e+00
1.019209308617523124e+00
1.019228174171616264e+00
1.019247103033498414e+00
1.019266094954399682e+00
1.019285149682091829e+00
1.019304266960865846e+00
1.019323446531510413e+00
1.019342688131289698e+00
1.019361991493919817e+00
1.019381356349549073e+00
1.019400782424733753e+00
1.019420269442417037e+00
1.019439817121907232e+00
1.019459425178853573e+00
1.019479093325227126e+00
1.019498821269296363e+00
1.019518608715606511e+00
1.019538455364957130e+00
1.019558360914379680e+00
1.019578325057117540e+00
1.019598347482601586e+00
1.019618427876431088e+00
1.019638565920349960e+00
1.019658761292227211e+00
1.019679013666034528e+00
1.019699322711824507e+00
1.019719688095711341e+00
1.019740109479847279e+00
1.019760586522404644e+00
1.019781118877552295e+00
1.019801706195437419e+00
1.019822348122163769e+00
1.019843044299771906e+00
1.019863794366218990e+00
1.019884597955359240e+00
1.019905454696924618e+00
1.019926364216504178e+00
1.019947326135526300e+00
1.019968340071239599e+00
1.019989405636692936e+00
1.020010522440719214e+00
1.020031690087914722e+00
1.020052908178624040e+00
1.020074176308919167e+00
1.020095494070585751e+00
1.020116861051103996e+00
1.020138276833632229e+00
1.020159740996991360e+00
1.020181253115648445e+00
1.020202812759702038e+00
1.020224419494865087e+00
1.020246072882452282e+00
1.020267772479364066e+00
1.020289517838074200e+00
1.020311308506614667e+00
1.020333144028563677e+00
1.020355023943032569e+00
1.020376947784653598e+00
1.020398915083568614e+00
1.020420925365417730e+00
1.020442978151327562e+00
1.020465072957903452e+00
1.020487209297217035e+00
1.020509386676799357e+00
1.020531604599631326e+00
1.020553862564135716e+00
1.020576160064170068e+00
1.020598496589020021e+00
1.020620871623392434e+00
1.020643284647411608e+00
1.020665735136611740e+00
1.020688222561935588e+00
1.020710746389729584e+00
1.020733306081739844e+00
1.020755901095112383e+00
1.020778530882390234e+00
1.020801194891513219e+00
1.020823892565817737e+00
1.020846623344038306e+00
1.020869386660308464e+00
1.020892181944163202e+00
1.020915008620542963e+00
1.020937866109797199e+00
1.020960753827688805e+00
1.020983671185401231e+00
1.021006617589543808e+00
1.021029592442159739e+00
1.021052595140734764e+00
1.021075625078206039e+00
1.021098681642973460e+00
1.021121764218909433e+00
1.021144872185371533e+00
1.021168004917216710e+00
1.021191161784814172e+00
1.021214342154061150e+00
1.021237545386398882e+00
1.021260770838829934e+00
1.021284017863936411e+00
1.021307285809899934e+00
1.021330574020520299e+00
1.021353881835239008e+00
1.021377208589161034e+00
1.021400553613078133e+00
1.021423916233494378e+00
1.021447295772651920e+00
1.021470691548557852e+00
1.021494102875013521e+00
1.021517529061642504e+00
1.021540969413923250e+00
1.021564423233218832e+00
1.021587889816812478e+00
1.021611368457939983e+00
1.021634858445826577e+00
1.021658359065722887e+00
1.021681869598944470e+00
1.021705389322909330e+00
1.021728917511181001e+00
1.021752453433508068e+00
1.021775996355869687e+00
1.021799545540518661e+00
1.021823100246028515e+00
1.021846659727340789e+00
1.021870223235812336e+00
1.021893790019266834e+00
1.021917359322046526e+00
1.021940930385062396e+00
1.021964502445851686e+00
1.021988074738631180e+00
1.022011646494354276e+00
1.022035216940770042e+00
1.022058785302482509e+00
1.022082350801011508e+00
1.022105912654855953e+00
1.022129470079556679e+00
1.022153022287762836e+00
1.022176568489296944e+00
1.022200107891225063e+00
1.022223639697925179e+00
1.022247163111157597e+00
1.022270677330139543e+00
1.022294181551615555e+00
1.022317674969936308e+00
1.022341156777132110e+00
1.022364626162993062e+00
1.022388082315147440e+00
1.022411524419143403e+00
1.022434951658529378e+00
1.022458363214939769e+00
1.022481758268178886e+00
1.022505135996307546e+00
1.022528495575730334e+00
1.022551836181285978e+00
1.022575156986336609e+00
1.022598457162859464e+00
1.022621735881541483e+00
1.022644992311872114e+00
1.022668225622240357e+00
1.022691434980031566e+00
1.022714619551724491e+00
1.022737778502993189e+00
1.022760910998806949e+00
1.022784016203531321e+00
1.022807093281033808e+00
1.022830141394786452e+00
1.022853159707972637e+00
1.022876147383593892e+00
1.022899103584578251e+00
1.022922027473889273e+00
1.022944918214636179e+00
1.022967774970185983e+00
1.022990596904275851e+00
1.023013383181126335e+00
1.023036132965556622e+00
1.023058845423100216e+00
1.023081519720120847e+00
1.023104155023930595e+00
1.023126750502908244e+00
1.023149305326619629e+00
1.023171818665935540e+00
1.023194289693156289e+00
1.023216717582130286e+00
1.023239101508378601e+00
1.023261440649218645e+00
1.023283734183887184e+00
1.023305981293666012e+00
1.023328181162007411e+00
1.023350332974659604e+00
1.023372435919794654e+00
1.023394489188135026e+00
1.023416491973081044e+00
1.023438443470839676e+00
1.023460342880553098e+00
1.023482189404427700e+00
1.023503982247863764e+00
1.023525720619584689e+00
1.023547403731767558e+00
1.023569030800172808e+00
1.023590601044275683e+00
1.023612113687396130e+00
1.023633567956828916e+00
1.023654963083976188e+00
1.023676298304476706e+00
1.023697572858337512e+00
1.023718785990064939e+00
1.023739936948793172e+00
1.023761024988418367e+00
1.023782049367725655e+00
1.023803009350520821e+00
1.023823904205759749e+00
1.023844733207677882e+00
1.023865495635919665e+00
1.023886190775666005e+00
1.023906817917764389e+00
1.023927376358854335e+00
1.023947865401495960e+00
1.023968284354296099e+00
1.023988632532033982e+00
1.024008909255786026e+00
1.024029113853051065e+00
1.024049245657872476e+00
1.024069304010962078e+00
1.024089288259821373e+00
1.024109197758862777e+00
1.024129031869527973e+00
1.024148789960408701e+00
1.024168471407362446e+00
1.024188075593631009e+00
1.024207601909953302e+00
1.024227049754681929e+00
1.024246418533893976e+00
1.024265707661503155e+00
1.024284916559370373e+00
1.024304044657411872e+00
1.024323091393705587e+00
1.024342056214597951e+00
1.024360938574807589e+00
1.024379737937527457e+00
1.024398453774525652e+00
1.024417085566244001e+00
1.024435632801897089e+00
1.024454094979565077e+00
1.024472471606289847e+00
1.024490762198165594e+00
1.024508966280428979e+00
1.024527083387546167e+00
1.024545113063299873e+00
1.024563054860873512e+00
1.024580908342930918e+00
1.024598673081698497e+00
1.024616348659041165e+00
1.024633934666538293e+00
1.024651430705555644e+00
1.024668836387318427e+00
1.024686151332977690e+00
1.024703375173677156e+00
1.024720507550617388e+00
1.024737548115116859e+00
1.024754496528671233e+00
1.024771352463009100e+00
1.024788115600146821e+00
1.024804785632439597e+00
1.024821362262630542e+00
1.024837845203897313e+00
1.024854234179895407e+00
1.024870528924799018e+00
1.024886729183341672e+00
1.024902834710848643e+00
1.024918845273272705e+00
1.024934760647224330e+00
1.024950580619998108e+00
1.024966304989598731e+00
1.024981933564763636e+00
1.024997466164981219e+00
1.025012902620508148e+00
1.025028242772383358e+00
1.025043486472439369e+00
1.025058633583308731e+00
1.025073683978432015e+00
1.025088637542058700e+00
1.025103494169246954e+00
1.025118253765861187e+00
1.025132916248564730e+00
1.025147481544812944e+00
1.025161949592839017e+00
1.025176320341641745e+00
1.025190593750965995e+00
1.025204769791283832e+00
1.025218848443770092e+00
1.025232829700277515e+00
1.025246713563306322e+00
1.025260500045974243e+00
1.025274189171980099e+00
1.025287780975567387e+00
1.025301275501482756e+00
1.025314672804935157e+00
1.025327972951548094e+00
1.025341176017310563e+00
1.025354282088527080e+00
1.025367291261762182e+00
1.025380203643784238e+00
1.025393019351504398e+00
1.025405738511916631e+00
1.025418361262029343e+00
1.025430887748799869e+00
1.025443318129063863e+00
1.025455652569460252e+00
1.025467891246357954e+00
1.025480034345776170e+00
1.025492082063303556e+00
1.025504034604015180e+00
1.025515892182387034e+00
1.025527655022206108e+00
1.025539323356481347e+00
1.025550897427349284e+00
1.025562377485979226e+00
1.025573763792473780e+00
1.025585056615770707e+00
1.025596256233537229e+00
1.025607362932068556e+00
1.025618377006178639e+00
1.025629298759091146e+00
1.025640128502328441e+00
1.025650866555597229e+00
1.025661513246673984e+00
1.025672068911286150e+00
1.025682533892992687e+00
1.025692908543062609e+00
1.025703193220351528e+00
1.025713388291174866e+00
1.025723494129181734e+00
1.025733511115225705e+00
1.025743439637232468e+00
1.025753280090067943e+00
1.025763032875404823e+00
1.025772698401584027e+00
1.025782277083479688e+00
1.025791769342357718e+00
1.025801175605736359e+00
1.025810496307242969e+00
1.025819731886471242e+00
1.025828882788834662e+00
1.025837949465421950e+00
1.025846932372846965e+00
1.025855831973102372e+00
1.025864648733405993e+00
1.025873383126052474e+00
1.025882035628258526e+00
1.025890606722010601e+00
1.025899096893908791e+00
1.025907506635012734e+00
1.025915836440682405e+00
1.025924086810423130e+00
1.025932258247725049e+00
1.025940351259905459e+00
1.025948366357946506e+00
1.025956304056336199e+00
1.025964164872906093e+00
1.025971949328667865e+00
1.025979657947653001e+00
1.025987291256746481e+00
1.025994849785524687e+00
1.026002334066089983e+00
1.026009744632906173e+00
1.026017082022633087e+00
1.026024346773959817e+00
1.026031539427440631e+00
1.026038660525327106e+00
1.026045710611401152e+00
1.026052690230809805e+00
1.026059599929896704e+00
1.026066440256036216e+00
1.026073211757464687e+00
1.026079914983115238e+00
1.026086550482447901e+00
1.026093118805284865e+00
1.026099620501641496e+00
1.026106056121560250e+00
1.026112426214943030e+00
1.026118731331384204e+00
1.026124972020005632e+00
1.026131148829287465e+00
1.026137262306905162e+00
1.026143312999560742e+00
1.026149301452819795e+00
1.026155228210944514e+00
1.026161093816730041e+00
1.026166898811340822e+00
1.026172643734144518e+00
1.026178329122550581e+00
1.026183955511847934e+00
1.026189523435040440e+00
1.026195033422688141e+00
1.026200486002744050e+00
1.026205881700394507e+00
1.026211221037900412e+00
1.026216504534436247e+00
1.026221732705934642e+00
1.026226906064926059e+00
1.026232025120383362e+00
1.026237090377566608e+00
1.026242102337867168e+00
1.026247061498653190e+00
1.026251968353117050e+00
1.026256823390123252e+00
1.026261627094055218e+00
1.026266379944667628e+00
1.026271082416933655e+00
1.026275734980898857e+00
1.026280338101533518e+00
1.026284892238584323e+00
1.026289397846431140e+00
1.026293855373942021e+00
1.026298265264328879e+00
1.026302627955008040e+00
1.026306943877456357e+00
1.026311213457073990e+00
1.026315437113044293e+00
1.026319615258197260e+00
1.026323748298873628e+00
1.026327836634789659e+00
1.026331880658903017e+00
1.026335880757282437e+00
1.026339837308974712e+00
1.026343750685875911e+00
1.026347621252603481e+00
1.026351449366369017e+00
1.026355235376852360e+00
1.026358979626077472e+00
1.026362682448290986e+00
1.026366344169839406e+00
1.026369965109049431e+00
1.026373545576110491e+00
1.026377085872957062e+00
1.026380586293153652e+00
1.026384047121780885e+00
1.026387468635322264e+00
1.026390851101555146e+00
1.026394194779439495e+00
1.026397499919012413e+00
1.026400766761279337e+00
1.026403995538112568e+00
1.026407186472146460e+00
1.026410339776676173e+00
1.026413455655560192e+00
1.026416534303119743e+00
1.026419575904045756e+00
1.026422580633301163e+00
1.026425548656030973e+00
1.026428480127469678e+00
1.026431375192853546e+00
1.026434233987332245e+00
1.026437056635883138e+00
1.026439843253228013e+00
1.026442593943752257e+00
1.026445308801423373e+00
1.026447987909712811e+00
1.026450631341521369e+00
1.026453239159102582e+00
1.026455811413993224e+00
1.026458348146940702e+00
1.026460849387834884e+00
1.026463315155643485e+00
1.026465745458345236e+00
1.026468140292869702e+00
1.026470499645035561e+00
1.026472823489493313e+00
1.026475111789669104e+00
1.026477364497710321e+00
1.026479581554434972e+00
1.026481762889280391e+00
1.026483908420257940e+00
1.026486018053906601e+00
1.026488091685249682e+00
1.026490129197755952e+00
1.026492130463299457e+00
1.026494095342125323e+00
1.026496023682815117e+00
1.026497915322255761e+00
1.026499770085610219e+00
1.026501587786293079e+00
1.026503368225944790e+00
1.026505111194410791e+00
1.026506816469722860e+00
1.026508483818082906e+00
1.026510112993848534e+00
1.026511703739523274e+00
1.026513255785746148e+00
1.026514768851287673e+00
1.026516242643046528e+00
1.026517676856048000e+00
1.026519071173446873e+00
1.026520425266533643e+00
1.026521738794741179e+00
1.026523011405656272e+00
1.026524242735033399e+00
1.026525432406810934e+00
1.026526580033131353e+00
1.026527685214363661e+00
1.026528747539128927e+00
1.026529766584328929e+00
1.026530741915177902e+00
1.026531673085238516e+00
1.026532559636457620e+00
1.026533401099210430e+00
1.026534196992342274e+00
1.026534946823218108e+00
1.026535650087772922e+00
1.026536306270566357e+00
1.026536914844839998e+00
1.026537475272577993e+00
1.026537987004573882e+00
1.026538449480495885e+00
1.026538862128959284e+00
1.026539224367602143e+00
1.026539535603163245e+00
1.026539795231564467e+00
1.026540002637996052e+00
1.026540157197006309e+00
1.026540258272595985e+00
1.026540305218312410e+00
1.026540297377352529e+00
1.026540234082666370e+00
1.026540114657064962e+00
1.026539938413332465e+00
1.026539704654342522e+00
1.026539412673177498e+00
1.026539061753251936e+00
1.026538651168440897e+00
1.026538180183211635e+00
1.026537648052757490e+00
1.026537054023139994e+00
1.026536397331430761e+00
1.026535677205859365e+00
1.026534892865965443e+00
1.026534043522755013e+00
1.026533128378859239e+00
1.026532146628699405e+00
1.026531097458656117e+00
1.026529980047238721e+00
1.026528793565264941e+00
1.026527537176039839e+00
1.026526210035542341e+00
1.026524811292611972e+00
1.026523340089144254e+00
1.026521795560287886e+00
1.026520176834645692e+00
1.026518483034481122e+00
1.026516713275928083e+00
1.026514866669206105e+00
1.026512942318837496e+00
1.026510939323871163e+00
1.026508856778108658e+00
1.026506693770336209e+00
1.026504449384559425e+00
1.026502122700241104e+00
1.026499712792547481e+00
1.026497218732593142e+00
1.026494639587694158e+00
1.026491974421622322e+00
1.026489222294865833e+00
1.026486382264891972e+00
1.026483453386414446e+00
1.026480434711665612e+00
1.026477325290670040e+00
1.026474124171525393e+00
1.026470830400682210e+00
1.026467443023233672e+00
1.026463961083202703e+00
1.026460383623836403e+00
1.026456709687904034e+00
1.026452938317995667e+00
1.026449068556827715e+00
1.026445099447549136e+00
1.026441030034051849e+00
1.026436859361284260e+00
1.026432586475568787e+00
1.026428210424919829e+00
1.026423730259367506e+00
1.026419145031282287e+00
1.026414453795703174e+00
1.026409655610668326e+00
1.026404749537547456e+00
1.026399734641378902e+00
1.026394609991205353e+00
1.026389374660414688e+00
1.026384027727082593e+00
1.026378568274315173e+00
1.026372995390595122e+00
1.026367308170129222e+00
1.026361505713197619e+00
1.026355587126502211e+00
1.026349551523520809e+00
1.026343398024857301e+00
1.026337125758597146e+00
1.026330733860660871e+00
1.026324221475159115e+00
1.026317587754748129e+00
1.026310831860986372e+00
1.026303952964689792e+00
1.026296950246288420e+00
1.026289822896182313e+00
1.026282570115097048e+00
1.026275191114438545e+00
1.026267685116648121e+00
1.026260051355555536e+00
1.026252289076732271e+00
1.026244397537841024e+00
1.026236376008988094e+00
1.026228223773069104e+00
1.026219940126117169e+00
1.026211524377646178e+00
1.026202975850994292e+00
1.026194293883662123e+00
1.026185477827650239e+00
1.026176527049794895e+00
1.026167440932097996e+00
1.026158218872055272e+00
1.026148860282981579e+00
1.026139364594330861e+00
1.026129731252014565e+00
1.026119959718714281e+00
1.026110049474190156e+00
1.026100000015585323e+00
1.026089810857726770e+00
1.026079481533418214e+00
1.026069011593731428e+00
1.026058400608288901e+00
1.026047648165544501e+00
1.026036753873055485e+00
1.026025717357749834e+00
1.026014538266187159e+00
1.026003216264813833e+00
1.025991751040209898e+00
1.025980142299332432e+00
1.025968389769747802e+00
1.025956493199860597e+00
1.025944452359133008e+00
1.025932267038296652e+00
1.025919937049558417e+00
1.025907462226796518e+00
1.025894842425749687e+00
1.025882077524197467e+00
1.025869167422132522e+00
1.025856112041924062e+00
1.025842911328473273e+00
1.025829565249358311e+00
1.025816073794971750e+00
1.025802436978648258e+00
1.025788654836783387e+00
1.025774727428941935e+00
1.025760654837956753e+00
1.025746437170020009e+00
1.025732074554761342e+00
1.025717567145318920e+00
1.025702915118398728e+00
1.025688118674323412e+00
1.025673178037072919e+00
1.025658093454314024e+00
1.025642865197416320e+00
1.025627493561464210e+00
1.025611978865251572e+00
1.025596321451270665e+00
1.025580521685687696e+00
1.025564579958309075e+00
1.025548496682537669e+00
1.025532272295315073e+00
1.025515907257057213e+00
1.025499402051577302e+00
1.025482757185996796e+00
1.025465973190649693e+00
1.025449050618970626e+00
1.025431990047377173e+00
1.025414792075139747e+00
1.025397457324239703e+00
1.025379986439218571e+00
1.025362380087016856e+00
1.025344638956802168e+00
1.025326763759786264e+00
1.025308755229033641e+00
1.025290614119257704e+00
1.025272341206610260e+00
1.025253937288458150e+00
1.025235403183151206e+00
1.025216739729782223e+00
1.025197947787934494e+00
1.025179028237422685e+00
1.025159981978024604e+00
1.025140809929200314e+00
1.025121513029808806e+00
1.025102092237810236e+00
1.025082548529963056e+00
1.025062882901512928e+00
1.025043096365872097e+00
1.025023189954291425e+00
1.025003164715526882e+00
1.024983021715496490e+00
1.024962762036930819e+00
1.024942386779016834e+00
1.024921897057036624e+00
1.024901294001996810e+00
1.024880578760254402e+00
1.024859752493136211e+00
1.024838816376552497e+00
1.024817771600604610e+00
1.024796619369189976e+00
1.024775360899600640e+00
1.024753997422116925e+00
1.024732530179599088e+00
1.024710960427072548e+00
1.024689289431312211e+00
1.024667518470421257e+00
1.024645648833409028e+00
1.024623681819764265e+00
1.024601618739027886e+00
1.024579460910361561e+00
1.024557209662117607e+00
1.024534866331403782e+00
1.024512432263649631e+00
1.024489908812171279e+00
1.024467297337735339e+00
1.024444599208121920e+00
1.024421815797689206e+00
1.024398948486937577e+00
1.024375998662074405e+00
1.024352967714578622e+00
1.024329857040768399e+00
1.024306668041369051e+00
1.024283402121083153e+00
1.024260060688162444e+00
1.024236645153981939e+00
1.024213156932615387e+00
1.024189597440417598e+00
1.024165968095604118e+00
1.024142270317838666e+00
1.024118505527821466e+00
1.024094675146883349e+00
1.024070780596581631e+00
1.024046823298302211e+00
1.024022804672864773e+00
1.023998726140134208e+00
1.023974589118633371e+00
1.023950395025165383e+00
1.023926145274439481e+00
1.023901841278698877e+00
1.023877484447360819e+00
1.023853076186655997e+00
1.023828617899278148e+00
1.023804110984036786e+00
1.023779556835519244e+00
1.023754956843756503e+00
1.023730312393895892e+00
1.023705624865881347e+00
1.023680895634139443e+00
1.023656126067273631e+00
1.023631317527762929e+00
1.023606471371670157e+00
1.023581588948355936e+00
1.023556671600199364e+00
1.023531720662327338e+00
1.023506737462350547e+00
1.023481723320105452e+00
1.023456679547406711e+00
1.023431607447802705e+00
1.023406508316343277e+00
1.023381383439351033e+00
1.023356234094201511e+00
1.023331061549112908e+00
1.023305867062938912e+00
1.023280651884971970e+00
1.023255417254754773e+00
1.023230164401896181e+00
1.023204894545897803e+00
1.023179608895985027e+00
1.023154308650946698e+00
1.023128994998983909e+00
1.023103669117563008e+00
1.023078332173276372e+00
1.023052985321712960e+00
1.023027629707333297e+00
1.023002266463351573e+00
1.022976896711626615e+00
1.022951521562557753e+00
1.022926142114988668e+00
1.022900759456117914e+00
1.022875374661415870e+00
1.022849988794546583e+00
1.022824602907300484e+00
1.022799218039528668e+00
1.022773835219086713e+00
1.022748455461782502e+00
1.022723079771333587e+00
1.022697709139323674e+00
1.022672344545175083e+00
1.022646986956117665e+00
1.022621637327168376e+00
1.022596296601115951e+00
1.022570965708509805e+00
1.022545645567655148e+00
1.022520337084614095e+00
1.022495041153209439e+00
1.022469758655037309e+00
1.022444490459481603e+00
1.022419237423735083e+00
1.022394000392823132e+00
1.022368780199636618e+00
1.022343577664963421e+00
1.022318393597529740e+00
1.022293228794042497e+00
1.022268084039236635e+00
1.022242960105928411e+00
1.022217857755070458e+00
1.022192777735811298e+00
1.022167720785560174e+00
1.022142687630055446e+00
1.022117678983433864e+00
1.022092695548306729e+00
1.022067738015839833e+00
1.022042807065833170e+00
1.022017903366807534e+00
1.021993027576093338e+00
1.021968180339922316e+00
1.021943362293522339e+00
1.021918574061215779e+00
1.021893816256519649e+00
1.021869089482251081e+00
1.021844394330632344e+00
1.021819731383401209e+00
1.021795101211922630e+00
1.021770504377303546e+00
1.021745941430509452e+00
1.021721412912484972e+00
1.021696919354274202e+00
1.021672461277146615e+00
1.021648039192722734e+00
1.021623653603101811e+00
1.021599305000993274e+00
1.021574993869850179e+00
1.021550720684001545e+00
1.021526485908791138e+00
1.021502290000713797e+00
1.021478133407556665e+00
1.021454016568539958e+00
1.021429939914460849e+00
1.021405903867837583e+00
1.021381908843055575e+00
1.021357955246515736e+00
1.021334043476782139e+00
1.021310173924733444e+00
1.021286346973712789e+00
1.021262562999680990e+00
1.021238822371369093e+00
1.021215125450433359e+00
1.021191472591609806e+00
1.021167864142870085e+00
1.021144300445578690e+00
1.021120781834648827e+00
1.021097308638701406e+00
1.021073881180221576e+00
1.021050499775719267e+00
1.021027164735885728e+00
1.021003876365753849e+00
1.020980634964856248e+00
1.020957440827385376e+00
1.020934294242350271e+00
1.020911195493737544e+00
1.020888144860668589e+00
1.020865142617556787e+00
1.020842189034267156e+00
1.020819284376270009e+00
1.020796428904800823e+00
1.020773622877012121e+00
1.020750866546130675e+00
1.020728160161609388e+00
1.020705503969279615e+00
1.020682898211504153e+00
1.020660343127324232e+00
1.020637838952610510e+00
1.020615385920208062e+00
1.020592984260083380e+00
1.020570634199465587e+00
1.020548335962990549e+00
1.020526089772839207e+00
1.020503895848875242e+00
1.020481754408780750e+00
1.020459665668190130e+00
1.020437629840819760e+00
1.020415647138597670e+00
1.020393717771787667e+00
1.020371841949114566e+00
1.020350019877883874e+00
1.020328251764099026e+00
1.020306537812575742e+00
1.020284878227054826e+00
1.020263273210310739e+00
1.020241722964255082e+00
1.020220227690042059e+00
1.020198787588163292e+00
1.020177402858546856e+00
1.020156073700647648e+00
1.020134800313534651e+00
1.020113582895978643e+00
1.020092421646530578e+00
1.020071316763600633e+00
1.020050268445531483e+00
1.020029276890669134e+00
1.020008342297427095e+00
1.019987464864350768e+00
1.019966644790175181e+00
1.019945882273878723e+00
1.019925177514735548e+00
1.019904530712360424e+00
1.019883942066752480e+00
1.019863411778334061e+00
1.019842940047986257e+00
1.019822527077077989e+00
1.019802173067494877e+00
1.019781878221662996e+00
1.019761642742566643e+00
1.019741466833764099e+00
1.019721350699401174e+00
1.019701294544217873e+00
1.019681298573552386e+00
1.019661362993344200e+00
1.019641488010128327e+00
1.019621673831031750e+00
1.019601920663760986e+00
1.019582228716592098e+00
1.019562598198351600e+00
1.019543029318398020e+00
1.019523522286600592e+00
1.019504077313309498e+00
1.019484694609332109e+00
1.019465374385898349e+00
1.019446116854627160e+00
1.019426922227489651e+00
1.019407790716770457e+00
1.019388722535024661e+00
1.019369717895034499e+00
1.019350777009763398e+00
1.019331900092306231e+00
1.019313087355841141e+00
1.019294339013575357e+00
1.019275655278693016e+00
1.019257036364298763e+00
1.019238482483361352e+00
1.019219993848655914e+00
1.019201570672703783e+00
1.019183213167713431e+00
1.019164921545518077e+00
1.019146696017513953e+00
1.019128536794598361e+00
1.019110444087105272e+00
1.019092418104742492e+00
1.019074459056526827e+00
1.019056567150721460e+00
1.019038742594771341e+00
1.019020985595237683e+00
1.019003296357736232e+00
1.018985675086873099e+00
1.018968121986181030e+00
1.018950637258058123e+00
1.018933221103705433e+00
1.018915873723065912e+00
1.018898595314764677e+00
1.018881386076050166e+00
1.018864246202735746e+00
1.018847175889142864e+00
1.018830175328045984e+00
1.018813244710618626e+00
1.018796384226380303e+00
1.018779594063145666e+00
1.018762874406975438e+00
1.018746225442127784e+00
1.018729647351014123e+00
1.018713140314152721e+00
1.018696704510128725e+00
1.018680340115552418e+00
1.018664047305022358e+00
1.018647826251087185e+00
1.018631677124214985e+00
1.018615600092757978e+00
1.018599595322924767e+00
1.018583662978752802e+00
1.018567803222082402e+00
1.018552016212534994e+00
1.018536302107492020e+00
1.018520661062075838e+00
1.018505093229134628e+00
1.018489598759229064e+00
1.018474177800619662e+00
1.018458830499259005e+00
1.018443556998784194e+00
1.018428357440512855e+00
1.018413231963440468e+00
1.018398180704241263e+00
1.018383203797269765e+00
1.018368301374565466e+00
1.018353473565859479e+00
1.018338720498584093e+00
1.018324042297882315e+00
1.018309439086621859e+00
1.018294910985410029e+00
1.018280458112609921e+00
1.018266080584359967e+00
1.018251778514594363e+00
1.018237552015065273e+00
1.018223401195367472e+00
1.018209326162963002e+00
1.018195327023210695e+00
1.018181403879392821e+00
1.018167556832747067e+00
1.018153785982498061e+00
1.018140091425889793e+00
1.018126473258219811e+00
1.018112931572876967e+00
1.018099466461374503e+00
1.018086078013391127e+00
1.018072766316806321e+00
1.018059531457742528e+00
1.018046373520603343e+00
1.018033292588115701e+00
1.018020288741369850e+00
1.018007362059862420e+00
1.017994512621538394e+00
1.017981740502833965e+00
1.017969045778719828e+00
1.017956428522743817e+00
1.017943888807074426e+00
1.017931426702544773e+00
1.017919042278695674e+00
1.017906735603818280e+00
1.017894506744997818e+00
1.017882355768156888e+00
1.017870282738097432e+00
1.017858287718542476e+00
1.017846370772178322e+00
1.017834531960696065e+00
1.017822771344832011e+00
1.017811088984406309e+00
1.017799484938364918e+00
1.017787959264815356e+00
1.017776512021066004e+00
1.017765143263662520e+00
1.017753853048423807e+00
1.017742641430477324e+00
1.017731508464291945e+00
1.017720454203712599e+00
1.017709478701990911e+00
1.017698582011815844e+00
1.017687764185345234e+00
1.017677025274231761e+00
1.017666365329652045e+00
1.017655784402332397e+00
1.017645282542572804e+00
1.017634859800271796e+00
1.017624516224948650e+00
1.017614251865763375e+00
1.017604066771538029e+00
1.017593960990774260e+00
1.017583934571671511e+00
1.017573987562141902e+00
1.017564120009825990e+00
1.017554331962105429e+00
1.017544623466115628e+00
1.017534994568757067e+00
1.017525445316704191e+00
1.017515975756413837e+00
1.017506585934134122e+00
1.017497275895908437e+00
1.017488045687581000e+00
1.017478895354801960e+00
1.017469824943028733e+00
1.017460834497528221e+00
1.017451924063376367e+00
1.017443093685459043e+00
1.017434343408470054e+00
1.017425673276908693e+00
1.017417083335076189e+00
1.017408573627072155e+00
1.017400144196788814e+00
1.017391795087906115e+00
1.017383526343883737e+00
1.017375338007955321e+00
1.017367230123119359e+00
1.017359202732131651e+00
1.017351255877494642e+00
1.017343389601449211e+00
1.017335603945963118e+00
1.017327898952721688e+00
1.017320274663115587e+00
1.017312731118229729e+00
1.017305268358831727e+00
1.017297886425359676e+00
1.017290585357909505e+00
1.017283365196223421e+00
1.017276225979677040e+00
1.017269167747265168e+00
1.017262190537591815e+00
1.017255294388855535e+00
1.017248479338836553e+00
1.017241745424885657e+00
1.017235092683910880e+00
1.017228521152364173e+00
1.017222030866231197e+00
1.017215621861017327e+00
1.017209294171737888e+00
1.017203047832905272e+00
1.017196882878518949e+00
1.017190799342053698e+00
1.017184797256451168e+00
1.017178876654107889e+00
1.017173037566867499e+00
1.017167280026010312e+00
1.017161604062246649e+00
1.017156009705708186e+00
1.017150496985939956e+00
1.017145065931894132e+00
1.017139716571925145e+00
1.017134448933781021e+00
1.017129263044602050e+00
1.017124158930913236e+00
1.017119136618623187e+00
1.017114196133019011e+00
1.017109337498765642e+00
1.017104560739902741e+00
1.017099865879844689e+00
1.017095252941379702e+00
1.017090721946669829e+00
1.017086272917252954e+00
1.017081905874042791e+00
1.017077620837332663e+00
1.017073417826797943e+00
1.017069296861498495e+00
1.017065257959885560e+00
1.017061301139803531e+00
1.017057426418497279e+00
1.017053633812618152e+00
1.017049923338228856e+00
1.017046295010813228e+00
1.017042748845282230e+00
1.017039284855981940e+00
1.017035903056704438e+00
1.017032603460694684e+00
1.017029386080661180e+00
1.017026250928786624e+00
1.017023198016738128e+00
1.017020227355677431e+00
1.017017338956273775e+00
1.017014532828714568e+00
1.017011808982717369e+00
1.017009167427542993e+00
1.017006608172006832e+00
1.017004131224493069e+00
1.017001736592966665e+00
1.016999424284986908e+00
1.016997194307720953e+00
1.016995046667956704e+00
1.016992981372117466e+00
1.016990998426273940e+00
1.016989097836159761e+00
1.016987279607183492e+00
1.016985543744443277e+00
1.016983890252740386e+00
1.016982319136592317e+00
1.016980830400247005e+00
1.016979424047695257e+00
1.016978100082684522e+00
1.016976858508731096e+00
1.016975699329134786e+00
1.016974622546989782e+00
1.016973628165197097e+00
1.016972716186477665e+00
1.016971886613383891e+00
1.016971139448309636e+00
1.016970474693504656e+00
1.016969892351081484e+00
1.016969392423029639e+00
1.016968974911222734e+00
1.016968639817430686e+00
1.016968387143327712e+00
1.016968216890500987e+00
1.016968129060460635e+00
1.016968123654646394e+00
1.016968200674436051e+00
1.016968360121152104e+00
1.016968601996069310e+00
1.016968926300420240e+00
1.016969333035401268e+00
1.016969822202178797e+00
1.016970393801892136e+00
1.016971047835659725e+00
1.016971784304582460e+00
1.016972603209746806e+00
1.016973504552228125e+00
1.016974488333092896e+00
1.016975554553400940e+00
1.016976703214206523e+00
1.016977934316559917e+00
1.016979247861507174e+00
1.016980643850091237e+00
1.016982122283350609e+00
1.016983683162319352e+00
1.016985326488025088e+00
1.016987052261487889e+00
1.016988860483717616e+00
1.016990751155711914e+00
1.016992724278452886e+00
1.016994779852903985e+00
1.016996917880006013e+00
1.016999138360672905e+00
1.017001441295787290e+00
1.017003826686195822e+00
1.017006294532704302e+00
1.017008844836071013e+00
1.017011477597001168e+00
1.017014192816141804e+00
1.017016990494074236e+00
1.017019870631306500e+00
1.017022833228268475e+00
1.017025878285302110e+00
1.017029005802655650e+00
1.017032215780475424e+00
1.017035508218795847e+00
1.017038883117533876e+00
1.017042340476479012e+00
1.017045880295284421e+00
1.017049502573458275e+00
1.017053207310355312e+00
1.017056994505165957e+00
1.017060864156908995e+00
1.017064816264420246e+00
1.017068850826343240e+00
1.017072967841120334e+00
1.017077167306981611e+00
1.017081449221934886e+00
1.017085813583757048e+00
1.017090260389981182e+00
1.017094789637888574e+00
1.017099401324497165e+00
1.017104095446551781e+00
1.017108872000512587e+00
1.017113730982545095e+00
1.017118672388509504e+00
1.017123696213950268e+00
1.017128802454084768e+00
1.017133991103793100e+00
1.017139262157606749e+00
1.017144615609698821e+00
1.017150051453871828e+00
1.017155569683548366e+00
1.017161170291758898e+00
1.017166853271132210e+00
1.017172618613883861e+00
1.017178466311805085e+00
1.017184396356252796e+00
1.017190408738138707e+00
1.017196503447917344e+00
1.017202680475577381e+00
1.017208939810628321e+00
1.017215281442092500e+00
1.017221705358491768e+00
1.017228211547838601e+00
1.017234799997625005e+00
1.017241470694810745e+00
1.017248223625814685e+00
1.017255058776501464e+00
1.017261976132173507e+00
1.017268975677559251e+00
1.017276057396801825e+00
1.017283221273450389e+00
1.017290467290446809e+00
1.017297795430117668e+00
1.017305205674162050e+00
1.017312698003642435e+00
1.017320272398972492e+00
1.017327928839907081e+00
1.017335667305532265e+00
1.017343487774254873e+00
1.017351390223790508e+00
1.017359374631154445e+00
1.017367440972650527e+00
1.017375589223859622e+00
1.017383819359631403e+00
1.017392131354071028e+00
1.017400525180529813e+00
1.017409000811595021e+00
1.017417558219078089e+00
1.017426197374003971e+00
1.017434918246601150e+00
1.017443720806290530e+00
1.017452605021673895e+00
1.017461570860524134e+00
1.017470618289773032e+00
1.017479747275501278e+00
1.017488957782927361e+00
1.017498249776395580e+00
1.017507623219366497e+00
1.017517078074403392e+00
1.017526614303163601e+00
1.017536231866385199e+00
1.017545930723876335e+00
1.017555710834503468e+00
1.017565572156180931e+00
1.017575514645857382e+00
1.017585538259504707e+00
1.017595642952108026e+00
1.017605828677651258e+00
1.017616095389106246e+00
1.017626443038420980e+00
1.017636871576506952e+00
1.017647380953226932e+00
1.017657971117382321e+00
1.017668642016702041e+00
1.017679393597827664e+00
1.017690225806303417e+00
1.017701138586560639e+00
1.017712131881907123e+00
1.017723205634513128e+00
1.017734359785397613e+00
1.017745594274416687e+00
1.017756909040249180e+00
1.017768304020382431e+00
1.017779779151100739e+00
1.017791334367469602e+00
1.017802969603322394e+00
1.017814684791248148e+00
1.017826479862574462e+00
1.017838354747355289e+00
1.017850309374356943e+00
1.017862343671041669e+00
1.017874457563554547e+00
1.017886650976708163e+00
1.017898923833967961e+00
1.017911276057437586e+00
1.017923707567841785e+00
1.017936218284513750e+00
1.017948808125378468e+00
1.017961477006936288e+00
1.017974224844248710e+00
1.017987051550921507e+00
1.017999957039088965e+00
1.018012941219397671e+00
1.018026004000990969e+00
1.018039145291490977e+00
1.018052364996983261e+00
1.018065663021999967e+00
1.018079039269502051e+00
1.018092493640863738e+00
1.018106026035853207e+00
1.018119636352617707e+00
1.018133324487664471e+00
1.018147090335843608e+00
1.018160933790329903e+00
1.018174854742606161e+00
1.018188853082443224e+00
1.018202928697883980e+00
1.018217081475222496e+00
1.018231311298987585e+00
1.018245618051924151e+00
1.018260001614972543e+00
1.018274461867251013e+00
1.018288998686037061e+00
1.018303611946747012e+00
1.018318301522917135e+00
1.018333067286184335e+00
1.018347909106266602e+00
1.018362826850942371e+00
1.018377820386031640e+00
1.018392889575375326e+00
1.018408034280814611e+00
1.018423254362172070e+00
1.018438549677229243e+00
1.018453920081707764e+00
1.018469365429246709e+00
1.018484885571383280e+00
1.018500480357531712e+00
1.018516149634960843e+00
1.018531893248773690e+00
1.018547711041886350e+00
1.018563602855004913e+00
1.018579568526605694e+00
1.018595607892912369e+00
1.018611720787873320e+00
1.018627907043140990e+00
1.018644166488049674e+00
1.018660498949590654e+00
1.018676904252393323e+00
1.018693382218700538e+00
1.018709932668346418e+00
1.018726555418732804e+00
1.018743250284807944e+00
1.018760017079042068e+00
1.018776855611404963e+00
1.018793765689342656e+00
1.018810747117753657e+00
1.018827799698966086e+00
1.018844923232714361e+00
1.018862117516114552e+00
1.018879382343641726e+00
1.018896717507105310e+00
1.018914122795626209e+00
1.018931597995611726e+00
1.018949142890732240e+00
1.018966757261897449e+00
1.018984440887230392e+00
1.019002193542045909e+00
1.019020014998823331e+00
1.019037905027184721e+00
1.019055863393868888e+00
1.019073889862707194e+00
1.019091984194599121e+00
1.019110146147487850e+00
1.019128375476334725e+00
1.019146671933095938e+00
1.019165035266696773e+00
1.019183465223006957e+00
1.019201961544816459e+00
1.019220523971810177e+00
1.019239152240542623e+00
1.019257846084414609e+00
1.019276605233647270e+00
1.019295429415256748e+00
1.019314318353031101e+00
1.019333271767503213e+00
1.019352289375928811e+00
1.019371370892258266e+00
1.019390516027115279e+00
1.019409724487768898e+00
1.019428995978111541e+00
1.019448330198632569e+00
1.019467726846394307e+00
1.019487185615008062e+00
1.019506706194608814e+00
1.019526288271830339e+00
1.019545931529782790e+00
1.019565635648026047e+00
1.019585400302547740e+00
1.019605225165737483e+00
1.019625109906364235e+00
1.019645054189551203e+00
1.019665057676752973e+00
1.019685120025731973e+00
1.019705240890534492e+00
1.019725419921467591e+00
1.019745656765076447e+00
1.019765951064120157e+00
1.019786302457550420e+00
1.019806710580487774e+00
1.019827175064198954e+00
1.019847695536076237e+00
1.019868271619613687e+00
1.019888902934386277e+00
1.019909589096027469e+00
1.019930329716209227e+00
1.019951124402619369e+00
1.019971972758942025e+00
1.019992874384835435e+00
1.020013828875913298e+00
1.020034835823724340e+00
1.020055894815731889e+00
1.020077005435293893e+00
1.020098167261646704e+00
1.020119379869882881e+00
1.020140642830935196e+00
1.020161955711556434e+00
1.020183318074304513e+00
1.020204729477522498e+00
1.020226189475322176e+00
1.020247697617568949e+00
1.020269253449864966e+00
1.020290856513532463e+00
1.020312506345599335e+00
1.020334202478784924e+00
1.020355944441484475e+00
1.020377731757756035e+00
1.020399563947306465e+00
1.020421440525479895e+00
1.020443361003243510e+00
1.020465324887176450e+00
1.020487331679460041e+00
1.020509380877864469e+00
1.020531471975740123e+00
1.020553604462008268e+00
1.020575777821151275e+00
1.020597991533204629e+00
1.020620245073748933e+00
1.020642537913903247e+00
1.020664869520318430e+00
1.020687239355170917e+00
1.020709646876158727e+00
1.020732091536495911e+00
1.020754572784909664e+00
1.020777090065636772e+00
1.020799642818421837e+00
1.020822230478515946e+00
1.020844852476675335e+00
1.020867508239162280e+00
1.020890197187745763e+00
1.020912918739702357e+00
1.020935672307819786e+00
1.020958457300401134e+00
1.020981273121265964e+00
1.021004119169759639e+00
1.021026994840755764e+00
1.021049899524665294e+00
1.021072832607443859e+00
1.021095793470599311e+00
1.021118781491204164e+00
1.021141796041903582e+00
1.021164836490928485e+00
1.021187902202108422e+00
1.021210992534884454e+00
1.021234106844323808e+00
1.021257244481137416e+00
1.021280404791693686e+00
1.021303587118039591e+00
1.021326790797917328e+00
1.021350015164785408e+00
1.021373259547840195e+00
1.021396523272036561e+00
1.021419805658112967e+00
1.021443106022615899e+00
1.021466423677924507e+00
1.021489757932278586e+00
1.021513108089806110e+00
1.021536473450552762e+00
1.021559853310512800e+00
1.021583246961660141e+00
1.021606653691981670e+00
1.021630072785511878e+00
1.021653503522367057e+00
1.021676945178783491e+00
1.021700397027155649e+00
1.021723858336073931e+00
1.021747328370366414e+00
1.021770806391141484e+00
1.021794291655828912e+00
1.021817783418226933e+00
1.021841280928546869e+00
1.021864783433460655e+00
1.021888290176149461e+00
1.021911800396354320e+00
1.021935313330425643e+00
1.021958828211378956e+00
1.021982344268946852e+00
1.022005860729634730e+00
1.022029376816778523e+00
1.022052891750603099e+00
1.022076404748280876e+00
1.022099915023994221e+00
1.022123421788997177e+00
1.022146924251679856e+00
1.022170421617633496e+00
1.022193913089718631e+00
1.022217397868131261e+00
1.022240875150473460e+00
1.022264344131825098e+00
1.022287804004816003e+00
1.022311253959698352e+00
1.022334693184424825e+00
1.022358120864723219e+00
1.022381536184175044e+00
1.022404938324296131e+00
1.022428326464616344e+00
1.022451699782762180e+00
1.022475057454541592e+00
1.022498398654027918e+00
1.022521722553647372e+00
1.022545028324266303e+00
1.022568315135280681e+00
1.022591582154707357e+00
1.022614828549274657e+00
1.022638053484517640e+00
1.022661256124871354e+00
1.022684435633766986e+00
1.022707591173729558e+00
1.022730721906476514e+00
1.022753826993017423e+00
1.022776905593754337e+00
1.022799956868585713e+00
1.022822979977008995e+00
1.022845974078224529e+00
1.022868938331244371e+00
1.022891871894996196e+00
1.022914773928433441e+00
1.022937643590644097e+00
1.022960480040961961e+00
1.022983282439077879e+00
1.023006049945151208e+00
1.023028781719926172e+00
1.023051476924844660e+00
1.023074134722162354e+00
1.023096754275065745e+00
1.023119334747789821e+00
1.023141875305736859e+00
1.023164375115594549e+00
1.023186833345458568e+00
1.023209249164952039e+00
1.023231621745348097e+00
1.023253950259692679e+00
1.023276233882927766e+00
1.023298471792015274e+00
1.023320663166063627e+00
1.023342807186450321e+00
1.023364903036950491e+00
1.023386949903863030e+00
1.023408946976136491e+00
1.023430893445497869e+00
1.023452788506581612e+00
1.023474631357055964e+00
1.023496421197753303e+00
1.023518157232800263e+00
1.023539838669744295e+00
1.023561464719687120e+00
1.023583034597412400e+00
1.023604547521516750e+00
1.023626002714540295e+00
1.023647399403096347e+00
1.023668736818002856e+00
1.023690014194412967e+00
1.023711230771944036e+00
1.023732385794810185e+00
1.023753478511951087e+00
1.023774508177161868e+00
1.023795474049224774e+00
1.023816375392037070e+00
1.023837211474740716e+00
1.023857981571852260e+00
1.023878684963390295e+00
1.023899320935004464e+00
1.023919888778101361e+00
1.023940387789975093e+00
1.023960817273929624e+00
1.023981176539407567e+00
1.024001464902114300e+00
1.024021681684142315e+00
1.024041826214094897e+00
1.024061897827209355e+00
1.024081895865478486e+00
1.024101819677772252e+00
1.024121668619956127e+00
1.024141442055012341e+00
1.024161139353156447e+00
1.024180759891954340e+00
1.024200303056437722e+00
1.024219768239219563e+00
1.024239154840605348e+00
1.024258462268706538e+00
1.024277689939550928e+00
1.024296837277190564e+00
1.024315903713810316e+00
1.024334888689833800e+00
1.024353791654028178e+00
1.024372612063606303e+00
1.024391349384328853e+00
1.024410003090603816e+00
1.024428572665583737e+00
1.024447057601263644e+00
1.024465457398572532e+00
1.024483771567469059e+00
1.024501999627029925e+00
1.024520141105538906e+00
1.024538195540574126e+00
1.024556162479091981e+00
1.024574041477510633e+00
1.024591832101789279e+00
1.024609533927508309e+00
1.024627146539942579e+00
1.024644669534138242e+00
1.024662102514983353e+00
1.024679445097276709e+00
1.024696696905796234e+00
1.024713857575361819e+00
1.024730926750899940e+00
1.024747904087502270e+00
1.024764789250482533e+00
1.024781581915434225e+00
1.024798281768279917e+00
1.024814888505322985e+00
1.024831401833295352e+00
1.024847821469401232e+00
1.024864147141359982e+00
1.024880378587446073e+00
1.024896515556524834e+00
1.024912557808088431e+00
1.024928505112286281e+00
1.024944357249953475e+00
1.024960114012638757e+00
1.024975775202626060e+00
1.024991340632956494e+00
1.025006810127444989e+00
1.025022183520695851e+00
1.025037460658115851e+00
1.025052641395922226e+00
1.025067725601149782e+00
1.025082713151655778e+00
1.025097603936117929e+00
1.025112397854036184e+00
1.025127094815725393e+00
1.025141694742308207e+00
1.025156197565704197e+00
1.025170603228618749e+00
1.025184911684522637e+00
1.025199122897636705e+00
1.025213236842907882e+00
1.025227253505985203e+00
1.025241172883191165e+00
1.025254994981491752e+00
1.025268719818463348e+00
1.025282347422256102e+00
1.025295877831554625e+00
1.025309311095536025e+00
1.025322647273825938e+00
1.025335886436449906e+00
1.025349028663784523e+00
1.025362074046502148e+00
1.025375022685518500e+00
1.025387874691930046e+00
1.025400630186955375e+00
1.025413289301871700e+00
1.025425852177944686e+00
1.025438318966363838e+00
1.025450689828166340e+00
1.025462964934165333e+00
1.025475144464871313e+00
1.025487228610412416e+00
1.025499217570453148e+00
1.025511111554108235e+00
1.025522910779855801e+00
1.025534615475448330e+00
1.025546225877819406e+00
1.025557742232989122e+00
1.025569164795968380e+00
1.025580493830658302e+00
1.025591729609748537e+00
1.025602872414614009e+00
1.025613922535208777e+00
1.025624880269957240e+00
1.025635745925643327e+00
1.025646519817299041e+00
1.025657202268087875e+00
1.025667793609189360e+00
1.025678294179680039e+00
1.025688704326411571e+00
1.025699024403889048e+00
1.025709254774145762e+00
1.025719395806616197e+00
1.025729447878008571e+00
1.025739411372173837e+00
1.025749286679973338e+00
1.025759074199145804e+00
1.025768774334171685e+00
1.025778387496136368e+00
1.025787914102590959e+00
1.025797354577412834e+00
1.025806709350662871e+00
1.025815978858444222e+00
1.025825163542755547e+00
1.025834263851346240e+00
1.025843280237570099e+00
1.025852213160234117e+00
1.025861063083451263e+00
1.025869830476488387e+00
1.025878515813613889e+00
1.025887119573945405e+00
1.025895642241293926e+00
1.025904084304009922e+00
1.025912446254825916e+00
1.025920728590699493e+00
1.025928931812656320e+00
1.025937056425628269e+00
1.025945102938296660e+00
1.025953071862929278e+00
1.025960963715220942e+00
1.025968779014129861e+00
1.025976518281715322e+00
1.025984182042974702e+00
1.025991770825680938e+00
1.025999285160215102e+00
1.026006725579403867e+00
1.026014092618354301e+00
1.026021386814287117e+00
1.026028608706370804e+00
1.026035758835557310e+00
1.026042837744411740e+00
1.026049845976949593e+00
1.026056784078466677e+00
1.026063652595373688e+00
1.026070452075029227e+00
1.026077183065570164e+00
1.026083846115747988e+00
1.026090441774757611e+00
1.026096970592072388e+00
1.026103433117277364e+00
1.026109829899899406e+00
1.026116161489243783e+00
1.026122428434224521e+00
1.026128631283199422e+00
1.026134770583802869e+00
1.026140846882780844e+00
1.026146860725824617e+00
1.026152812657405322e+00
1.026158703220609203e+00
1.026164532956972852e+00
1.026170302406320012e+00
1.026176012106596591e+00
1.026181662593709465e+00
1.026187254401361715e+00
1.026192788060892536e+00
1.026198264101115365e+00
1.026203683048156234e+00
1.026209045425295674e+00
1.026214351752807286e+00
1.026219602547800758e+00
1.026224798324062881e+00
1.026229939591901230e+00
1.026235026857986732e+00
1.026240060625200012e+00
1.026245041392474855e+00
1.026249969654645655e+00
1.026254845902293988e+00
1.026259670621597175e+00
1.026264444294176403e+00
1.026269167396947957e+00
1.026273840401973114e+00
1.026278463776310712e+00
1.026283037981869706e+00
1.026287563475263731e+00
1.026292040707666775e+00
1.026296470124667293e+00
1.026300852166128763e+00
1.026305187266045138e+00
1.026309475852402731e+00
1.026313718347040771e+00
1.026317915165512185e+00
1.026322066716948145e+00
1.026326173403922404e+00
1.026330235622317399e+00
1.026334253761190141e+00
1.026338228202642311e+00
1.026342159321688152e+00
1.026346047486128121e+00
1.026349893056417661e+00
1.026353696385544634e+00
1.026357457818902530e+00
1.026361177694166349e+00
1.026364856341173137e+00
1.026368494081798755e+00
1.026372091229840855e+00
1.026375648090899428e+00
1.026379164962262003e+00
1.026382642132788847e+00
1.026386079882799063e+00
1.026389478483959783e+00
1.026392838199176039e+00
1.026396159282481513e+00
1.026399441978933513e+00
1.026402686524505725e+00
1.026405893145985848e+00
1.026409062060873012e+00
1.026412193477277635e+00
1.026415287593823500e+00
1.026418344599549393e+00
1.026421364673815173e+00
1.026424347986207630e+00
1.026427294696449000e+00
1.026430204954306369e+00
1.026433078899504636e+00
1.026435916661639025e+00
1.026438718360090707e+00
1.026441484103944868e+00
1.026444213991908327e+00
1.026446908112232048e+00
1.026449566542633196e+00
1.026452189350220090e+00
1.026454776591418705e+00
1.026457328311901396e+00
1.026459844546518507e+00
1.026462325319229318e+00
1.026464770643038538e+00
1.026467180519930800e+00
1.026469554940812046e+00
1.026471893885448017e+00
1.026474197322409188e+00
1.026476465209013922e+00
1.026478697491277181e+00
1.026480894103858788e+00
1.026483054970016795e+00
1.026485180001558195e+00
1.026487269098798727e+00
1.026489322150518468e+00
1.026491339033923200e+00
1.026493319614607547e+00
1.026495263746520781e+00
1.026497171271932629e+00
1.026499042021405517e+00
1.026500875813766145e+00
1.026502672456079734e+00
1.026504431743628487e+00
1.026506153459891157e+00
1.026507837376525067e+00
1.026509483253351895e+00
1.026511090838344575e+00
1.026512659867618416e+00
1.026514190065423104e+00
1.026515681144138714e+00
1.026517132804274368e+00
1.026518544734468241e+00
1.026519916611492445e+00
1.026521248100259909e+00
1.026522538853832156e+00
1.026523788513433733e+00
1.026524996708465753e+00
1.026526163056526109e+00
1.026527287163428115e+00
1.026528368623226717e+00
1.026529407018245355e+00
1.026530401919105495e+00
1.026531352884760384e+00
1.026532259462532348e+00
1.026533121188151876e+00
1.026533937585799805e+00
1.026534708168155285e+00
1.026535432436443518e+00
1.026536109880489267e+00
1.026536739978773483e+00
1.026537322198491475e+00
1.026537855995617310e+00
1.026538340814968642e+00
1.026538776090277549e+00
1.026539161244263809e+00
1.026539495688711057e+00
1.026539778824547833e+00
1.026540010041931295e+00
1.026540188720335589e+00
1.026540314228641781e+00
1.026540385925234666e+00
1.026540403158100023e+00
1.026540365264928534e+00
1.026540271573220808e+00
1.026540121400398187e+00
1.026539914053917313e+00
1.026539648831386931e+00
1.026539325020690674e+00
1.026538941900111634e+00
1.026538498738464034e+00
1.026537994795224007e+00
1.026537429320670380e+00
1.026536801556023670e+00
1.026536110733594409e+00
1.026535356076930139e+00
1.026534536800972397e+00
1.026533652112211481e+00
1.026532701208851650e+00
1.026531683280975216e+00
1.026530597510713960e+00
1.026529443072423220e+00
1.026528219132861297e+00
1.026526924851371980e+00
1.026525559380071728e+00
1.026524121864040406e+00
1.026522611441518684e+00
1.026521027244104989e+00
1.026519368396961784e+00
1.026517634019023184e+00
1.026515823223205892e+00
1.026513935116627696e+00
1.026511968800826846e+00
1.026509923371988098e+00
1.026507797921169640e+00
1.026505591534538464e+00
1.026503303293607505e+00
1.026500932275475453e+00
1.026498477553073219e+00
1.026495938195414626e+00
1.026493313267847984e+00
1.026490601832314553e+00
1.026487802947610994e+00
1.026484915669653830e+00
1.026481939051748560e+00
1.026478872144864329e+00
1.026475713997910155e+00
1.026472463658015144e+00
1.026469120170814486e+00
1.026465682580736338e+00
1.026462149931294476e+00
1.026458521265383617e+00
1.026454795625577621e+00
1.026450972054432365e+00
1.026447049594790606e+00
1.026443027290092402e+00
1.026438904184684864e+00
1.026434679324139010e+00
1.026430351755567294e+00
1.026425920527944680e+00
1.026421384692433492e+00
1.026416743302707602e+00
1.026411995415285716e+00
1.026407140089858672e+00
1.026402176389627829e+00
1.026397103381639031e+00
1.026391920137123215e+00
1.026386625731835700e+00
1.026381219246400800e+00
1.026375699766655547e+00
1.026370066383996749e+00
1.026364318195728709e+00
1.026358454305412948e+00
1.026352473823219924e+00
1.026346375866280081e+00
1.026340159559036902e+00
1.026333824033602404e+00
1.026327368430110409e+00
1.026320791897072260e+00
1.026314093591733201e+00
1.026307272680427207e+00
1.026300328338934920e+00
1.026293259752838027e+00
1.026286066117875873e+00
1.026278746640299611e+00
1.026271300537229703e+00
1.026263727037006968e+00
1.026256025379546966e+00
1.026248194816692161e+00
1.026240234612561641e+00
1.026232144043900618e+00
1.026223922400427702e+00
1.026215568985179960e+00
1.026207083114856200e+00
1.026198464120158249e+00
1.026189711346129574e+00
1.026180824152489901e+00
1.026171801913968729e+00
1.026162644020635284e+00
1.026153349878224486e+00
1.026143918908458907e+00
1.026134350549369634e+00
1.026124644255609120e+00
1.026114799498763830e+00
1.026104815767660439e+00
1.026094692568666922e+00
1.026084429425989653e+00
1.026074025881967611e+00
1.026063481497355490e+00
1.026052795851609467e+00
1.026041968543159655e+00
1.026030999189681880e+00
1.026019887428360366e+00
1.026008632916147523e+00
1.025997235330011970e+00
1.025985694367186785e+00
1.025974009745403981e+00
1.025962181203127654e+00
1.025950208499775806e+00
1.025938091415937281e+00
1.025925829753579599e+00
1.025913423336250130e+00
1.025900872009268383e+00
1.025888175639910305e+00
1.025875334117585025e+00
1.025862347354002058e+00
1.025849215283329841e+00
1.025835937862347169e+00
1.025822515070584195e+00
1.025808946910452546e+00
1.025795233407370999e+00
1.025781374609876728e+00
1.025767370589730776e+00
1.025753221442010865e+00
1.025738927285197111e+00
1.025724488261245293e+00
1.025709904535653472e+00
1.025695176297513278e+00
1.025680303759558321e+00
1.025665287158193717e+00
1.025650126753523628e+00
1.025634822829361914e+00
1.025619375693235913e+00
1.025603785676378443e+00
1.025588053133709598e+00
1.025572178443807214e+00
1.025556162008867567e+00
1.025540004254654747e+00
1.025523705630439597e+00
1.025507266608927992e+00
1.025490687686178237e+00
1.025473969381507366e+00
1.025457112237388557e+00
1.025440116819335001e+00
1.025422983715775560e+00
1.025405713537919095e+00
1.025388306919607917e+00
1.025370764517161470e+00
1.025353087009208242e+00
1.025335275096510568e+00
1.025317329501773900e+00
1.025299250969452736e+00
1.025281040265539456e+00
1.025262698177350273e+00
1.025244225513294971e+00
1.025225623102641759e+00
1.025206891795270359e+00
1.025188032461415988e+00
1.025169045991405570e+00
1.025149933295382620e+00
1.025130695303025696e+00
1.025111332963256627e+00
1.025091847243940313e+00
1.025072239131577856e+00
1.025052509630989483e+00
1.025032659764991028e+00
1.025012690574063301e+00
1.024992603116011924e+00
1.024972398465622270e+00
1.024952077714305965e+00
1.024931641969742735e+00
1.024911092355511810e+00
1.024890430010722664e+00
1.024869656089635317e+00
1.024848771761276867e+00
1.024827778209053353e+00
1.024806676630354296e+00
1.024785468236155239e+00
1.024764154250612513e+00
1.024742735910657787e+00
1.024721214465584396e+00
1.024699591176633673e+00
1.024677867316574398e+00
1.024656044169283131e+00
1.024634123029318111e+00
1.024612105201492707e+00
1.024589992000446204e+00
1.024567784750213040e+00
1.024545484783788929e+00
1.024523093442698762e+00
1.024500612076558959e+00
1.024478042042644255e+00
1.024455384705450278e+00
1.024432641436256786e+00
1.024409813612693565e+00
1.024386902618302564e+00
1.024363909842104237e+00
1.024340836678163225e+00
1.024317684525156702e+00
1.024294454785942055e+00
1.024271148867128556e+00
1.024247768178651263e+00
1.024224314133344693e+00
1.024200788146522489e+00
1.024177191635557538e+00
1.024153526019466742e+00
