1.000603444564682754e+00
1.000676953695337490e+00
1.000799700653818958e+00
1.000944674918477606e+00
1.001103629031086406e+00
1.001271718513785824e+00
1.001445202534376078e+00
1.001623196366882240e+00
1.001802749453562180e+00
1.001985386457839855e+00
1.002169455817998323e+00
1.002355787349060723e+00
1.002543620697291082e+00
1.002731189678260026e+00
1.002919261055477573e+00
1.003105087794320394e+00
1.003291275812077332e+00
1.003476127807921392e+00
1.003661573776749583e+00
1.003846975243468220e+00
1.004031263286656372e+00
1.004215199848572659e+00
1.004395921294768179e+00
1.004576159551419989e+00
1.004753831085257954e+00
1.004931558521596768e+00
1.005108510035308766e+00
1.005284373519099050e+00
1.005459656254548362e+00
1.005631569071875564e+00
1.005802667274608764e+00
1.005970476746140818e+00
1.006138090673675212e+00
1.006304399717878661e+00
1.006469900956228347e+00
1.006634789875120228e+00
1.006796562429529196e+00
1.006957434038724397e+00
1.007114603115632612e+00
1.007271421388637345e+00
1.007426459545002650e+00
1.007581016437277377e+00
1.007734970157790011e+00
1.007886293413434498e+00
1.008036772505040979e+00
1.008183383611380268e+00
1.008329530215747116e+00
1.008473435923904926e+00
1.008617135930546249e+00
1.008760200201523904e+00
1.008901235884243519e+00
1.009041566351448482e+00
1.009178085442775874e+00
1.009314060391141687e+00
1.009447355365048926e+00
1.009580626726441555e+00
1.009713144004930951e+00
1.009844262054520714e+00
1.009974847891201843e+00
1.010101878536775022e+00
1.010228329324491581e+00
1.010351714103504994e+00
1.010475156441752009e+00
1.010597623803988654e+00
1.010719280848277890e+00
1.010840569461647354e+00
1.010958728288950947e+00
1.011076326806836789e+00
1.011190567651178096e+00
1.011304862087248235e+00
1.011417863442402920e+00
1.011530554012839422e+00
1.011642991504315470e+00
1.011752852075122000e+00
1.011862230633479687e+00
1.011968094153757658e+00
1.012073951843950770e+00
1.012178124794858469e+00
1.012282366964690983e+00
1.012386390225279209e+00
1.012488465471702126e+00
1.012590187097579086e+00
1.012688399929430050e+00
1.012786527528235503e+00
1.012882543270500868e+00
1.012978876932132621e+00
1.013074921764950620e+00
1.013169667506699678e+00
1.013264217193288186e+00
1.013355440122641893e+00
1.013446512457695015e+00
1.013535058119695798e+00
1.013624044432587468e+00
1.013712557884005383e+00
1.013800387008037429e+00
1.013888176621378756e+00
1.013972989267548641e+00
1.014057626415547642e+00
1.014139385857603992e+00
1.014221602682356504e+00
1.014303053287818113e+00
1.014384354054528981e+00
1.014465736285756758e+00
1.014544631409771025e+00
1.014623380857126556e+00
1.014699013676133355e+00
1.014775045442836365e+00
1.014849928345518126e+00
1.014925082401347156e+00
1.015000370069906399e+00
1.015073757140761535e+00
1.015147082873792961e+00
1.015217203298311111e+00
1.015287625822254736e+00
1.015356461590548376e+00
1.015425858559698913e+00
1.015495345847640785e+00
1.015563562821965249e+00
1.015631842863553569e+00
1.015697001069866490e+00
1.015762363066999185e+00
1.015825690165494954e+00
1.015889736692227485e+00
1.015953719165173297e+00
1.016017050403478894e+00
1.016080583177737529e+00
1.016141251652088240e+00
1.016202055487635203e+00
1.016260417161376495e+00
1.016319539202980460e+00
1.016378329985890616e+00
1.016437027417374406e+00
1.016496045939871307e+00
1.016552612999446659e+00
1.016609297591779981e+00
1.016663224621593198e+00
1.016717862713446330e+00
1.016771802918857048e+00
1.016826107251465494e+00
1.016880798943252451e+00
1.016933570528792519e+00
1.016986499242548136e+00
1.017036490669720017e+00
1.017087088803692030e+00
1.017136551138988931e+00
1.017186710124896365e+00
1.017237239311315822e+00
1.017286448879009431e+00
1.017335904609540265e+00
1.017382409026680312e+00
1.017429398681320318e+00
1.017474783987220022e+00
1.017521065375505129e+00
1.017567595354166965e+00
1.017613420404725577e+00
1.017659608946031913e+00
1.017703009144071524e+00
1.017746790807840140e+00
1.017788518059059566e+00
1.017831215720480742e+00
1.017873927604452167e+00
1.017916510374955674e+00
1.017959571796210216e+00
1.018000175288435116e+00
1.018041100384520892e+00
1.018079591415900875e+00
1.018119024058352862e+00
1.018158130256805460e+00
1.018197599559500510e+00
1.018237626001291751e+00
1.018275663160319366e+00
1.018314019434870099e+00
1.018349680336334551e+00
1.018386183160370440e+00
1.018421934165434362e+00
1.018458425342843032e+00
1.018495482673374752e+00
1.018531113023303014e+00
1.018567116065498102e+00
1.018600317756263252e+00
1.018634228297415012e+00
1.018666912265362878e+00
1.018700582668959242e+00
1.018734732986812386e+00
1.018768058841163837e+00
1.018801851463583041e+00
1.018832912279574288e+00
1.018864552512655397e+00
1.018894487898144741e+00
1.018925526037222085e+00
1.018956848088191425e+00
1.018987933521797729e+00
1.019019593410599223e+00
1.019048766460998845e+00
1.019078423905079411e+00
1.019105946127878859e+00
1.019134573518031495e+00
1.019163178593346819e+00
1.019192070937432471e+00
1.019221625576250290e+00
1.019249093044036103e+00
1.019277003944492499e+00
1.019302447751240681e+00
1.019328913409172532e+00
1.019354955032288235e+00
1.019381705812354877e+00
1.019409152508965022e+00
1.019435028021046907e+00
1.019461365533974373e+00
1.019485045333971662e+00
1.019509613768914802e+00
1.019533290293679784e+00
1.019557972769766341e+00
1.019583300905910761e+00
1.019607639773140395e+00
1.019632509367319750e+00
1.019654700268881387e+00
1.019677634683672007e+00
1.019699184719075280e+00
1.019721905810090146e+00
1.019745118279000939e+00
1.019767934097329798e+00
1.019791377209265715e+00
1.019812299604551775e+00
1.019833842774282573e+00
1.019853534092798775e+00
1.019874439303917857e+00
1.019895570432004073e+00
1.019916855531252553e+00
1.019938861102593464e+00
1.019958671302616970e+00
1.019979027107884573e+00
1.019997140396444069e+00
1.020016411282494317e+00
1.020035539188605345e+00
1.020055285902445430e+00
1.020075808114742077e+00
1.020094596686483390e+00
1.020113915366848811e+00
1.020130724835968117e+00
1.020148569449106368e+00
1.020165821595801381e+00
1.020184041348788595e+00
1.020203020931408577e+00
1.020220819158056180e+00
1.020239188895099014e+00
1.020254942304340107e+00
1.020271579961447461e+00
1.020287131464824970e+00
1.020303869143277087e+00
1.020321255224581947e+00
1.020338048755831339e+00
1.020355495206831664e+00
1.020370396155313220e+00
1.020386038677386420e+00
1.020400103707479911e+00
1.020415445542182997e+00
1.020431215141714087e+00
1.020446962727609597e+00
1.020463456789854950e+00
1.020477651999373236e+00
1.020492484216526385e+00
1.020505301538760845e+00
1.020519375620485336e+00
1.020533548413273151e+00
1.020548202864761889e+00
1.020563675554166938e+00
1.020577249245906204e+00
1.020591411861196729e+00
1.020603226250049067e+00
1.020616195718790919e+00
1.020628842459441632e+00
1.020642370762074425e+00
1.020656732951183532e+00
1.020669709333414499e+00
1.020683287037318809e+00
1.020694328900395575e+00
1.020706378751465193e+00
1.020717622564537130e+00
1.020730022355888389e+00
1.020743186458584972e+00
1.020755540006556661e+00
1.020768556973955965e+00
1.020779022949271475e+00
1.020790342255677885e+00
1.020800352787761822e+00
1.020811663059566721e+00
1.020823563644515319e+00
1.020835235561597498e+00
1.020847659249701334e+00
1.020857696621834787e+00
1.020868458710280313e+00
1.020877439876406889e+00
1.020887744612080983e+00
1.020898355297045867e+00
1.020909273580357768e+00
1.020921026333397208e+00
1.020930723720300914e+00
1.020941067314280470e+00
1.020949240068806052e+00
1.020958664442631392e+00
1.020968009099448848e+00
1.020978109169267123e+00
1.020989085844118627e+00
1.020998471713001177e+00
1.021008486097165768e+00
1.021016068307767366e+00
1.021024767984368253e+00
1.021032925090557208e+00
1.021042168010671158e+00
1.021052256941882508e+00
1.021061306256876522e+00
1.021071023007236178e+00
1.021078209035130691e+00
1.021086353989118622e+00
1.021093453770432813e+00
1.021101839590443872e+00
1.021110943857638675e+00
1.021119591810472294e+00
1.021128984603041800e+00
1.021135927450284697e+00
1.021143682530356589e+00
1.021149897297881415e+00
1.021157471826773078e+00
1.021165527958106001e+00
1.021173688588260298e+00
1.021182681237724710e+00
1.021189479955982193e+00
1.021196985033565596e+00
1.021202513832347059e+00
1.021209368050266297e+00
1.021216359856449873e+00
1.021223946661919513e+00
1.021232428155305350e+00
1.021239122536511390e+00
1.021246475337271864e+00
1.021251524698272295e+00
1.021257786931597744e+00
1.021263752932396685e+00
1.021270698403217381e+00
1.021278542590247973e+00
1.021285116041201757e+00
1.021292360504493013e+00
1.021297123686288888e+00
1.021302945569136478e+00
1.021307979292223722e+00
1.021314250622065156e+00
1.021321337614902847e+00
1.021327727771593086e+00
1.021334849973812631e+00
1.021339487479673513e+00
1.021345025573366261e+00
1.021349268788799058e+00
1.021354877694592656e+00
1.021361113972017787e+00
1.021367229335230054e+00
1.021374161768386024e+00
1.021378785967665515e+00
1.021384181629736876e+00
1.021387811315472405e+00
1.021392816754790100e+00
1.021398151371243568e+00
1.021403891318711565e+00
1.021410524899824424e+00
1.021415191141469947e+00
1.021420551678870359e+00
1.021423762206233210e+00
1.021428265698984816e+00
1.021432700695015461e+00
1.021437975810082666e+00
1.021444177730855607e+00
1.021448883402187757e+00
1.021454267536984206e+00
1.021457250205966005e+00
1.021461384377175818e+00
1.021464978298364468e+00
1.021469728067771587e+00
1.021475362743360815e+00
1.021480054450226937e+00
1.021485464565411672e+00
1.021488387126453068e+00
1.021492298963689871e+00
1.021495163200081491e+00
1.021499368669365193e+00
1.021504318740039885e+00
1.021508906439344333e+00
1.021514289000413189e+00
1.021517278024712372e+00
1.021521109136866556e+00
1.021523397549592538e+00
1.021527087319840099e+00
1.021531271872486268e+00
1.021535647675152703e+00
1.021540901846413218e+00
1.021544030596284180e+00
1.021547897351470446e+00
1.021549790363350141e+00
1.021553039215979730e+00
1.021556426979993715e+00
1.021560485683938202e+00
1.021565478785699366e+00
1.021568762517492956e+00
1.021572739155548915e+00
1.021574424152969396e+00
1.021577344507035301e+00
1.021579960557160494e+00
1.021583618849356778e+00
1.021588206237061813e+00
1.021591605719630147e+00
1.021595713231175040e+00
1.021597363707575479e+00
1.021600091009639222e+00
1.021602016326016660e+00
1.021605227954814454e+00
1.021609274342329066e+00
1.021612707021657185e+00
1.021616909730096445e+00
1.021618665975571272e+00
1.021621339963676878e+00
1.021622703978444680e+00
1.021625468895881905e+00
1.021628868135114665e+00
1.021632225122949267e+00
1.021636435633493045e+00
1.021638389779027989e+00
1.021641134264716921e+00
1.021642101252997259e+00
1.021644467596647399e+00
1.021647158365448504e+00
1.021650324545194888e+00
1.021654416309814017e+00
1.021656604047415318e+00
1.021659508269435079e+00
1.021660259132959103e+00
1.021662317835301259e+00
1.021664293399251022e+00
1.021667167576455926e+00
1.021670993085781909e+00
1.021673393411960618e+00
1.021676497961827357e+00
1.021677209587059210e+00
1.021679082308927011e+00
1.021680393336888315e+00
1.021682905518473294e+00
1.021686317327453741e+00
1.021688860362059525e+00
1.021692150070796945e+00
1.021692974931771136e+00
1.021694796888866552e+00
1.021695547103774526e+00
1.021697670556850568e+00
1.021700542096128039e+00
1.021703123692625059e+00
1.021706528758127952e+00
1.021707577626328911e+00
1.021709477658892640e+00
1.021709812855494004e+00
1.021711569407483200e+00
1.021713812786717135e+00
1.021716313570772527e+00
1.021719718815538247e+00
1.021721049184080687e+00
1.021723129984812406e+00
1.021723221653043634e+00
1.021724679602203256e+00
1.021726258224080031e+00
1.021728564086216373e+00
1.021731824878614248e+00
1.021733436944681772e+00
1.021735758535841310e+00
1.021735783994315305e+00
1.021737048916792512e+00
1.021737983507581493e+00
1.021740004502831090e+00
1.021742966849571221e+00
1.021744807720180948e+00
1.021747376916670724e+00
1.021747498431015089e+00
1.021748698063125183e+00
1.021749065542133073e+00
1.021750750548983788e+00
1.021753272357688758e+00
1.021755247787816234e+00
1.021758015481951887e+00
1.021758361190386655e+00
1.021759626398441423e+00
1.021759551783121278e+00
1.021760896994726719e+00
1.021762867541801789e+00
1.021764859284501670e+00
1.021767726090334172e+00
1.021768375522352112e+00
1.021769820055593136e+00
1.021769462323774302e+00
1.021770512522808705e+00
1.021771867634050146e+00
1.021773753640310423e+00
1.021776583023176643e+00
1.021777559463687091e+00
1.021779261560519014e+00
1.021778795078162272e+00
1.021779637565928489e+00
1.021780368746671774e+00
1.021782043135735174e+00
1.021784679944955698e+00
1.021785950884515071e+00
1.021787939700633085e+00
1.021787533448849317e+00
1.021788285405655472e+00
1.021788441973993322e+00
1.021789831894573286e+00
1.021792123460043999e+00
1.021793609060112296e+00
1.021795858226465015e+00
1.021795655529999625e+00
1.021796446451226359e+00
1.021796130525465474e+00
1.021797207623974302e+00
1.021799024372069375e+00
1.021800612549846221e+00
1.021803042022265906e+00
1.021803143639082423e+00
1.021804095259192691e+00
1.021803450196449692e+00
1.021804235233308544e+00
1.021805488071278800e+00
1.021807053764667739e+00
1.021809539726834970e+00
1.021809992858186966e+00
1.021811199512258295e+00
1.021810393098794734e+00
1.021810953164754121e+00
1.021811605518427868e+00
1.021813031128291360e+00
1.021815422371677329e+00
1.021816217345149491e+00
1.021817729850227785e+00
1.021816934204628824e+00
1.021817372904809451e+00
1.021817446089201997e+00
1.021818640070079720e+00
1.021820778289994180e+00
1.021821853461704288e+00
1.021823669195287554e+00
1.021823039901991415e+00
1.021823481764549957e+00
1.021823053181511565e+00
1.021823964187117850e+00
1.021825705175352095e+00
1.021826959240246913e+00
1.021829020147879685e+00
1.021828677458231915e+00
1.021829248649513300e+00
1.021828443076141735e+00
1.021829067807166425e+00
1.021830300603244979e+00
1.021831610298518545e+00
1.021833809241423197e+00
1.021833824101422206e+00
1.021834632192153425e+00
1.021833607144656320e+00
1.021833990932305980e+00
1.021834652498427198e+00
1.021835892886848729e+00
1.021838087333953204e+00
1.021838474418243825e+00
1.021839590283467825e+00
1.021838517124437518e+00
1.021838747202634012e+00
1.021838830930888786e+00
1.021839895182584446e+00
1.021841926075694573e+00
1.021842644959181534e+00
1.021844089744238016e+00
1.021843132817540800e+00
1.021843325140745051e+00
1.021842882319453860e+00
1.021843698152064661e+00
1.021845411063533771e+00
1.021846375336513901e+00
1.021848114711546351e+00
1.021847411236357805e+00
1.021847692561835608e+00
1.021846826721229951e+00
1.021847367281589536e+00
1.021848632827514702e+00
1.021849725649742302e+00
1.021851672394857413e+00
1.021851315971884722e+00
1.021851803678782034e+00
1.021850658477546858e+00
1.021850946285785877e+00
1.021851677089582688e+00
1.021852770671589417e+00
1.021854795226809998e+00
1.021854825463947902e+00
1.021855608089725642e+00
1.021854350104404174e+00
1.021854453595017143e+00
1.021854615753430062e+00
1.021855591738086266e+00
1.021857539035231355e+00
1.021857938950311073e+00
1.021859060513621964e+00
1.021857858947635034e+00
1.021857882056373068e+00
1.021857499861211549e+00
1.021858267598716230e+00
1.021859977550199527e+00
1.021860679176903153e+00
1.021862129900181992e+00
1.021861135770670392e+00
1.021861201901679284e+00
1.021860355382630647e+00
1.021860865561650122e+00
1.021862194172757476e+00
1.021863091439854321e+00
1.021864806496726175e+00
1.021864134147820513e+00
1.021864366670970359e+00
1.021863182289610261e+00
1.021863434147674443e+00
1.021864272344579661e+00
1.021865239122319302e+00
1.021867105693145428e+00
1.021866819363924428e+00
1.021867321433122644e+00
1.021865956975601453e+00
1.021865998204336989e+00
1.021866286002463431e+00
1.021867196456389459e+00
1.021869067976980183e+00
1.021869175526960660e+00
1.021870012310548637e+00
1.021868637705857896e+00
1.021868557086013762e+00
1.021868291479608004e+00
1.021869039652338440e+00
1.021870754999344655e+00
1.021871209811353598e+00
1.021872396025953256e+00
1.021871172423019614e+00
1.021871086125761607e+00
1.021870321898499689e+00
1.021870837722006264e+00
1.021872242417588783e+00
1.021872953161051534e+00
1.021874448041980799e+00
1.021873507903755307e+00
1.021873541250538198e+00
1.021872384695909464e+00
1.021872644286135223e+00
1.021873610696586221e+00
1.021874457340124387e+00
1.021876167968976068e+00
1.021875599026105030e+00
1.021875866237566211e+00
1.021874462514794413e+00
1.021874491449877853e+00
1.021874935321390954e+00
1.021875788814931907e+00
1.021877581311782857e+00
1.021877416826814988e+00
1.021878001768772304e+00
1.021876517317284350e+00
1.021876386516460400e+00
1.021876277868454252e+00
1.021877020448173301e+00
1.021878737242241320e+00
1.021878954144081364e+00
1.021879895122026705e+00
1.021878497205967351e+00
1.021878311938888340e+00
1.021877679141903750e+00
1.021878222276884074e+00
1.021879702770994491e+00
1.021880227964607535e+00
1.021881509111548070e+00
1.021880345091245257e+00
1.021880228529101764e+00
1.021879155203387235e+00
1.021879452705514169e+00
1.021880554291474397e+00
1.021881278095791545e+00
1.021882828868815762e+00
1.021882008055874813e+00
1.021882081580973045e+00
1.021880696711865877e+00
1.021880751308667179e+00
1.021881367859425627e+00
1.021882162379691206e+00
1.021883865320587503e+00
1.021883446109846716e+00
1.021883809217915662e+00
1.021882271598010483e+00
1.021882134166346878e+00
1.021882209690878174e+00
1.021882949223651416e+00
1.021884654751509913e+00
1.021884639052238697e+00
1.021885351942907638e+00
1.021883830726300513e+00
1.021883592303731048e+00
1.021883128218286307e+00
1.021883708615824116e+00
1.021885254513959840e+00
1.021885590386600429e+00
1.021886662087885700e+00
1.021885315837385955e+00
1.021885093426861069e+00
1.021884148715075824e+00
1.021884502957264518e+00
1.021885735604944001e+00
1.021886327664000227e+00
1.021887711730871562e+00
1.021886668740237036e+00
1.021886586773021133e+00
1.021885271091725222e+00
1.021885378987720694e+00
1.021886173326965963e+00
1.021886899195184384e+00
1.021888497779679605e+00
1.021887840499143607e+00
1.021888010542426617e+00
1.021886471062846358e+00
1.021886361864545290e+00
1.021886637496096650e+00
1.021887367666252988e+00
1.021889043341004832e+00
1.021888799296655215e+00
1.021889301037961939e+00
1.021887704505989314e+00
1.021887452132907326e+00
1.021887183631128071e+00
1.021887801673494023e+00
1.021889395122521638e+00
1.021889535788349956e+00
1.021890402325943636e+00
1.021888914466802856e+00
1.021888625952735552e+00
1.021887846300187697e+00
1.021888266463888861e+00
1.021889617300914210e+00
1.021890065106715095e+00
1.021891275018159018e+00
1.021890039918946780e+00
1.021889838568212028e+00
1.021888635416360991e+00
1.021888815207175671e+00
1.021889782873474317e+00
1.021890425186120943e+00
1.021891902777957828e+00
1.021891025109393558e+00
1.021891030644549447e+00
1.021889535862329446e+00
1.021889481974195268e+00
1.021889963878694463e+00
1.021890671679114959e+00
1.021892295444837062e+00
1.021891828176266781e+00
1.021892136752217350e+00
1.021890510434678045e+00
1.021890277315270712e+00
1.021890221965865209e+00
1.021890870282345265e+00
1.021892488221880058e+00
1.021892427767813194e+00
1.021893094947903258e+00
1.021891505728050875e+00
1.021891186976968680e+00
1.021890600629812962e+00
1.021891087664627218e+00
1.021892537050632210e+00
1.021892826639696938e+00
1.021893856129555633e+00
1.021892460220391596e+00
1.021892173914413782e+00
1.021891120086072746e+00
1.021891382332105858e+00
1.021892510946020405e+00
1.021893051651145079e+00
1.021894391733717544e+00
1.021893313503569711e+00
1.021893183385516490e+00
1.021891775352463450e+00
1.021891796693802146e+00
1.021892482541355340e+00
1.021893150155486873e+00
1.021894698500206200e+00
1.021894015391339172e+00
1.021894150562817405e+00
1.021892537701619030e+00
1.021892351361521456e+00
1.021892518315025367e+00
1.021893183369054103e+00
1.021894799472673032e+00
1.021894533589298826e+00
1.021895009759822504e+00
1.021893359271987878e+00
1.021893042390217499e+00
1.021892669917711993e+00
1.021893217767799733e+00
1.021894741044242716e+00
1.021894858765018288e+00
1.021895704059961218e+00
1.021894180259582896e+00
1.021893841789886181e+00
1.021892967745483105e+00
1.021893315810805225e+00
1.021894586539712657e+00
1.021895006215543411e+00
1.021896193938190311e+00
1.021894937770196243e+00
1.021894701261500282e+00
1.021893417513290103e+00
1.021893527309863714e+00
1.021894407395040894e+00
1.021895013856222167e+00
1.021896463491934748e+00
1.021895575143400237e+00
1.021895558750302913e+00
1.021894000172810735e+00
1.021893882599081760e+00
1.021894273339450043e+00
1.021894936854325309e+00
1.021896523215897190e+00
1.021896050431088110e+00
1.021896347066173494e+00
1.021894675131544528e+00
1.021894388368615569e+00
1.021894243055189389e+00
1.021894839767823804e+00
1.021896408823085522e+00
1.021896342772852684e+00
1.021897003492336475e+00
1.021895386360530011e+00
1.021895026667103190e+00
1.021894356606158016e+00
1.021894787404232119e+00
1.021896176298364045e+00
1.021896455677674620e+00
1.021897479041515400e+00
1.021896070620989416e+00
1.021895757195896426e+00
1.021894630575221452e+00
1.021894835736074425e+00
1.021895894008553407e+00
1.021896416680003306e+00
1.021897745929828405e+00
1.021896666729853465e+00
1.021896522649266448e+00
1.021895056439221516e+00
1.021895024121168838e+00
1.021895633150170957e+00
1.021896273419996337e+00
1.021897802022099455e+00
1.021897124584382199e+00
1.021897256505481799e+00
1.021895602311551077e+00
1.021895369835524203e+00
1.021895458012564983e+00
1.021896086780466062e+00
1.021897671468517954e+00
1.021897412635789149e+00
1.021897892335984936e+00
1.021896217806697038e+00
1.021895865592495234e+00
1.021895417458436262e+00
1.021895922161821346e+00
1.021897401403747185e+00
1.021897522674004133e+00
1.021898373396851856e+00
1.021896841416874313e+00
1.021896480344929081e+00
1.021895538735153153e+00
1.021895840204955164e+00
1.021897055257602993e+00
1.021897471162112048e+00
1.021898661084156501e+00
1.021897409452360073e+00
1.021897163289689381e+00
1.021895824334266401e+00
1.021895888273094188e+00
1.021896703779270554e+00
1.021897296896999485e+00
1.021898740886302503e+00
1.021897865338699418e+00
1.021897850636599436e+00
1.021896252207337596e+00
1.021896093824750329e+00
1.021896415198043195e+00
1.021897055372409380e+00
1.021898624809996825e+00
1.021898167950670455e+00
1.021898474361158105e+00
1.021896779261377119e+00
1.021896460511747318e+00
1.021896245988580310e+00
1.021896810745307471e+00
1.021898349841170672e+00
1.021898297740700734e+00
1.021898971834782621e+00
1.021897347688545121e+00
1.021896967472893270e+00
1.021896233505567242e+00
1.021896626640943051e+00
1.021897972688480927e+00
1.021898259705076750e+00
1.021899294974823125e+00
1.021897893329824836e+00
1.021897571912489866e+00
1.021896391391743597e+00
1.021896557133041838e+00
1.021897561683333899e+00
1.021898082704586486e+00
1.021899417488996820e+00
1.021898354969194234e+00
1.021898214685827089e+00
1.021896708251437413e+00
1.021896639131042006e+00
1.021897187146450836e+00
1.021897815243635765e+00
1.021899338998885298e+00
1.021898683268146479e+00
1.021898828265842551e+00
1.021897149685029982e+00
1.021896887155213207e+00
1.021896911702629307e+00
1.021897518387825166e+00
1.021899085315355338e+00
1.021898848037364527e+00
1.021899346128757546e+00
1.021897663405716195e+00
1.021897291140542841e+00
1.021896781927117193e+00
1.021897256931406428e+00
1.021898704799107716e+00
1.021898842733321988e+00
1.021899712299866092e+00
1.021898186796693420e+00
1.021897817531787656e+00
1.021896822404208649e+00
1.021897090133473185e+00
1.021898261412091724e+00
1.021898685461024581e+00
1.021899889634639624e+00
1.021898655932947930e+00
1.021898413556141305e+00
1.021897032878289702e+00
1.021897063324283650e+00
1.021897825601087550e+00
1.021898416312529978e+00
1.021899865486999071e+00
1.021899014843831832e+00
1.021899014204420419e+00
1.021897388769861470e+00
1.021897201491122953e+00
1.021897464451834825e+00
1.021898091469573444e+00
1.021899653785592443e+00
1.021899223695017955e+00
1.021899551109850535e+00
1.021897844946362266e+00
1.021897505647002102e+00
1.021897232572624548e+00
1.021897775010159215e+00
1.021899293139163944e+00
1.021899264664633655e+00
1.021899962191261002e+00
1.021898342269803805e+00
1.021897952418670874e+00
1.021897164944666869e+00
1.021897529673066352e+00
1.021898841279480052e+00
1.021899144592312902e+00
1.021900200687575921e+00
1.021898816090764495e+00
1.021898496909354748e+00
1.021897272606939300e+00
1.021897407914918787e+00
1.021898366764123489e+00
1.021898893967360777e+00
1.021900242164906158e+00
1.021899205562763591e+00
1.021899078526522953e+00
1.021897541630990558e+00
1.021897444474285432e+00
1.021897939275928424e+00
1.021898562414236933e+00
1.021900088314179778e+00
1.021899462477955822e+00
1.021899629118232067e+00
1.021897935446879568e+00
1.021897651396001194e+00
1.021897620002411911e+00
1.021898211401624401e+00
1.021899766866525727e+00
1.021899558329501412e+00
1.021900082426712375e+00
1.021898400208646196e+00
1.021898016123538921e+00
1.021897453458375349e+00
