1.000603444564682754e+00
1.000676723174892313e+00
1.000799430854353300e+00
1.000944932803838894e+00
1.001103441325043697e+00
1.001271019692827613e+00
1.001442840150388536e+00
1.001620128801260279e+00
1.001801346417501515e+00
1.001984705822632105e+00
1.002170626953462929e+00
1.002355192847995902e+00
1.002541622464118376e+00
1.002728858459297712e+00
1.002916129240019494e+00
1.003104426011234729e+00
1.003289588298516000e+00
1.003475444160266017e+00
1.003660736637860929e+00
1.003845439658697325e+00
1.004030604034396701e+00
1.004211872772431402e+00
1.004393317148867482e+00
1.004573342509406331e+00
1.004752633117637739e+00
1.004932139022084447e+00
1.005107430457531592e+00
1.005282641788572295e+00
1.005455795874826475e+00
1.005628268536855607e+00
1.005800843091529728e+00
1.005969142176378117e+00
1.006137242717415337e+00
1.006302767429666734e+00
1.006467752036542151e+00
1.006632780274465899e+00
1.006793645832267714e+00
1.006954277492682515e+00
1.007111894323324819e+00
1.007269144310153575e+00
1.007426392890022893e+00
1.007579715142515431e+00
1.007732822573307985e+00
1.007882538403482409e+00
1.008032060892756210e+00
1.008181524629129022e+00
1.008327386594558117e+00
1.008473090252665072e+00
1.008615081602412200e+00
1.008757035559159299e+00
1.008898845150345780e+00
1.009037438448862289e+00
1.009175956295374821e+00
1.009310497122966055e+00
1.009445130235994359e+00
1.009579495638320612e+00
1.009711068956624658e+00
1.009842667835564978e+00
1.009970084134105051e+00
1.010097693632868054e+00
1.010224869709182904e+00
1.010349698002410479e+00
1.010474664055042826e+00
1.010595305542191902e+00
1.010716214109067090e+00
1.010836480358677569e+00
1.010954847285172598e+00
1.011073468643118423e+00
1.011187691320881932e+00
1.011302232369149623e+00
1.011415881346301449e+00
1.011528069944487740e+00
1.011640627213421517e+00
1.011748782701269889e+00
1.011857291261017533e+00
1.011964622104875478e+00
1.012070910393712220e+00
1.012177671955503566e+00
1.012280100952850814e+00
1.012382907772779728e+00
1.012484222543323931e+00
1.012584881900564726e+00
1.012686102116680864e+00
1.012783130362962858e+00
1.012880557789272551e+00
1.012976159195245307e+00
1.013071454180829001e+00
1.013167373301992358e+00
1.013259309085673854e+00
1.013351667922059107e+00
1.013441857630922538e+00
1.013532046463914593e+00
1.013622891524124991e+00
1.013710024225769946e+00
1.013797611187719827e+00
1.013882688295384860e+00
1.013968023533653229e+00
1.014054009798845080e+00
1.014136609206002237e+00
1.014219704822804546e+00
1.014299964294551160e+00
1.014380693468137418e+00
1.014462026178053478e+00
1.014540342439252063e+00
1.014619209382102705e+00
1.014694940407092183e+00
1.014771306468959633e+00
1.014848182700887058e+00
1.014922446839049641e+00
1.014997328705444790e+00
1.015068812975127965e+00
1.015141054494057116e+00
1.015213665022574485e+00
1.015284089939114898e+00
1.015355210532695285e+00
1.015422720486091279e+00
1.015491071541523516e+00
1.015559602592089217e+00
1.015626384485165179e+00
1.015693947616938431e+00
1.015757744710709565e+00
1.015822434473841573e+00
1.015887069283636146e+00
1.015950389391520048e+00
1.016014579205739787e+00
1.016074912273835507e+00
1.016136164281179033e+00
1.016197084395142225e+00
1.016257110965762767e+00
1.016318092769080472e+00
1.016375196539591297e+00
1.016433227687344232e+00
1.016490613933540788e+00
1.016547504316610784e+00
1.016605425866309531e+00
1.016659519702998171e+00
1.016714539012630647e+00
1.016768572119059799e+00
1.016822474878004812e+00
1.016877468065985557e+00
1.016928754998136064e+00
1.016980962223779761e+00
1.017031823057617412e+00
1.017082880003678191e+00
1.017135062858032679e+00
1.017183728953970245e+00
1.017233313118312665e+00
1.017281182547125074e+00
1.017329530606332577e+00
1.017379009521933053e+00
1.017425223648418697e+00
1.017472361603974695e+00
1.017517419995828787e+00
1.017563192830120311e+00
1.017610064933586855e+00
1.017653978925793234e+00
1.017698834041444123e+00
1.017741260436558548e+00
1.017784589752743107e+00
1.017828945305260469e+00
1.017870694551432420e+00
1.017913415619692064e+00
1.017953386620234824e+00
1.017994403114838020e+00
1.018036327858387269e+00
1.018076032281524324e+00
1.018116752730527264e+00
1.018154441167400615e+00
1.018193275071832105e+00
1.018232852430278834e+00
1.018270617828228142e+00
1.018309455305125955e+00
1.018345028751066250e+00
1.018381809960148709e+00
1.018419123015901429e+00
1.018455042703031665e+00
1.018492099073868395e+00
1.018525718280677062e+00
1.018560576068132661e+00
1.018595709247268832e+00
1.018629865926640399e+00
1.018665227713703381e+00
1.018697045057353812e+00
1.018730107403674090e+00
1.018763147816810211e+00
1.018795615602090532e+00
1.018829354854994484e+00
1.018859512874959350e+00
1.018890905455017482e+00
1.018921943856943013e+00
1.018952790358179872e+00
1.018984965931255093e+00
1.019013596048772285e+00
1.019043440947048129e+00
1.019072572294391410e+00
1.019101860680655003e+00
1.019132519867929521e+00
1.019159741361407967e+00
1.019188155600095680e+00
1.019215479202268071e+00
1.019243270156434678e+00
1.019272450617728865e+00
1.019298369921743053e+00
1.019325463899709128e+00
1.019351083173543504e+00
1.019377436659561820e+00
1.019405168557648400e+00
1.019429878935310008e+00
1.019455754882594434e+00
1.019479776735157106e+00
1.019504753505676042e+00
1.019531061765506674e+00
1.019554643383413506e+00
1.019579393936006273e+00
1.019601927812986197e+00
1.019625590595216513e+00
1.019650497192038152e+00
1.019673017604049381e+00
1.019696724596895310e+00
1.019717881245838953e+00
1.019740295556115672e+00
1.019763821739815501e+00
1.019785336762558448e+00
1.019808070325686655e+00
1.019827960334198869e+00
1.019849194887086696e+00
1.019871363255018260e+00
1.019891918196259351e+00
1.019913736220651845e+00
1.019932468399390668e+00
1.019952595095281689e+00
1.019973431434711753e+00
1.019993062617223334e+00
1.020014010634960222e+00
1.020031690323409901e+00
1.020050783819023366e+00
1.020070318652440466e+00
1.020089055161851999e+00
1.020109166660902345e+00
1.020125894039778380e+00
1.020144030927887746e+00
1.020162300708975067e+00
1.020180166284744727e+00
1.020199463454151356e+00
1.020215331950960369e+00
1.020232589597791728e+00
1.020249637521831065e+00
1.020266652505727567e+00
1.020285147383486635e+00
1.020300242256254819e+00
1.020316697365646341e+00
1.020332573774620055e+00
1.020348757030380416e+00
1.020366453005309371e+00
1.020380850183051358e+00
1.020396577173938724e+00
1.020411339552758090e+00
1.020426710273158344e+00
1.020443603874549021e+00
1.020457369121345881e+00
1.020472438417803662e+00
1.020486150993380914e+00
1.020500730316259874e+00
1.020516813211778784e+00
1.020530001664670561e+00
1.020544478004351330e+00
1.020557210973361606e+00
1.020571023335823613e+00
1.020586284449372716e+00
1.020598940559666268e+00
1.020612881426337104e+00
1.020624709850431300e+00
1.020637784020545169e+00
1.020652211677770982e+00
1.020664369562390483e+00
1.020677823841271703e+00
1.020688826260323978e+00
1.020701195998269917e+00
1.020714780008030731e+00
1.020726464194189553e+00
1.020739471135521104e+00
1.020749727960268416e+00
1.020761432276267699e+00
1.020774165861369154e+00
1.020785392386085899e+00
1.020797980943848327e+00
1.020807572698882115e+00
1.020818655693319643e+00
1.020830537192738863e+00
1.020841315000243998e+00
1.020853503590722688e+00
1.020862509086796432e+00
1.020873019378339963e+00
1.020884053655280788e+00
1.020894386221252059e+00
1.020906182921805794e+00
1.020914677442135154e+00
1.020924667211470238e+00
1.020934866716094014e+00
1.020944753818336714e+00
1.020956157002028242e+00
1.020964210589714316e+00
1.020973734288476598e+00
1.020983119740064726e+00
1.020992559290502477e+00
1.021003558668734712e+00
1.021011234600710971e+00
1.021020347395653394e+00
1.021028948065340725e+00
1.021037937917442129e+00
1.021048515941707979e+00
1.021055869467925481e+00
1.021064625507595025e+00
1.021072479098851904e+00
1.021081018747155067e+00
1.021091152303509109e+00
1.021098229718115036e+00
1.021106680321712368e+00
1.021113832460904369e+00
1.021121924554531990e+00
1.021131586871071750e+00
1.021138424965468916e+00
1.021146616839894605e+00
1.021153120203220466e+00
1.021160771802930967e+00
1.021169934481845676e+00
1.021176560408704193e+00
1.021184533999368593e+00
1.021190447115265298e+00
1.021197670633601673e+00
1.021206305715355089e+00
1.021212737269555859e+00
1.021220525343272900e+00
1.021225911121061980e+00
1.021232724897777278e+00
1.021240806865645556e+00
1.021247053164696883e+00
1.021254679709472368e+00
1.021259603755678924e+00
1.021266032235957688e+00
1.021273539874178349e+00
1.021279602398880382e+00
1.021287081906725902e+00
1.021291610699984531e+00
1.021297684201059264e+00
1.021304602228778169e+00
1.021310476166457537e+00
1.021317813342990100e+00
1.021322012346356667e+00
1.021327766418474114e+00
1.021334086833834087e+00
1.021339762652420546e+00
1.021346952572613098e+00
1.021350884367683731e+00
1.021356358777188111e+00
1.021362081860394566e+00
1.021367547032375533e+00
1.021374575737103996e+00
1.021378298266675921e+00
1.021383535650873142e+00
1.021388670591001802e+00
1.021393911381609954e+00
1.021400756886148287e+00
1.021404321890301059e+00
1.021409366154160780e+00
1.021413931280824361e+00
1.021418934514162880e+00
1.021425568178826460e+00
1.021429019902467372e+00
1.021433914444357827e+00
1.021437937061378864e+00
1.021442691780786394e+00
1.021449079976514351e+00
1.021452454214372363e+00
1.021457240080287487e+00
1.021460755913645047e+00
1.021465254857919724e+00
1.021471360846391452e+00
1.021474684374451769e+00
1.021479398446396347e+00
1.021482450732680292e+00
1.021486691557487170e+00
1.021492477496773077e+00
1.021495767918302100e+00
1.021500441241917301e+00
1.021503079496286048e+00
1.021507065680202553e+00
1.021512494663097126e+00
1.021515760674275741e+00
1.021520417023413341e+00
1.021522695537751435e+00
1.021526436925084713e+00
1.021531474958059738e+00
1.021534717014874083e+00
1.021539371777203886e+00
1.021541347909816544e+00
1.021544860857786841e+00
1.021549478693672075e+00
1.021552690040015587e+00
1.021557349488999122e+00
1.021559081816670878e+00
1.021562388932713450e+00
1.021566563679261019e+00
1.021569731677883563e+00
1.021574392674038823e+00
1.021575939085168194e+00
1.021579068560549697e+00
1.021582784999283788e+00
1.021585892693320341e+00
1.021590542833310522e+00
1.021591958646369758e+00
1.021594943214175100e+00
1.021598194778511992e+00
1.021601222602213088e+00
1.021605840809615140e+00
1.021607177003478473e+00
1.021610052570929517e+00
1.021612841948518646e+00
1.021615769501281079e+00
1.021620327029467035e+00
1.021621628670183135e+00
1.021624432695632745e+00
1.021626772036258846e+00
1.021629579833502000e+00
1.021634041630213652e+00
1.021635346571898362e+00
1.021638116273887231e+00
1.021640027000304318e+00
1.021642698117440240e+00
1.021647024483349098e+00
1.021648362408687394e+00
1.021651132906637782e+00
1.021652645140833648e+00
1.021655166671975978e+00
1.021659315132442458e+00
1.021660706981238453e+00
1.021663509473405451e+00
1.021664661104738858e+00
1.021667025365589287e+00
1.021670952666381416e+00
1.021672410479676829e+00
1.021675270563273230e+00
1.021676105997693096e+00
1.021678311412235640e+00
1.021681975546230969e+00
1.021683502730385218e+00
1.021686438961271204e+00
1.021687007602505304e+00
1.021689059225913354e+00
1.021692421398735506e+00
1.021694013390506584e+00
1.021697036166098416e+00
1.021697390690331497e+00
1.021699300336026406e+00
1.021702326783834103e+00
1.021703972075894917e+00
1.021707082906092801e+00
1.021707277401131098e+00
1.021709063358158254e+00
1.021711726939954268e+00
1.021713408408054136e+00
1.021716599616535603e+00
1.021716687664284695e+00
1.021718374011680197e+00
1.021720655510831799e+00
1.021722351970032028e+00
1.021725606843841394e+00
1.021725639630428395e+00
1.021727255177119931e+00
1.021729144261414035e+00
1.021730832169839065e+00
1.021734125550540107e+00
1.021734150090600091e+00
1.021735726991305881e+00
1.021737222796854194e+00
1.021738878020979957e+00
1.021742177307275679e+00
1.021742234866874321e+00
1.021743806984765524e+00
1.021744918305471206e+00
1.021746517860513404e+00
1.021749784371457359e+00
1.021749909167084969e+00
1.021751510270953567e+00
1.021752255351276117e+00
1.021753779033014453e+00
1.021756969663737635e+00
1.021757187902525343e+00
1.021758849798241719e+00
1.021759255742089145e+00
1.021760687571927395e+00
1.021763756660845734e+00
1.021764085969990354e+00
1.021765836671940653e+00
1.021765938494451298e+00
1.021767267907357724e+00
1.021770169225470593e+00
1.021770618497869210e+00
1.021772480545199979e+00
1.021772319906905091e+00
1.021773542622137487e+00
1.021776231391414935e+00
1.021776801051361705e+00
1.021778790066175446e+00
1.021778413740695113e+00
1.021779532268047630e+00
1.021781967116920598e+00
1.021782649786377117e+00
1.021784773357156340e+00
1.021784231494186956e+00
1.021785255244093804e+00
1.021787400013444591e+00
1.021788181537854001e+00
1.021790438492439446e+00
1.021789782747233755e+00
1.021790727731355375e+00
1.021792553053625596e+00
1.021793413828109287e+00
1.021795793938026886e+00
1.021795075546358067e+00
1.021795963675818708e+00
1.021797448262240504e+00
1.021798364785343693e+00
1.021800848918846816e+00
1.021800116801877545e+00
1.021800974812217433e+00
1.021802106397853960e+00
1.021803052971129722e+00
1.021805613687659431e+00
1.021804912673243582e+00
1.021805770727043150e+00
1.021806546639329794e+00
1.021807497126729025e+00
1.021810099682184836e+00
1.021809468926970554e+00
1.021810358965351995e+00
1.021810786298229079e+00
1.021811715858885750e+00
1.021814319570386598e+00
1.021813791259930548e+00
1.021814745191017781e+00
1.021814840582748740e+00
1.021815727293594156e+00
1.021818287195300989e+00
1.021817885587002817e+00
1.021818933411331232e+00
1.021818722439176153e+00
1.021819548729331117e+00
1.021822017438045904e+00
1.021821758294437776e+00
1.021822926273065146e+00
1.021822442491868710e+00
1.021823196318666804e+00
1.021825526019672914e+00
1.021825416458549185e+00
1.021826725428587324e+00
1.021826009093055987e+00
1.021826684799862495e+00
1.021828829259969318e+00
1.021828868024660997e+00
1.021830331959117988e+00
1.021829428481186630e+00
1.021830027290071330e+00
1.021831943805949106e+00
1.021832121935725368e+00
1.021833746830546730e+00
1.021832705033825839e+00
1.021833235141813123e+00
1.021834886337172454e+00
1.021835188196270172e+00
1.021836971348414558e+00
1.021835841591103744e+00
1.021836317857067300e+00
1.021837673251548839e+00
1.021838077857296856e+00
1.021840007575089082e+00
1.021838839820506273e+00
1.021839283050359981e+00
1.021840320335444918e+00
1.021840802912379553e+00
1.021842858674926191e+00
1.021841700594142477e+00
1.021842136453897876e+00
1.021842842425874087e+00
1.021843376103976464e+00
1.021845529161785171e+00
1.021844424354900749e+00
1.021844881963019702e+00
1.021845253079059601e+00
1.021845810650025221e+00
1.021848025035699603e+00
1.021847011456002319e+00
1.021847521726682473e+00
1.021847564266493258e+00
1.021848119911640262e+00
1.021850353808882783e+00
1.021849462466872804e+00
1.021850056292667785e+00
1.021849786124154225e+00
1.021850317030495781e+00
1.021852524432636633e+00
1.021851778444367254e+00
1.021852484818328799e+00
1.021851926780763975e+00
1.021852414567336442e+00
1.021854547143848269e+00
1.021853961170669400e+00
1.021854805353809459e+00
1.021853992285866042e+00
1.021854424170368647e+00
1.021856433251691954e+00
1.021856013357352211e+00
1.021857015196029117e+00
1.021855986648722237e+00
1.021856356294880808e+00
1.021858194882481641e+00
1.021857938810348809e+00
1.021859111300207346e+00
1.021857911986387535e+00
1.021858219985430694e+00
1.021859844695249153e+00
1.021859742545095928e+00
1.021861090724052623e+00
1.021859768766665288e+00
1.021860022722009820e+00
1.021861395575014431e+00
1.021861430837412987e+00
1.021862951071034420e+00
1.021861556121721470e+00
1.021861770324373975e+00
1.021862860307331200e+00
1.021863011195744075e+00
1.021864690895701866e+00
1.021863272203036299e+00
1.021863466905853723e+00
1.021864251237928567e+00
1.021864492245129874e+00
1.021866310036947834e+00
1.021864914548876513e+00
1.021865114869739743e+00
1.021865579925314460e+00
1.021865883522121043e+00
1.021867809853788112e+00
1.021866480440800196e+00
1.021866714946624510e+00
1.021866856800752288e+00
1.021867195190912181e+00
1.021869193350722904e+00
1.021867967233880181e+00
1.021868266277508930e+00
1.021868090856831834e+00
1.021868437701708654e+00
1.021870465193122968e+00
1.021869372653692043e+00
1.021869766552402581e+00
1.021869289390326063e+00
1.021869621419989382e+00
1.021871631624379884e+00
1.021870695059168055e+00
1.021871212215175850e+00
1.021870457825111878e+00
1.021870756258079549e+00
1.021872700303581016e+00
1.021871933672608090e+00
1.021872598741403459e+00
1.021871599635741923e+00
1.021871851337627035e+00
1.021873680084274483e+00
1.021873088776219518e+00
1.021873920987232065e+00
1.021872716382352664e+00
1.021872914704096358e+00
1.021874580752146766e+00
1.021874161869774422e+00
1.021875173595733877e+00
1.021873807854952076e+00
1.021873953104342592e+00
1.021875412734008615e+00
1.021875155778517286e+00
1.021876351435604402e+00
1.021874872312487970e+00
1.021874971828456768e+00
1.021876186784940188e+00
1.021876074696796532e+00
1.021877450038448654e+00
1.021875906792273359e+00
1.021875974609915083e+00
1.021876913657095320e+00
1.021876924153089394e+00
1.021878465997595686e+00
1.021876907460375516e+00
1.021876963575320652e+00
1.021877603754028918e+00
1.021877710886926582e+00
1.021879397294446434e+00
1.021877869974198605e+00
1.021877939236897737e+00
1.021878266778507127e+00
1.021878442637126572e+00
1.021880243527167664e+00
1.021878789833918111e+00
1.021878900526237643e+00
1.021878911388366618e+00
1.021879127851880842e+00
1.021881006029075500e+00
1.021879662707630088e+00
1.021879844874230781e+00
1.021879544881749702e+00
1.021879775341884011e+00
1.021881687877429279e+00
1.021880484723414861e+00
1.021880768346968615e+00
1.021880172937456033e+00
1.021880393905283624e+00
1.021882293804571518e+00
1.021881252727500744e+00
1.021881665848318743e+00
1.021880799436106990e+00
1.021880991955847584e+00
1.021882830030260036e+00
1.021881964509797402e+00
1.021882531395756466e+00
1.021881426382522662e+00
1.021881577182800260e+00
1.021883304035723583e+00
1.021882618996077685e+00
1.021883358467222003e+00
1.021882053939713320e+00
1.021882156263219432e+00
1.021883724297151685e+00
1.021883216401261230e+00
1.021884140405182162e+00
1.021882680572217428e+00
1.021882734637810097e+00
1.021884099990871153e+00
1.021883758332797321e+00
1.021884870852505678e+00
1.021883303283913413e+00
1.021883316351027915e+00
1.021884440676927852e+00
1.021884247829580206e+00
1.021885544186235562e+00
1.021883917925693996e+00
1.021883903949465822e+00
1.021884755964547420e+00
1.021884689322106077e+00
1.021886155912199001e+00
1.021884519543561520e+00
1.021884498429773025e+00
1.021885055163365807e+00
1.021885088504532524e+00
1.021886702986587236e+00
1.021885102738429918e+00
1.021885099229349336e+00
1.021885346928527838e+00
1.021885452118287407e+00
1.021887184039562468e+00
1.021885662014462959e+00
1.021885704258450378e+00
1.021885638914360017e+00
1.021885787658014078e+00
1.021887599488544351e+00
1.021886192100990520e+00
1.021886309978775387e+00
1.021885937458088200e+00
1.021886103021256265e+00
1.021887951542169715e+00
1.021886688241380181e+00
1.021886911538376408e+00
1.021886247319376384e+00
1.021886406130778635e+00
1.021888244107078680e+00
1.021887146448129613e+00
1.021887502973566786e+00
1.021886571501328334e+00
1.021886704560905024e+00
1.021888482616456262e+00
1.021887563725446757e+00
1.021888077484235158e+00
1.021886911173159662e+00
1.021887005196193021e+00
1.021888673800845249e+00
1.021887938258507766e+00
1.021888627780107139e+00
1.021887265704669812e+00
1.021887313943128817e+00
1.021888825418824975e+00
1.021888269563713036e+00
1.021889146483841326e+00
1.021887632809947766e+00
1.021887635505408731e+00
1.021888945959677830e+00
1.021888558588827767e+00
1.021889626565330556e+00
1.021888008785168500e+00
1.021887973223584378e+00
1.021889044324648221e+00
1.021888807748389638e+00
1.021890061773151226e+00
1.021888388815697324e+00
1.021888328972865079e+00
1.021889129490229919e+00
1.021889020880157872e+00
1.021890447026102322e+00
1.021888767323010594e+00
1.021888703110337193e+00
1.021889210157429062e+00
1.021889203113419242e+00
1.021890778731101124e+00
1.021889138322800594e+00
1.021889094464940140e+00
1.021889294395225356e+00
1.021889360649041345e+00
1.021891055002756232e+00
1.021889495771246992e+00
1.021889500368971415e+00
1.021889389293103356e+00
1.021889500462306088e+00
1.021891275772565333e+00
1.021889833884706444e+00
1.021889916736324455e+00
1.021889500644248772e+00
1.021889629950153866e+00
1.021891442789027327e+00
1.021890147426354867e+00
1.021890338197378512e+00
1.021889632685244242e+00
1.021889756551833228e+00
1.021891559521020731e+00
1.021890431959142198e+00
1.021890758301157165e+00
1.021889787917836134e+00
1.021889887374336059e+00
1.021891630983474464e+00
1.021890684066319110e+00
1.021891169791026677e+00
1.021889967032789670e+00
1.021890028850808818e+00
1.021891663505821946e+00
1.021890901538637042e+00
1.021891564951212361e+00
1.021890168945700950e+00
1.021890186452396598e+00
1.021891664460724991e+00
1.021891083522415311e+00
1.021891936009750035e+00
1.021890390941889715e+00
1.021890364463863055e+00
1.021891641965050557e+00
1.021891230617240742e+00
1.021892275572003683e+00
1.021890628914968291e+00
1.021890565823546204e+00
1.021891604559604483e+00
1.021891344908653743e+00
1.021892577050558248e+00
1.021890877674138220e+00
1.021890792021344918e+00
1.021891560871012405e+00
1.021891429921643279e+00
1.021892835054419191e+00
1.021891131290672439e+00
1.021891043045984881e+00
1.021891519259762182e+00
1.021891490485940412e+00
1.021893045703951231e+00
1.021891383455034275e+00
1.021891317374992614e+00
1.021891487462754489e+00
1.021891532513230505e+00
1.021893206847112712e+00
1.021891627821782444e+00
1.021891612006301298e+00
1.021891472245393562e+00
1.021891562697581968e+00
1.021893318165254083e+00
1.021891858327704128e+00
1.021891922536820818e+00
1.021891479084946930e+00
1.021891588160921183e+00
1.021893381170044801e+00
1.021892069476883602e+00
1.021892243297955583e+00
1.021891511911056316e+00
1.021891616072673870e+00
1.021893399104092826e+00
1.021892256592150439e+00
1.021892567558649212e+00
1.021891572928895542e+00
1.021891653274928036e+00
1.021893376764364980e+00
1.021892416034158479e+00
1.021892887802061001e+00
1.021891662544815560e+00
1.021891705941178952e+00
1.021893320268878913e+00
1.021892545387109719e+00
1.021893196072908072e+00
1.021891779404064060e+00
1.021891779288903290e+00
1.021893236784042092e+00
1.021892643605177842e+00
1.021893484380812289e+00
1.021891920537405074e+00
1.021891877356052580e+00
1.021893134224483468e+00
1.021892711108304264e+00
1.021893745133546805e+00
1.021892081600973334e+00
1.021892002841844116e+00
1.021893020931774920e+00
1.021892749812657986e+00
1.021893971565853487e+00
1.021892257184245922e+00
1.021892157005420021e+00
1.021892905335405999e+00
1.021892763081663880e+00
1.021894158126776642e+00
1.021892441156550646e+00
1.021892339613626133e+00
1.021892795600073622e+00
1.021892755588746704e+00
1.021894300792083543e+00
1.021892627023643474e+00
1.021892548931440547e+00
1.021892699267778148e+00
1.021892733092150340e+00
1.021894397277596678e+00
1.021892808271666730e+00
1.021892781754104806e+00
1.021892622909909898e+00
1.021892702133393449e+00
1.021894447142006390e+00
1.021892978684138864e+00
1.021893033486439784e+00
1.021892571811186201e+00
1.021892669681387922e+00
1.021894451781014679e+00
1.021893132625833811e+00
1.021893298279381579e+00
1.021892549711369114e+00
1.021892642751464297e+00
1.021894414325575262e+00
1.021893265293093211e+00
1.021893569234278765e+00
1.021892558630188796e+00
1.021892628030631744e+00
1.021894339463429002e+00
1.021893372931804933e+00
1.021893838680886901e+00
1.021892598795118401e+00
1.021892631537007157e+00
1.021894233204372782e+00
1.021893453021972320e+00
1.021894098525853556e+00
1.021892668681319671e+00
1.021892658333432236e+00
1.021894102606532240e+00
1.021893504422803023e+00
1.021894340656752220e+00
1.021892765160283156e+00
1.021892712305146889e+00
1.021893955475345450e+00
1.021893527466874119e+00
1.021894557375323753e+00
1.021892883741235991e+00
1.021892796001684589e+00
1.021893800041552058e+00
1.021893523988640862e+00
1.021894741825470021e+00
1.021893018880039250e+00
1.021892910536462029e+00
1.021893644621516106e+00
1.021893497273243856e+00
1.021894888378954258e+00
1.021893164325956338e+00
1.021893055535317618e+00
1.021893497264020123e+00
1.021893451916942919e+00
1.021894992945530545e+00
1.021893313477908904e+00
1.021893229127618152e+00
1.021893365392134712e+00
1.021893393599780042e+00
1.021895053183587532e+00
1.021893459727702957e+00
1.021893427979139624e+00
1.021893255455527116e+00
1.021893328782276011e+00
1.021895068600185530e+00
1.021893596776073387e+00
1.021893647372333014e+00
1.021893172615190526e+00
1.021893264348412433e+00
1.021895040542616817e+00
1.021893718915569238e+00
1.021893881344075217e+00
1.021893120486568440e+00
1.021893207224236821e+00
1.021894972094461451e+00
1.021893821279907799e+00
1.021894122891395806e+00
