1.000603444564682754e+00
1.000677436426667066e+00
1.000799938397809674e+00
1.000944093632562204e+00
1.001100822893191911e+00
1.001265741011138966e+00
1.001436246938358199e+00
1.001610599554404013e+00
1.001787545923656708e+00
1.001966142323522213e+00
1.002145655552508785e+00
1.002325502887346342e+00
1.002505212912913279e+00
1.002684398684475342e+00
1.002862738703037326e+00
1.003039963108581567e+00
1.003215843492549997e+00
1.003390185286252123e+00
1.003562822013476463e+00
1.003733610906305751e+00
1.003902429524060391e+00
1.004069173113276037e+00
1.004233752516499045e+00
1.004396092488393233e+00
1.004556130314764983e+00
1.004713814657438364e+00
1.004869104568046234e+00
1.005021968628656115e+00
1.005172384188123047e+00
1.005320336671162273e+00
1.005465818943144907e+00
1.005608830718092372e+00
1.005749378000711403e+00
1.005887472555862860e+00
1.006023131400805681e+00
1.006156376317088874e+00
1.006287233380140034e+00
1.006415732505546501e+00
1.006541907011740289e+00
1.006665793199373216e+00
1.006787429948077239e+00
1.006906858331594323e+00
1.007024121252444449e+00
1.007139263097369675e+00
1.007252329414782377e+00
1.007363366615361855e+00
1.007472421696773424e+00
1.007579541993294914e+00
1.007684774950861728e+00
1.007788167927776257e+00
1.007889768021016597e+00
1.007989621917774636e+00
1.008087775771547179e+00
1.008184275101806193e+00
1.008279164716007426e+00
1.008372488652440557e+00
1.008464290142226494e+00
1.008554611588579286e+00
1.008643494561332732e+00
1.008730979804642658e+00
1.008817107255736589e+00
1.008901916072594940e+00
1.008985444668493381e+00
1.009067730751435521e+00
1.009148811366632703e+00
1.009228722940348710e+00
1.009307501323619238e+00
1.009385181834557610e+00
1.009461799298184914e+00
1.009537388082941467e+00
1.009611982133260977e+00
1.009685614997807512e+00
1.009758319853166553e+00
1.009830129522975906e+00
1.009901076492622174e+00
1.009971192919781657e+00
1.010040510641169398e+00
1.010109061175951339e+00
1.010176875726315870e+00
1.010243985175726333e+00
1.010310420085377858e+00
1.010376210689358789e+00
1.010441386888980775e+00
1.010505978246696079e+00
1.010570013979950277e+00
1.010633522955267427e+00
1.010696533682785336e+00
1.010759074311401662e+00
1.010821172624623454e+00
1.010882856037158328e+00
1.010944151592233942e+00
1.011005085959596261e+00
1.011065685434097139e+00
1.011125975934764165e+00
1.011185983004226241e+00
1.011245731808365633e+00
1.011305247136063734e+00
1.011364553398912403e+00
1.011423674630777425e+00
1.011482634487111731e+00
1.011541456243932879e+00
1.011600162796398639e+00
1.011658776656927827e+00
1.011717319952843752e+00
1.011775814423514941e+00
1.011834281417004267e+00
1.011892741886232017e+00
1.011951216384684216e+00
1.012009725061691512e+00
1.012068287657326149e+00
1.012126923496950770e+00
1.012185651485470572e+00
1.012244490101323890e+00
1.012303457390265393e+00
1.012362570958965868e+00
1.012421847968477895e+00
1.012481305127586273e+00
1.012540958686073633e+00
1.012600824427923429e+00
1.012660917664468307e+00
1.012721253227500284e+00
1.012781845462346064e+00
1.012842708220909049e+00
1.012903854854678709e+00
1.012965298207703091e+00
1.013027050609518032e+00
1.013089123868029962e+00
1.013151529262344752e+00
1.013214277535534169e+00
1.013277378887340818e+00
1.013340842966813371e+00
1.013404678864872066e+00
1.013468895106810042e+00
1.013533499644729385e+00
1.013598499849924117e+00
1.013663902505219871e+00
1.013729713797285825e+00
1.013795939308939076e+00
1.013862584011465007e+00
1.013929652256978509e+00
1.013997147770862473e+00
1.014065073644316417e+00
1.014133432327056994e+00
1.014202225620211895e+00
1.014271454669460004e+00
1.014341119958465320e+00
1.014411221302663701e+00
1.014481757843456178e+00
1.014552728042879215e+00
1.014624129678806774e+00
1.014695959840760553e+00
1.014768214926389911e+00
1.014840890638700976e+00
1.014913981984099545e+00
1.014987483271325486e+00
1.015061388111353047e+00
1.015135689418328990e+00
1.015210379411619401e+00
1.015285449619042879e+00
1.015360890881353617e+00
1.015436693358044984e+00
1.015512846534536662e+00
1.015589339230804855e+00
1.015666159611512853e+00
1.015743295197690355e+00
1.015820732880008403e+00
1.015898458933682580e+00
1.015976459035044632e+00
1.016054718279794322e+00
1.016133221202954573e+00
1.016211951800531033e+00
1.016290893552873165e+00
1.016370029449721990e+00
1.016449342016921387e+00
1.016528813344758753e+00
1.016608425117884407e+00
1.016688158646757545e+00
1.016767994900549255e+00
1.016847914541421094e+00
1.016927897960090643e+00
1.017007925312581440e+00
1.017087976558046281e+00
1.017168031497539982e+00
1.017248069813611933e+00
1.017328071110575216e+00
1.017408014955304196e+00
1.017487880918401366e+00
1.017567648615573583e+00
1.017647297749043611e+00
1.017726808148825768e+00
1.017806159813684719e+00
1.017885332951597110e+00
1.017964308019535968e+00
1.018043065762392008e+00
1.018121587250849558e+00
1.018199853918041242e+00
1.018277847594798446e+00
1.018355550543333266e+00
1.018432945489175179e+00
1.018510015651212131e+00
1.018586744769676589e+00
1.018663117131935136e+00
1.018739117595947263e+00
1.018814731611267455e+00
1.018889945237480443e+00
1.018964745159962382e+00
1.019039118702885549e+00
1.019113053839382665e+00
1.019186539198810859e+00
1.019259564071061996e+00
1.019332118407882959e+00
1.019404192821179223e+00
1.019475778578291303e+00
1.019546867594244066e+00
1.019617452420984893e+00
1.019687526233632902e+00
1.019757082813782967e+00
1.019826116529908067e+00
1.019894622314926780e+00
1.019962595641002334e+00
1.020030032491657135e+00
1.020096929331292923e+00
1.020163283072217597e+00
1.020229091039279945e+00
1.020294350932240635e+00
1.020359060785987371e+00
1.020423218928735665e+00
1.020486823938343335e+00
1.020549874596883733e+00
1.020612369843624023e+00
1.020674308726561952e+00
1.020735690352672087e+00
1.020796513837030961e+00
1.020856778250983865e+00
1.020916482569519612e+00
1.020975625618035565e+00
1.021034206018665902e+00
1.021092222136360972e+00
1.021149672024901589e+00
1.021206553373046999e+00
1.021262863451009251e+00
1.021318599057458476e+00
1.021373756467270688e+00
1.021428331380227261e+00
1.021482318870888140e+00
1.021535713339865481e+00
1.021588508466729106e+00
1.021640697164778011e+00
1.021692271537928853e+00
1.021743222839964105e+00
1.021793541436402997e+00
1.021843216769249718e+00
1.021892237324892427e+00
1.021940590605416643e+00
1.021988263103616346e+00
1.022035240281970125e+00
1.022081506555869268e+00
1.022127045281373992e+00
1.022171838747771622e+00
1.022215868175215370e+00
1.022259113717709722e+00
1.022301554471700458e+00
1.022343168490521759e+00
1.022383932804936890e+00
1.022423823449987168e+00
1.022462815498356603e+00
1.022500883100419866e+00
1.022537999531132336e+00
1.022574137243874137e+00
1.022609267931335442e+00
1.022643362593488980e+00
1.022676391612653335e+00
1.022708324835601479e+00
1.022739131662626422e+00
1.022768781143412742e+00
1.022797242079514390e+00
1.022824483133172535e+00
1.022850472942149924e+00
1.022875180240192305e+00
1.022898573982659265e+00
1.022920623476803792e+00
1.022941298516113928e+00
1.022960569518058360e+00
1.022978407664521416e+00
1.022994785044148092e+00
1.023009674795760215e+00
1.023023051251959803e+00
1.023034890081974790e+00
1.023045168432782148e+00
1.023053865067490520e+00
1.023060960499952987e+00
1.023066437124570349e+00
1.023070279340224209e+00
1.023072473667312687e+00
1.023073008856857147e+00
1.023071875990697599e+00
1.023069068571834883e+00
1.023064582604026551e+00
1.023058416659830216e+00
1.023050571936354958e+00
1.023041052298081954e+00
1.023029864306223446e+00
1.023017017234194359e+00
1.023002523068903935e+00
1.022986396497695072e+00
1.022968654880902939e+00
1.022949318210140568e+00
1.022928409052550780e+00
1.022905952481426350e+00
1.022881975993710446e+00
1.022856509415045911e+00
1.022829584793158331e+00
1.022801236280475923e+00
1.022771500007001011e+00
1.022740413944543292e+00
1.022708017763501509e+00
1.022674352683455412e+00
1.022639461318874288e+00
1.022603387521280993e+00
1.022566176219231959e+00
1.022527873257465414e+00
1.022488525236554757e+00
1.022448179354364273e+00
1.022406883250551513e+00
1.022364684855296524e+00
1.022321632243344380e+00
1.022277773494368436e+00
1.022233156560539813e+00
1.022187829142082727e+00
1.022141838571475558e+00
1.022095231706823926e+00
1.022048054834812758e+00
1.022000353583505605e+00
1.021952172845147278e+00
1.021903556708985139e+00
1.021854548404024676e+00
1.021805190251512396e+00
1.021755523626845408e+00
1.021705588930513109e+00
1.021655425567597586e+00
1.021605071935289821e+00
1.021554565417825078e+00
1.021503942388192643e+00
1.021453238215951131e+00
1.021402487280450577e+00
1.021351722988766975e+00
1.021300977797645171e+00
1.021250283238772649e+00
1.021199669946712296e+00
1.021149167688871984e+00
1.021098805396905007e+00
1.021048611198996259e+00
1.020998612452520327e+00
1.020948835776620989e+00
1.020899307084303320e+00
1.020850051613689802e+00
1.020801093958140005e+00
1.020752458094991377e+00
1.020704167412722407e+00
1.020656244736393603e+00
1.020608712351263936e+00
1.020561592024522124e+00
1.020514905025112107e+00
1.020468672141666255e+00
1.020422913698583622e+00
1.020377649570327172e+00
1.020332899194027476e+00
1.020288681580498791e+00
1.020245015323790305e+00
1.020201918609401570e+00
1.020159409221303326e+00
1.020117504547899179e+00
1.020076221587074894e+00
1.020035576950468315e+00
1.019995586867101123e+00
1.019956267186494125e+00
1.019917633381392852e+00
1.019879700550205825e+00
1.019842483419263868e+00
1.019805996344983035e+00
1.019770253316009789e+00
1.019735267955412139e+00
1.019701053522970913e+00
1.019667622917606264e+00
1.019634988679971599e+00
1.019603162995228907e+00
1.019572157696013281e+00
1.019541984265579071e+00
1.019512653841117888e+00
1.019484177217226950e+00
1.019456564849495761e+00
1.019429826858184285e+00
1.019403973031944410e+00
1.019379012831551634e+00
1.019354955393594997e+00
1.019331809534080646e+00
1.019309583751902837e+00
1.019288286232130636e+00
1.019267924849068807e+00
1.019248507169045581e+00
1.019230040452880903e+00
1.019212531658003851e+00
1.019195987440169926e+00
1.019180414154757575e+00
1.019165817857601297e+00
1.019152204305346032e+00
1.019139578955288172e+00
1.019127946964695886e+00
1.019117313189584983e+00
1.019107682182939900e+00
1.019099058192376450e+00
1.019091445157233267e+00
1.019084846705097469e+00
1.019079266147762119e+00
1.019074706476619241e+00
1.019071170357497946e+00
1.019068660124957448e+00
1.019067177776044275e+00
1.019066724963533233e+00
1.019067302988667212e+00
1.019068912793418713e+00
1.019071554952293068e+00
1.019075229663701565e+00
1.019079936740933334e+00
1.019085675602754648e+00
1.019092445263672486e+00
1.019100244323897675e+00
1.019109070959046237e+00
1.019118922909626024e+00
1.019129797470348375e+00
1.019141691479319212e+00
1.019154601307156849e+00
1.019168522846095382e+00
1.019183451499127591e+00
1.019199382169251988e+00
1.019216309248884400e+00
1.019234226609503580e+00
1.019253127591596586e+00
1.019273004994980525e+00
1.019293851069565937e+00
1.019315657506649098e+00
1.019338415430799394e+00
1.019362115392429047e+00
1.019386747361119783e+00
1.019412300719790387e+00
1.019438764259782637e+00
1.019466126176951537e+00
1.019494374068831810e+00
1.019523494932967678e+00
1.019553475166477208e+00
1.019584300566926949e+00
1.019615956334591012e+00
1.019648427076158326e+00
1.019681696809955795e+00
1.019715748972745306e+00
1.019750566428145655e+00
1.019786131476731139e+00
1.019822425867846105e+00
1.019859430813164547e+00
1.019897127002029613e+00
1.019935494618579241e+00
1.019974513360674573e+00
1.020014162460623375e+00
1.020054420707691367e+00
1.020095266472376583e+00
1.020136677732413677e+00
1.020178632100466443e+00
1.020221106853453019e+00
1.020264078963435406e+00
1.020307525129999782e+00
1.020351421814033044e+00
1.020395745272804522e+00
1.020440471596231635e+00
1.020485576744219802e+00
1.020531036584935158e+00
1.020576826933879744e+00
1.020622923593613507e+00
1.020669302393968803e+00
1.020715939232594627e+00
1.020762810115658503e+00
1.020809891198532604e+00
1.020857158826283584e+00
1.020904589573783161e+00
1.020952160285257371e+00
1.020999848113085751e+00
1.021047630555669716e+00
1.021095485494182498e+00
1.021143391228024333e+00
1.021191326508804176e+00
1.021239270572675384e+00
1.021287203170863966e+00
1.021335104598229071e+00
1.021382955719704722e+00
1.021430737994485582e+00
1.021478433497824412e+00
1.021526024940321964e+00
1.021573495684598099e+00
1.021620829759255500e+00
1.021668011870042747e+00
1.021715027408151677e+00
1.021761862455588643e+00
1.021808503787576594e+00
1.021854938871952667e+00
1.021901155865549082e+00
1.021947143607544461e+00
1.021992891609799559e+00
1.022038390044194278e+00
1.022083629726998844e+00
1.022128602100323969e+00
1.022173299210704656e+00
1.022217713684884455e+00
1.022261838702878345e+00
1.022305667968395504e+00
1.022349195676724554e+00
1.022392416480179422e+00
1.022435325451221066e+00
1.022477918043374068e+00
1.022520190050060895e+00
1.022562137561495499e+00
1.022603756919763907e+00
1.022645044672245263e+00
1.022685997523518520e+00
1.022726612285909775e+00
1.022766885828842565e+00
1.022806815027149874e+00
1.022846396708522398e+00
1.022885627600259806e+00
1.022924504275506408e+00
1.022963023099149993e+00
1.023001180173571889e+00
1.023038971284438770e+00
1.023076391846726052e+00
1.023113436851185609e+00
1.023150100811448082e+00
1.023186377711985173e+00
1.023222260957136864e+00
1.023257743321436930e+00
1.023292816901454350e+00
1.023327473069396421e+00
1.023361702428704056e+00
1.023395494771895287e+00
1.023428839040903648e+00
1.023461723290171044e+00
1.023494134652763288e+00
1.023526059309770808e+00
1.023557482463271384e+00
1.023588388313129371e+00
1.023618760037908082e+00
1.023648579780178869e+00
1.023677828636496701e+00
1.023706486652324443e+00
1.023734532822175192e+00
1.023761945095232662e+00
1.023788700386712325e+00
1.023814774595195765e+00
1.023840142626177840e+00
1.023864778422025834e+00
1.023888654998545311e+00
1.023911744488315012e+00
1.023934018190922224e+00
1.023955446630205435e+00
1.023975999618563115e+00
1.023995646328359488e+00
1.024014355370405527e+00
1.024032094879445021e+00
1.024048832606530457e+00
1.024064536018111760e+00
1.024079172401602511e+00
1.024092708977135224e+00
1.024105113015142177e+00
1.024116351959341920e+00
1.024126393554642966e+00
1.024135205979407548e+00
1.024142757981455043e+00
1.024149019017121187e+00
1.024153959392616331e+00
1.024157550406885164e+00
1.024159764495096159e+00
1.024160575371852566e+00
1.024159958173162632e+00
1.024157889596183146e+00
1.024154348035706263e+00
1.024149313716358645e+00
1.024142768819457316e+00
1.024134697603480859e+00
1.024125086517121863e+00
1.024113924303915457e+00
1.024101202097477348e+00
1.024086913506436325e+00
1.024071054688205695e+00
1.024053624410824259e+00
1.024034624102172941e+00
1.024014057885984208e+00
1.023991932604160660e+00
1.023968257825048855e+00
1.023943045837430788e+00
1.023916311630132636e+00
1.023888072857292331e+00
1.023858349789457778e+00
1.023827165250837279e+00
1.023794544543159102e+00
1.023760515356731959e+00
1.023725107669431589e+00
1.023688353634462533e+00
1.023650287457852137e+00
1.023610945266741457e+00
1.023570364969622615e+00
1.023528586109750727e+00
1.023485649713013590e+00
1.023441598131583197e+00
1.023396474884705976e+00
1.023350324497981578e+00
1.023303192342484236e+00
1.023255124475040301e+00
1.023206167480938067e+00
1.023156368320280230e+00
1.023105774179116301e+00
1.023054432326402363e+00
1.023002389977733184e+00
1.022949694166684909e+00
1.022896391624483980e+00
1.022842528668597151e+00
1.022788151100710863e+00
1.022733304114436192e+00
1.022678032212948729e+00
1.022622379136655546e+00
1.022566387800845078e+00
1.022510100243181785e+00
1.022453557580784933e+00
1.022396799976547532e+00
1.022339866614254467e+00
1.022282795681999090e+00
1.022225624363318985e+00
1.022168388835434705e+00
1.022111124273931582e+00
1.022053864863202044e+00
1.021996643811945660e+00
1.021939493373035024e+00
1.021882444867049600e+00
1.021825528708804498e+00
1.021768774436230487e+00
1.021712210740982840e+00
1.021655865500211702e+00
1.021599765808959281e+00
1.021543938012706487e+00
1.021488407739632898e+00
1.021433199932219926e+00
1.021378338877864778e+00
1.021323848238242959e+00
1.021269751077189980e+00
1.021216069886939692e+00
1.021162826612590946e+00
1.021110042674722163e+00
1.021057738990118535e+00
1.021005935990598523e+00
1.020954653639979171e+00
1.020903911449224211e+00
1.020853728489863776e+00
1.020804123405776087e+00
1.020755114423452348e+00
1.020706719360866543e+00
1.020658955635087572e+00
1.020611840268767612e+00
1.020565389895654818e+00
1.020519620765262037e+00
1.020474548746836740e+00
1.020430189332754978e+00
1.020386557641469683e+00
1.020343668420123251e+00
1.020301536046932966e+00
1.020260174533440534e+00
1.020219597526707433e+00
1.020179818311529818e+00
1.020140849812724237e+00
1.020102704597535048e+00
1.020065394878195475e+00
1.020028932514658981e+00
1.019993329017520711e+00
1.019958595551120117e+00
1.019924742936821449e+00
1.019891781656453666e+00
1.019859721855881363e+00
1.019828573348679601e+00
1.019798345619873592e+00
1.019769047829700348e+00
1.019740688817353691e+00
1.019713277104659976e+00
1.019686820899641022e+00
1.019661328099914499e+00
1.019636806295884934e+00
1.019613262773682028e+00
1.019590704517796320e+00
1.019569138213376247e+00
1.019548570248147268e+00
1.019529006713910668e+00
1.019510453407602935e+00
1.019492915831872626e+00
1.019476399195162308e+00
1.019460908411265798e+00
1.019446448098350722e+00
1.019433022577427295e+00
1.019420635870254443e+00
1.019409291696681041e+00
1.019398993471412496e+00
1.019389744300208456e+00
1.019381546975509423e+00
1.019374403971504695e+00
1.019368317438642313e+00
1.019363289197599887e+00
1.019359320732727170e+00
1.019356413184975274e+00
1.019354567344336937e+00
1.019353783641814948e+00
1.019354062140947148e+00
1.019355402528911991e+00
1.019357804107248633e+00
1.019361265782219306e+00
1.019365786054854617e+00
1.019371363010718401e+00
1.019377994309429880e+00
1.019385677173995086e+00
1.019394408379987738e+00
1.019404184244633971e+00
1.019415000615852884e+00
1.019426852861310628e+00
1.019439735857546658e+00
1.019453643979232993e+00
1.019468571088635978e+00
1.019484510525343168e+00
1.019501455096329501e+00
1.019519397066435795e+00
1.019538328149327544e+00
1.019558239499023466e+00
1.019579121702057778e+00
1.019600964770367657e+00
1.019623758134976743e+00
1.019647490640562815e+00
1.019672150540984701e+00
1.019697725495853913e+00
1.019724202568224936e+00
1.019751568223485672e+00
1.019779808329524418e+00
1.019808908158241323e+00
1.019838852388481598e+00
1.019869625110450428e+00
1.019901209831673317e+00
1.019933589484559811e+00
1.019966746435618798e+00
1.020000662496370003e+00
1.020035318935991198e+00
1.020070696495726903e+00
1.020106775405083210e+00
1.020143535399818502e+00
1.020180955741737172e+00
1.020219015240273031e+00
1.020257692275853056e+00
1.020296964825010200e+00
1.020336810487205037e+00
1.020377206513311874e+00
1.020418129835704679e+00
1.020459557099874015e+00
1.020501464697487704e+00
1.020543828800805741e+00
1.020586625398341996e+00
1.020629830331655885e+00
1.020673419333150589e+00
1.020717368064740782e+00
1.020761652157246235e+00
1.020806247250358068e+00
1.020851129033015781e+00
1.020896273284032318e+00
1.020941655912787738e+00
1.020987252999823180e+00
1.021033040837142192e+00
1.021078995968048408e+00
1.021125095226324442e+00
1.021171315774573651e+00
1.021217635141534963e+00
1.021264031258194427e+00
1.021310482492510552e+00
1.021356967682581107e+00
1.021403466168083529e+00
1.021449957819824839e+00
1.021496423067251191e+00
1.021542842923767846e+00
1.021589199009734994e+00
1.021635473573017316e+00
1.021681649506967826e+00
1.021727710365747832e+00
1.021773640376891557e+00
1.021819424451037683e+00
1.021865048188759895e+00
1.021910497884454427e+00
1.021955760527233581e+00
1.022000823798809854e+00
1.022045676068356279e+00
1.022090306384340508e+00
1.022134704463351973e+00
1.022178860675944101e+00
1.022222766029533547e+00
1.022266412148401526e+00
1.022309791250864075e+00
1.022352896123676746e+00
1.022395720093761229e+00
1.022438256997339145e+00
1.022480501146578291e+00
1.022522447293852110e+00
1.022564090593739206e+00
1.022605426562873010e+00
1.022646451037782400e+00
1.022687160130851147e+00
1.022727550184544087e+00
1.022767617724041678e+00
1.022807359408439698e+00
1.022846771980668201e+00
1.022885852216291580e+00
1.022924596871359171e+00
1.022963002629470708e+00
1.023001066048238705e+00
1.023038783505320293e+00
1.023076151144207024e+00
1.023113164819959398e+00
1.023149820045076375e+00
1.023186111935705522e+00
1.023222035158382948e+00
1.023257583877529520e+00
1.023292751703900105e+00
1.023327531644217636e+00
1.023361916052209164e+00
1.023395896581283271e+00
1.023429464139079537e+00
1.023462608844137867e+00
1.023495319984937701e+00
1.023527585981559351e+00
1.023559394350233687e+00
1.023590731671043752e+00
1.023621583559046533e+00
1.023651934639095762e+00
1.023681768524635771e+00
1.023711067800749497e+00
1.023739814011738414e+00
1.023767987653506850e+00
1.023795568171031345e+00
1.023822533961177950e+00
1.023848862381126601e+00
1.023874529762655916e+00
1.023899511432520448e+00
1.023923781739142003e+00
1.023947314085811744e+00
1.023970080970585617e+00
1.023992054033012300e+00
1.024013204107824704e+00
1.024033501285667835e+00
1.024052914980917661e+00
1.024071414006587633e+00
1.024088966656284683e+00
1.024105540793119662e+00
1.024121103945424771e+00
1.024135623409078377e+00
1.024149066356168536e+00
1.024161399949675699e+00
1.024172591463780702e+00
1.024182608409344830e+00
1.024191418664039288e+00
1.024198990606536075e+00
1.024205293254107918e+00
1.024210296402913611e+00
1.024213970770202708e+00
1.024216288137587583e+00
1.024217221494506891e+00
1.024216745180936972e+00
1.024214835028380177e+00
1.024211468498116950e+00
1.024206624815695132e+00
1.024200285100607566e+00
1.024192432490110383e+00
1.024183052256143478e+00
1.024172131914327544e+00
1.024159661324057335e+00
1.024145632778740378e+00
1.024130041085300924e+00
1.024112883632129378e+00
1.024094160444748436e+00
1.024073874228550673e+00
1.024052030398078905e+00
1.024028637092421645e+00
1.024003705176431467e+00
1.023977248227595949e+00
1.023949282508527459e+00
1.023919826925179688e+00
1.023888902971036963e+00
1.023856534657664463e+00
1.023822748432143825e+00
1.023787573082054481e+00
1.023751039628783666e+00
1.023713181210074818e+00
1.023674032952822222e+00
1.023633631837220559e+00
1.023592016553462880e+00
1.023549227352239743e+00
1.023505305890348271e+00
1.023460295072754267e+00
1.023414238892458528e+00
1.023367182269526499e+00
1.023319170890615970e+00
1.023270251050297119e+00
1.023220469495414786e+00
1.023169873273663377e+00
1.023118509587477076e+00
1.023066425654224343e+00
1.023013668573604651e+00
1.022960285203026620e+00
1.022906322041621685e+00
1.022851825123426650e+00
1.022796839920137923e+00
1.022741411253710542e+00
1.022685583218955419e+00
1.022629399116151916e+00
1.022572901393593803e+00
1.022516131599859879e+00
1.022459130345511724e+00
1.022401937273822448e+00
1.022344591040067030e+00
1.022287129298828923e+00
1.022229588698729597e+00
1.022172004883934893e+00
1.022114412501773373e+00
1.022056845215763232e+00
1.021999335723360325e+00
1.021941915777720311e+00
1.021884616212795915e+00
1.021827466971104936e+00
1.021770497133539513e+00
1.021713734950615349e+00
1.021657207874616002e+00
1.021600942592117534e+00
1.021544965056443655e+00
1.021489300519642374e+00
1.021433973563637743e+00
1.021379008130252730e+00
1.021324427549863412e+00
1.021270254568485969e+00
1.021216511373149949e+00
1.021163219615456530e+00
1.021110400433261400e+00
1.021058074470460930e+00
1.021006261894892075e+00
1.020954982414390866e+00
1.020904255291073870e+00
1.020854099353935007e+00
1.020804533009862958e+00
1.020755574253199960e+00
1.020707240673971672e+00
1.020659549464926652e+00
1.020612517427527566e+00
1.020566160977025794e+00
1.020520496146771094e+00
1.020475538591880893e+00
1.020431303592397754e+00
1.020387806056059610e+00
1.020345060520788660e+00
1.020303081156996861e+00
1.020261881769800816e+00
1.020221475801218691e+00
1.020181876332413751e+00
1.020143096086035372e+00
1.020105147428697734e+00
1.020068042373623918e+00
1.020031792583470764e+00
1.019996409373337798e+00
1.019961903713960671e+00
1.019928286235071369e+00
1.019895567228905175e+00
1.019863756653827114e+00
1.019832864138040085e+00
1.019802898983342532e+00
1.019773870168883212e+00
1.019745786354876671e+00
1.019718655886226566e+00
1.019692486796013542e+00
1.019667286808794149e+00
1.019643063343670164e+00
1.019619823517079915e+00
1.019597574145269414e+00
1.019576321746403114e+00
1.019556072542277203e+00
1.019536832459601250e+00
1.019518607130818211e+00
1.019501401894437720e+00
1.019485221794855789e+00
1.019470071581646931e+00
1.019455955708309158e+00
1.019442878330453883e+00
1.019430843303428258e+00
1.019419854179367535e+00
1.019409914203678102e+00
1.019401026310947422e+00
1.019393193120288643e+00
1.019386416930128547e+00
1.019380699712445271e+00
1.019376043106470675e+00
1.019372448411873799e+00
1.019369916581441160e+00
1.019368448213278100e+00
1.019368043542548286e+00
1.019368702432786211e+00
1.019370424366803363e+00
1.019373208437223788e+00
1.019377053336679939e+00
1.019381957347712975e+00
1.019387918332406606e+00
1.019394933721807117e+00
1.019403000505169743e+00
1.019412115219083148e+00
1.019422273936521073e+00
1.019433472255880657e+00
1.019445705290060733e+00
1.019458967655642478e+00
1.019473253462238382e+00
1.019488556302074134e+00
1.019504869239871159e+00
1.019522184803104192e+00
1.019540494972706490e+00
1.019559791174298402e+00
1.019580064270017239e+00
1.019601304551024823e+00
1.019623501730778425e+00
1.019646644939137925e+00
1.019670722717397560e+00
1.019695723014315991e+00
1.019721633183231724e+00
1.019748439980333155e+00
1.019776129564172740e+00
1.019804687496486117e+00
1.019834098744398121e+00
1.019864347684078965e+00
1.019895418105915219e+00
1.019927293221256193e+00
1.019959955670785456e+00
1.019993387534571472e+00
1.020027570343830181e+00
1.020062485094441307e+00
1.020098112262236345e+00
1.020134431820080012e+00
1.020171423256752918e+00
1.020209065597630138e+00
1.020247337427148571e+00
1.020286216913037780e+00
1.020325681832284115e+00
1.020365709598780812e+00
1.020406277292614572e+00
1.020447361690916432e+00
1.020488939300203679e+00
1.020530986390122852e+00
1.020573479028494379e+00
1.020616393117546483e+00
1.020659704431222448e+00
1.020703388653424692e+00
1.020747421417060430e+00
1.020791778343736134e+00
1.020836435083948057e+00
1.020881367357601821e+00
1.020926550994694093e+00
1.020971961975976727e+00
1.021017576473429056e+00
1.021063370890353372e+00
1.021109321900907752e+00
1.021155406488893247e+00
1.021201601985610274e+00
1.021247886106600777e+00
1.021294236987094317e+00
1.021340633215983118e+00
1.021387053868155537e+00
1.021433478535019646e+00
1.021479887353062832e+00
1.021526261030291982e+00
1.021572580870423241e+00
1.021618828794679246e+00
1.021664987361082355e+00
1.021711039781133756e+00
1.021756969933778070e+00
1.021802762376574414e+00
1.021848402354001539e+00
1.021893875802834639e+00
1.021939169354556309e+00
1.021984270334763023e+00
1.022029166759552243e+00
1.022073847328884622e+00
1.022118301416926833e+00
1.022162519059397479e+00
1.022206490937946910e+00
1.022250208361615398e+00
1.022293663245424256e+00
1.022336848086168537e+00
1.022379755935484136e+00
1.022422380370280326e+00
1.022464715460627449e+00
1.022506755735210326e+00
1.022548496144450869e+00
1.022589932021430226e+00
1.022631059040725710e+00
1.022671873175303059e+00
1.022712370651600367e+00
1.022752547902946674e+00
1.022792401521466665e+00
1.022831928208627339e+00
1.022871124724580971e+00
1.022909987836475132e+00
1.022948514265891617e+00
1.022986700635591717e+00
1.023024543415741228e+00
1.023062038869800405e+00
1.023099183000261148e+00
1.023135971494423480e+00
1.023172399670407628e+00
1.023208462423600862e+00
1.023244154173745368e+00
1.023279468812876125e+00
1.023314399654329687e+00
1.023348939383043943e+00
1.023383080007373547e+00
1.023416812812665500e+00
1.023450128316824692e+00
1.023483016228124765e+00
1.023515465405510083e+00
1.023547463821655068e+00
1.023578998529037776e+00
1.023610055629299076e+00
1.023640620246160760e+00
1.023670676502178356e+00
1.023700207499603998e+00
1.023729195305640882e+00
1.023757620942366220e+00
1.023785464381596899e+00
1.023812704544970309e+00
1.023839319309504337e+00
1.023865285518890111e+00
1.023890579000761747e+00
1.023915174590170452e+00
1.023939046159473731e+00
1.023962166654827755e+00
1.023984508139445415e+00
1.024006041843756432e+00
1.024026738222571620e+00
1.024046567019314624e+00
1.024065497337350195e+00
1.024083497718384805e+00
1.024100536227878999e+00
1.024116580547346889e+00
1.024131598073369620e+00
1.024145556023093873e+00
1.024158421545917186e+00
1.024170161841005289e+00
1.024180744280220878e+00
1.024190136535970908e+00
1.024198306713424156e+00
1.024205223486474026e+00
1.024210856236758005e+00
1.024215175194997052e+00
1.024218151583832892e+00
1.024219757761308580e+00
1.024219967364081274e+00
1.024218755449402884e+00
1.024216098634883609e+00
1.024211975235011396e+00
1.024206365393391938e+00
1.024199251209658268e+00
1.024190616860004566e+00
1.024180448710312774e+00
1.024168735420866172e+00
1.024155468041680894e+00
1.024140640097539912e+00
1.024124247661879039e+00
1.024106289418744264e+00
1.024086766712136054e+00
1.024065683582148445e+00
1.024043046787425748e+00
1.024018865813573598e+00
1.023993152867291867e+00
1.023965922856125310e+00
1.023937193353871233e+00
1.023906984551816723e+00
1.023875319196121181e+00
1.023842222511807343e+00
1.023807722113942331e+00
1.023771847906740362e+00
1.023734631971428222e+00
1.023696108443835406e+00
1.023656313382767191e+00
1.023615284630316147e+00
1.023573061665329798e+00
1.023529685451328053e+00
1.023485198280184472e+00
1.023439643612935157e+00
1.023393065919061984e+00
1.023345510515601520e+00
1.023297023407402806e+00
1.023247651129797653e+00
1.023197440594906915e+00
1.023146438942712955e+00
1.023094693397949451e+00
1.023042251133754910e+00
1.022989159142926541e+00
1.022935464117498139e+00
1.022881212337229284e+00
1.022826449567479923e+00
1.022771220966810946e+00
1.022715571004515933e+00
1.022659543388178660e+00
1.022603181001217276e+00
1.022546525850273280e+00
1.022489619022188156e+00
1.022432500650224396e+00
1.022375209889092584e+00
1.022317784898278070e+00
1.022260262833098787e+00
1.022202679842867834e+00
1.022145071075510003e+00
1.022087470687942590e+00
1.022029911861524809e+00
1.021972426821878610e+00
1.021915046862384546e+00
1.021857802370681023e+00
1.021800722857518995e+00
1.021743836987355269e+00
1.021687172610111105e+00
1.021630756793563410e+00
1.021574615855890045e+00
1.021518775397935119e+00
1.021463260334816381e+00
1.021408094926554266e+00
1.021353302807444408e+00
1.021298907013956425e+00
1.021244930010990259e+00
1.021191393716359919e+00
1.021138319523429372e+00
1.021085728321858621e+00
1.021033640516450403e+00
1.020982076044134601e+00
1.020931054389135895e+00
1.020880594596410784e+00
1.020830715283446821e+00
1.020781434650543495e+00
1.020732770489696462e+00
1.020684740192221884e+00
1.020637360755257683e+00
1.020590648787284671e+00
1.020544620512806144e+00
1.020499291776322703e+00
1.020454678045734198e+00
1.020410794415289812e+00
1.020367655608207080e+00
1.020325275979057089e+00
1.020283669516015346e+00
1.020242849843059130e+00
1.020202830222179280e+00
1.020163623555666144e+00
1.020125242388516318e+00
1.020087698910988605e+00
1.020051004961335606e+00
1.020015172028720496e+00
1.019980211256318547e+00
1.019946133444594949e+00
1.019912949054738727e+00
1.019880668212235886e+00
1.019849300710538698e+00
1.019818856014803599e+00
1.019789343265653070e+00
1.019760771282916645e+00
1.019733148569307080e+00
1.019706483313981948e+00
1.019680783395943369e+00
1.019656056387230780e+00
1.019632309555857042e+00
1.019609549868444986e+00
1.019587783992528696e+00
1.019567018298468408e+00
1.019547258860955763e+00
1.019528511460070952e+00
1.019510781581864922e+00
1.019494074418438867e+00
1.019478394867509019e+00
1.019463747531426323e+00
1.019450136715648991e+00
1.019437566426652619e+00
1.019426040369272091e+00
1.019415561943469495e+00
1.019406134240536055e+00
1.019397760038718515e+00
1.019390441798291302e+00
1.019384181656066701e+00
