1.000603444564682754e+00
1.000676133333386897e+00
1.000794583892039125e+00
1.000935219646518881e+00
1.001092952706504224e+00
1.001262291337339905e+00
1.001436773212675657e+00
1.001610435042899150e+00
1.001784883874973664e+00
1.001966538461782408e+00
1.002154630046397266e+00
1.002343560558102142e+00
1.002527480735990295e+00
1.002707332592444711e+00
1.002891381864188025e+00
1.003081422484427554e+00
1.003272091329610038e+00
1.003456943807119917e+00
1.003635077765067329e+00
1.003814951567798097e+00
1.004000916853157843e+00
1.004188347430068129e+00
1.004370377093355859e+00
1.004544139888830623e+00
1.004717164624547632e+00
1.004896158233387737e+00
1.005077806638212667e+00
1.005255082383567533e+00
1.005423402306629299e+00
1.005588530597511854e+00
1.005759027380656923e+00
1.005933436423458449e+00
1.006104844083097749e+00
1.006267343121315161e+00
1.006424396659092224e+00
1.006585660526984283e+00
1.006751968849063372e+00
1.006916831550302316e+00
1.007073439268169945e+00
1.007222737309536820e+00
1.007374564129229988e+00
1.007532273399931455e+00
1.007690170025136389e+00
1.007840927049905577e+00
1.007983052959000370e+00
1.008125626748837433e+00
1.008274477338273023e+00
1.008425142913260686e+00
1.008570103145426167e+00
1.008705740622468205e+00
1.008839533966685131e+00
1.008979441368583529e+00
1.009122708179064798e+00
1.009261898347340258e+00
1.009391714535102125e+00
1.009517406185914012e+00
1.009648436409377403e+00
1.009784198254090715e+00
1.009917609100520641e+00
1.010042176993679153e+00
1.010160576391688103e+00
1.010282944066632549e+00
1.010411135837859353e+00
1.010538727820177840e+00
1.010658484764949350e+00
1.010770460439589513e+00
1.010884534253096101e+00
1.011005124435991442e+00
1.011126837633357090e+00
1.011242075168440557e+00
1.011348486951407999e+00
1.011454789189132342e+00
1.011567785555957055e+00
1.011683548814764855e+00
1.011794425657751351e+00
1.011896062960563336e+00
1.011995254858186977e+00
1.012100723012428372e+00
1.012210460851551197e+00
1.012317028885960646e+00
1.012414560132615549e+00
1.012507410997009805e+00
1.012605501963108168e+00
1.012709139818219528e+00
1.012811373702783957e+00
1.012905313404484087e+00
1.012992656310441220e+00
1.013083635359148582e+00
1.013181105469288745e+00
1.013278929306561826e+00
1.013369626988759542e+00
1.013452305875679249e+00
1.013536572898077637e+00
1.013627824609978578e+00
1.013721132605812869e+00
1.013808782598070835e+00
1.013887596111146649e+00
1.013965689544826132e+00
1.014050707627568215e+00
1.014139378505495070e+00
1.014224044651463208e+00
1.014299693218714271e+00
1.014372274194513146e+00
1.014451105823226618e+00
1.014535012365691324e+00
1.014616659501391460e+00
1.014689703641697083e+00
1.014757522220733010e+00
1.014830308563922756e+00
1.014909324683384462e+00
1.014987849553134591e+00
1.015058686715459180e+00
1.015122535223566658e+00
1.015189539589011591e+00
1.015263548554805384e+00
1.015338805543135159e+00
1.015407668542817055e+00
1.015468327700955964e+00
1.015529951253786534e+00
1.015598859448769931e+00
1.015670679577980184e+00
1.015737653838459043e+00
1.015795837654316358e+00
1.015852616497493699e+00
1.015916375706833463e+00
1.015984579553463663e+00
1.016049632090406440e+00
1.016105938784824136e+00
1.016158521273316850e+00
1.016217158553389899e+00
1.016281564923920744e+00
1.016344576944137046e+00
1.016399454088093623e+00
1.016448561823966701e+00
1.016502211171367076e+00
1.016562644412788874e+00
1.016623441087285418e+00
1.016677171031374005e+00
1.016723549043393016e+00
1.016772476027862027e+00
1.016828776049560235e+00
1.016887150048112698e+00
1.016939856491926530e+00
1.016984218331756118e+00
1.017028829354742925e+00
1.017080868556399231e+00
1.017136596783463798e+00
1.017188267737368035e+00
1.017231241857473378e+00
1.017272073631285245e+00
1.017319782509099380e+00
1.017372637247518030e+00
1.017423156526771066e+00
1.017465241776552620e+00
1.017502931865776228e+00
1.017546330485129324e+00
1.017596087171388941e+00
1.017645266678834703e+00
1.017686804756095187e+00
1.017722047757250170e+00
1.017761275823153122e+00
1.017807720825347317e+00
1.017855328265029780e+00
1.017896497487807972e+00
1.017929992553795238e+00
1.017965328981752293e+00
1.018008271751363214e+00
1.018054051546015693e+00
1.018094880523427337e+00
1.018127276079226373e+00
1.018159140903007298e+00
1.018198434127109753e+00
1.018242121801186562e+00
1.018282516683214567e+00
1.018314359250213963e+00
1.018343295470592436e+00
1.018378863429113323e+00
1.018420195097956338e+00
1.018459972227665933e+00
1.018491667529521472e+00
1.018518305473349317e+00
1.018550175938367053e+00
1.018588895535942562e+00
1.018627812471405658e+00
1.018659605763246212e+00
1.018684615233471646e+00
1.018712946536299624e+00
1.018748814633988697e+00
1.018786595366619085e+00
1.018818573260374949e+00
1.018842609218669981e+00
1.018867703678387082e+00
1.018900512289591553e+00
1.018936865509941114e+00
1.018968975734889204e+00
1.018992623626275851e+00
1.019014921766922654e+00
1.019044517770615332e+00
1.019079149084751723e+00
1.019111230749246477e+00
1.019134958975859373e+00
1.019155014161518436e+00
1.019181329744198283e+00
1.019213949854575807e+00
1.019245766161249067e+00
1.019269893826651563e+00
1.019288331246918977e+00
1.019311415009769739e+00
1.019341746948394967e+00
1.019373014294929991e+00
1.019397699726851680e+00
1.019415165358014130e+00
1.019435205092548369e+00
1.019462994746819229e+00
1.019493405248432794e+00
1.019518655304024080e+00
1.019535760616782305e+00
1.019553089780526500e+00
1.019578123774574685e+00
1.019607360986853006e+00
1.019633055749597617e+00
1.019650324720688506e+00
1.019665408927939554e+00
1.019687541111486517e+00
1.019715290351397075e+00
1.019741215169505777e+00
1.019759041592211979e+00
1.019772446632906115e+00
1.019791629684598133e+00
1.019817585339334087e+00
1.019843462674287826e+00
1.019862085341771252e+00
1.019874431615081845e+00
1.019890746029545436e+00
1.019914619424498570e+00
1.019940135574437523e+00
1.019959634964709316e+00
1.019971544060794599e+00
1.019985215449651150e+00
1.020006747707895123e+00
1.020031572595024416e+00
1.020051886817983311e+00
1.020063926169076485e+00
1.020075324237606829e+00
1.020094307454203486e+00
1.020118108005248603e+00
1.020139061214706100e+00
1.020151693949453930e+00
1.020161311492197687e+00
1.020177617791616864e+00
1.020200066706436592e+00
1.020221401787648752e+00
1.020234949996213558e+00
1.020243365024571469e+00
1.020256978187435770e+00
1.020277760901945996e+00
1.020299169724883104e+00
1.020313797615022056e+00
1.020321624063353472e+00
1.020332665047645193e+00
1.020351488911404925e+00
1.020372636422385071e+00
1.020388354821159638e+00
1.020396187580763669e+00
1.020404925361545256e+00
1.020421535356073273e+00
1.020442076725040614e+00
1.020458764650187922e+00
1.020467125187349833e+00
1.020473967994916631e+00
1.020488171166617164e+00
1.020507763098576381e+00
1.020525198677100898e+00
1.020534488946115648e+00
1.020539956241496959e+00
1.020551652557219580e+00
1.020569960924651687e+00
1.020587853753899932e+00
1.020598326395426803e+00
1.020603005915957873e+00
1.020612218633706325e+00
1.020628925699518241e+00
1.020646944980367010e+00
1.020658694678486800e+00
1.020663190245067131e+00
1.020670086699835721e+00
1.020684902273793826e+00
1.020702698185750101e+00
1.020715673358414399e+00
1.020720549257635001e+00
1.020725444517148084e+00
1.020738124889870813e+00
1.020755343286038341e+00
1.020769372149337828e+00
1.020775100854566686e+00
1.020778441288027416e+00
1.020788816609341731e+00
1.020805108586746890e+00
1.020819931434183925e+00
1.020826852785613470e+00
1.020829181683038822e+00
1.020837187606839391e+00
1.020852216490824027e+00
1.020867516920662910e+00
1.020875816009908288e+00
1.020877726391843376e+00
1.020883431849715528e+00
1.020896881337304496e+00
1.020912311926770233e+00
1.020922018551630561e+00
1.020924098918549738e+00
1.020927721059568416e+00
1.020939308955872704e+00
1.020954509963423407e+00
1.020965516638341786e+00
1.020968295686562444e+00
1.020970195927871860e+00
1.020979696426371319e+00
1.020994308281900409e+00
1.021006399608602067e+00
1.021010297270426026e+00
1.021010957541439890e+00
1.021018230950317296e+00
1.021031902462131491e+00
1.021044787723321079e+00
1.021050080721648046e+00
1.021050063510569039e+00
1.021055087493144775e+00
1.021067482742500809e+00
1.021080825361843303e+00
1.021087633233775271e+00
1.021087531008989302e+00
1.021090424440088462e+00
1.021101232521366420e+00
1.021114673100707471e+00
1.021122965317555753e+00
1.021123345090140244e+00
1.021124376264072042e+00
1.021133328068132062e+00
1.021146500552056580e+00
1.021156119797003381e+00
1.021157469252599759e+00
1.021157044215493359e+00
1.021163937918916798e+00
1.021176480170233436e+00
1.021187173831134221e+00
1.021189856923232053e+00
1.021188488955502738e+00
1.021193221231015080e+00
1.021204782308275494e+00
1.021216234470273987e+00
1.021220464261261451e+00
1.021218729188098973e+00
1.021221324729923996e+00
1.021231572311167346e+00
1.021243430989070333e+00
1.021249263921911510e+00
1.021247746983125371e+00
1.021248377227795823e+00
1.021257009589302545e+00
1.021268907084465383e+00
1.021276257041485280e+00
1.021275497194110482e+00
1.021274481183224392e+00
1.021281247301281558e+00
1.021292814028207818e+00
1.021301479708502491e+00
1.021301918341061654e+00
1.021299703510941903e+00
1.021304431335471108e+00
1.021315304814351066e+00
1.021325002222982725e+00
1.021326944476207643e+00
1.021324070092240799e+00
1.021326698152428936e+00
1.021336529857264086e+00
1.021346922938213275e+00
1.021350518471247693e+00
1.021347567046551497e+00
1.021348170913369158e+00
1.021356634883309855e+00
1.021367360231709265e+00
1.021372605501967179e+00
1.021370147955892538e+00
1.021368952787017559e+00
1.021375760392214449e+00
1.021386444996425169e+00
1.021393203298015528e+00
1.021391744007540403e+00
1.021389117750755249e+00
1.021394041139691566e+00
1.021404314119457091e+00
1.021412345851804959e+00
1.021412275164456762e+00
1.021408702228749465e+00
1.021411604680261043e+00
1.021421105080048575e+00
1.021430100215853232e+00
1.021431662528681450e+00
1.021427701970494040e+00
1.021428568642466228e+00
1.021436952420406996e+00
1.021446559194275849e+00
1.021449841959721994e+00
1.021446075841797585e+00
1.021445035871553664e+00
1.021451986358544950e+00
1.021461833320263413e+00
1.021466776773475083e+00
1.021463754486986453e+00
1.021461086561958886e+00
1.021466332408613287e+00
1.021476043700328518e+00
1.021482465760013003e+00
1.021480650926192890e+00
1.021476768815401392e+00
1.021480110536914010e+00
1.021489315837890821e+00
1.021496944084559377e+00
1.021496672074300838e+00
1.021492091797630897e+00
1.021493433246247751e+00
1.021501774815924524e+00
1.021510278067222055e+00
1.021511731645484922e+00
1.021507025245711908e+00
1.021506402162906113e+00
1.021513542600702040e+00
1.021522557249179064e+00
1.021525763789693952e+00
1.021521505456546741e+00
1.021519102043747962e+00
1.021524737205409039e+00
1.021533886605401786e+00
1.021538734436381102e+00
1.021535444936251924e+00
1.021531591939000005e+00
1.021535472247544707e+00
1.021544379741278430e+00
1.021550646709992405e+00
1.021548743317842955e+00
1.021543896150812092e+00
1.021545855706151196e+00
1.021554153120193931e+00
1.021561539183217571e+00
1.021561299331957162e+00
1.021555999492075317e+00
1.021555987504125129e+00
1.021563321964649829e+00
1.021571479169654406e+00
1.021573024177825806e+00
1.021567849436215480e+00
1.021565955237057066e+00
1.021571998362143407e+00
1.021580554597403712e+00
1.021583854725617968e+00
1.021579363859191236e+00
1.021575826981829582e+00
1.021580290752254427e+00
1.021588866564208997e+00
1.021593762949473128e+00
1.021590441314508491e+00
1.021585641883552054e+00
1.021588303245487772e+00
1.021596522878602364e+00
1.021602758553782575e+00
1.021600972264054885e+00
1.021595402211855408e+00
1.021596133947354268e+00
1.021603632797405847e+00
1.021610884923839446e+00
1.021610851583922619e+00
1.021605071121434394e+00
1.021603871947228903e+00
1.021610303742109815e+00
1.021618211477655080e+00
1.021619992180743397e+00
1.021614577233498800e+00
1.021611592010710279e+00
1.021616640083017336e+00
1.021624825655242930e+00
1.021628337214148807e+00
1.021623823654454588e+00
1.021619346275269180e+00
1.021622742710229348e+00
1.021630825840198487e+00
1.021635867153925625e+00
1.021632698648629933e+00
1.021627154824130468e+00
1.021628708001760755e+00
1.021636315270372020e+00
1.021642599641451987e+00
1.021641087260887426e+00
1.021634999497488927e+00
1.021634625685153619e+00
1.021641397418624475e+00
1.021648583617170924e+00
1.021648884359625420e+00
1.021642824322573251e+00
1.021640575087782388e+00
1.021646173549803915e+00
1.021653891225294153e+00
1.021656008128794202e+00
1.021650542148329066e+00
1.021646618664390882e+00
1.021650741984949651e+00
1.021658610097785802e+00
1.021662410735381110e+00
1.021658044513871877e+00
1.021652792851441394e+00
1.021655197546077476e+00
1.021662836631764826e+00
1.021668082700672775e+00
1.021665212633031894e+00
1.021659099300284534e+00
1.021659630117353279e+00
1.021666670345489081e+00
1.021673050227647650e+00
1.021671929511974719e+00
1.021665500967523510e+00
1.021664121985111251e+00
1.021670210026630166e+00
1.021677368049459078e+00
1.021678093403570742e+00
1.021671925142323856e+00
1.021668743170887073e+00
1.021673552064251478e+00
1.021681111276721898e+00
1.021683630682668209e+00
1.021678271668305493e+00
1.021673543779232141e+00
1.021676789956151188e+00
1.021684368047862446e+00
1.021688504427630928e+00
1.021684423345812220e+00
1.021678544470853822e+00
1.021680013474471016e+00
1.021687233162831721e+00
1.021692715994169998e+00
1.021690257258727419e+00
1.021683729049514655e+00
1.021683306792039003e+00
1.021689803003771324e+00
1.021696300209856245e+00
1.021695657447929229e+00
1.021689043151068343e+00
1.021686745189730017e+00
1.021692172525277220e+00
1.021699317478192981e+00
1.021700528501106042e+00
1.021694399588550350e+00
1.021690389305057289e+00
1.021694434207512492e+00
1.021701845828936639e+00
1.021704807246925473e+00
1.021699687694076930e+00
1.021694276450872296e+00
1.021696677573645573e+00
1.021703973940432331e+00
1.021708468835201389e+00
1.021704784079547235e+00
1.021698411318612498e+00
1.021698987986576768e+00
1.021705795172138220e+00
1.021711525614704463e+00
1.021709564400925307e+00
1.021702760537827936e+00
1.021701444303942719e+00
1.021707403184512142e+00
1.021714020706041115e+00
1.021713916547261736e+00
1.021707254043053847e+00
1.021704114791589735e+00
1.021708889764449069e+00
1.021716019821576449e+00
1.021717753946934870e+00
1.021711792316080558e+00
1.021707050193063626e+00
1.021710344182090502e+00
1.021717603654479944e+00
1.021721025512424941e+00
1.021716256455062366e+00
1.021710274360467574e+00
1.021711852526252073e+00
1.021718861260983324e+00
1.021723718976788042e+00
1.021720519253817461e+00
1.021713775878539732e+00
1.021713496089615703e+00
1.021719884584578075e+00
1.021725857372849600e+00
1.021724457498192518e+00
1.021717505052547104e+00
1.021715348475110030e+00
1.021720764884909594e+00
1.021727491532578469e+00
1.021727965490519585e+00
1.021721377798759267e+00
1.021717470533703098e+00
1.021721591298235143e+00
1.021728691965945623e+00
1.021730967545720903e+00
1.021725284306551407e+00
1.021719902293952931e+00
1.021722450356435052e+00
1.021729541629787352e+00
1.021733425688718278e+00
1.021729099566972776e+00
1.021722653425110483e+00
1.021723425009777309e+00
1.021730129681974963e+00
1.021735340211662901e+00
1.021732694830312482e+00
1.021725696458979371e+00
1.021724592572687884e+00
1.021730546625027491e+00
1.021736744202260017e+00
1.021735950463372955e+00
1.021728966439121145e+00
1.021726021149311769e+00
1.021730881590478646e+00
1.021737695482482389e+00
1.021738769477841036e+00
1.021732366993912011e+00
1.021727763445986259e+00
1.021731221452256255e+00
1.021738268758168866e+00
1.021741088640683692e+00
1.021735779969188851e+00
1.021729847778132250e+00
1.021731650284736892e+00
1.021738548759989040e+00
1.021742883564607407e+00
1.021739076291014348e+00
1.021732269014087535e+00
1.021732248001777865e+00
1.021738624429233688e+00
1.021744166660777386e+00
1.021742127902975028e+00
1.021734983962063303e+00
1.021733087813437191e+00
1.021738584809862349e+00
1.021744980248253665e+00
1.021744821095180500e+00
1.021737913670714315e+00
1.021734231795852432e+00
1.021738517146503877e+00
1.021745388351988471e+00
1.021747069571724120e+00
1.021740951232052108e+00
1.021735723524355599e+00
1.021738506318263795e+00
1.021745469218640068e+00
1.021748823622760316e+00
1.021743972031638137e+00
1.021737578565949711e+00
1.021738634063453777e+00
1.021745308820913190e+00
1.021750072437038082e+00
1.021746844946074706e+00
1.021739776599638994e+00
1.021738977200585152e+00
1.021744995582141158e+00
1.021750839807385791e+00
1.021749444836680398e+00
1.021742259347137027e+00
1.021739604497971410e+00
1.021744617106351338e+00
1.021751176363251412e+00
1.021751666113792645e+00
1.021744935294413903e+00
1.021740571209612369e+00
1.021744258956335472e+00
1.021751151522338308e+00
1.021753434790157122e+00
1.021747688746874605e+00
1.021741910627835370e+00
1.021744004167273623e+00
1.021750846389200440e+00
1.021754715258678115e+00
1.021750390479760684e+00
1.021743624634596115e+00
1.021743932129445920e+00
1.021750347649636570e+00
1.021755509867979583e+00
1.021752909351609784e+00
1.021745677645049089e+00
1.021744116358387577e+00
1.021749742965781138e+00
1.021755852866342185e+00
1.021755125344388837e+00
1.021747997225916471e+00
1.021744620625830269e+00
1.021749118559530656e+00
1.021755802241084643e+00
1.021756942978726102e+00
1.021750480845867726e+00
1.021745492338296035e+00
1.021748558464929957e+00
1.021755431989449070e+00
1.021758301776464872e+00
1.021753005761146804e+00
1.021746753295398769e+00
1.021748143913135509e+00
1.021754825385840837e+00
1.021759180347550089e+00
1.021755439989343373e+00
1.021748390975345977e+00
1.021747951818095412e+00
1.021754069343716154e+00
1.021759593473546834e+00
1.021757654438279594e+00
1.021750354807556160e+00
1.021748052030079235e+00
1.021753250599819030e+00
1.021759584833487944e+00
1.021759536351289466e+00
1.021752559383384718e+00
1.021748502545344994e+00
1.021752454074303484e+00
1.021759218826083560e+00
1.021761002069458524e+00
1.021754892762836375e+00
1.021749341722446580e+00
1.021751762356287951e+00
1.021758573220882260e+00
1.021762005376963822e+00
1.021757226883462266e+00
1.021750578718740421e+00
1.021751254809986964e+00
1.021757732794417173e+00
1.021762538801320286e+00
1.021759428893152188e+00
1.021752186198844559e+00
1.021751005633390719e+00
1.021756784278744057e+00
1.021762628615559887e+00
1.021761373845690546e+00
1.021754099232565327e+00
1.021751080476390294e+00
1.021755813400298196e+00
1.021762326873518312e+00
1.021762958259168297e+00
1.021756220800135395e+00
1.021751530562970300e+00
1.021754903853156815e+00
1.021761703460889681e+00
1.021764111654876572e+00
1.021758431189011551e+00
1.021752383909277917e+00
1.021754136784224443e+00
1.021760839125965159e+00
1.021764802380523252e+00
1.021760598760542038e+00
1.021753636057160186e+00
1.021753589533221040e+00
1.021759819528880620e+00
1.021765036240994906e+00
1.021762591737024106e+00
1.021755244810642838e+00
1.021753333222759519e+00
1.021758730908189694e+00
1.021764849934126751e+00
1.021764291410035552e+00
1.021757131814265529e+00
1.021753428573892286e+00
1.021757657956910981e+00
1.021764302844200500e+00
1.021765605379261643e+00
1.021759189921194855e+00
1.021753918853123944e+00
1.021756683185197634e+00
1.021763469445228001e+00
1.021766477300625198e+00
1.021761293294331630e+00
1.021754820447877243e+00
1.021755886215578668e+00
1.021762432697463918e+00
1.021766889960049829e+00
1.021763308499245015e+00
1.021756114588184605e+00
1.021755342114659459e+00
1.021761278604355283e+00
1.021766861545399863e+00
1.021765106834725767e+00
1.021757744547013402e+00
1.021755118430564879e+00
1.021760092700650713e+00
1.021766438061564974e+00
1.021766577858485681e+00
1.021759619723887624e+00
1.021755270022526529e+00
1.021758958655451188e+00
1.021765685211831753e+00
1.021767641771015089e+00
1.021761624395772561e+00
1.021755830884176541e+00
1.021757957780841553e+00
1.021764681186315471e+00
1.021768256882795045e+00
1.021763628265251578e+00
1.021756804608485059e+00
1.021757168010376304e+00
1.021763510437980749e+00
1.021768419920157545e+00
1.021765497943935674e+00
1.021758157766920805e+00
1.021756661792414533e+00
1.021762258874976848e+00
1.021768160394793679e+00
1.021767109845219235e+00
1.021759819783768508e+00
1.021756502436497405e+00
1.021761011208114134e+00
1.021767532503290443e+00
1.021768363681502034e+00
1.021761689169386589e+00
1.021756737811656990e+00
1.021759850091402688e+00
1.021766607295494733e+00
1.021769193415156041e+00
1.021763643209248951e+00
1.021757391278664606e+00
1.021758855555489731e+00
1.021765465837054965e+00
1.021769572098845114e+00
1.021765548844846494e+00
1.021758452699371933e+00
1.021758103601435597e+00
1.021764193427890932e+00
1.021769509604579351e+00
1.021767274648376134e+00
1.021759874025637727e+00
1.021757663601436494e+00
1.021762875555897399e+00
1.021769045625492645e+00
1.021768704175280540e+00
1.021761571815718472e+00
1.021757593775933337e+00
1.021761596052571219e+00
1.021768241468548943e+00
1.021769748957253254e+00
1.021763435157692523e+00
1.021757933716935796e+00
1.021760436535041894e+00
1.021767172595665407e+00
1.021770357472370216e+00
1.021765335953551679e+00
1.021758694852628713e+00
1.021759475596408118e+00
1.021765922152576556e+00
1.021770517204777295e+00
1.021767140141733865e+00
1.021759852695624637e+00
1.021758786981265654e+00
1.021764575739397607e+00
1.021770250167162164e+00
1.021768720233662942e+00
1.021761345000172572e+00
1.021758436390085567e+00
1.021763218209162272e+00
1.021769605073435061e+00
1.021769968875529955e+00
1.021763076672479897e+00
1.021758475910315100e+00
1.021761932489857472e+00
1.021768649306613153e+00
1.021770810778369620e+00
1.021764928907934689e+00
1.021758935478438213e+00
1.021760799087995775e+00
1.021767461843891223e+00
1.021771209262450242e+00
1.021766769864941748e+00
1.021759813461518673e+00
1.021759894931977497e+00
1.021766127182065942e+00
1.021771165595401598e+00
1.021768466314039614e+00
1.021761070781630032e+00
1.021759291094377131e+00
1.021764730791811404e+00
1.021770712801278513e+00
1.021769896715794435e+00
1.021762631763268869e+00
1.021759048843889017e+00
1.021763356768180531e+00
1.021769907479535000e+00
1.021770964594939546e+00
1.021764391034470476e+00
1.021759212914564507e+00
1.021762087108058159e+00
1.021768822102702812e+00
1.021771608831733236e+00
1.021766223463686174e+00
1.021759802209275536e+00
1.021761001070708108e+00
1.021767538310428547e+00
1.021771807500020834e+00
1.021767995157568443e+00
1.021760801178155820e+00
1.021760173622299206e+00
1.021766141312840936e+00
1.021771574744821720e+00
1.021769575634141169e+00
1.021762156308527292e+00
1.021759672634651839e+00
1.021764716143664042e+00
1.021770953422569850e+00
1.021770851287530313e+00
1.021763779547062878e+00
1.021759554001034020e+00
1.021763346077504409e+00
1.021770006931058017e+00
1.021771738061958423e+00
1.021765556716025092e+00
1.021759853751351255e+00
1.021762112120195853e+00
1.021768811890293227e+00
1.021772189585662405e+00
1.021767357954185051e+00
1.021760578484272264e+00
1.021761092081546085e+00
1.021767451808418548e+00
1.021772198225229022e+00
1.021769049081564740e+00
1.021761698227555470e+00
1.021760358591255802e+00
1.021766012084392106e+00
1.021771789924953211e+00
1.021770504340473895e+00
1.021763145568967079e+00
1.021759975650260444e+00
1.021764577118826622e+00
1.021771016200863524e+00
1.021771619941637343e+00
1.021764821340247487e+00
1.021759992648249016e+00
1.021763229327631528e+00
1.021769946215937530e+00
1.021772325464788800e+00
1.021766604086376651e+00
1.021760435505049136e+00
1.021762048614097917e+00
1.021768659840112781e+00
1.021772589443661117e+00
1.021768360857393532e+00
1.021761297459742757e+00
1.021761111071279871e+00
1.021767241736598830e+00
1.021772417771754426e+00
1.021769959037310826e+00
1.021762534005988821e+00
1.021760486524825984e+00
1.021765777094252092e+00
1.021771847023902779e+00
1.021771279587602610e+00
1.021764064697567864e+00
1.021760234266460232e+00
1.021764349570437158e+00
1.021770936243426631e+00
1.021772230230914902e+00
1.021765780654547040e+00
1.021760395895273899e+00
1.021763040673640432e+00
1.021769759376275566e+00
1.021772755014485945e+00
1.021767554709425374e+00
1.021760985857434800e+00
1.021761929032611649e+00
1.021768398697210145e+00
1.021772837136199596e+00
1.021769252528493599e+00
1.021761983285248920e+00
1.021761088688593277e+00
1.021766939414833875e+00
1.021772495027343020e+00
1.021770744990258883e+00
1.021763329425055655e+00
1.021760586076223998e+00
1.021765466232610109e+00
1.021771774701087931e+00
1.021771921722531840e+00
1.021764931923776931e+00
1.021760474756540749e+00
1.021764062005564577e+00
1.021770741650824377e+00
1.021772703381783831e+00
1.021766673676915982e+00
1.021760787147962812e+00
1.021762807248622007e+00
1.021769473670159911e+00
1.021773048899254910e+00
1.021768423406673731e+00
1.021761525009684979e+00
1.021761779081495902e+00
1.021768054662626879e+00
1.021772955548302386e+00
1.021770047182683605e+00
1.021762652993246867e+00
1.021761049079812356e+00
1.021766569894385190e+00
1.021772453170152417e+00
1.021771421359618515e+00
1.021764098751780203e+00
