1.000603444564682754e+00
1.000676781094611112e+00
1.000796259573449865e+00
1.000933143985035301e+00
1.001078583360350827e+00
1.001231560904258577e+00
1.001393768083643554e+00
1.001566039599437463e+00
1.001747155694297842e+00
1.001934704054622038e+00
1.002126375329571939e+00
1.002320083131498230e+00
1.002512971835602729e+00
1.002701121772143544e+00
1.002881302270112407e+00
1.003053607874293096e+00
1.003222123113627573e+00
1.003392529286443180e+00
1.003568832004692712e+00
1.003751857630879041e+00
1.003940028003473373e+00
1.004131038264631126e+00
1.004322625845390338e+00
1.004511953966407800e+00
1.004695129954440436e+00
1.004868574066052789e+00
1.005031722351907408e+00
1.005188321853009770e+00
1.005344535928803573e+00
1.005505466364949640e+00
1.005673013773144664e+00
1.005846160839807935e+00
1.006022624216483363e+00
1.006200002405531091e+00
1.006375480679865486e+00
1.006545204432693241e+00
1.006705217702967614e+00
1.006854081965385506e+00
1.006994745193847685e+00
1.007133319705908692e+00
1.007275633683581528e+00
1.007424541967098408e+00
1.007579654658119939e+00
1.007738830493746240e+00
1.007899604896429491e+00
1.008059235244838092e+00
1.008214006291719311e+00
1.008359728367759445e+00
1.008494128577517301e+00
1.008619171586280228e+00
1.008740596022680958e+00
1.008864704814370850e+00
1.008995235903775711e+00
1.009132499986206799e+00
1.009274604549798671e+00
1.009419069330740326e+00
1.009563229486845959e+00
1.009703569401658951e+00
1.009835811572580289e+00
1.009956962457351004e+00
1.010067929331656345e+00
1.010173834382071423e+00
1.010281231107131195e+00
1.010394668405688146e+00
1.010515224085878572e+00
1.010641359390821226e+00
1.010770621746005515e+00
1.010900405386141898e+00
1.011027414114339162e+00
1.011147407626311612e+00
1.011256819236854954e+00
1.011355498512692241e+00
1.011447762363882674e+00
1.011540195678533260e+00
1.011638066415811554e+00
1.011743270181498344e+00
1.011854727785902019e+00
1.011970067840946230e+00
1.012086719482296893e+00
1.012201595463050774e+00
1.012310589389163518e+00
1.012409721702696608e+00
1.012497839461360627e+00
1.012578312304706074e+00
1.012657537096234961e+00
1.012741380264990720e+00
1.012832581901117690e+00
1.012930625676017549e+00
1.013033290430547018e+00
1.013138023700987267e+00
1.013241917074520826e+00
1.013341064397562663e+00
1.013431232122332659e+00
1.013510363174589646e+00
1.013580785091513503e+00
1.013648491540001473e+00
1.013719796500187176e+00
1.013798281440998039e+00
1.013884088067921407e+00
1.013975229676848056e+00
1.014069171183406670e+00
1.014163142530183137e+00
1.014253474324897875e+00
1.014335825981441452e+00
1.014407367091143541e+00
1.014469337340573762e+00
1.014527125403883900e+00
1.014587314799108908e+00
1.014654291914801387e+00
1.014728937525247954e+00
1.014809595288569621e+00
1.014893766040334322e+00
1.014978775417298529e+00
1.015061200009483411e+00
1.015136719199409177e+00
1.015201881589967270e+00
1.015256842676953042e+00
1.015306208121189879e+00
1.015356632209567733e+00
1.015413234671139975e+00
1.015477696493614079e+00
1.015548794156522217e+00
1.015624103981615844e+00
1.015701009794572451e+00
1.015776320345201267e+00
1.015845836413455494e+00
1.015905648386488558e+00
1.015954878130015171e+00
1.015997203759579026e+00
1.016039139328643870e+00
1.016086431157357639e+00
1.016141596500973687e+00
1.016203947690019760e+00
1.016271196465145410e+00
1.016340758853141457e+00
1.016409644618156527e+00
1.016473848607505781e+00
1.016529165369278509e+00
1.016573775145783731e+00
1.016610325322223840e+00
1.016644976601453365e+00
1.016683961830108673e+00
1.016730641089867770e+00
1.016784959818356704e+00
1.016844842974327090e+00
1.016907729357578560e+00
1.016970788010274074e+00
1.017030251029360510e+00
1.017081769278032510e+00
1.017122706858477610e+00
1.017154623800874624e+00
1.017183123284564283e+00
1.017214755265527959e+00
1.017253696361325455e+00
1.017300610275548856e+00
1.017353726814997916e+00
1.017410518085017701e+00
1.017468267280643657e+00
1.017523459027130706e+00
1.017571734221461632e+00
1.017609790010189030e+00
1.017638091065985240e+00
1.017661498988448265e+00
1.017686688203609080e+00
1.017718590677568535e+00
1.017758655441070026e+00
1.017805517406710436e+00
1.017856714040713095e+00
1.017909601288634835e+00
1.017960907308485652e+00
1.018006372174141250e+00
1.018042188226098599e+00
1.018067764116215024e+00
1.018087066277362229e+00
1.018106685901194908e+00
1.018132213736036240e+00
1.018165927664044901e+00
1.018206970614470963e+00
1.018252998666287157e+00
1.018301409317436068e+00
1.018349146284734275e+00
1.018392129597312845e+00
1.018426211086775890e+00
1.018449825575466594e+00
1.018465929826655181e+00
1.018480818850769909e+00
1.018500611568284642e+00
1.018528430027313192e+00
1.018564024372815568e+00
1.018605241623237845e+00
1.018649505200349470e+00
1.018693933917732997e+00
1.018734678829386731e+00
1.018767407626629096e+00
1.018789699115308700e+00
1.018803431062731635e+00
1.018814395018732721e+00
1.018829076784093957e+00
1.018851425980443537e+00
1.018881889042637656e+00
1.018918591631938320e+00
1.018958986889867191e+00
1.019000322921348012e+00
1.019039004188694975e+00
1.019070654042961710e+00
1.019092139420677334e+00
1.019104237958604386e+00
1.019112047365502649e+00
1.019122233844218517e+00
1.019139523605403497e+00
1.019165132154123743e+00
1.019197561915711425e+00
1.019234321049467873e+00
1.019272743028061035e+00
1.019309482577303694e+00
1.019340235257149230e+00
1.019361316114541616e+00
1.019372429392829016e+00
1.019377816143719917e+00
1.019384118876264234e+00
1.019396754007021455e+00
1.019417756919682283e+00
1.019446109496860320e+00
1.019479421901337668e+00
1.019515077670140268e+00
1.019549958053892036e+00
1.019579919724739048e+00
1.019600890825020922e+00
1.019611573223988099e+00
1.019615225252477275e+00
1.019618253379632966e+00
1.019626643192493631e+00
1.019643273821829066e+00
1.019667707525968137e+00
1.019697723481407525e+00
1.019730734340217992e+00
1.019763809797360921e+00
1.019793026925364110e+00
1.019814086644527329e+00
1.019824797267503413e+00
1.019827351977261376e+00
1.019827711265521408e+00
1.019832276940251692e+00
1.019844764765159839e+00
1.019865410032425146e+00
1.019892244642731649e+00
1.019922708070557293e+00
1.019954013073592236e+00
1.019982487216370970e+00
1.020003749519822644e+00
1.020014852607031619e+00
1.020016889673856841e+00
1.020015178938098899e+00
1.020016358440257509e+00
1.020024939596332558e+00
1.020041908820575216e+00
1.020065646463395925e+00
1.020093637756451788e+00
1.020123193100001879e+00
1.020150894058744040e+00
1.020172401477588142e+00
1.020184168995485585e+00
1.020186203232996025e+00
1.020183008417162362e+00
1.020181258795732848e+00
1.020186185123820088e+00
1.020199582585682663e+00
1.020220282045794402e+00
1.020245855343322461e+00
1.020273671979432306e+00
1.020300548927307815e+00
1.020322285939978535e+00
1.020334902421470069e+00
1.020337377422330993e+00
1.020333263763430587e+00
1.020329060749843197e+00
1.020330607053959060e+00
1.020340538631969274e+00
1.020358238990701327e+00
1.020381428155403558e+00
1.020407509108033572e+00
1.020433499463836435e+00
1.020455405680094518e+00
1.020468975203408846e+00
1.020472258420944245e+00
1.020467761271419249e+00
1.020461596217919098e+00
1.020460065482779122e+00
1.020466647820527761e+00
1.020481375073289065e+00
1.020502194851270694e+00
1.020526535638373256e+00
1.020551571610631481e+00
1.020573554192404808e+00
1.020588109210729399e+00
1.020592489032895678e+00
1.020588104033761212e+00
1.020580478356946319e+00
1.020576204737365211e+00
1.020579573547917951e+00
1.020591347828339268e+00
1.020609795639511930e+00
1.020632383692131606e+00
1.020656396567833912e+00
1.020678341397928790e+00
1.020693852986382932e+00
1.020699538186227162e+00
1.020695711551772078e+00
1.020687128982758818e+00
1.020680478442600458e+00
1.020680795651302208e+00
1.020689638860935666e+00
1.020705697471613327e+00
1.020726511062818531e+00
1.020749433448315147e+00
1.020771214663978910e+00
1.020787603648303676e+00
1.020794725390421709e+00
1.020791845072382520e+00
1.020782802150534518e+00
1.020774170700601502e+00
1.020771630154894360e+00
1.020777573736478150e+00
1.020791214950413250e+00
1.020810222131957712e+00
1.020831988465081608e+00
1.020853476098440016e+00
1.020870624478151356e+00
1.020879240842362812e+00
1.020877629281985222e+00
1.020868604653336176e+00
1.020858414220080057e+00
1.020853245726604408e+00
1.020856338278582909e+00
1.020867527661648122e+00
1.020884685655081281e+00
1.020905231392361001e+00
1.020926296993924343e+00
1.020944059072740107e+00
1.020954161848318220e+00
1.020954070901683108e+00
1.020945514082768346e+00
1.020934206136415057e+00
1.020926677621362577e+00
1.020926992031336411e+00
1.020935694569480967e+00
1.020950949975858002e+00
1.020970209913319771e+00
1.020990730169204941e+00
1.021008942853053769e+00
1.021020466180831088e+00
1.021022074627409015e+00
1.021014394956395677e+00
1.021002422138350241e+00
1.020992839769748750e+00
1.020990479542313700e+00
1.020996666032092381e+00
1.021009956117977513e+00
1.021027862326246538e+00
1.021047720806670167e+00
1.021066212616257074e+00
1.021079042927668379e+00
1.021082456762119284e+00
1.021076013269962557e+00
1.021063829380577381e+00
1.021052535545663442e+00
1.021047640012299640e+00
1.021051293905273827e+00
1.021062549101890760e+00
1.021079028945239831e+00
1.021098116234345099e+00
1.021116714694561889e+00
1.021130701324868495e+00
1.021135956809448020e+00
1.021131049696892834e+00
1.021119098526038105e+00
1.021106467628158265e+00
1.021099215750235878e+00
1.021100340120399075e+00
1.021109487748131706e+00
1.021124462413743661e+00
1.021142674962885577e+00
1.021161212164016119e+00
1.021176178003050161e+00
1.021183247245343040e+00
1.021180111546089231e+00
1.021168815136467067e+00
1.021155247267191646e+00
1.021145859776201759e+00
1.021144484053077672e+00
1.021151453165550782e+00
1.021164837056628194e+00
1.021182075169714931e+00
1.021200391434506471e+00
1.021216143017466216e+00
1.021224941655982654e+00
1.021223743509074744e+00
1.021213490519909506e+00
1.021199403172868836e+00
1.021188142835242729e+00
1.021184328941260100e+00
1.021189056081030389e+00
1.021200757331065745e+00
1.021216922727300469e+00
1.021234868453759770e+00
1.021251204977701388e+00
1.021261601421760368e+00
1.021262437181170046e+00
1.021253572052926106e+00
1.021239390171172712e+00
1.021226560021184948e+00
1.021220407565530452e+00
1.021222843143623216e+00
1.021232765396814290e+00
1.021247758800667871e+00
1.021265194674334076e+00
1.021281915541434326e+00
1.021293741130893773e+00
1.021296639326645828e+00
1.021289452925014718e+00
1.021275597703403371e+00
1.021261537160196076e+00
1.021253187367836102e+00
1.021253302325423995e+00
1.021261347809298226e+00
1.021275066989135949e+00
1.021291862863364042e+00
1.021308773487541011e+00
1.021321832914713124e+00
1.021326758869365303e+00
1.021321481204872095e+00
1.021308358188877774e+00
1.021293437065427856e+00
1.021283075156232956e+00
1.021280867538628900e+00
1.021286941339347276e+00
1.021299279956723538e+00
1.021315312779204731e+00
1.021332228536687481e+00
1.021346309903455651e+00
1.021353172621100036e+00
1.021349968103280714e+00
1.021337955219519200e+00
1.021322565742516453e+00
1.021310421520793543e+00
1.021305922588756632e+00
1.021309937936585976e+00
1.021320785482370042e+00
1.021335936696088575e+00
1.021352685042634434e+00
1.021367569002071374e+00
1.021376229801284508e+00
1.021375195305274097e+00
1.021364631510988774e+00
1.021349178597176888e+00
1.021335525068330030e+00
1.021328804584732186e+00
1.021330688874124704e+00
1.021339931862432993e+00
1.021354084726461942e+00
1.021370505635341486e+00
1.021385973177953543e+00
1.021396255446445522e+00
1.021397421263016358e+00
1.021388596499727797e+00
1.021373486667554786e+00
1.021358636569443368e+00
1.021349806925665682e+00
1.021349508135729778e+00
1.021357032611182714e+00
1.021370069870092046e+00
1.021386014858223001e+00
1.021401853436301188e+00
1.021413552847866502e+00
1.021416886376919742e+00
1.021410033451219945e+00
1.021395662873607613e+00
1.021379963098772992e+00
1.021369181981170993e+00
1.021366675129079304e+00
1.021372370427236387e+00
1.021384172708714733e+00
1.021399502807300408e+00
1.021415510635070190e+00
1.021428405186942223e+00
1.021433817040695136e+00
1.021429105934605674e+00
1.021415848243472979e+00
1.021399672235949518e+00
1.021387143577035417e+00
1.021382436827096285e+00
1.021386200421782631e+00
1.021396645664311986e+00
1.021411228750211064e+00
1.021427217261998699e+00
1.021441076555869021e+00
1.021448428580083778e+00
1.021445963524304057e+00
1.021434158044080664e+00
1.021417896378471912e+00
1.021403869391493302e+00
1.021397009451957327e+00
1.021398752634699036e+00
1.021407716747337879e+00
1.021421424678746304e+00
1.021437219263137575e+00
1.021451812555660865e+00
1.021460927168361676e+00
1.021460746610754811e+00
1.021450687713116867e+00
1.021434737196781128e+00
1.021419503359350500e+00
1.021410579822604081e+00
1.021410233893991659e+00
1.021417592737193569e+00
1.021430298730550579e+00
1.021445737977814128e+00
1.021460840654635049e+00
1.021471510848426911e+00
1.021473590238170415e+00
1.021465518465689337e+00
1.021450270235459978e+00
1.021434158171413031e+00
1.021423306486954230e+00
1.021420829099558336e+00
1.021426461759503024e+00
1.021438038404467008e+00
1.021452972200978415e+00
1.021468370470428821e+00
1.021480369826743839e+00
1.021484626933681694e+00
1.021478722435547937e+00
1.021464549633267271e+00
1.021447917944152017e+00
1.021435320755685217e+00
1.021430702032030347e+00
1.021434495251147823e+00
1.021444813490337111e+00
1.021459100362215988e+00
1.021474594110049816e+00
1.021487686225805769e+00
1.021493988544483589e+00
1.021490367210665440e+00
1.021477612900758558e+00
1.021460841117973750e+00
1.021446727746841088e+00
1.021439995800217382e+00
1.021441849332265672e+00
1.021450778638044010e+00
1.021464282782975186e+00
1.021479686668359310e+00
1.021493633488214092e+00
1.021501807151831365e+00
1.021500519637906557e+00
1.021489485660875385e+00
1.021472963620789765e+00
1.021457607540627865e+00
1.021448833046353588e+00
1.021448665631869090e+00
1.021456075502043204e+00
1.021468663951181410e+00
1.021483806948641160e+00
1.021498375617806875e+00
1.021508215177458823e+00
1.021509248801016234e+00
1.021500186229399088e+00
1.021484302306279179e+00
1.021468016532022016e+00
1.021457316027712725e+00
1.021455071638056378e+00
1.021460834415647279e+00
1.021472374736654531e+00
1.021487098432068752e+00
1.021502066423680688e+00
1.021513344834608983e+00
1.021516628117612013e+00
1.021509729892973395e+00
1.021494858643896553e+00
1.021477989054816682e+00
1.021465526687676428e+00
1.021461180662995627e+00
1.021465175572445094e+00
1.021475534462570778e+00
1.021489690488107449e+00
1.021504848904321916e+00
1.021517327099342731e+00
1.021522736549943522e+00
1.021518132736209061e+00
1.021504622602234846e+00
1.021487539333521211e+00
1.021473526820598554e+00
1.021467091525803284e+00
1.021469209718330884e+00
1.021478252748167836e+00
1.021491699787121288e+00
1.021506854874550285e+00
1.021520290386855434e+00
1.021527658975427855e+00
1.021525414878455607e+00
1.021513576631941644e+00
1.021496663797993865e+00
1.021481358424133123e+00
1.021472888062753270e+00
1.021473038384257404e+00
1.021480631045992737e+00
1.021493231851177352e+00
1.021508204900561712e+00
1.021522359112672085e+00
1.021531485810786233e+00
1.021531603005348288e+00
1.021521699623156643e+00
1.021505343769155250e+00
1.021489044320684103e+00
1.021478638574543574e+00
1.021476753714526398e+00
1.021482763812554984e+00
1.021494382660614431e+00
1.021509008570688604e+00
1.021523652301578267e+00
1.021534312023006041e+00
1.021536732118194513e+00
1.021528970689739246e+00
1.021513548492755108e+00
1.021496589116061671e+00
1.021484395315813254e+00
1.021480437966013843e+00
1.021484739272864095e+00
1.021495240223321721e+00
1.021509365093785870e+00
1.021524282380698700e+00
1.021536235687749539e+00
1.021540846471650887e+00
1.021535372622358384e+00
1.021521238463412029e+00
1.021503980547362023e+00
1.021490194124271778e+00
1.021484162768700799e+00
1.021486639764990656e+00
1.021495886011481780e+00
1.021509364185281710e+00
1.021524354260248568e+00
1.021537356269355046e+00
1.021543999721678420e+00
1.021540894857436932e+00
1.021528368945727072e+00
1.021511191252312933e+00
1.021496054277029053e+00
1.021487988246528200e+00
1.021488541677997297e+00
1.021496396176789778e+00
1.021509087174416353e+00
1.021523964769122328e+00
1.021537772796091481e+00
1.021546254355657490e+00
1.021545535829711637e+00
1.021534893566984348e+00
1.021518180967882383e+00
1.021501978650703801e+00
1.021491962100161466e+00
1.021490515022732470e+00
1.021496842469361788e+00
1.021508608246368244e+00
1.021523202475319803e+00
1.021537582091269325e+00
1.021547680519502732e+00
1.021549304611311104e+00
1.021540767831102592e+00
1.021524899136621922e+00
1.021507954249610384e+00
1.021496118750720328e+00
1.021492622697709907e+00
1.021497292806379686e+00
1.021507995720788209e+00
1.021522147885512544e+00
1.021536877197539050e+00
1.021548354388523538e+00
1.021552221786224290e+00
1.021545952390163770e+00
1.021531287866024762e+00
1.021513953151892862e+00
1.021500478637316522e+00
1.021494919529824186e+00
1.021497811462073635e+00
1.021507313264431005e+00
1.021520873985721778e+00
1.021535746101181807e+00
1.021548356247178324e+00
1.021554319560776580e+00
1.021550415911083087e+00
1.021537285151429941e+00
1.021519933905747468e+00
1.021505047752758966e+00
1.021497451180956251e+00
1.021498458878510540e+00
1.021506620940270338e+00
1.021519447057712027e+00
1.021534270828359903e+00
1.021547768447144566e+00
1.021555641162481320e+00
1.021554137392054251e+00
1.021542828240197709e+00
1.021525843385627574e+00
1.021509817491909722e+00
1.021500253016590420e+00
1.021499291124176700e+00
1.021505976008296734e+00
1.021517927684637339e+00
1.021532526948911945e+00
1.021546673404257977e+00
1.021556239625859508e+00
1.021557107815471710e+00
1.021547856988223923e+00
1.021531619091145648e+00
1.021514764876102044e+00
1.021503349032139019e+00
1.021500359052044171e+00
1.021505433413071984e+00
1.021516371845773374e+00
1.021530583487691102e+00
1.021545151774988280e+00
1.021556176099960744e+00
1.021559331068084830e+00
1.021552317043570302e+00
1.021537191839852587e+00
1.021519853204055917e+00
1.021506750928084184e+00
1.021501707228687161e+00
1.021505045918242427e+00
1.021514831994611461e+00
1.021528503210677563e+00
1.021543280925066410e+00
1.021555517835420979e+00
1.021560824110463894e+00
1.021556162689482683e+00
1.021542488771111978e+00
1.021525033163736884e+00
1.021510457417746043e+00
1.021503372719809510e+00
1.021504863876341318e+00
1.021513358017480222e+00
1.021526343224787192e+00
1.021541133769604759e+00
1.021554336017814091e+00
1.021561616430816333e+00
1.021559359192173666e+00
1.021547436545115595e+00
1.021530244419326383e+00
1.021514453842549575e+00
1.021505383824934388e+00
1.021504934650669494e+00
1.021511997980999009e+00
1.021524155807857159e+00
1.021538778028412420e+00
1.021552703609324819e+00
1.021561748867053199e+00
1.021561884527244946e+00
1.021551964592722239e+00
1.021535417662224443e+00
1.021518712159472653e+00
1.021507758855553671e+00
1.021505301732286597e+00
1.021510798595154812e+00
1.021521989369876593e+00
1.021536275904650903e+00
1.021550693344255745e+00
1.021561271920889968e+00
1.021563730400115055e+00
1.021556008252584302e+00
1.021540477085006726e+00
1.021523191353465698e+00
1.021510505047903195e+00
1.021506003616989844e+00
1.021509805343040700e+00
1.021519889438969653e+00
1.021533684161619826e+00
1.021548375998262870e+00
1.021560243715195604e+00
1.021564902525963436e+00
1.021559511625645955e+00
1.021545343204090406e+00
1.021527838312982883e+00
1.021513617695233744e+00
1.021507072523122117e+00
1.021509062256168665e+00
1.021517899566440457e+00
1.021531054543039829e+00
1.021545819019460621e+00
1.021558727759128482e+00
1.021565420188111029e+00
1.021562429985941378e+00
1.021549935923348418e+00
1.021532589188125728e+00
1.021517079576169884e+00
1.021508533040526245e+00
1.021508611343143080e+00
1.021516062054269369e+00
1.021528434458202295e+00
1.021543085574552201e+00
1.021556790684891247e+00
1.021565315144566721e+00
1.021564731611072974e+00
1.021554177700948474e+00
1.021537371227292379e+00
1.021520860746136128e+00
1.021510400804277907e+00
1.021508491706830224e+00
1.021514418425145010e+00
1.021525867835995305e+00
1.021540234027518590e+00
1.021554500106730101e+00
1.021564629995536322e+00
1.021566398934031117e+00
1.021557996659575585e+00
1.021542105059660033e+00
1.021524918747655608e+00
1.021512681285047019e+00
1.021508738408566597e+00
1.021513009578043807e+00
1.021523396042074872e+00
1.021537317834334546e+00
1.021551922729630135e+00
1.021563416156070936e+00
1.021567428966315694e+00
1.021561329469921287e+00
1.021546707358422790e+00
1.021529199281701494e+00
1.021515368782484945e+00
1.021509381155803808e+00
1.021511875599528940e+00
1.021521058751894140e+00
1.021534385806546652e+00
1.021549122804939369e+00
1.021561731595544975e+00
1.021567832995455172e+00
1.021564123841716354e+00
1.021551093786005726e+00
1.021533637364953506e+00
1.021518445700290378e+00
1.021510442900982252e+00
1.021511055229845422e+00
1.021518894679097844e+00
1.021531482670901436e+00
1.021546160995854047e+00
1.021559638508913181e+00
1.021567635612180780e+00
1.021566340476678159e+00
1.021555182091074432e+00
1.021538158975722865e+00
1.021521882172386153e+00
1.021511938444448653e+00
1.021510585010961369e+00
1.021516942073424250e+00
1.021528649832851743e+00
1.021543093680034042e+00
1.021557201074889232e+00
1.021566873168302081e+00
1.021567954372368359e+00
1.021558895202372197e+00
1.021542683164113674e+00
1.021525636098987944e+00
1.021513873133789829e+00
1.021510498168443526e+00
1.021515238923576430e+00
1.021525926239752025e+00
1.021539972681905883e+00
1.021554483435577643e+00
1.021565591801360195e+00
1.021568955411866986e+00
1.021562164150378926e+00
1.021547124570493237e+00
1.021529653638546087e+00
1.021516241747392861e+00
1.021510823298642734e+00
1.021513822826693119e+00
1.021523349235620159e+00
1.021536845395415671e+00
1.021551548003589716e+00
1.021563845183765640e+00
1.021569348226493590e+00
1.021564930647766989e+00
1.021551396262674549e+00
1.021533870185407089e+00
1.021519027642851629e+00
1.021511582945935581e+00
1.021512730514736234e+00
1.021520955303746092e+00
1.021533755230761731e+00
1.021548454169251219e+00
1.021561692161409240e+00
1.021569151371836348e+00
1.021567149175232725e+00
1.021555412769736604e+00
1.021538211842387467e+00
1.021522202241983646e+00
1.021512792161565653e+00
1.021511997056658405e+00
1.021518780605887855e+00
1.021530742297350969e+00
1.021545257444983257e+00
1.021559194440491147e+00
1.021568395905471993e+00
1.021568788449975562e+00
1.021559093163273868e+00
1.021542597371712047e+00
1.021525724914047473e+00
1.021514457136634135e+00
1.021511654781167344e+00
1.021516861246377195e+00
1.021527844221014281e+00
1.021542009048739930e+00
1.021556414463538731e+00
1.021567123493253737e+00
1.021569832197215533e+00
1.021562364019361624e+00
1.021546940577354512e+00
1.021529543306673338e+00
1.021516573998268562e+00
1.021511731986115556e+00
1.021515233214445928e+00
1.021525096987213388e+00
1.021538755895588846e+00
1.021553413589056714e+00
1.021565384196699622e+00
1.021570279196202247e+00
1.021565162090240397e+00
1.021551153038500193e+00
1.021533594159002689e+00
1.021519127851442388e+00
1.021512251515714897e+00
1.021513931986345103e+00
1.021522535704004753e+00
1.021535540937839270e+00
1.021550250656955150e+00
1.021563234105437479e+00
1.021570142625610522e+00
1.021567436525818273e+00
1.021555147080650983e+00
1.021537804612298039e+00
1.021522092140522364e+00
1.021513229295426761e+00
1.021512991797699055e+00
1.021520195188768465e+00
1.021532403771029607e+00
1.021546980986755226e+00
1.021560732976167785e+00
1.021569448783316236e+00
1.021569150511652424e+00
1.021558838841805095e+00
1.021542094009034507e+00
1.021525428394845836e+00
1.021514672916967292e+00
1.021512444623506877e+00
1.021518110300402515e+00
1.021529381406778292e+00
1.021543655820068564e+00
1.021557942024920118e+00
1.021568235297245053e+00
1.021570282230046978e+00
1.021562151270485330e+00
1.021546376142340895e+00
1.021529086411255838e+00
1.021516580363524218e+00
1.021512318925990703e+00
1.021516315962372801e+00
1.021526509104884184e+00
1.021540322185207295e+00
1.021554921995086573e+00
1.021566548973580346e+00
1.021570825100253099e+00
1.021565016884053101e+00
1.021550561884934094e+00
1.021533004912495990e+00
1.021518938959494749e+00
1.021512638247514371e+00
1.021514846849603586e+00
1.021523821156735679e+00
1.021537023131798172e+00
1.021551731592818868e+00
1.021564443444218817e+00
1.021570787307136907e+00
1.021567380122335278e+00
1.021554562093134111e+00
1.021537112702497252e+00
1.021521724621136329e+00
1.021513419736353789e+00
1.021513736741205935e+00
1.021521351520040088e+00
1.021533798258464909e+00
1.021548426346794658e+00
1.021561976776764080e+00
1.021570190679353285e+00
1.021569199153872010e+00
1.021558290650854905e+00
1.021541330316855456e+00
1.021524901475166391e+00
1.021514672697362958e+00
1.021513017568830950e+00
1.021519134220600922e+00
1.021530684438314296e+00
1.021545057913751720e+00
1.021559209198970475e+00
1.021569069022643106e+00
1.021570447028572914e+00
1.021561667494988779e+00
1.021545572139005653e+00
1.021528421901547468e+00
1.021516397258554143e+00
1.021512718214661941e+00
1.021517203459039402e+00
1.021527716636089878e+00
1.021541673816852125e+00
