1.000603444564682754e+00
1.000677032587757420e+00
1.000799769216704771e+00
1.000944563186461744e+00
1.001103391925018293e+00
1.001271307238332353e+00
1.001445363920878018e+00
1.001623960191530216e+00
1.001804375380842105e+00
1.001987298132351878e+00
1.002170654586081566e+00
1.002356101841577196e+00
1.002542339124659732e+00
1.002729938692123124e+00
1.002918275048803043e+00
1.003105971068098068e+00
1.003293634488376274e+00
1.003478943120793998e+00
1.003664023564783792e+00
1.003847022959162949e+00
1.004030257605784460e+00
1.004212668459676827e+00
1.004394869251237443e+00
1.004576618125411214e+00
1.004756349918593861e+00
1.004935207883853820e+00
1.005110771510412615e+00
1.005285599929971019e+00
1.005457859072380611e+00
1.005629938803484613e+00
1.005800867928613895e+00
1.005971039757470153e+00
1.006140436334104216e+00
1.006307256853141263e+00
1.006472993812419503e+00
1.006635169333289781e+00
1.006796573388063054e+00
1.006955425439070906e+00
1.007114032030174133e+00
1.007271516967582548e+00
1.007427987234194688e+00
1.007583626665952581e+00
1.007736418000011236e+00
1.007888137274705720e+00
1.008036296545954613e+00
1.008183814760350572e+00
1.008328993586295130e+00
1.008473972862488299e+00
1.008617983269762375e+00
1.008760821976885769e+00
1.008902870845062250e+00
1.009041927522616344e+00
1.009180013155341893e+00
1.009314667669376719e+00
1.009448869904097768e+00
1.009581020535017082e+00
1.009713040121145822e+00
1.009844275262772539e+00
1.009974209099456566e+00
1.010103423830973401e+00
1.010229566358496367e+00
1.010354875781356299e+00
1.010476948477046832e+00
1.010598770383959621e+00
1.010718849794453256e+00
1.010838852200582894e+00
1.010958247995997761e+00
1.011076212578799316e+00
1.011193533794102262e+00
1.011307742040862934e+00
1.011421271562999991e+00
1.011531796318902110e+00
1.011642264799367030e+00
1.011751296934694011e+00
1.011860277217705439e+00
1.011968807944695126e+00
1.012075769586381568e+00
1.012182161740875275e+00
1.012285431504469368e+00
1.012388185622391745e+00
1.012488191207104649e+00
1.012588318836575851e+00
1.012687301943262952e+00
1.012786224691115677e+00
1.012884830153388815e+00
1.012981721496361232e+00
1.013078115249156141e+00
1.013171407010059255e+00
1.013264351356063298e+00
1.013354819909638493e+00
1.013445567261773483e+00
1.013535441477836141e+00
1.013625212414856147e+00
1.013714773593711316e+00
1.013802472492526308e+00
1.013889745630416339e+00
1.013973967177477231e+00
1.014058012049650515e+00
1.014139864375288136e+00
1.014222126741195273e+00
1.014303763060443231e+00
1.014385219892062651e+00
1.014466551495254221e+00
1.014545874680337079e+00
1.014624846135199432e+00
1.014700846512520016e+00
1.014776840748439213e+00
1.014850930719989774e+00
1.014925533289121162e+00
1.014999730022922320e+00
1.015073640097814422e+00
1.015147489147192772e+00
1.015219191129686838e+00
1.015290619700225605e+00
1.015359187314478051e+00
1.015427916159410415e+00
1.015495028875395889e+00
1.015562725579119085e+00
1.015630208230684506e+00
1.015697269400352765e+00
1.015764316722778560e+00
1.015829091243599658e+00
1.015893676655967859e+00
1.015955539592746204e+00
1.016017724811711709e+00
1.016078577016529927e+00
1.016140051667650424e+00
1.016201475014880895e+00
1.016262318571677037e+00
1.016323182163258343e+00
1.016381665261020251e+00
1.016440050712835941e+00
1.016495878520651930e+00
1.016552180039576703e+00
1.016607422133950944e+00
1.016663291178541151e+00
1.016719242889663199e+00
1.016774437894211847e+00
1.016829677470304283e+00
1.016882451506303742e+00
1.016935227062475189e+00
1.016985633416685797e+00
1.017036651912484491e+00
1.017086870968390677e+00
1.017137687253385048e+00
1.017188692432249297e+00
1.017238750809952075e+00
1.017288872927673893e+00
1.017336470985352737e+00
1.017384177285842739e+00
1.017429723033745459e+00
1.017476002991007711e+00
1.017521726290248729e+00
1.017567983364292328e+00
1.017614509545819779e+00
1.017659891466450972e+00
1.017705354754244951e+00
1.017748264993241891e+00
1.017791396902635981e+00
1.017832593160737709e+00
1.017874626083093315e+00
1.017916324872294886e+00
1.017958461512128654e+00
1.018000923804116997e+00
1.018042043038664524e+00
1.018083263250826764e+00
1.018121932984760836e+00
1.018160942997361929e+00
1.018198254145794124e+00
1.018236481776078950e+00
1.018274575091244749e+00
1.018312979899934634e+00
1.018351746114604772e+00
1.018388975209982839e+00
1.018426329968133537e+00
1.018461169377198328e+00
1.018496470722944025e+00
1.018530317258623974e+00
1.018565134769025882e+00
1.018599993281366300e+00
1.018635009295319804e+00
1.018670404997161105e+00
1.018704080191884742e+00
1.018737913355908908e+00
1.018769298821126101e+00
1.018801268283521022e+00
1.018832029545804652e+00
1.018863788704218010e+00
1.018895738577646926e+00
1.018927667852030705e+00
1.018959981277255178e+00
1.018990407112112528e+00
1.019021032754924505e+00
1.019049309828067518e+00
1.019078290305018619e+00
1.019106307097505493e+00
1.019135319422229458e+00
1.019164646175860334e+00
1.019193754317735845e+00
1.019223241120511769e+00
1.019250694703438542e+00
1.019278400672098517e+00
1.019303886699240103e+00
1.019330189536140185e+00
1.019355766660881013e+00
1.019382306566498197e+00
1.019409258925569883e+00
1.019435779533206965e+00
1.019462667306105574e+00
1.019487402190037528e+00
1.019512453238685890e+00
1.019535439653786346e+00
1.019559346772183739e+00
1.019582755483471548e+00
1.019607063410540970e+00
1.019631857119511986e+00
1.019655996077296845e+00
1.019680488589048029e+00
1.019702738225055860e+00
1.019725378711056507e+00
1.019746133016561807e+00
1.019767898858275235e+00
1.019789379238319249e+00
1.019811664753462077e+00
1.019834486319641575e+00
1.019856425894522634e+00
1.019878706990145600e+00
1.019898687727437192e+00
1.019919143872096923e+00
1.019937911327129854e+00
1.019957764633566466e+00
1.019977527891707814e+00
1.019997972742549219e+00
1.020018983077115360e+00
1.020038885764081416e+00
1.020059122879707791e+00
1.020077036497308409e+00
1.020095518224677589e+00
1.020112523266566873e+00
1.020130668714801514e+00
1.020148899413742649e+00
1.020167660523174646e+00
1.020186998447102145e+00
1.020205010516125554e+00
1.020223357771471662e+00
1.020239393541226613e+00
1.020256095920617279e+00
1.020271543350633747e+00
1.020288163070093734e+00
1.020305021285135894e+00
1.020322233669986645e+00
1.020340019253985320e+00
1.020356273957963245e+00
1.020372874801939389e+00
1.020387211097128599e+00
1.020402315425741113e+00
1.020416391394143751e+00
1.020431646389638791e+00
1.020447269809131363e+00
1.020463049408820266e+00
1.020479387118383263e+00
1.020494007530191816e+00
1.020508996928607637e+00
1.020521802405850886e+00
1.020535476976554223e+00
1.020548349805141974e+00
1.020562381313139699e+00
1.020576887289742940e+00
1.020591333690593405e+00
1.020606315309570356e+00
1.020619416766058940e+00
1.020632922934086251e+00
1.020644357327670892e+00
1.020656757933312342e+00
1.020668578815587590e+00
1.020681509620845695e+00
1.020694997183486441e+00
1.020708196224064057e+00
1.020721903532880059e+00
1.020733595674086391e+00
1.020745741369401660e+00
1.020755955946211380e+00
1.020767226175744113e+00
1.020778129795486544e+00
1.020790065534243451e+00
1.020802617369604981e+00
1.020814643611780870e+00
1.020827150799538785e+00
1.020837539202130495e+00
1.020848442606786310e+00
1.020857580336330006e+00
1.020867851719557962e+00
1.020877956828011524e+00
1.020888987301666440e+00
1.020900671711586938e+00
1.020911590761079957e+00
1.020922966554336231e+00
1.020932153968726386e+00
1.020941929198151854e+00
1.020950124695649608e+00
1.020959516752610430e+00
1.020968926742528593e+00
1.020979127262008790e+00
1.020990000099276651e+00
1.020999870758388273e+00
1.021010180253357991e+00
1.021018267463588147e+00
1.021027024749212142e+00
1.021034404050399580e+00
1.021043024298569080e+00
1.021051827810013357e+00
1.021061260585825359e+00
1.021071367165814703e+00
1.021080243400199539e+00
1.021089549589587531e+00
1.021096635923497420e+00
1.021104481521053042e+00
1.021111161745633877e+00
1.021119105713600428e+00
1.021127377301748851e+00
1.021136092888256686e+00
1.021145469868022904e+00
1.021153402569024093e+00
1.021161767559596534e+00
1.021167951083726599e+00
1.021174986962337217e+00
1.021181075919364023e+00
1.021188427209760885e+00
1.021196228099242376e+00
1.021204266894355506e+00
1.021212944104796350e+00
1.021219982629441247e+00
1.021227468551895834e+00
1.021232845990838189e+00
1.021239169358676424e+00
1.021244765142127475e+00
1.021251595579888205e+00
1.021258974523525431e+00
1.021266368317197859e+00
1.021274370528268083e+00
1.021280564000812241e+00
1.021287233619373902e+00
1.021291900042871514e+00
1.021297602763861390e+00
1.021302793380880924e+00
1.021309163275616827e+00
1.021316157528236346e+00
1.021322931085490993e+00
1.021330279679828923e+00
1.021335678041895401e+00
1.021341595077222664e+00
1.021345643400254577e+00
1.021350811353363586e+00
1.021355674421517534e+00
1.021361632965300359e+00
1.021368269375706461e+00
1.021374442032808805e+00
1.021381156560015935e+00
1.021385811360876694e+00
1.021391040546045348e+00
1.021394560887576741e+00
1.021399273316155432e+00
1.021403875859930199e+00
1.021409461674200658e+00
1.021415757890769216e+00
1.021421345137188297e+00
1.021427444719692712e+00
1.021431409643945631e+00
1.021436016539155833e+00
1.021439095484317106e+00
1.021443424378069231e+00
1.021447822748936973e+00
1.021453064586751225e+00
1.021459030364649578e+00
1.021464045378919883e+00
1.021469549941116162e+00
1.021472881077514661e+00
1.021476931674417443e+00
1.021479651482885664e+00
1.021483661029739753e+00
1.021487900968451656e+00
1.021492818570918892e+00
1.021498457161938767e+00
1.021502912266804675e+00
1.021507843561957785e+00
1.021510599424068966e+00
1.021514159574896441e+00
1.021516597375382585e+00
1.021520343515034401e+00
1.021524460369383824e+00
1.021529065467997599e+00
1.021534375067684408e+00
1.021538283069155062e+00
1.021542665483258450e+00
1.021544906799431551e+00
1.021548041509224625e+00
1.021550268516515203e+00
1.021553798621870346e+00
1.021557817727876127e+00
1.021562115177609309e+00
1.021567090399010169e+00
1.021570465775259784e+00
1.021574326893355034e+00
1.021576116189724992e+00
1.021578888811726094e+00
1.021580969598917310e+00
1.021584322306187120e+00
1.021588259535384458e+00
1.021592248557022575e+00
1.021596881896267961e+00
1.021599741805620187e+00
1.021603112733582286e+00
1.021604513739111653e+00
1.021606985113830746e+00
1.021608976968420457e+00
1.021612182171197647e+00
1.021616044641413978e+00
1.021619720145814147e+00
1.021624003402083591e+00
1.021626368484472192e+00
1.021629283927459220e+00
1.021630360834047568e+00
1.021632588411681475e+00
1.021634540800189006e+00
1.021637619817435283e+00
1.021641406759021153e+00
1.021644760721038825e+00
1.021648686332500056e+00
1.021650581285451054e+00
1.021653079392570884e+00
1.021653896005878970e+00
1.021655932989836923e+00
1.021657887151703470e+00
1.021660853074162656e+00
1.021664556838163040e+00
1.021667579684109484e+00
1.021671141942231520e+00
1.021672595860219968e+00
1.021674717852939951e+00
1.021675336670782031e+00
1.021677231217263060e+00
1.021679219904910951e+00
1.021682078118959058e+00
1.021685685308260094e+00
1.021688367278192899e+00
1.021691563385528578e+00
1.021692609860001877e+00
1.021694399468967340e+00
1.021694880723991172e+00
1.021696675229076146e+00
1.021698722607179644e+00
1.021701471489536051e+00
1.021704964188751008e+00
1.021707296633870499e+00
1.021710127574868565e+00
1.021710804560787444e+00
1.021712307301636757e+00
1.021712708003762904e+00
1.021714438505534783e+00
1.021716560218653314e+00
1.021719191989716391e+00
1.021722549064718155e+00
1.021724525640812509e+00
1.021726996841316737e+00
1.021727346304263317e+00
1.021728608627451962e+00
1.021728981639400402e+00
1.021730677358336337e+00
1.021732880772016516e+00
1.021735382489951771e+00
1.021738580923784667e+00
1.021740198644105257e+00
1.021742320402611925e+00
1.021742387767832438e+00
1.021743456120329796e+00
1.021743849296770090e+00
1.021745532333162787e+00
1.021747816949322152e+00
1.021750171621574665e+00
1.021753187850253930e+00
1.021754447965392831e+00
1.021756235647487188e+00
1.021756069078369134e+00
1.021756988916321163e+00
1.021757444334005172e+00
1.021759129536493838e+00
1.021761487579316618e+00
1.021763675363135171e+00
1.021766486572867283e+00
1.021767395251003796e+00
1.021768869247216216e+00
1.021768518785337365e+00
1.021769333576556749e+00
1.021769886879365652e+00
1.021771581893814451e+00
1.021773999057503435e+00
1.021775998516617268e+00
1.021778583863474310e+00
1.021779152651485223e+00
1.021780338107604047e+00
1.021779854709548019e+00
1.021780604963185457e+00
1.021781284842488535e+00
1.021782990345400322e+00
1.021785446690008703e+00
1.021787236071065363e+00
1.021789577785276126e+00
1.021789823839315048e+00
1.021790750176463813e+00
1.021790184684093994e+00
1.021790907042289032e+00
1.021791734869404777e+00
1.021793444984805177e+00
1.021795915961143608e+00
1.021797474451154208e+00
1.021799558791062879e+00
1.021799504873836639e+00
1.021800205122939786e+00
1.021799607203853988e+00
1.021800333626855295e+00
1.021801323250713489e+00
1.021803026143978110e+00
1.021805483723431607e+00
1.021806792648562556e+00
1.021808610673860862e+00
1.021808284924496490e+00
1.021808794905762818e+00
1.021808211999492677e+00
1.021808969071846374e+00
1.021810126791104611e+00
1.021811805427608855e+00
1.021814219307901173e+00
1.021815263234634674e+00
1.021816811374591794e+00
1.021816246865200339e+00
1.021816604247711258e+00
1.021816080551090078e+00
1.021816888932237433e+00
1.021818213647075702e+00
1.021819846697897827e+00
1.021822185551626738e+00
1.021822953253753052e+00
1.021824233653552572e+00
1.021823467753906645e+00
1.021823711033216009e+00
1.021823286555529897e+00
1.021824160593637343e+00
1.021825644138104394e+00
1.021827207009521565e+00
1.021829439739038392e+00
1.021829924998056249e+00
1.021830945634647936e+00
1.021830019212459417e+00
1.021830186645298122e+00
1.021829896360587409e+00
1.021830843883695605e+00
1.021832471534852571e+00
1.021833937493215272e+00
1.021836034453356135e+00
1.021836236665588427e+00
1.021837011233209802e+00
1.021835967722080074e+00
1.021836096256956150e+00
1.021835969377343556e+00
1.021836991671009054e+00
1.021838742826145063e+00
1.021840084185203112e+00
1.021842018334794489e+00
1.021841942905576950e+00
1.021842490479813348e+00
1.021841374849910000e+00
1.021841499090821781e+00
1.021841558481130674e+00
1.021842650456611601e+00
1.021844499464621414e+00
1.021845688798747043e+00
1.021847436742876480e+00
1.021847095256201321e+00
1.021847439753665876e+00
1.021846297421603822e+00
1.021846448659462947e+00
1.021846710409712644e+00
1.021847860961437426e+00
1.021849778089141125e+00
1.021850789433480067e+00
1.021852332321315338e+00
1.021851742481872272e+00
1.021851911939833490e+00
1.021850787654231763e+00
1.021850992997222596e+00
1.021851466165834665e+00
1.021852658711361661e+00
1.021854611220350817e+00
1.021855421217945370e+00
1.021856745465384186e+00
1.021855930818555080e+00
1.021855956524808429e+00
1.021854893262763575e+00
1.021855174892932094e+00
1.021855861429600498e+00
1.021857074619652028e+00
1.021859027924371555e+00
1.021859616880949062e+00
1.021860714693458627e+00
1.021859704136990565e+00
1.021859619644691186e+00
1.021858657552256799e+00
1.021859032131335665e+00
1.021859926984431510e+00
1.021861135564897438e+00
1.021863054438461926e+00
1.021863407247963984e+00
1.021864276926315318e+00
1.021863104034691050e+00
1.021862944099670489e+00
1.021862119506588007e+00
1.021862597749518820e+00
1.021863689158557964e+00
1.021864864960860153e+00
1.021866714751793026e+00
1.021866821659834557e+00
1.021867467679717922e+00
1.021866169868304697e+00
1.021865969347573122e+00
1.021865313883254522e+00
1.021865900313132292e+00
1.021867170282176884e+00
1.021868283313218218e+00
1.021870031134258117e+00
1.021869888312407326e+00
1.021870321177656304e+00
1.021868938738297761e+00
1.021868731488146054e+00
1.021868271322405874e+00
1.021868964215657094e+00
1.021870389158575643e+00
1.021871408756985122e+00
1.021873024606496871e+00
1.021872634517323242e+00
1.021872870395205801e+00
1.021871445437922965e+00
1.021871263248465667e+00
1.021871018476911530e+00
1.021871810002412673e+00
1.021873361545732273e+00
1.021874257567505495e+00
1.021875715345111679e+00
1.021875086885978501e+00
1.021875147041228615e+00
1.021873722378143778e+00
1.021873593978557704e+00
1.021873578168880581e+00
1.021874454719413183e+00
1.021876100643223095e+00
1.021876844637444437e+00
1.021878123018293838e+00
1.021877271440457147e+00
1.021877181492003572e+00
1.021875799499609272e+00
1.021875749664962640e+00
1.021875969576635512e+00
1.021876912285595740e+00
1.021878617577770099e+00
1.021879183912132838e+00
1.021880267048744573e+00
1.021879213656949004e+00
1.021879002687287707e+00
1.021877704181993085e+00
1.021877752968664677e+00
1.021878208454710002e+00
1.021879193885353088e+00
1.021880921879524617e+00
1.021881288776035124e+00
1.021882166802737135e+00
1.021880938448697318e+00
1.021880638000312036e+00
1.021879461160069003e+00
1.021879623292489825e+00
1.021880307387912357e+00
1.021881308376784592e+00
1.021883021940297009e+00
1.021883172383945659e+00
1.021883841706309859e+00
1.021882470096791673e+00
1.021882113092865030e+00
1.021881092454864470e+00
1.021881376881798920e+00
1.021882276078977192e+00
1.021883262709683438e+00
1.021884925444476622e+00
1.021884847931791018e+00
1.021885311291755416e+00
1.021883832138068327e+00
1.021883451765940753e+00
1.021882617327149578e+00
1.021883026961027507e+00
1.021884121667715917e+00
1.021885062346047146e+00
1.021886639763391447e+00
1.021886328863507831e+00
1.021886595179658519e+00
1.021885047219980969e+00
1.021884675815552423e+00
1.021884052259395936e+00
1.021884583907316513e+00
1.021885849078000952e+00
1.021886711674942605e+00
1.021888172304364240e+00
1.021887629012327992e+00
1.021887713003555742e+00
1.021886136932556699e+00
1.021885804902295636e+00
1.021885410971213659e+00
1.021886055461163734e+00
1.021887461387346985e+00
1.021888214412900453e+00
1.021889530806721735e+00
1.021888762676786522e+00
1.021888684285787274e+00
1.021887121627481410e+00
1.021886856442134395e+00
1.021886704472104279e+00
1.021887446972655766e+00
1.021888960212392838e+00
1.021889573980751864e+00
1.021890723578496418e+00
1.021889744633779573e+00
1.021889528274174896e+00
1.021888020233984395e+00
1.021887845524757976e+00
1.021887941154172363e+00
1.021888761680451285e+00
1.021890346102290792e+00
1.021890793847950896e+00
1.021891759669391053e+00
1.021890590092916717e+00
1.021890263749781091e+00
1.021888850080621358e+00
1.021888784864724009e+00
1.021889126926170510e+00
1.021890001019293726e+00
1.021891618930961254e+00
1.021891877836025309e+00
1.021892648977752449e+00
1.021891314598112999e+00
1.021890908816194043e+00
1.021889626731281808e+00
1.021889684789473396e+00
1.021890265388936569e+00
1.021891164950487596e+00
1.021892778278451930e+00
1.021892830373806627e+00
1.021893402291586206e+00
1.021891933883817272e+00
1.021891480680581665e+00
1.021890363842885341e+00
1.021890553267184032e+00
1.021891358050887488e+00
1.021892252308518101e+00
1.021893823791334199e+00
1.021893656698499964e+00
1.021894031265990321e+00
1.021892463694362041e+00
1.021891995436246425e+00
1.021891073051281129e+00
1.021891395976284311e+00
1.021892404580784008e+00
1.021893261155919941e+00
1.021894755512190889e+00
1.021894362998392980e+00
1.021894548341585551e+00
1.021892919575650982e+00
1.021892467855654907e+00
1.021891763890885541e+00
1.021892216417287891e+00
1.021893403093514063e+00
1.021894189137644293e+00
1.021895574168893317e+00
1.021894956494964646e+00
1.021894966610475741e+00
1.021893316648772920e+00
1.021892911202009424e+00
1.021892443752551394e+00
1.021893016066375282e+00
1.021894350463181222e+00
1.021895033825630961e+00
1.021896281415448859e+00
1.021895445464255259e+00
1.021895299637846088e+00
1.021893669375142810e+00
1.021893337066415608e+00
1.021893117883101887e+00
1.021893794568887071e+00
1.021895242656404967e+00
1.021895793044096390e+00
1.021896880017761244e+00
1.021895839199428391e+00
1.021895561248467477e+00
1.021893991322491146e+00
1.021893755236642720e+00
1.021893789428826249e+00
1.021894549969563304e+00
1.021896075077513455e+00
1.021896465166268753e+00
1.021897373979555823e+00
1.021896147918453179e+00
1.021895765288052260e+00
1.021894294940493220e+00
1.021894173602407196e+00
1.021894459524034904e+00
1.021895278975033072e+00
1.021896842916317105e+00
1.021897049373925892e+00
1.021897768605931400e+00
1.021896382622586641e+00
1.021895925369648017e+00
1.021894591354125303e+00
1.021894598101018348e+00
1.021895127424491845e+00
1.021895977242756048e+00
1.021897541488466787e+00
1.021897545872156643e+00
1.021898070504336342e+00
1.021896554912818056e+00
1.021896054615098359e+00
1.021894890181993087e+00
1.021895032706148676e+00
1.021895790684185013e+00
1.021896639689391595e+00
1.021898166558124821e+00
1.021897956053192225e+00
1.021898287525135229e+00
1.021896676772559243e+00
1.021896165401102508e+00
1.021895199385962183e+00
1.021895479461361500e+00
1.021896445372470374e+00
1.021897260810519681e+00
1.021898714632817118e+00
1.021898282604918329e+00
1.021898428646151658e+00
1.021896760325619935e+00
1.021896269118680589e+00
1.021895525157448859e+00
1.021895938558887718e+00
1.021897086327166804e+00
1.021897835002794741e+00
1.021899183220989826e+00
1.021898529561649838e+00
1.021898503807544323e+00
1.021896817578877847e+00
1.021896375953943892e+00
1.021895871844708426e+00
1.021896408462919625e+00
1.021897707437728897e+00
1.021898356879072267e+00
1.021899571043879185e+00
1.021898702296850869e+00
1.021898523704955153e+00
1.021896860159093423e+00
1.021896494697069446e+00
1.021896241924393323e+00
1.021896886075427835e+00
1.021898301951253085e+00
1.021898821566867621e+00
1.021899878194869160e+00
1.021898807459566072e+00
1.021898499550031092e+00
1.021896899053021501e+00
1.021896632585320708e+00
1.021896636019523630e+00
1.021897366941183716e+00
1.021898862792841811e+00
1.021899224980703291e+00
1.021900106241425021e+00
1.021898852858324602e+00
1.021898442808107266e+00
1.021896944359465653e+00
1.021896795184887408e+00
1.021897052964817476e+00
1.021897845487344192e+00
1.021899382890858021e+00
1.021899564059552734e+00
1.021900258266885242e+00
1.021898847298024382e+00
1.021898364923075286e+00
1.021897005061199293e+00
1.021896986315236733e+00
1.021897489919047164e+00
1.021898315291635218e+00
1.021899855496922971e+00
1.021899836961624564e+00
1.021900338851752021e+00
1.021898800376801919e+00
1.021898277039313019e+00
1.021897088823847888e+00
1.021897208018577530e+00
1.021897942522725700e+00
1.021898769371975657e+00
1.021900274490218141e+00
1.021900043210178355e+00
1.021900353996467947e+00
1.021898722251004088e+00
1.021898189730048756e+00
1.021897201827911328e+00
1.021897460575925454e+00
1.021898405098012441e+00
1.021899200489292614e+00
1.021900634655815265e+00
1.021900183785811489e+00
1.021900310989908522e+00
1.021898623377143211e+00
1.021898112740822651e+00
1.021897348639129843e+00
1.021897742570107237e+00
1.021898870886269517e+00
1.021899601454479445e+00
1.021900931927387290e+00
1.021900261162642209e+00
1.021900218229779167e+00
1.021898514240100475e+00
1.021898054755788321e+00
1.021897532121392338e+00
1.021898050994832330e+00
1.021899332317252274e+00
1.021899965429877266e+00
1.021901163585766881e+00
1.021900279287910163e+00
1.021900085002708014e+00
1.021898405076870020e+00
1.021898023193624105e+00
1.021897753395309749e+00
1.021898381407695178e+00
1.021899781302549881e+00
1.021900286215496001e+00
1.021901328406368936e+00
1.021900243506613570e+00
1.021899921232989783e+00
1.021898305604869162e+00
1.021898024038752073e+00
1.021898011844475374e+00
1.021898728123665556e+00
1.021900209544674532e+00
1.021900558510405732e+00
1.021901426750422726e+00
1.021900160434798366e+00
1.021899737209632786e+00
1.021898224763324592e+00
1.021898061712520622e+00
1.021898305170225507e+00
1.021899084444293671e+00
1.021900608852201575e+00
1.021900778140361510e+00
1.021901460597166356e+00
1.021900037786878990e+00
1.021899543301610702e+00
1.021898170475542322e+00
1.021898138987919369e+00
1.021898629494456756e+00
1.021899442916560208e+00
1.021900971450703022e+00
1.021900942243790578e+00
1.021901433516503088e+00
1.021899884163870897e+00
1.021899349671077095e+00
1.021898149439046666e+00
1.021898256950322104e+00
1.021898979508697014e+00
1.021899795614101158e+00
1.021901290278921293e+00
1.021901049409716933e+00
1.021901350584004442e+00
1.021899708810538154e+00
1.021899165993825687e+00
1.021898166949666731e+00
1.021898415005654481e+00
1.021899348666229113e+00
1.021900134432471186e+00
1.021901559259812409e+00
1.021901099762950960e+00
1.021901218242370346e+00
1.021899521350251083e+00
1.021899001195551104e+00
1.021898226764684781e+00
1.021898610936226914e+00
1.021899729412607538e+00
1.021900451389297526e+00
1.021901773536710190e+00
1.021901094993881376e+00
1.021901044115447466e+00
1.021899331506716191e+00
1.021898863211590847e+00
1.021898331009165828e+00
1.021898841003293423e+00
1.021900113448479530e+00
1.021900738919638618e+00
1.021901929666000131e+00
1.021901038332288181e+00
1.021900836782511757e+00
1.021899148821806325e+00
1.021898758776830451e+00
1.021898480128527353e+00
