1.000603444564682754e+00
1.000678202753715329e+00
1.000802734804793870e+00
1.000948003030473377e+00
1.001103345111745480e+00
1.001269068486379865e+00
1.001444359902242898e+00
1.001622428394655540e+00
1.001799506938166218e+00
1.001980597641887183e+00
1.002167919186632172e+00
1.002355055568283193e+00
1.002537851461033913e+00
1.002722092690095268e+00
1.002911674490903682e+00
1.003100451171544671e+00
1.003283320329884543e+00
1.003465919882872148e+00
1.003653524046314915e+00
1.003840525027638542e+00
1.004020832112811679e+00
1.004199456400231671e+00
1.004382852960923111e+00
1.004566211845903556e+00
1.004742555592762043e+00
1.004915961096587873e+00
1.005093862153225936e+00
1.005272465347432975e+00
1.005444068920891221e+00
1.005611601724278437e+00
1.005783250827336106e+00
1.005956414166208734e+00
1.006122861687279713e+00
1.006284228328448105e+00
1.006449206527573637e+00
1.006616515567734460e+00
1.006777613109318015e+00
1.006932752943231701e+00
1.007090869758383578e+00
1.007252087969368937e+00
1.007407779544214899e+00
1.007556783605611850e+00
1.007708007910184334e+00
1.007863018576091285e+00
1.008013331483400776e+00
1.008156387008490640e+00
1.008300800016396437e+00
1.008449567618945331e+00
1.008594575887741041e+00
1.008731927164862707e+00
1.008869689360192723e+00
1.009012233640926848e+00
1.009152033785296609e+00
1.009283954437062203e+00
1.009415282109453971e+00
1.009551661080015927e+00
1.009686356719228462e+00
1.009813130394807468e+00
1.009938279057280841e+00
1.010068578542313134e+00
1.010198271497106726e+00
1.010320178805521829e+00
1.010439431486270356e+00
1.010563759341962742e+00
1.010688545325557186e+00
1.010805855281121435e+00
1.010919514058875368e+00
1.011037997478170247e+00
1.011157964802205100e+00
1.011270929358454307e+00
1.011379308814171818e+00
1.011492093350770505e+00
1.011607323344750675e+00
1.011716173893206561e+00
1.011819595487255752e+00
1.011926844717026874e+00
1.012037412896186650e+00
1.012142357945040372e+00
1.012241144711524710e+00
1.012343039814452839e+00
1.012449017223922443e+00
1.012550240831455062e+00
1.012644712163174532e+00
1.012741451093525535e+00
1.012842905643678959e+00
1.012940566503852891e+00
1.013031033112010926e+00
1.013122829340887598e+00
1.013219827242022530e+00
1.013314058536510576e+00
1.013400817848651769e+00
1.013487898839401602e+00
1.013580506373576551e+00
1.013671416568713735e+00
1.013754748852699006e+00
1.013837354443212657e+00
1.013925640259122130e+00
1.014013314936971888e+00
1.014093480330233499e+00
1.014171861083862147e+00
1.014255899012096673e+00
1.014340403633318566e+00
1.014417640076498373e+00
1.014492055504726986e+00
1.014571927658526551e+00
1.014653310949244158e+00
1.014727832851689548e+00
1.014798549295827579e+00
1.014874349051445357e+00
1.014952646580058016e+00
1.015024643953084116e+00
1.015091931901790812e+00
1.015163766318009975e+00
1.015239003842000720e+00
1.015308641661687439e+00
1.015372772389168343e+00
1.015440763742462726e+00
1.015512960062490366e+00
1.015580377755915586e+00
1.015641619353220726e+00
1.015705905683725208e+00
1.015775074984270221e+00
1.015840386115322902e+00
1.015898999182223150e+00
1.015959733974948875e+00
1.016025887861508270e+00
1.016089180245500323e+00
1.016145413638033901e+00
1.016202764912189860e+00
1.016265914481102595e+00
1.016327251010900490e+00
1.016381338051451255e+00
1.016435487145957550e+00
1.016495645392835767e+00
1.016555065781289846e+00
1.016607221229265390e+00
1.016658361461359572e+00
1.016715546159796535e+00
1.016773069615589442e+00
1.016823487507009016e+00
1.016871822703111938e+00
1.016926059637709212e+00
1.016981688263674188e+00
1.017030540526338678e+00
1.017076283265149872e+00
1.017127609482840978e+00
1.017181332008132655e+00
1.017228767619130059e+00
1.017272136959877393e+00
1.017320603600426310e+00
1.017372399005947781e+00
1.017418543430620659e+00
1.017459761956938991e+00
1.017505436277469144e+00
1.017555276974508871e+00
1.017600231717989079e+00
1.017639521889312171e+00
1.017682488283254028e+00
1.017730342722638515e+00
1.017774184996022457e+00
1.017811765000594892e+00
1.017852125049002909e+00
1.017897959886814974e+00
1.017940742565910384e+00
1.017976822033932471e+00
1.018014693819389471e+00
1.018058475945140318e+00
1.018100228101903149e+00
1.018135004100998664e+00
1.018170521088207270e+00
1.018212219859109258e+00
1.018252948123356205e+00
1.018286601797347091e+00
1.018319911521222920e+00
1.018359501426187030e+00
1.018399192286806532e+00
1.018431886334873138e+00
1.018463148976587629e+00
1.018500612724445364e+00
1.018539235656815922e+00
1.018571112643105403e+00
1.018600499396090653e+00
1.018635831177514994e+00
1.018673342273400673e+00
1.018704523582329990e+00
1.018732214596824948e+00
1.018765423108093593e+00
1.018801768772429561e+00
1.018832353945867020e+00
1.018858535644580954e+00
1.018889646448144504e+00
1.018924766764206957e+00
1.018954833000446536e+00
1.018979694680955506e+00
1.019008751614931985e+00
1.019042583155846948e+00
1.019072184895644106e+00
1.019095914729298613e+00
1.019122980305314119e+00
1.019155458417765336e+00
1.019184627126596077e+00
1.019207407852946723e+00
1.019232562803935149e+00
1.019263623610036085e+00
1.019292368007335803e+00
1.019314372734328344e+00
1.019337715002966549e+00
1.019367297469102152e+00
1.019395604488365858e+00
1.019416992999454763e+00
1.019438636450077151e+00
1.019466684815000246e+00
1.019494521479529681e+00
1.019515437322373819e+00
1.019535510331117223e+00
1.019561976992325647e+00
1.019589293190757306e+00
1.019609861624249714e+00
1.019628505520282946e+00
1.019653354226224717e+00
1.019680086145005937e+00
1.019700412824016800e+00
1.019717780005034768e+00
1.019740988993270259e+00
1.019767062801073987e+00
1.019787232953327960e+00
1.019803484449905095e+00
1.019825049091722002e+00
1.019850384442944513e+00
1.019870462284642176e+00
1.019885764624591795e+00
1.019905699214795014e+00
1.019930212262699420e+00
1.019950240508149086e+00
1.019964761904911033e+00
1.019983100435582601e+00
1.020006706274908748e+00
1.020026705772965503e+00
1.020040611863382018e+00
1.020057407857000609e+00
1.020080022560189814e+00
1.020099992259492883e+00
1.020113441767908524e+00
1.020128767421960347e+00
1.020150309993699267e+00
1.020170227523251372e+00
1.020183368272715718e+00
1.020197313219013191e+00
1.020217707805099572e+00
1.020237530912488477e+00
1.020250496523253725e+00
1.020263166421712109e+00
1.020282344965261156e+00
1.020302013889603066e+00
1.020314921329303903e+00
1.020326436346318477e+00
1.020344341645039066e+00
1.020363782274633646e+00
1.020376730217489980e+00
1.020387223265626364e+00
1.020403812145555200e+00
1.020422939610190038e+00
1.020436007399632361e+00
1.020445621918425472e+00
1.020460868098810980e+00
1.020479590356765609e+00
1.020492837306176570e+00
1.020501724388507059e+00
1.020515620625179309e+00
1.020533841666964481e+00
1.020547306496364603e+00
1.020555621304049199e+00
1.020568180555897708e+00
1.020585803040794826e+00
1.020599503404307828e+00
1.020607401015743765e+00
1.020618656612425124e+00
1.020635584004504937e+00
1.020649516246300070e+00
1.020657147260415121e+00
1.020667152262007660e+00
1.020683290738789273e+00
1.020697430143120199e+00
1.020704936457685896e+00
1.020713762505538469e+00
1.020729022990790602e+00
1.020743324803779828e+00
1.020750835956725222e+00
1.020758571884841981e+00
1.020772872474988713e+00
1.020787273856714528e+00
1.020794904176937523e+00
1.020801654510912204e+00
1.020814923355133352e+00
1.020829346209489952e+00
1.020837192820475581e+00
1.020843076108357117e+00
1.020855254550809388e+00
1.020869608957750252e+00
1.020877750487010571e+00
1.020882897269280498e+00
1.020893942870191307e+00
1.020908130700596717e+00
1.020916626439777097e+00
1.020921176637006322e+00
1.020931065634799406e+00
1.020944983925126559e+00
1.020953873197923301e+00
1.020957972790109691e+00
1.020966701668708954e+00
1.020980245477681736e+00
1.020989547096802230e+00
1.020993344151276183e+00
1.021000930189465139e+00
1.021013994897694177e+00
1.021023706773956707e+00
1.021027347077340997e+00
1.021033827990396770e+00
1.021046311241047055e+00
1.021056410367986667e+00
1.021060033055032124e+00
1.021065465998687305e+00
1.021077269616955885e+00
1.021087712719864982e+00
1.021091446315697038e+00
1.021095906550942845e+00
1.021106938765101502e+00
1.021117663837626477e+00
1.021121623030815773e+00
1.021125202446158120e+00
1.021135380568975792e+00
1.021146309339903357e+00
1.021150592617839470e+00
1.021153398129336143e+00
1.021162651612303574e+00
1.021173692755910967e+00
1.021178380828818399e+00
1.021180532512169670e+00
1.021188806056274823e+00
1.021199858772210867e+00
1.021205013562477060e+00
1.021206642292223243e+00
1.021213898580695112e+00
1.021224856102485923e+00
1.021230520035844691e+00
1.021231764451736357e+00
1.021237986108459950e+00
1.021248738785962562e+00
1.021254934202479925e+00
1.021255936976586121e+00
1.021261127529394575e+00
1.021271565339967102e+00
1.021278294009265064e+00
1.021279197589226806e+00
1.021283381454283212e+00
1.021293396047957769e+00
1.021300638952503004e+00
1.021301581127795455e+00
1.021304802831926040e+00
1.021314289406524578e+00
1.021322007069295879e+00
1.021323116782602014e+00
1.021325439727548634e+00
1.021334299082794494e+00
1.021342432706175973e+00
1.021343826482459693e+00
1.021345331503781706e+00
1.021353472517067873e+00
1.021361946061906334e+00
1.021363725271346778e+00
1.021364509090173067e+00
1.021371851633722461e+00
1.021380574748309789e+00
1.021382823712821963e+00
1.021382997197618936e+00
1.021389475267929114e+00
1.021398346760517883e+00
1.021401131532216677e+00
1.021400817564684926e+00
1.021406382221436093e+00
1.021415293645171474e+00
1.021418661194776867e+00
1.021417991925650304e+00
1.021422613608267360e+00
1.021431452549360852e+00
1.021435430134669087e+00
1.021434543528358940e+00
1.021438213442872778e+00
1.021446866268152620e+00
1.021451460890726581e+00
1.021450496648570017e+00
1.021453227140270537e+00
1.021461581205727720e+00
1.021466779248006329e+00
1.021465874393551410e+00
1.021467698448390582e+00
1.021475643997901583e+00
1.021481411282355367e+00
1.021480695813781203e+00
1.021481665972793440e+00
1.021489098073470325e+00
1.021495380631121108e+00
1.021494973649251570e+00
1.021495160626126442e+00
1.021501981445723573e+00
1.021508707194572096e+00
1.021508713798350731e+00
1.021508204971494749e+00
1.021514326520303051e+00
1.021521407860391362e+00
1.021521916907540017e+00
1.021520814677321809e+00
1.021526161886308293e+00
1.021533498989313005e+00
1.021534581618775750e+00
1.021533001464010271e+00
1.021537515254504536e+00
1.021544999653213992e+00
1.021546708331110276e+00
1.021544776338354499e+00
1.021548416243851953e+00
1.021555934283941536e+00
1.021558302114603300e+00
1.021556151818658886e+00
1.021558897782671060e+00
1.021566333608887156e+00
1.021569373751264109e+00
1.021567142291492036e+00
1.021568995456963558e+00
1.021576233428435732e+00
1.021579938632216411e+00
1.021577762431601144e+00
1.021578744975215614e+00
1.021585671652296190e+00
1.021590014101923405e+00
1.021588024435569286e+00
1.021588178686839266e+00
1.021594684704613121e+00
1.021599616454975878e+00
1.021597935330690321e+00
1.021597322480742864e+00
1.021603304651647282e+00
1.021608758908183923e+00
1.021607495612741889e+00
1.021606194246104327e+00
1.021611558104544404e+00
1.021617451445091529e+00
1.021616699940691708e+00
1.021614804458736980e+00
1.021619467226574374e+00
1.021625702637347199e+00
1.021625539785154579e+00
1.021623158612740889e+00
1.021627052321221418e+00
1.021633522712287467e+00
1.021634007129350152e+00
1.021631260488808035e+00
1.021634334838622760e+00
1.021640926600609234e+00
1.021642097884766898e+00
1.021639114933496018e+00
1.021641339471456078e+00
1.021647935682098662e+00
1.021649813791014161e+00
1.021646729048665936e+00
1.021648094384874472e+00
1.021654577457788093e+00
1.021657162178601030e+00
1.021654111366552486e+00
1.021654629386336666e+00
1.021660883204030146e+00
1.021664153834189293e+00
1.021661269436767050e+00
1.021660972680749513e+00
1.021666884469282000e+00
1.021670799965845422e+00
1.021668206927534683e+00
1.021667147434682121e+00
1.021672609730954751e+00
1.021677109610701351e+00
1.021674921566583460e+00
1.021673169458637620e+00
1.021678082454696490e+00
1.021683088620333191e+00
1.021681404924105863e+00
1.021679046875825669e+00
1.021683321224506669e+00
1.021688740687048735e+00
1.021687644300551812e+00
1.021684781857504998e+00
1.021688341771516795e+00
1.021694070012955535e+00
1.021693626125987020e+00
1.021690373686383602e+00
1.021693159961024833e+00
1.021699084525663714e+00
1.021699339656114924e+00
1.021695821892149691e+00
1.021697794411694726e+00
1.021703798296131227e+00
1.021704779620369319e+00
1.021701128198588826e+00
1.021702267573963319e+00
1.021708232117732873e+00
1.021709946896019572e+00
1.021706296533338776e+00
1.021706604724170964e+00
1.021712411936461340e+00
1.021714847077789923e+00
1.021711331170523707e+00
1.021710831180590695e+00
1.021716365680571670e+00
1.021719487657452685e+00
1.021716233867126622e+00
1.021714968772867937e+00
1.021720119674082161e+00
1.021723875075245758e+00
1.021721001291106656e+00
1.021719032905369584e+00
1.021723695975826463e+00
1.021728012932213048e+00
1.021725623942440597e+00
1.021723031324850206e+00
1.021727111603140337e+00
1.021731902151130189e+00
1.021730087174653967e+00
1.021726965027421219e+00
1.021730379832630486e+00
1.021735543050062089e+00
1.021734374074124263e+00
1.021730830891088848e+00
1.021733512929158039e+00
1.021738938484070491e+00
1.021738469194480192e+00
1.021734624940807468e+00
1.021736525077587832e+00
1.021742096748357032e+00
1.021742361787027376e+00
1.021738344919481678e+00
1.021739434213235542e+00
1.021745033010169390e+00
1.021746047364790577e+00
1.021741991147401940e+00
1.021742261898123783e+00
1.021747768616914520e+00
1.021749527108545053e+00
1.021745565379066800e+00
1.021745031187335506e+00
1.021750328475849789e+00
1.021752805492122551e+00
1.021749068212583600e+00
1.021747763249104324e+00
1.021752737469863170e+00
1.021755887213789293e+00
1.021752496225293516e+00
1.021750474012824927e+00
1.021755017252388820e+00
1.021758774780626489e+00
1.021755840145353922e+00
1.021753172116559805e+00
1.021757184601562063e+00
1.021761467799560119e+00
1.021759084965054187e+00
1.021755858912496873e+00
1.021759251877147667e+00
1.021763964304044148e+00
1.021762212120065794e+00
1.021758530472152149e+00
1.021761229270980786e+00
1.021766263586462831e+00
1.021765203017457324e+00
1.021761180742047914e+00
1.021763127816500027e+00
1.021768369364697504e+00
1.021768042639380258e+00
1.021763804555802846e+00
1.021764961818386386e+00
1.021770291950354848e+00
1.021770721909787571e+00
1.021766399292345362e+00
1.021766749602788238e+00
1.021772048472191052e+00
1.021773238007380291e+00
1.021768964549651937e+00
1.021768512174507260e+00
1.021773660982810750e+00
1.021775592635885133e+00
1.021771500042145897e+00
1.021770270220807575e+00
1.021775153122276514e+00
1.021777789081766752e+00
1.021774002683441207e+00
1.021772040576565566e+00
1.021776546584738377e+00
1.021779829363638425e+00
1.021776464174679599e+00
1.021773833490877248e+00
1.021777858703279973e+00
1.021781712714730395e+00
1.021778870233876813e+00
1.021775651721981149e+00
1.021779102008387285e+00
1.021783436068003148e+00
1.021781201946524220e+00
1.021777491762444257e+00
1.021780285813553846e+00
1.021784996367987919e+00
1.021783438857592152e+00
1.021779346651980003e+00
1.021781419060986629e+00
1.021786393760266254e+00
1.021785562711593487e+00
1.021781209212292207e+00
1.021782513152271754e+00
1.021787634325569183e+00
1.021787560475106105e+00
1.021783074390955282e+00
1.021783583498887538e+00
1.021788731188686850e+00
1.021789425560085451e+00
1.021784939791216651e+00
1.021784649051381999e+00
1.021789703475789235e+00
1.021791156891221242e+00
1.021786804233318691e+00
1.021785729890496430e+00
1.021790573453301043e+00
1.021792756328086416e+00
1.021788665025340048e+00
1.021786843753851315e+00
1.021791362906101286e+00
1.021794225606144968e+00
1.021790515175653224e+00
1.021788002809105311e+00
1.021792090109368889e+00
1.021795564133307188e+00
1.021792341826670558e+00
1.021789211894159388e+00
1.021792768499294013e+00
1.021796768602540206e+00
1.021794126708937434e+00
1.021790468864797408e+00
1.021793407455567682e+00
1.021797834611772426e+00
1.021795848599628354e+00
1.021791766853955563e+00
1.021794014752715141e+00
1.021798759635141884e+00
1.021797486951976808e+00
1.021793097491826341e+00
1.021794599563025763e+00
1.021799546111443746e+00
1.021799025378101522e+00
1.021794453768648303e+00
1.021795174673690187e+00
1.021800203343803837e+00
1.021800453718809232e+00
1.021795831393379483e+00
1.021795756903938424e+00
1.021800747368935891e+00
1.021801768001664446e+00
1.021797228142866665e+00
1.021796365442841026e+00
1.021801198764069829e+00
1.021802968439768922e+00
1.021798641545280439e+00
1.021797018676184443e+00
1.021801579183247544e+00
1.021804056407808137e+00
1.021800065949802327e+00
1.021797730688356332e+00
1.021801907917392560e+00
1.021805031727756274e+00
1.021801490310596083e+00
1.021798508764659719e+00
1.021802199752784857e+00
1.021805891444307557e+00
1.021802897742208671e+00
1.021799352826425533e+00
1.021802464870583016e+00
1.021806630634299218e+00
1.021804267193878291e+00
1.021800256964663145e+00
1.021802710701503525e+00
1.021807244936162373e+00
1.021805576729675646e+00
1.021801212406616255e+00
1.021802944858757556e+00
1.021807733756079362e+00
1.021806807242210180e+00
1.021802210689724433e+00
1.021803177838201737e+00
1.021808102806091245e+00
1.021807945242583004e+00
1.021803245757873846e+00
1.021803424273226790e+00
1.021808364879976949e+00
1.021808983737385823e+00
1.021804314161305127e+00
1.021803702122881408e+00
1.021808538472410266e+00
1.021809920974689145e+00
1.021805413344119229e+00
1.021804030014606735e+00
1.021808644708712244e+00
1.021810757697512173e+00
1.021806538812776832e+00
1.021804423715776400e+00
1.021808703724851108e+00
1.021811494133332054e+00
1.021807681462693740e+00
1.021804893067666864e+00
1.021808731848780294e+00
1.021812128031503120e+00
1.021808826298498341e+00
1.021805440538430254e+00
1.021808740601691357e+00
1.021812654605512183e+00
1.021809953231417767e+00
1.021806061910589314e+00
1.021808737797153421e+00
1.021813068431474791e+00
1.021811039797642096e+00
1.021806748771832529e+00
1.021808730166339885e+00
1.021813366528094846e+00
1.021812064856765012e+00
1.021807491767080078e+00
1.021808726321373317e+00
1.021813551334798342e+00
1.021813011922568570e+00
1.021808283283930141e+00
1.021808738735423105e+00
1.021813632322871701e+00
1.021813870919687117e+00
1.021809118500652147e+00
1.021808783821612998e+00
1.021813625511953871e+00
1.021814637793071689e+00
1.021809994422097301e+00
1.021808879968694850e+00
1.021813551000363418e+00
1.021815312262263298e+00
1.021810907379175681e+00
1.021809044224504470e+00
1.021813429410461938e+00
1.021815894753156595e+00
1.021811850122709586e+00
1.021809288871688537e+00
1.021813278577901718e+00
1.021816383853210386e+00
1.021812809832954416e+00
1.021809619192270313e+00
1.021813111705216492e+00
1.021816775396055199e+00
1.021813768012017398e+00
1.021810033249032523e+00
1.021812937601784821e+00
1.021817063588530861e+00
1.021814702469873382e+00
1.021810523711544016e+00
1.021812762785863971e+00
1.021817243731587332e+00
1.021815590763036852e+00
1.021811080945393968e+00
1.021812594471420255e+00
1.021817315408867000e+00
1.021816413847300042e+00
1.021811696092550736e+00
1.021812443106976609e+00
1.021817284801146197e+00
1.021817158610209608e+00
1.021812362899577220e+00
1.021812323319697180e+00
1.021817165120023407e+00
1.021817818397271704e+00
1.021813077588488161e+00
1.021812252769601415e+00
1.021816974902578945e+00
1.021818391454770492e+00
1.021813836892720984e+00
1.021812249270964257e+00
1.021816734763450807e+00
1.021818878048370571e+00
1.021814635158363238e+00
1.021812327245236407e+00
1.021816463813613129e+00
1.021819277537078019e+00
1.021815461818792459e+00
1.021812494847592845e+00
1.021816177079302612e+00
1.021819586675333902e+00
1.021816300420638424e+00
1.021812752847356842e+00
1.021815884842186994e+00
1.021819799887262903e+00
1.021817129761308562e+00
1.021813095647516434e+00
1.021815594040917485e+00
1.021819911424139971e+00
1.021817926843176405e+00
1.021813513980284416e+00
1.021815311039616425e+00
1.021819918519874415e+00
1.021818670606135626e+00
1.021813998156736014e+00
1.021815044517417448e+00
1.021819824226087858e+00
1.021819345075155372e+00
1.021814540547306027e+00
1.021814807187983787e+00
1.021819638716222389e+00
1.021819940789407521e+00
1.021815136309955019e+00
1.021814615537210535e+00
1.021819378452939908e+00
1.021820454071677986e+00
1.021815782126220373e+00
1.021814487575871677e+00
1.021819063466528954e+00
1.021820884566319032e+00
1.021816473547507709e+00
1.021814439413422093e+00
1.021818713745334062e+00
1.021821232163196980e+00
1.021817202148912695e+00
1.021814481942664887e+00
1.021818346087260743e+00
1.021821494652469520e+00
1.021817953790669531e+00
1.021814618889214765e+00
1.021817972565655097e+00
1.021821667129998890e+00
1.021818708853860835e+00
1.021814846940531929e+00
1.021817601104392015e+00
1.021821743430739948e+00
1.021819444521774312e+00
1.021815157844204958e+00
1.021817237801942335e+00
1.021821719011804186e+00
1.021820138344843976e+00
1.021815541586700071e+00
1.021816889937323669e+00
1.021821594088438090e+00
1.021820771797592897e+00
1.021815989347691689e+00
1.021816568317785556e+00
1.021821375698654055e+00
1.021821332530693738e+00
1.021816495042090711e+00
1.021816287899520725e+00
1.021821077788437115e+00
1.021821814544900509e+00
1.021817054865657770e+00
1.021816066317996263e+00
1.021820719198289318e+00
1.021822216351418122e+00
1.021817665103879946e+00
1.021815920816798506e+00
1.021820320270248938e+00
1.021822537990142665e+00
1.021818319201187819e+00
1.021815864718064848e+00
1.021819899341350979e+00
1.021822778222385875e+00
1.021819005415429693e+00
1.021815904770767336e+00
1.021819470425069376e+00
1.021822933117884080e+00
1.021819706164925901e+00
1.021816040369297074e+00
1.021819042894603458e+00
1.021822996659171867e+00
1.021820399498803988e+00
1.021816264893183446e+00
1.021818623168877949e+00
1.021822963134981777e+00
1.021821062259927526e+00
1.021816568578100881e+00
1.021818217591686340e+00
1.021822830336707177e+00
1.021821673815828557e+00
1.021816941728403316e+00
1.021817835213605807e+00
1.021822602218730447e+00
1.021822218993393427e+00
1.021817376967003810e+00
1.021817489229829956e+00
1.021822289879852352e+00
1.021822689169174403e+00
1.021817869637776433e+00
1.021817196377004411e+00
1.021821910388596155e+00
1.021823081210547546e+00
1.021818416258156947e+00
1.021816974424653690e+00
1.021821483836665045e+00
1.021823394827424902e+00
1.021819011744436345e+00
1.021816838673942796e+00
1.021821029710627826e+00
1.021823629524485799e+00
1.021819646660461878e+00
1.021816798784939584e+00
1.021820563936658877e+00
1.021823782482970344e+00
1.021820305754414404e+00
1.021816857130304346e+00
1.021820097672198058e+00
1.021823848294631576e+00
1.021820968540086305e+00
1.021817009269410992e+00
1.021819638206959757e+00
1.021823820686474038e+00
1.021821611853726663e+00
1.021817246295645853e+00
1.021819191481065037e+00
1.021823695534562759e+00
1.021822213511316191e+00
1.021817558070377441e+00
1.021818765074883562e+00
1.021823473912572888e+00
1.021822755735626087e+00
1.021817936020057438e+00
1.021818370337523429e+00
1.021823163882827235e+00
1.021823227107660159e+00
1.021818374376868954e+00
1.021818022674844340e+00
1.021822780230171812e+00
1.021823622390352959e+00
1.021818869406299068e+00
1.021817739769182776e+00
1.021822342159788288e+00
1.021823940429926303e+00
1.021819417015686904e+00
1.021817538346263543e+00
1.021821869793038573e+00
1.021824181109015184e+00
1.021820009826887699e+00
1.021817430698867213e+00
1.021821380770406185e+00
1.021824342690806464e+00
1.021820635040261660e+00
1.021817422283447518e+00
1.021820888217314316e+00
1.021824420707769354e+00
1.021821274114530498e+00
1.021817511283783286e+00
1.021820400770796056e+00
1.021824408890345204e+00
1.021821904558764871e+00
1.021817690255497624e+00
1.021819924528712509e+00
1.021824301770351884e+00
1.021822503274458338e+00
1.021817949141174964e+00
1.021819466005541965e+00
1.021824097883111016e+00
1.021823050248862552e+00
1.021818278411401382e+00
1.021819034773816082e+00
1.021823802222918687e+00
1.021823531249208106e+00
1.021818671060765737e+00
1.021818644601989678e+00
1.021823426889339803e+00
1.021823938566333911e+00
1.021819122681985492e+00
1.021818312514219729e+00
1.021822989580823737e+00
1.021824269642660266e+00
1.021819629654435957e+00
1.021818056044987433e+00
1.021822510452331523e+00
1.021824524269452805e+00
1.021820186281841680e+00
1.021817889698052317e+00
1.021822008504403634e+00
1.021824701602796814e+00
1.021820782169614361e+00
1.021817821948265204e+00
1.021821498849794896e+00
1.021824798297073178e+00
1.021821401057226186e+00
1.021817853915407914e+00
1.021820991840693305e+00
1.021824808571292875e+00
1.021822021743413522e+00
1.021817980177001761e+00
1.021820494282748015e+00
1.021824726206723932e+00
1.021822620895453504e+00
1.021818191338598192e+00
1.021820012117026888e+00
1.021824547658298776e+00
1.021823176763617447e+00
1.021818477287991911e+00
1.021819553358522814e+00
1.021824274981578684e+00
