1.000603444564682754e+00
1.000676208889319740e+00
1.000794490796846459e+00
1.000933838964926492e+00
1.001089979220223913e+00
1.001258843575226098e+00
1.001434876749216940e+00
1.001611939986995825e+00
1.001786240868028699e+00
1.001962704200242360e+00
1.002146904675566219e+00
1.002336761426867895e+00
1.002527022102432053e+00
1.002711885244862433e+00
1.002890872460674654e+00
1.003072030632438549e+00
1.003259911970223239e+00
1.003450971021461635e+00
1.003639261851529296e+00
1.003819464103319348e+00
1.003994320136870400e+00
1.004172956035993547e+00
1.004357620894210879e+00
1.004543475417020604e+00
1.004724084798653161e+00
1.004895500279070264e+00
1.005063569376045018e+00
1.005236950360024695e+00
1.005415346883047789e+00
1.005592996742543210e+00
1.005763319012371371e+00
1.005924627024362472e+00
1.006085246638947162e+00
1.006252115654005408e+00
1.006422663512952065e+00
1.006590504497546057e+00
1.006749430634578335e+00
1.006900679019598233e+00
1.007053970570302104e+00
1.007213698169898475e+00
1.007375535906621433e+00
1.007532698835311269e+00
1.007680058191818828e+00
1.007822010078686770e+00
1.007968342828545971e+00
1.008120595906135897e+00
1.008273236023151220e+00
1.008419313890786206e+00
1.008555590354567322e+00
1.008689317676664920e+00
1.008829049573393810e+00
1.008973640919223591e+00
1.009116788022610178e+00
1.009251729792535635e+00
1.009377861230044360e+00
1.009504468031695579e+00
1.009637844879625712e+00
1.009774654533034166e+00
1.009908117346014933e+00
1.010032200966570537e+00
1.010149402761013615e+00
1.010269846056571996e+00
1.010396991367364716e+00
1.010525918948041335e+00
1.010649590206968984e+00
1.010763418072929243e+00
1.010873016502369159e+00
1.010988012634074895e+00
1.011108955946872445e+00
1.011229892015812704e+00
1.011343779177422242e+00
1.011448254995700680e+00
1.011551534479143255e+00
1.011661539144252497e+00
1.011776246664124024e+00
1.011889063670609490e+00
1.011993349632245298e+00
1.012089616007069814e+00
1.012187692576795639e+00
1.012292934825582691e+00
1.012401326541694457e+00
1.012505894533568762e+00
1.012601000699940634e+00
1.012690338355616060e+00
1.012784074509123666e+00
1.012884617139843346e+00
1.012986571549892245e+00
1.013082802233148172e+00
1.013169424045949674e+00
1.013253128027538086e+00
1.013343099748746035e+00
1.013438898220833106e+00
1.013534254461228024e+00
1.013622169535982831e+00
1.013701263116315587e+00
1.013780517522614222e+00
1.013867032701657678e+00
1.013957974996850808e+00
1.014046544644964021e+00
1.014126353365390809e+00
1.014199069440380185e+00
1.014274843726318709e+00
1.014357997003206169e+00
1.014443922078695381e+00
1.014525521392038554e+00
1.014597683106688297e+00
1.014665261030179844e+00
1.014738247718784514e+00
1.014817987206390271e+00
1.014898690764885147e+00
1.014973197838282104e+00
1.015038444453088884e+00
1.015102087926396557e+00
1.015172691781104586e+00
1.015248874529326217e+00
1.015324115078812373e+00
1.015391545642867044e+00
1.015450850138732708e+00
1.015511608803217225e+00
1.015579982694828409e+00
1.015652407734296103e+00
1.015721925943664505e+00
1.015782509661552702e+00
1.015837004391273890e+00
1.015895684515321751e+00
1.015961793001561642e+00
1.016030214822186917e+00
1.016093775606049299e+00
1.016148007349896965e+00
1.016198869438339480e+00
1.016255990968272904e+00
1.016319676191757004e+00
1.016383809750994960e+00
1.016441268173019719e+00
1.016489912084717950e+00
1.016538239078898620e+00
1.016594044086154280e+00
1.016655074324945396e+00
1.016714605002169591e+00
1.016765985312190423e+00
1.016810024053184325e+00
1.016856724088888164e+00
1.016911226206074881e+00
1.016969321350956079e+00
1.017023932091059457e+00
1.017069498202756606e+00
1.017110036991612843e+00
1.017155755271822670e+00
1.017208807529335957e+00
1.017263648224858263e+00
1.017313070865478064e+00
1.017353362506322245e+00
1.017391508239123166e+00
1.017436603326172140e+00
1.017487959676241172e+00
1.017539192641456980e+00
1.017583280491243691e+00
1.017619097167512976e+00
1.017655836604429931e+00
1.017700406030463967e+00
1.017749761523136787e+00
1.017797014469886019e+00
1.017835821103490801e+00
1.017868152907542179e+00
1.017904253851001251e+00
1.017948193437302695e+00
1.017995202531412069e+00
1.018038119622377113e+00
1.018071959584863073e+00
1.018101879368618290e+00
1.018137834401879438e+00
1.018180906483815207e+00
1.018225189146540810e+00
1.018263490891079037e+00
1.018292957983743197e+00
1.018321497186210234e+00
1.018357518881650048e+00
1.018399407067784201e+00
1.018440555951176663e+00
1.018474116261001594e+00
1.018500047161312372e+00
1.018528079629217986e+00
1.018564140995752654e+00
1.018604481712465981e+00
1.018642083389587949e+00
1.018671004739196029e+00
1.018694393339976578e+00
1.018722550123024373e+00
1.018758450241314728e+00
1.018796845074413149e+00
1.018830524317781983e+00
1.018855185311369649e+00
1.018877066057085390e+00
1.018905697595175575e+00
1.018941127020929649e+00
1.018977147485457646e+00
1.019006634778970133e+00
1.019027688918142882e+00
1.019049012623098882e+00
1.019078201981368892e+00
1.019112789326611423e+00
1.019145987623173655e+00
1.019171198156600955e+00
1.019189517928203337e+00
1.019211044344203732e+00
1.019240659681290406e+00
1.019273995045822279e+00
1.019303932861017614e+00
1.019325034575778499e+00
1.019341611863566088e+00
1.019363840319463144e+00
1.019393603250683622e+00
1.019425246138590424e+00
1.019451547827360471e+00
1.019468992948557862e+00
1.019484816697294072e+00
1.019507967205135035e+00
1.019537512750399610e+00
1.019566997310181300e+00
1.019589423487968549e+00
1.019603926996539567e+00
1.019619862259696585e+00
1.019643905109486104e+00
1.019672819478776304e+00
1.019699670479559561e+00
1.019718195935673810e+00
1.019730661664008942e+00
1.019747353777572085e+00
1.019772070753304449e+00
1.019799907702913178e+00
1.019823677803854078e+00
1.019838548928537314e+00
1.019849958874295748e+00
1.019867781599571588e+00
1.019892833657050968e+00
1.019919119702963117e+00
1.019939451055017710e+00
1.019951199052633761e+00
1.019962488574535753e+00
1.019981543823043069e+00
1.020006523668261389e+00
1.020030765605432821e+00
1.020047467381986150e+00
1.020056866556544817e+00
1.020068809814806965e+00
1.020088971260889377e+00
1.020113432466174253e+00
1.020135140030567600e+00
1.020148261885799545e+00
1.020156239882186400e+00
1.020169368157989531e+00
1.020190347710890233e+00
1.020213815419666936e+00
1.020232547495941722e+00
1.020242423101031193e+00
1.020249942157408274e+00
1.020264510532354230e+00
1.020285922347149210e+00
1.020307897609889380e+00
1.020323331167316550e+00
1.020330571629510130e+00
1.020338504547342984e+00
1.020354509199571824e+00
1.020375913774333565e+00
1.020395885108845935e+00
1.020407893985253445e+00
1.020413326914521024e+00
1.020422351940919903e+00
1.020439584897074869e+00
1.020460510272517496e+00
1.020477984206311861e+00
1.020486704577380666e+00
1.020491271072563544e+00
1.020501806485489604e+00
1.020519923871822998e+00
1.020539872355294975e+00
1.020554428522558066e+00
1.020560285762363684e+00
1.020564916778644360e+00
1.020577106439966908e+00
1.020595686458996898e+00
1.020614139941170340e+00
1.020625505656824972e+00
1.020629187400750038e+00
1.020634683744060522e+00
1.020648430200967516e+00
1.020667008413747467e+00
1.020683445604578354e+00
1.020691572772550959e+00
1.020693950480136891e+00
1.020700889970477698e+00
1.020715917087208213e+00
1.020734000914873096e+00
1.020747936583620064e+00
1.020753055709541446e+00
1.020755071314563223e+00
1.020763761213082876e+00
1.020779680961225289e+00
1.020796754229599923e+00
1.020807802562317068e+00
1.020810430857359563e+00
1.020812971509227118e+00
1.020823452528170083e+00
1.020839815285099039e+00
1.020855346349951009e+00
1.020863298879253422e+00
1.020864193324710012e+00
1.020867978600400683e+00
1.020880071389179022e+00
1.020896392753895210e+00
1.020909858828529249e+00
1.020914756040244509e+00
1.020914819749242142e+00
1.020920323596714363e+00
1.020933695802408447e+00
1.020949465926239697e+00
1.020960401365202941e+00
1.020962572097425358e+00
1.020962733745477857e+00
1.020970155667146440e+00
1.020984384465567940e+00
1.020999072267417151e+00
1.021007138943809789e+00
1.021007188505106189e+00
1.021008278731941221e+00
1.021017565060153398e+00
1.021032178891124520e+00
1.021045244726140222e+00
1.021050310511273373e+00
1.021049054942095413e+00
1.021051703820645695e+00
1.021062604626743031e+00
1.021077102437682571e+00
1.021088030616515763e+00
1.021090232152891186e+00
1.021088592104146375e+00
1.021093167883114550e+00
1.021105305044189837e+00
1.021119162158042659e+00
1.021127518074315788e+00
1.021127282947064785e+00
1.021126159113307619e+00
1.021132758322317535e+00
1.021145681602663391e+00
1.021158355445908938e+00
1.021163861119554817e+00
1.021161875674566843e+00
1.021162030110815966e+00
1.021170514166208410e+00
1.021183734229954787e+00
1.021194683115406843e+00
1.021197293000644102e+00
1.021194419691966004e+00
1.021196386308272697e+00
1.021206445511902317e+00
1.021219446887648541e+00
1.021228171415125230e+00
1.021228122927883675e+00
1.021225284695912672e+00
1.021229326212037325e+00
1.021240545663139487e+00
1.021252790947637878e+00
1.021258899180325974e+00
1.021256715765156420e+00
1.021254770738753148e+00
1.021260887085249314e+00
1.021272794838872233e+00
1.021283733725415033e+00
1.021287019467404189e+00
1.021283458692465729e+00
1.021283089572612601e+00
1.021291067237787509e+00
1.021303159071207167e+00
1.021312254571113964e+00
1.021312767023941470e+00
1.021308723430132792e+00
1.021310363382458286e+00
1.021319843012714834e+00
1.021331590670483180e+00
1.021338369592424744e+00
1.021336448588404666e+00
1.021332831704196531e+00
1.021336640235685822e+00
1.021347177709156950e+00
1.021358033272145471e+00
1.021362158037607104e+00
1.021358416991887896e+00
1.021356028569689212e+00
1.021361916817823623e+00
1.021373022759314075e+00
1.021382432653746841e+00
1.021383779375613088e+00
1.021379035030847149e+00
1.021378469457806304e+00
1.021386159181630449e+00
1.021397316469231598e+00
1.021404756115549262e+00
1.021403474569418712e+00
1.021398638128519609e+00
1.021400225570825882e+00
1.021409316951847668e+00
1.021419985961116161e+00
1.021425018973028509e+00
1.021421550081413221e+00
1.021417502078411088e+00
1.021421303225616306e+00
1.021431329065561888e+00
1.021440954020462311e+00
1.021443308645652692e+00
1.021438347218385667e+00
1.021435820504534409e+00
1.021441666615948485e+00
1.021452123201981088e+00
1.021460152668544952e+00
1.021459796356768202e+00
1.021454204509418817e+00
1.021453698351647787e+00
1.021461256479990753e+00
1.021471615189726290e+00
1.021477545715625546e+00
1.021474732053093470e+00
1.021469421638688146e+00
1.021471163341440169e+00
1.021480001259786441e+00
1.021489712604821909e+00
1.021493155682319909e+00
1.021488422449377431e+00
1.021484230039566787e+00
1.021488187716292018e+00
1.021497819943987029e+00
1.021506323660558380e+00
1.021507084220132811e+00
1.021501196698361813e+00
1.021498775416868732e+00
1.021504710049050857e+00
1.021514620676163165e+00
1.021521373946165934e+00
1.021519517894831530e+00
1.021513368470684746e+00
1.021513118019387045e+00
1.021520651414174363e+00
1.021530301407276964e+00
1.021534831547089794e+00
1.021530716740191469e+00
1.021525201788043180e+00
1.021527249058035824e+00
1.021535923360135545e+00
1.021544755231239998e+00
1.021546732851798200e+00
1.021540986935703277e+00
1.021536885156801633e+00
1.021541113422532510e+00
1.021550428429179203e+00
1.021557881706367077e+00
1.021557198215512940e+00
1.021550644045756240e+00
1.021548520035825192e+00
1.021554629825924820e+00
1.021564058860830126e+00
1.021569606924892959e+00
1.021566431521821361e+00
1.021559975796692887e+00
1.021560127698514897e+00
1.021567704143534927e+00
1.021576698807619366e+00
1.021579910123097568e+00
1.021574702529030931e+00
1.021569210349354329e+00
1.021571669197335552e+00
1.021580234267553733e+00
1.021588231539021230e+00
1.021588846850714383e+00
1.021582315061899227e+00
1.021578494815204685e+00
1.021583067852801507e+00
1.021592109121149949e+00
1.021598553652661501e+00
1.021596559114013925e+00
1.021589569088536376e+00
1.021587890313100822e+00
1.021594227218924900e+00
1.021603208215494218e+00
1.021607598229919089e+00
1.021603268584302615e+00
1.021596724959031199e+00
1.021597384674091780e+00
1.021605041341500320e+00
1.021613405561129451e+00
1.021615361515911813e+00
1.021609253122064409e+00
1.021603974702344431e+00
1.021606914449428416e+00
1.021615396846425217e+00
1.021622579014924703e+00
1.021621922134309912e+00
1.021614811609992124e+00
1.021611425850815325e+00
1.021616386259173392e+00
1.021625171383344854e+00
1.021630627744308129e+00
1.021627445233710407e+00
1.021620226017517785e+00
1.021619103297966236e+00
1.021625692184281231e+00
1.021634234545405917e+00
1.021637497736989086e+00
1.021632169367226783e+00
1.021625727692579311e+00
1.021626966646419721e+00
1.021634716845956303e+00
1.021642453556534935e+00
1.021643206990776598e+00
1.021636377858366140e+00
1.021631472409717967e+00
1.021634932877190316e+00
1.021643337370826687e+00
1.021649705178465872e+00
1.021647859765699051e+00
1.021640361539149167e+00
1.021637530346116485e+00
1.021642895903371873e+00
1.021651422154248534e+00
1.021655896503353311e+00
1.021651644476221588e+00
1.021644381739048590e+00
1.021643894407043618e+00
1.021650739072689440e+00
1.021658833404894606e+00
1.021660991639213645e+00
1.021654814451415927e+00
1.021648639168542871e+00
1.021650500758696012e+00
1.021658339203864729e+00
1.021665434769502001e+00
1.021665033923868204e+00
1.021657655092251371e+00
1.021653253593695299e+00
1.021657251029454816e+00
1.021665565290385880e+00
1.021671106252612482e+00
1.021668154528491357e+00
1.021660445766502390e+00
1.021658260516098427e+00
1.021664029592420642e+00
1.021672278285403745e+00
1.021675767974395299e+00
1.021670564003344106e+00
1.021663424435161005e+00
1.021663625092879446e+00
1.021670712960776495e+00
1.021678335377141478e+00
1.021679406556401215e+00
1.021672527369781758e+00
1.021666759742198449e+00
1.021669264364908347e+00
1.021677171208085433e+00
1.021683599865627734e+00
1.021682093113528200e+00
1.021674328242792695e+00
1.021670536239145388e+00
1.021675068147652965e+00
1.021683266350015273e+00
1.021687959403788426e+00
1.021683985793886862e+00
1.021676230985009370e+00
1.021674757851069870e+00
1.021680913669266832e+00
1.021688853593742508e+00
1.021691351867819897e+00
1.021685315043566966e+00
1.021678447535635970e+00
1.021679366105736841e+00
1.021686671810726699e+00
1.021693787432708334e+00
1.021693789881743086e+00
1.021686353766695587e+00
1.021681113472940883e+00
1.021684262728651760e+00
1.021692206616762633e+00
1.021697934213708914e+00
1.021695373660553852e+00
1.021687379687210129e+00
1.021684279577797394e+00
1.021689328620610127e+00
1.021697374208604181e+00
1.021701193674675601e+00
1.021696287272333414e+00
1.021688638638757585e+00
1.021687921610488381e+00
1.021694435553974767e+00
1.021702025707930339e+00
1.021703525655884182e+00
1.021696777884730345e+00
1.021690314140914158e+00
1.021691961360261303e+00
1.021699449461185072e+00
1.021706015345536178e+00
1.021704971323030842e+00
1.021697122005392533e+00
1.021692508333077232e+00
1.021696288548183951e+00
1.021704228930439662e+00
1.021709216151740929e+00
1.021705660247680836e+00
1.021697587306508392e+00
1.021695240323956089e+00
1.021700777444546793e+00
1.021708625287466088e+00
1.021711544303323116e+00
1.021705800335199754e+00
1.021698397714476680e+00
1.021698461284861636e+00
1.021705295437861594e+00
1.021712487279695214e+00
1.021712985155592612e+00
1.021705651570511186e+00
1.021699706379490591e+00
1.021702076852598395e+00
1.021709703870381736e+00
1.021715671548779625e+00
1.021713609991430127e+00
1.021705489548813794e+00
1.021701582387565477e+00
1.021705967561957307e+00
1.021713856448870583e+00
1.021718061683816403e+00
1.021713576977942850e+00
1.021705567810348825e+00
1.021704015840030566e+00
1.021710002746285317e+00
1.021717600871443477e+00
1.021719594406547138e+00
1.021713114867536465e+00
1.021706085274501907e+00
1.021706936903248542e+00
1.021714045984553731e+00
1.021720785374920837e+00
1.021720283372802296e+00
1.021712492049170029e+00
1.021707163405878305e+00
1.021710238294887940e+00
1.021717954246545990e+00
1.021723272021163531e+00
1.021720230599912238e+00
1.021711978642409591e+00
1.021708839424453119e+00
1.021713793687767380e+00
1.021721577025183958e+00
1.021724958979044695e+00
1.021719621124905553e+00
1.021711810158922651e+00
1.021711077499326770e+00
1.021717468616252456e+00
1.021724759672616667e+00
1.021725807193106128e+00
1.021718700797606960e+00
1.021712157838992496e+00
1.021713790249109355e+00
1.021721123074841753e+00
1.021727352041098547e+00
1.021725860568344135e+00
1.021717741706875904e+00
1.021713110927782608e+00
1.021716860322961384e+00
1.021724609889556490e+00
1.021729224984255335e+00
1.021725251529912004e+00
1.021717004025115338e+00
1.021714676714723602e+00
1.021720156353892017e+00
1.021727775142972749e+00
1.021730295254738907e+00
1.021724189362808399e+00
1.021716701617338297e+00
1.021716796735872013e+00
1.021723540723022960e+00
1.021730463294456825e+00
1.021730551106013296e+00
1.021722932683420293e+00
1.021716975961824314e+00
1.021719369291927082e+00
1.021726869878617272e+00
1.021732528297032427e+00
1.021730067765513450e+00
1.021721752478648604e+00
1.021717884414626187e+00
1.021722269406565964e+00
1.021729992845407775e+00
1.021733853473139941e+00
1.021729006815877749e+00
1.021720894690653747e+00
1.021719406881274939e+00
1.021725361989190617e+00
1.021732753255675696e+00
1.021734377946112104e+00
1.021727598369194023e+00
1.021720548307200049e+00
1.021721465608004031e+00
1.021728506521800917e+00
1.021734996379183302e+00
1.021734119647115691e+00
1.021726109092604640e+00
1.021720823704289183e+00
1.021723947512301445e+00
1.021731555911122857e+00
1.021736583169176260e+00
1.021733185307700964e+00
1.021724804123907093e+00
1.021721747538065550e+00
1.021726722000498633e+00
1.021734355889780677e+00
1.021737413263551941e+00
1.021731763526295689e+00
1.021723911156158016e+00
1.021723275298208833e+00
1.021729651087074586e+00
1.021736748780871729e+00
1.021737451525459806e+00
1.021730101156905324e+00
1.021723591588855840e+00
1.021725313180411154e+00
1.021732591350514419e+00
1.021738582706627207e+00
1.021736747132714562e+00
1.021728468010565383e+00
1.021723924213164603e+00
1.021727739311662830e+00
1.021735392248561025e+00
1.021739728921683632e+00
1.021735437608214392e+00
1.021727118792165045e+00
1.021724906938794586e+00
1.021730419027819581e+00
1.021737896915346777e+00
1.021740107202899317e+00
1.021733735590391046e+00
1.021726259270945292e+00
1.021726474024598375e+00
1.021733211845666123e+00
1.021739947733868226e+00
1.021739710933477374e+00
1.021731900094290602e+00
1.021726021213285707e+00
1.021728518644335226e+00
1.021735971324912562e+00
1.021741398134353496e+00
1.021738621260657398e+00
1.021730199146783979e+00
1.021726452248094663e+00
1.021730912346360487e+00
1.021738543731064652e+00
1.021742133284836207e+00
1.021737004900674872e+00
1.021728872675755406e+00
1.021727524090283445e+00
1.021733517469307184e+00
1.021740770484916849e+00
1.021742096685919865e+00
1.021735094816571099e+00
1.021728101298987390e+00
1.021729152984726774e+00
1.021736191096644486e+00
1.021742495698167552e+00
1.021741312306604144e+00
1.021733157295027450e+00
1.021727985907536329e+00
1.021731221829785818e+00
1.021738783680434581e+00
1.021743581008209389e+00
1.021739893118210674e+00
1.021731453761198116e+00
1.021728544258312166e+00
1.021733597389318904e+00
1.021741138748223143e+00
1.021743929257756589e+00
1.021738032575674637e+00
1.021730205327647134e+00
1.021729724815990670e+00
1.021736139622986927e+00
1.021743097105113796e+00
1.021743510813753586e+00
1.021735979647892645e+00
1.021729564809879420e+00
1.021731428914979256e+00
1.021738703044156704e+00
1.021744506641033556e+00
1.021742381502845465e+00
1.021734002878242009e+00
1.021729601878134552e+00
1.021733531592480482e+00
1.021741135039274440e+00
1.021745240505486763e+00
1.021740685100781754e+00
1.021732352476128813e+00
1.021730306454655235e+00
1.021735896174208458e+00
1.021743277056746058e+00
1.021745222919089757e+00
1.021738638550144795e+00
1.021731227085410865e+00
1.021731606883889532e+00
1.021738380465879725e+00
1.021744970644822059e+00
1.021744453650074602e+00
1.021736502073933517e+00
1.021730749787606030e+00
1.021733392478609392e+00
1.021740836215867532e+00
1.021746069963834991e+00
1.021743020817303949e+00
1.021734541488815484e+00
1.021730959606540035e+00
1.021735532454674189e+00
1.021743107978854148e+00
1.021746463272316996e+00
1.021741097116327879e+00
1.021732991445832184e+00
1.021731821231399051e+00
1.021737887588594962e+00
1.021745035992567718e+00
1.021746099594960544e+00
1.021738919031548676e+00
1.021732024958467600e+00
1.021733246022300090e+00
1.021740313469181149e+00
1.021746464241561458e+00
1.021745009912020885e+00
1.021736753040799250e+00
1.021731734287822269e+00
1.021735113877094925e+00
1.021742658954943872e+00
1.021747256103623380e+00
1.021743314211737363e+00
1.021734857401100705e+00
1.021732129243916321e+00
1.021737289817161720e+00
1.021744766216750033e+00
1.021747318656916148e+00
1.021741211392801940e+00
1.021733447198936773e+00
1.021733152237339404e+00
1.021739632527692176e+00
1.021746475384689656e+00
1.021746628681251323e+00
1.021738952984656335e+00
1.021732667280264018e+00
1.021734700649626904e+00
1.021741995164449524e+00
1.021747634984211395e+00
1.021745249384192089e+00
1.021736806649515605e+00
1.021732578921290990e+00
1.021736647239155360e+00
1.021744223733349610e+00
1.021748120953733352e+00
1.021743331338545335e+00
1.021735018485431024e+00
1.021733164868482646e+00
1.021738854018437337e+00
1.021746158685812977e+00
1.021747862799956552e+00
1.021741096165557749e+00
1.021733780428027760e+00
1.021734348356519551e+00
1.021741177679555967e+00
1.021747641435978959e+00
1.021746867378321877e+00
1.021738805566509312e+00
1.021733207382722330e+00
1.021736015570691603e+00
1.021743468715967218e+00
1.021748527616729518e+00
1.021745230305380003e+00
1.021736723392873802e+00
1.021733330399234418e+00
1.021738034031157483e+00
1.021745570528898694e+00
1.021748709333037297e+00
1.021743130604307215e+00
1.021735079281332226e+00
1.021734107833372374e+00
1.021740263482286526e+00
1.021747322737811547e+00
1.021748141809183608e+00
1.021740808485310570e+00
1.021734038962768487e+00
1.021735446823697435e+00
1.021742558474382889e+00
1.021748569796183448e+00
1.021746863560147212e+00
1.021738530755769592e+00
1.021733686508435213e+00
1.021737224855145509e+00
1.021744766715263708e+00
1.021749177467095038e+00
1.021745001942059972e+00
1.021736552644186613e+00
1.021734024338485813e+00
1.021739305698092348e+00
1.021746729473529847e+00
1.021749057698568830e+00
1.021742761483916073e+00
1.021735083386663856e+00
1.021734989399121885e+00
1.021741547160125663e+00
1.021748286677640616e+00
1.021748194211111072e+00
1.021740396349696489e+00
1.021734260123166482e+00
1.021736475663340915e+00
1.021743801391227446e+00
1.021749288011189583e+00
1.021746657963244598e+00
1.021738173363473834e+00
1.021734136134642146e+00
1.021738354076755284e+00
1.021745913375850412e+00
1.021749612767017368e+00
1.021744606527791088e+00
1.021736334576115901e+00
1.021734687488486060e+00
1.021740485710307844e+00
1.021747722945725911e+00
1.021749196262335291e+00
1.021742266261438381e+00
1.021735065335857229e+00
1.021735832810666267e+00
1.021742726437820936e+00
1.021749071791894448e+00
1.021748052837427423e+00
1.021739900322717887e+00
1.021734472608426314e+00
1.021737455604093237e+00
1.021744925776081114e+00
1.021749817491709678e+00
1.021746285844902680e+00
1.021737770574831172e+00
1.021734579843987856e+00
1.021739422057546420e+00
1.021746926270878708e+00
1.021749856492373709e+00
1.021744080714471092e+00
1.021736101654253215e+00
1.021735339509051821e+00
1.021741591158237039e+00
1.021748567246236750e+00
1.021749150640824055e+00
1.021741681339053187e+00
1.021735052103995844e+00
1.021736654945216705e+00
1.021743816640320102e+00
1.021749693997429320e+00
1.021747746269737078e+00
1.021739354769349406e+00
1.021734698037497058e+00
1.021738401586255174e+00
1.021745945289203483e+00
1.021750175107525527e+00
1.021745778227921120e+00
1.021737353138784110e+00
1.021735034843231027e+00
1.021740442230163026e+00
1.021747817725522367e+00
1.021749927823836224e+00
1.021743456651404980e+00
1.021735879819643422e+00
1.021735994398663028e+00
1.021742634006913786e+00
1.021749273964585703e+00
1.021748943136457477e+00
1.021741038222961251e+00
1.021735064338948673e+00
1.021737467626788520e+00
1.021744828234107061e+00
1.021750165200636218e+00
1.021747299936302200e+00
1.021738788800535369e+00
1.021734952223499748e+00
1.021739323950767053e+00
1.021746869069731778e+00
1.021750374483135104e+00
1.021745162822509378e+00
1.021736946295369597e+00
1.021735513204302226e+00
1.021741423706665319e+00
1.021748595950384475e+00
1.021749843302632410e+00
1.021742762782436476e+00
1.021735689447673012e+00
1.021736661648550148e+00
1.021743622095249826e+00
1.021749851115482777e+00
1.021748593725426257e+00
1.021740364267065049e+00
1.021735117393449244e+00
1.021738278677543743e+00
1.021745767799705717e+00
1.021750494429145117e+00
1.021746736930642330e+00
1.021738226998898380e+00
1.021735246238001160e+00
1.021740229376180142e+00
1.021747702683281744e+00
1.021750427048410570e+00
1.021744464695810706e+00
