1.000603444564682754e+00
1.000676653728821641e+00
1.000799321196773839e+00
1.000944954933487452e+00
1.001103135040985581e+00
1.001270427746918212e+00
1.001442323168536763e+00
1.001619794030574884e+00
1.001801753754573587e+00
1.001984417525952686e+00
1.002169605643078665e+00
1.002354457599011983e+00
1.002541109738444236e+00
1.002729621079666789e+00
1.002915833884367114e+00
1.003102996665735214e+00
1.003288737443194911e+00
1.003474779719259358e+00
1.003661775834562508e+00
1.003845103868181488e+00
1.004028813413100352e+00
1.004210997893320023e+00
1.004392513389528396e+00
1.004574551833691487e+00
1.004752227537011544e+00
1.004930058140276472e+00
1.005106616807894593e+00
1.005281695936394160e+00
1.005457052622285907e+00
1.005627774319663992e+00
1.005798562120181261e+00
1.005968462927258500e+00
1.006136138674049940e+00
1.006303945089439100e+00
1.006467165108555051e+00
1.006630401286715548e+00
1.006793155241324289e+00
1.006952989173401924e+00
1.007112875067342816e+00
1.007268477000234252e+00
1.007424020712735402e+00
1.007579443154013488e+00
1.007731318544716093e+00
1.007883223778182735e+00
1.008031340586520663e+00
1.008179257002490115e+00
1.008327335811730396e+00
1.008471339529466437e+00
1.008615400350802549e+00
1.008756300627394742e+00
1.008896763562044274e+00
1.009037584081552197e+00
1.009173934919225246e+00
1.009310409686646537e+00
1.009444423941879387e+00
1.009577658046162174e+00
1.009711362001343149e+00
1.009840365592475697e+00
1.009969583796561654e+00
1.010097056952769412e+00
1.010223306000638033e+00
1.010350071383405934e+00
1.010472090423941482e+00
1.010594416408054697e+00
1.010715678429985775e+00
1.010835190913088377e+00
1.010955224102916272e+00
1.011070656924037969e+00
1.011186463480049369e+00
1.011301812949371159e+00
1.011414838621856882e+00
1.011528372560186684e+00
1.011637635889754749e+00
1.011747285116318285e+00
1.011856982263250604e+00
1.011963774889844903e+00
1.012071068985981537e+00
1.012174582738586182e+00
1.012278412868160338e+00
1.012382679623262671e+00
1.012483502395494561e+00
1.012584841369864819e+00
1.012683014701492468e+00
1.012781332284908853e+00
1.012880357502469630e+00
1.012975488540055258e+00
1.013071178705643671e+00
1.013164397435255326e+00
1.013257474484437370e+00
1.013351422745306429e+00
1.013441158871380088e+00
1.013531521435899307e+00
1.013620137370497831e+00
1.013708212963469357e+00
1.013797235421950438e+00
1.013881893066559181e+00
1.013967254894293291e+00
1.014051577719991215e+00
1.014134863328232772e+00
1.014219109058697388e+00
1.014299021763942488e+00
1.014379704644988944e+00
1.014459996980151546e+00
1.014538684520426726e+00
1.014618310858342864e+00
1.014693823447011090e+00
1.014770133264021990e+00
1.014846609290746215e+00
1.014920880717097296e+00
1.014996061251053572e+00
1.015067521242578596e+00
1.015139738495915100e+00
1.015212566330160993e+00
1.015282603500557101e+00
1.015353532685655313e+00
1.015421279934300536e+00
1.015489652903229345e+00
1.015558960545733802e+00
1.015624954121878698e+00
1.015691847936492698e+00
1.015756203676250191e+00
1.015820945104268347e+00
1.015886829451947193e+00
1.015948985713482244e+00
1.016012078321662404e+00
1.016073334825559282e+00
1.016134622501217777e+00
1.016197160532771537e+00
1.016255705212818716e+00
1.016315242150810150e+00
1.016373654089804957e+00
1.016431635148985713e+00
1.016490896091214013e+00
1.016546074677429301e+00
1.016602303573160837e+00
1.016658081950972070e+00
1.016712880246716910e+00
1.016768937346061108e+00
1.016821011727726098e+00
1.016874171911315017e+00
1.016927481202165140e+00
1.016979206739001551e+00
1.017032147255461094e+00
1.017081389078704934e+00
1.017131701593612769e+00
1.017182660435762998e+00
1.017231419670134418e+00
1.017281351896720309e+00
1.017328033428048784e+00
1.017375692878937699e+00
1.017424378370810123e+00
1.017470284125744584e+00
1.017517340600882836e+00
1.017561724205371609e+00
1.017606893588899108e+00
1.017653348889149267e+00
1.017696528695404945e+00
1.017740865272267481e+00
1.017783192738828557e+00
1.017826001946829706e+00
1.017870246510335530e+00
1.017910848354591113e+00
1.017952639350613087e+00
1.017993122251443783e+00
1.018033670395235291e+00
1.018075711829589558e+00
1.018113906565970783e+00
1.018153336755195149e+00
1.018192148859616175e+00
1.018230510036680192e+00
1.018270356303328628e+00
1.018306336368735909e+00
1.018343591017037753e+00
1.018380863547755588e+00
1.018417095241523018e+00
1.018454765813438190e+00
1.018488740350648847e+00
1.018523994760836215e+00
1.018559815017252124e+00
1.018593968034997133e+00
1.018629502696422051e+00
1.018661689660732561e+00
1.018695099746685484e+00
1.018729513329833747e+00
1.018761642049397231e+00
1.018795106287456953e+00
1.018825722499574482e+00
1.018857417734153170e+00
1.018890434281307877e+00
1.018920605974571014e+00
1.018952092338817117e+00
1.018981342674342372e+00
1.019011422381745247e+00
1.019043024356421911e+00
1.019071326464735083e+00
1.019100951801996224e+00
1.019129018752901406e+00
1.019157552208349582e+00
1.019187705922321108e+00
1.019214250371269115e+00
1.019242149402860953e+00
1.019269184139056872e+00
1.019296214389621813e+00
1.019324882114227115e+00
1.019349806077782361e+00
1.019376122290009512e+00
1.019402238146529971e+00
1.019427788971344784e+00
1.019454940791924002e+00
1.019478403740250894e+00
1.019503278929409618e+00
1.019528547995961265e+00
1.019552633052102975e+00
1.019578257084642114e+00
1.019600434427819557e+00
1.019623998418284216e+00
1.019648451633524910e+00
1.019671084614790058e+00
1.019695194361619928e+00
1.019716268448324747e+00
1.019738630455464978e+00
1.019762261303771789e+00
1.019783465865562011e+00
1.019806103827021415e+00
1.019826253382314585e+00
1.019847496225259498e+00
1.019870267790429441e+00
1.019890086041160160e+00
1.019911323180676233e+00
1.019930712415405782e+00
1.019950890342452565e+00
1.019972745102347034e+00
1.019991243614601473e+00
1.020011174828808542e+00
1.020029943426351782e+00
1.020049083777772037e+00
1.020069955168491305e+00
1.020087227723060153e+00
1.020105964014736522e+00
1.020124219045018821e+00
1.020142327441108776e+00
1.020162151942369810e+00
1.020178318588342403e+00
1.020195977094958906e+00
1.020213787678439621e+00
1.020230855972036554e+00
1.020249584329974368e+00
1.020264786800335166e+00
1.020281480123791384e+00
1.020298875407409156e+00
1.020314891333101492e+00
1.020332497584333531e+00
1.020346891583049809e+00
1.020362717948477327e+00
1.020379688669378782e+00
1.020394645967929392e+00
1.020411133168551476e+00
1.020424878449419204e+00
1.020439914076033627e+00
1.020456417667841009e+00
1.020470325445809623e+00
1.020485727416651223e+00
1.020498976826534898e+00
1.020513271542960343e+00
1.020529240381034430e+00
1.020542130559503047e+00
1.020556509480756047e+00
1.020569398209079104e+00
1.020582974850306135e+00
1.020598326861614780e+00
1.020610258766310174e+00
1.020623699015863473e+00
1.020636335202309786e+00
1.020649192775656910e+00
1.020663843308936558e+00
1.020674904762239876e+00
1.020687503908665805e+00
1.020699961567693936e+00
1.020712081667008775e+00
1.020725955296135634e+00
1.020736259984194705e+00
1.020748118237895241e+00
1.020760433213835583e+00
1.020771788769527788e+00
1.020784829643210712e+00
1.020794511006847038e+00
1.020805720638939817e+00
1.020817890034073194e+00
1.020828455246532540e+00
1.020840634728895413e+00
1.020849837083980471e+00
1.020860473306545391e+00
1.020872458524490378e+00
1.020882218736233860e+00
1.020893539399978733e+00
1.020902407339148610e+00
1.020912521901578218e+00
1.020924255110041035e+00
1.020933215404224992e+00
1.020943710903042367e+00
1.020952378204202482e+00
1.020961996537591787e+00
1.020973389985825763e+00
1.020981581437685026e+00
1.020991312333432655e+00
1.020999891595278708e+00
1.021009013805737942e+00
1.021019971070933785e+00
1.021027453823796449e+00
1.021036499996315294e+00
1.021045074078946291e+00
1.021053679547564430e+00
1.021064107492591910e+00
1.021070970185763427e+00
1.021079420925300463e+00
1.021088037053105246e+00
1.021096091935180805e+00
1.021105912002068461e+00
1.021112267525401407e+00
1.021120210725961153e+00
1.021128877852291339e+00
1.021136344440356947e+00
1.021145501925035282e+00
1.021151479954035102e+00
1.021158991938711180e+00
1.021167681689237661e+00
1.021174528430320860e+00
1.021182998598362035e+00
1.021188735783294943e+00
1.021195873178257552e+00
1.021204524373936717e+00
1.021210735296062655e+00
1.021218525586434112e+00
1.021224154545149698e+00
1.021230949293499224e+00
1.021239475699984967e+00
1.021245058082455248e+00
1.021252206156565423e+00
1.021257844514549706e+00
1.021264302640629840e+00
1.021272603219073982e+00
1.021277592525014599e+00
1.021284160479140279e+00
1.021289901128977107e+00
1.021296005315240452e+00
1.021303975909892081e+00
1.021308437292497207e+00
1.021314502879448360e+00
1.021320406448861240e+00
1.021326121968094469e+00
1.021333667124764588e+00
1.021337693218530074e+00
1.021343339338223855e+00
1.021349429615605153e+00
1.021354712750429439e+00
1.021361756275244614e+00
1.021365461454456725e+00
1.021370765407557002e+00
1.021377028205593396e+00
1.021381836025717638e+00
1.021388328998324990e+00
1.021391840750279334e+00
1.021396864764430035e+00
1.021403250406838881e+00
1.021407550663257835e+00
1.021413475911878477e+00
1.021416924338474974e+00
1.021421708666911732e+00
1.021428137950372239e+00
1.021431917862362315e+00
1.021437290356133065e+00
1.021440797016472501e+00
1.021445356507342916e+00
1.021451729624587967e+00
1.021455002460117001e+00
1.021459865616138440e+00
1.021463532940346308e+00
1.021467857453237649e+00
1.021474064997800024e+00
1.021476873578108790e+00
1.021481292037679900e+00
1.021485194415260533e+00
1.021489252913992729e+00
1.021495187781729097e+00
1.021497604381633506e+00
1.021501654298141659e+00
1.021505831730862734e+00
1.021509579401231882e+00
1.021515148224015679e+00
1.021517270777032804e+00
1.021521029001257741e+00
1.021525483956484681e+00
1.021528871348681866e+00
1.021534004090571379e+00
1.021535949087785111e+00
1.021539482779502794e+00
1.021544180600933993e+00
1.021547163601485675e+00
1.021551820135830457e+00
1.021553713040900702e+00
1.021557071152530360e+00
1.021561944074557138e+00
1.021564493459675482e+00
1.021568666311527096e+00
1.021570630613946484e+00
1.021573838393105671e+00
1.021578792855697859e+00
1.021580902242770428e+00
1.021584615178330768e+00
1.021586761326144677e+00
1.021589818519998971e+00
1.021594745109249747e+00
1.021596436292792287e+00
1.021599738996471274e+00
1.021602154398379314e+00
1.021605037297605101e+00
1.021609822289296643e+00
1.021611147225352401e+00
1.021614106842482883e+00
1.021616847957995455e+00
1.021619514889372748e+00
1.021624052114205039e+00
1.021625091203527180e+00
1.021627781960774417e+00
1.021630869262236230e+00
1.021633268709585485e+00
1.021637470349832544e+00
1.021638327135207192e+00
1.021640819513032428e+00
1.021644235838278458e+00
1.021646316088541173e+00
1.021650121093849783e+00
1.021650913958607187e+00
1.021653264936970729e+00
1.021656957460178372e+00
1.021658676540543320e+00
1.021662055619203535e+00
1.021662907458932068e+00
1.021665153177646612e+00
1.021669038898486814e+00
1.021670373571023749e+00
1.021673330142893077e+00
1.021674357206658890e+00
1.021676509003291322e+00
1.021680483291686148e+00
1.021681435982423780e+00
1.021684003013211273e+00
1.021685304151970453e+00
1.021687348429550557e+00
1.021691295794671106e+00
1.021691898549359490e+00
1.021694131746085255e+00
1.021695779195596510e+00
1.021697681022551984e+00
1.021701486957030003e+00
1.021701801841474966e+00
1.021703770191351612e+00
1.021705802812215014e+00
1.021707512662553219e+00
1.021711075212317521e+00
1.021711191001678509e+00
1.021712966003848866e+00
1.021715385651141395e+00
1.021716848323450666e+00
1.021720088002556537e+00
1.021720113482803782e+00
1.021721758595467877e+00
1.021724530015002408e+00
1.021725694552811259e+00
1.021728561384288136e+00
1.021728616034674353e+00
1.021730177808500617e+00
1.021733232151058601e+00
1.021734061516016645e+00
1.021736538323285926e+00
1.021736741470927967e+00
1.021738243568415694e+00
1.021741485269057836e+00
1.021741964568198879e+00
1.021744066124603334e+00
1.021744525807000370e+00
1.021745966661835592e+00
1.021749283060593871e+00
1.021749425284189883e+00
1.021751193483356523e+00
1.021751996224470993e+00
1.021753350555218542e+00
1.021756623280711818e+00
1.021756471769588615e+00
1.021757967524879351e+00
1.021759170072118028e+00
1.021760393927912070e+00
1.021763510790447915e+00
1.021763138023847661e+00
1.021764431057985423e+00
1.021766054898605836e+00
1.021767093467649712e+00
1.021769959475888445e+00
1.021769462228565351e+00
1.021770620203847901e+00
1.021772649417586720e+00
1.021773446524911533e+00
1.021775992691309254e+00
1.021775484084825214e+00
1.021776562602420002e+00
1.021778945320076959e+00
1.021779453389993098e+00
1.021781642233551946e+00
1.021781241609011293e+00
1.021782276456630223e+00
1.021784929872322945e+00
1.021785119114930085e+00
1.021786946180242239e+00
1.021786767968907217e+00
1.021787770641912285e+00
1.021790589167779650e+00
1.021790454844945017e+00
1.021791946080021773e+00
1.021792088914061480e+00
1.021793045937491540e+00
1.021795911718847316e+00
1.021795478545598490e+00
1.021796683942429951e+00
1.021797221155446245e+00
1.021798097184068999e+00
1.021800891864311778e+00
1.021800214911912086e+00
1.021801199329068766e+00
1.021802171800931802e+00
1.021802915967379155e+00
1.021805532371553582e+00
1.021804694252983925e+00
1.021805526729509861e+00
1.021806938784226126e+00
1.021807493375832765e+00
1.021809845725117682e+00
1.021808950319775589e+00
1.021809693392114138e+00
1.021811512185380133e+00
1.021811822492927790e+00
1.021813853897221902e+00
1.021813017327638295e+00
1.021813717841351554e+00
1.021815876373629361e+00
1.021815900465450788e+00
1.021817586761478269e+00
1.021816926678585702e+00
1.021817609343951716e+00
1.021820012895936269e+00
1.021819730105234303e+00
1.021821079574854130e+00
1.021820703978769229e+00
1.021821368493698312e+00
1.021823903912027820e+00
1.021823320966182447e+00
1.021824370019487116e+00
1.021824366834653164e+00
1.021824988865956074e+00
1.021827535766535622e+00
1.021826689734293581e+00
1.021827495194030710e+00
1.021827923673407579e+00
1.021828459444624304e+00
1.021830902110867356e+00
1.021829859700914778e+00
1.021830488795085756e+00
1.021831373606070237e+00
1.021831767376677469e+00
1.021834005974687098e+00
1.021832859167952190e+00
1.021833378652832636e+00
1.021834707239325013e+00
1.021834900634500443e+00
1.021836860391643675e+00
1.021835718868676413e+00
1.021836184813591508e+00
1.021837908345458956e+00
1.021837850324036623e+00
1.021839487534860869e+00
1.021838468777659825e+00
1.021838918424654130e+00
1.021840956329227890e+00
1.021840612544267390e+00
1.021841916657698190e+00
1.021841134878855195e+00
1.021841581661693255e+00
1.021843829377312218e+00
1.021843189765158755e+00
1.021844181318894984e+00
1.021843736461756968e+00
1.021844168785972062e+00
1.021846508005789245e+00
1.021845591625381688e+00
1.021846316354589668e+00
1.021846284334407606e+00
1.021846668171131789e+00
1.021848978506951777e+00
1.021847834946044475e+00
1.021848354920181334e+00
1.021848780091758391e+00
1.021849064919814420e+00
1.021851235676565661e+00
1.021849942743115580e+00
1.021850325796219927e+00
1.021851216392583028e+00
1.021851343614549545e+00
1.021853284284303554e+00
1.021851942173006123e+00
1.021852251124027999e+00
1.021853578141875829e+00
1.021853490840908041e+00
1.021855139033360560e+00
1.021853861621802029e+00
1.021854144793209240e+00
1.021855844504730104e+00
1.021855497299976712e+00
1.021856823122515134e+00
1.021855727415422077e+00
1.021856011745020609e+00
1.021857991682107336e+00
1.021857359459212411e+00
1.021858365809948932e+00
1.021857560746080029e+00
1.021857848382811351e+00
1.021859996273259075e+00
1.021859080692992361e+00
1.021859799473194608e+00
1.021859375324272179e+00
1.021859644075572726e+00
1.021861838845810722e+00
1.021860671765892681e+00
1.021861156574990215e+00
1.021861176037229146e+00
1.021861383488321895e+00
1.021863507143403016e+00
1.021862150431228633e+00
1.021862466793921342e+00
1.021862958658358966e+00
1.021863049305070881e+00
1.021864998319388373e+00
1.021863539972236667e+00
1.021863754487758902e+00
1.021864710520980157e+00
1.021864624911052122e+00
1.021866319761245645e+00
1.021864866730482380e+00
1.021865036673719196e+00
1.021866412061136486e+00
1.021866096746546049e+00
1.021867488409319735e+00
1.021866156957180305e+00
1.021866321774525854e+00
1.021868039167007414e+00
1.021867456218995107e+00
1.021868528825085720e+00
1.021867433539724201e+00
1.021867609380485042e+00
1.021869566235249494e+00
1.021868701140368207e+00
1.021869470474942920e+00
1.021868713185630329e+00
1.021868891143677960e+00
1.021870969678525531e+00
1.021869836605377557e+00
1.021870344704410405e+00
1.021870004485059713e+00
1.021870152679740240e+00
1.021872231412809917e+00
1.021870875118630062e+00
1.021871181747333157e+00
1.021871307023804576e+00
1.021871376121213704e+00
1.021873341711656780e+00
1.021871835745913781e+00
1.021872007977127295e+00
1.021872611518161111e+00
1.021872542866573585e+00
1.021874300865424301e+00
1.021872742193452144e+00
1.021872843563096378e+00
1.021873900869242124e+00
1.021873636142001551e+00
1.021875119343553795e+00
1.021873619984355663e+00
1.021873700744279301e+00
1.021875152057459601e+00
1.021874643168024122e+00
1.021875816523542868e+00
1.021874493178856369e+00
1.021874582984148683e+00
1.021876338812382157e+00
1.021875556868691914e+00
1.021876418356338467e+00
1.021875381229502278e+00
1.021875485216053203e+00
1.021877434904671311e+00
1.021876377082175491e+00
1.021876954461666376e+00
1.021876296503453574e+00
1.021876395199460719e+00
1.021878417711751030e+00
1.021877111141478611e+00
1.021877455081911190e+00
1.021877242788131745e+00
1.021877295753488291e+00
1.021879271507381892e+00
1.021877773602866135e+00
1.021877948173075534e+00
1.021878214852972366e+00
1.021878167447528796e+00
1.021879989856687043e+00
1.021878384931410810e+00
1.021878456806784019e+00
1.021879198990566895e+00
1.021878991305069651e+00
1.021880576644614180e+00
1.021878969150702643e+00
1.021878997060113425e+00
1.021880174438104971e+00
1.021879751207979581e+00
1.021881045589813297e+00
1.021879550753103105e+00
1.021879576634406206e+00
1.021881115613998858e+00
1.021880435867178250e+00
1.021881418455973023e+00
1.021880151402381864e+00
1.021880194460446756e+00
1.021881995082240646e+00
1.021881040323783907e+00
1.021881722409448301e+00
1.021880787019381343e+00
1.021880841432821541e+00
1.021882787016340721e+00
1.021881566909503603e+00
1.021881987007669634e+00
1.021881465702556335e+00
1.021881502184824431e+00
1.021883470720173825e+00
1.021882025487707679e+00
1.021882241184519202e+00
1.021882186689720085e+00
1.021882157574318883e+00
1.021884033602920461e+00
1.021882432746247904e+00
1.021882510454551696e+00
1.021882940353291858e+00
1.021882787427873307e+00
1.021884473025567175e+00
1.021882810418015763e+00
1.021882814498392245e+00
1.021883709129245421e+00
1.021883373141398321e+00
1.021884796671346685e+00
1.021883182557510095e+00
1.021883165332162502e+00
1.021884469295053943e+00
1.021883899903865967e+00
1.021885021452903386e+00
1.021883572286637287e+00
1.021883566321476922e+00
1.021885193534541880e+00
1.021884358467853193e+00
1.021885171292657546e+00
1.021883998592648446e+00
1.021884012265840802e+00
1.021885854156068918e+00
1.021884746431051649e+00
1.021885274265239119e+00
1.021884473730128917e+00
1.021884490606200346e+00
1.021886426646201551e+00
1.021885068913100936e+00
1.021885359547772820e+00
1.021885001578132002e+00
1.021884983556275994e+00
1.021886893031968224e+00
1.021885338412925170e+00
1.021885454477215793e+00
1.021885577055385852e+00
1.021885470754868130e+00
1.021887244430655262e+00
1.021885573641388767e+00
1.021885581897023609e+00
1.021886186529511686e+00
1.021885931987827068e+00
1.021887482282049397e+00
1.021885797300682075e+00
1.021885757963803210e+00
1.021886809118429884e+00
1.021886349642840752e+00
1.021887618064206249e+00
1.021886033066456090e+00
1.021885990646421494e+00
1.021887418815082604e+00
1.021886710740543602e+00
1.021887671659146513e+00
1.021886302280516468e+00
1.021886279179465395e+00
1.021887987357770644e+00
1.021887008500414362e+00
1.021887668796070070e+00
1.021886620949213231e+00
1.021886614638198409e+00
1.021888487644014187e+00
1.021887243381906618e+00
1.021887638063111670e+00
1.021886997527927221e+00
1.021886981582061704e+00
1.021888897275066377e+00
1.021887423436772080e+00
1.021887607874953474e+00
1.021887431733133900e+00
1.021887360465960404e+00
1.021889201641878575e+00
1.021887563742665650e+00
1.021887603634815900e+00
1.021887914397751729e+00
1.021887730373407965e+00
1.021889395953813118e+00
1.021887684769208882e+00
1.021887645254560884e+00
1.021888428274823069e+00
1.021888071653300756e+00
1.021889485819283960e+00
1.021887809764513655e+00
1.021887745226540911e+00
1.021888949699562232e+00
1.021888368201119945e+00
1.021889486339525366e+00
1.021887961539712286e+00
1.021887907503069126e+00
1.021889451048425768e+00
1.021888609291952799e+00
1.021889420015231753e+00
1.021888159222080539e+00
1.021888127422465598e+00
1.021889903879033445e+00
1.021888790932268254e+00
1.021889313946341860e+00
1.021888415545032736e+00
1.021888392765485598e+00
1.021890282463011390e+00
1.021888916630040001e+00
1.021889196785880305e+00
1.021888735060009656e+00
1.021888685777887940e+00
1.021890567210089085e+00
1.021888997378187947e+00
1.021889095768381051e+00
1.021889113405072047e+00
1.021888985776858716e+00
1.021890747364029517e+00
1.021889050634984697e+00
1.021889034005719843e+00
1.021889537581450957e+00
1.021889271885885186e+00
1.021890822436071433e+00
1.021889098239408877e+00
1.021889028216401929e+00
1.021889987134965816e+00
1.021889525538450361e+00
1.021890802127249920e+00
1.021889163476458418e+00
1.021889087111467198e+00
1.021890436168796601e+00
1.021889732570261833e+00
1.021890704858241961e+00
1.021889267772896570e+00
1.021889210700867689e+00
1.021890856117287694e+00
1.021889884850119667e+00
1.021890555309068915e+00
1.021889427618975832e+00
1.021889390709225687e+00
1.021891219102927240e+00
1.021889981399741298e+00
1.021890381462863484e+00
1.021889652222619294e+00
1.021889612083120014e+00
1.021891501494071264e+00
1.021890028853801091e+00
1.021890211561273354e+00
1.021889942173003885e+00
1.021889855320035956e+00
1.021891687091176504e+00
1.021890041032288643e+00
1.021890071228254815e+00
1.021890289155046538e+00
1.021890099183329514e+00
1.021891769331040090e+00
1.021890037454728173e+00
1.021889980929573838e+00
1.021890676627078332e+00
1.021890323371178244e+00
1.021891752077942694e+00
1.021890040845075731e+00
1.021889953953116326e+00
1.021891081366948395e+00
1.021890510854661649e+00
1.021891648911029904e+00
1.021890073967231860e+00
1.021889995159620090e+00
1.021891475824247220e+00
1.021890649773804061e+00
1.021891481167722215e+00
1.021890156345488521e+00
1.021890100753055641e+00
1.021891831177430099e+00
1.021890734858668992e+00
1.021891275210806249e+00
1.021890301450923522e+00
1.021890259183619420e+00
1.021892120836937146e+00
1.021890768289557716e+00
1.021891059392815659e+00
1.021890514771362390e+00
1.021890453054803416e+00
1.021892323919749934e+00
1.021890759802964954e+00
1.021890861059895128e+00
1.021890792933015213e+00
1.021890661675721734e+00
1.021892428081678350e+00
1.021890725819138090e+00
1.021890703800620859e+00
1.021891123843019056e+00
1.021890863802631833e+00
1.021892431147873204e+00
1.021890687498312467e+00
1.021890605102993899e+00
1.021891487750252514e+00
1.021891040188905198e+00
1.021892341244859503e+00
1.021890667899406857e+00
1.021890574633117055e+00
1.021891859145714232e+00
1.021891175738363078e+00
1.021892175503285483e+00
1.021890688691285964e+00
1.021890613399035530e+00
1.021892209437238908e+00
1.021891261201012036e+00
1.021891957704566867e+00
1.021890767008434509e+00
1.021890714007682943e+00
1.021892510242885521e+00
1.021891294369323022e+00
1.021891715365221387e+00
1.021890912980772725e+00
1.021890862031246794e+00
1.021892736951259373e+00
1.021891280641992417e+00
1.021891476685480971e+00
1.021891128249960534e+00
1.021891038245725802e+00
1.021892871996516350e+00
1.021891232732085042e+00
1.021891267638468603e+00
1.021891405541683451e+00
1.021891221319732868e+00
1.021892907230141478e+00
1.021891169330766402e+00
1.021891109373106232e+00
1.021891729215964828e+00
1.021891390510645703e+00
1.021892844921365118e+00
1.021891112737740581e+00
1.021891016108288142e+00
1.021892076696758078e+00
1.021891528058098020e+00
1.021892697243873105e+00
1.021891085759180751e+00
1.021890993760373068e+00
1.021892420716058902e+00
1.021891621143113271e+00
1.021892484465773521e+00
1.021891108407426030e+00
1.021891039560695047e+00
1.021892732283824046e+00
1.021891663377410442e+00
1.021892232293742264e+00
1.021891194992353036e+00
1.021891142803065922e+00
1.021892984152556361e+00
1.021891655750256200e+00
1.021891968854920396e+00
1.021891352052947788e+00
1.021891286628631601e+00
1.021893154330621112e+00
1.021891606852745049e+00
1.021891721680369569e+00
1.021891577331548007e+00
1.021891450515436395e+00
1.021893229040178763e+00
1.021891532150865256e+00
1.021891514910208354e+00
1.021891859780595713e+00
1.021891613019461076e+00
1.021893204539245925e+00
1.021891452186272531e+00
1.021891366882739405e+00
