1.000603444564682754e+00
1.000678148883550556e+00
1.000802797476377126e+00
1.000950357316705563e+00
1.001109279949000674e+00
1.001271580691826424e+00
1.001437680250484963e+00
1.001612690604981815e+00
1.001796065592249985e+00
1.001983242704847177e+00
1.002168650891709811e+00
1.002348306580791215e+00
1.002526865763406327e+00
1.002711684351440979e+00
1.002902387509248205e+00
1.003094031645242135e+00
1.003280673089479436e+00
1.003459338437834303e+00
1.003636450050743978e+00
1.003819555905479000e+00
1.004007602254551434e+00
1.004195174384863165e+00
1.004376056113988058e+00
1.004548257318431670e+00
1.004719442621712755e+00
1.004896774336992316e+00
1.005078400828095742e+00
1.005258519556421870e+00
1.005430815509029241e+00
1.005594384977614997e+00
1.005757841246010642e+00
1.005927661183107835e+00
1.006101207749836135e+00
1.006272364564428923e+00
1.006434874730328000e+00
1.006589014010092598e+00
1.006744093104682936e+00
1.006905708353400763e+00
1.007070495060527149e+00
1.007232084502270197e+00
1.007384424508011245e+00
1.007529032042166595e+00
1.007675672052551263e+00
1.007828931187604971e+00
1.007984795353099372e+00
1.008136695670106331e+00
1.008278926066084491e+00
1.008414271773842685e+00
1.008552713538529266e+00
1.008697751585323488e+00
1.008844808031305940e+00
1.008987159684420432e+00
1.009119585034566224e+00
1.009246130083625737e+00
1.009376760506888182e+00
1.009513857408889548e+00
1.009652363456188251e+00
1.009785444302787605e+00
1.009908499052547537e+00
1.010026793145552659e+00
1.010150057769928056e+00
1.010279559090888402e+00
1.010409837915756004e+00
1.010533993384566731e+00
1.010648177642230250e+00
1.010758801391899109e+00
1.010875157298631644e+00
1.010997431018196835e+00
1.011119829364227396e+00
1.011235435138207350e+00
1.011341279537736337e+00
1.011444813022667866e+00
1.011554704976369568e+00
1.011670118958388542e+00
1.011784984886254124e+00
1.011892428339445926e+00
1.011990475148952573e+00
1.012087481074721129e+00
1.012191330490838315e+00
1.012300241267577228e+00
1.012407913165075835e+00
1.012507585017168754e+00
1.012598377708023634e+00
1.012689392328757654e+00
1.012787592918097834e+00
1.012890340309896775e+00
1.012991141963275776e+00
1.013083433071401585e+00
1.013167509929465027e+00
1.013253037969323200e+00
1.013345954651259540e+00
1.013442859219757297e+00
1.013537098057298413e+00
1.013622398517406653e+00
1.013700288021972540e+00
1.013780799720571668e+00
1.013868769046506024e+00
1.013960130878258425e+00
1.014048097901695922e+00
1.014126797005593827e+00
1.014199013953209327e+00
1.014274943400359730e+00
1.014358274642852553e+00
1.014444372793713800e+00
1.014526343491529703e+00
1.014598829851396378e+00
1.014665871853518864e+00
1.014737616280269261e+00
1.014816592801385919e+00
1.014897685148389517e+00
1.014973921064707962e+00
1.015040582601579144e+00
1.015102926877087253e+00
1.015170846765228507e+00
1.015245727483545135e+00
1.015322050911094953e+00
1.015392801695905511e+00
1.015454025361840262e+00
1.015512125849485248e+00
1.015576545767293393e+00
1.015647566627091214e+00
1.015719337536300726e+00
1.015784843342380839e+00
1.015841014518297891e+00
1.015895299356321280e+00
1.015956509416467535e+00
1.016023884797739418e+00
1.016091299940038217e+00
1.016151794028007371e+00
1.016203295572362997e+00
1.016254164988128039e+00
1.016312422800540238e+00
1.016376346828901767e+00
1.016439584461395818e+00
1.016495295862586801e+00
1.016542506808731483e+00
1.016590331453168572e+00
1.016645864430013368e+00
1.016706512163932485e+00
1.016765733517870807e+00
1.016816889600517637e+00
1.016860183522269478e+00
1.016905303277760186e+00
1.016958311144533722e+00
1.017015839635853514e+00
1.017071190684047277e+00
1.017118019476067836e+00
1.017157762562643342e+00
1.017200485847189473e+00
1.017251143222422272e+00
1.017305692463814193e+00
1.017357305967134362e+00
1.017400038107849403e+00
1.017436587008963444e+00
1.017477190591260072e+00
1.017525649514975372e+00
1.017577343303323723e+00
1.017625341108781667e+00
1.017664211329439183e+00
1.017697910847401577e+00
1.017736640174910168e+00
1.017783032489883333e+00
1.017831979246636154e+00
1.017876474798999453e+00
1.017911722864481172e+00
1.017942903581525504e+00
1.017979973606621291e+00
1.018024413123672200e+00
1.018070706721420082e+00
1.018111807736706620e+00
1.018143678814683817e+00
1.018172654750270745e+00
1.018208251219092864e+00
1.018250835625314377e+00
1.018294556273897644e+00
1.018332367507346792e+00
1.018361111963267396e+00
1.018388178357715779e+00
1.018422459504550348e+00
1.018463271998909514e+00
1.018504487243999002e+00
1.018539113269055107e+00
1.018564985913257948e+00
1.018590417230892609e+00
1.018623515800280765e+00
1.018662626462643495e+00
1.018701392344920631e+00
1.018732940245891117e+00
1.018756199081529479e+00
1.018780247318755272e+00
1.018812272820826204e+00
1.018849739737218929e+00
1.018886102151291162e+00
1.018914684023399353e+00
1.018935588560605066e+00
1.018958481932196181e+00
1.018989523026418320e+00
1.019025393205496677e+00
1.019059389485044154e+00
1.019085124634076411e+00
1.019103933847578025e+00
1.019125875908486245e+00
1.019156002808965233e+00
1.019190312933043074e+00
1.019221973673244186e+00
1.019244990414303276e+00
1.019261960429810321e+00
1.019283129670521149e+00
1.019312396472799698e+00
1.019345173532607118e+00
1.019374524643341218e+00
1.019394961614418449e+00
1.019410343214625758e+00
1.019430893146313855e+00
1.019459339990635760e+00
1.019490601857010681e+00
1.019517666821474045e+00
1.019535673751037264e+00
1.019549709795801729e+00
1.019569769518096081e+00
1.019597424525207519e+00
1.019627180513496878e+00
1.019651982807279644e+00
1.019667720703057556e+00
1.019680643560251898e+00
1.019700318780378145e+00
1.019727199720225075e+00
1.019755451203844476e+00
1.019778016810128252e+00
1.019791657565365384e+00
1.019803686648652175e+00
1.019823061097428152e+00
1.019849176775342148e+00
1.019875917903074303e+00
1.019896277841679133e+00
1.019908003282253617e+00
1.019919342788852212e+00
1.019938479958118593e+00
1.019963831324690817e+00
1.019989049891170785e+00
1.020007242664557445e+00
1.020017243083336078e+00
1.020028080018066552e+00
1.020047025127666318e+00
1.020071606135889208e+00
1.020095284646055367e+00
1.020111358496251786e+00
1.020119830738976052e+00
1.020130333300119707e+00
1.020149115392452677e+00
1.020172913638567991e+00
1.020195030594774899e+00
1.020209045463601916e+00
1.020216190643702170e+00
1.020226507031502639e+00
1.020245141089582308e+00
1.020268138283021431e+00
1.020288669708559581e+00
1.020300698800773898e+00
1.020306719729700440e+00
1.020316977420053117e+00
1.020335466411515846e+00
1.020357638725412075e+00
1.020376559921034598e+00
1.020386690786077244e+00
1.020391789212091505e+00
1.020402094716814867e+00
1.020420431480877355e+00
1.020441749838754353e+00
1.020459037350145648e+00
1.020467372421596464e+00
1.020471746174209215e+00
1.020482185286117005e+00
1.020500354201098636e+00
1.020520784557840344e+00
1.020536418312472327e+00
1.020543074872312772e+00
1.020546915011846467e+00
1.020557553508742998e+00
1.020575531901648292e+00
1.020595035577451792e+00
1.020609001129805904e+00
1.020614110693865761e+00
1.020617598765554135e+00
1.020628483523638330e+00
1.020646242807264237e+00
1.020664776931332840e+00
1.020677067737298493e+00
1.020680774885649456e+00
1.020684080374632430e+00
1.020695240820272520e+00
1.020712747364767026e+00
1.020730265480335852e+00
1.020740885106535156e+00
1.020743345805867452e+00
1.020746623882683668e+00
1.020758073694200796e+00
1.020775289457260371e+00
1.020791742330858565e+00
1.020800706494853660e+00
1.020802085978024243e+00
1.020805475613412172e+00
1.020817214573330745e+00
1.020834097525984863e+00
1.020849434191710037e+00
1.020856772526617773e+00
1.020857242807735599e+00
1.020860865320691202e+00
1.020872881215638461e+00
1.020889385609316413e+00
1.020903554663872725e+00
1.020909312107210587e+00
1.020909049219733244e+00
1.020913007304281361e+00
1.020925277775030393e+00
1.020941354301472703e+00
1.020954305448453781e+00
1.020958543170180644e+00
1.020957724221640550e+00
1.020962101476303729e+00
1.020974595733919799e+00
1.020990191633370348e+00
1.021001877456438001e+00
1.021004673263776530e+00
1.021003473404712647e+00
1.021008334365123282e+00
1.021021014708965113e+00
1.021036073884363127e+00
1.021046451809275668e+00
1.021047899993351660e+00
1.021046489400029955e+00
1.021051880050611205e+00
1.021064703147281705e+00
1.021079166342664823e+00
1.021088200728370365e+00
1.021088411346684488e+00
1.021086952316931917e+00
1.021092901033425981e+00
1.021105818939533005e+00
1.021119624038911322e+00
1.021127288319378268e+00
1.021126385935468450e+00
1.021125030193781758e+00
1.021131549046333298e+00
1.021144509979401649e+00
1.021157592477308196e+00
1.021163871260200473e+00
1.021161993185246031e+00
1.021160879486593398e+00
1.021167965815094281e+00
1.021180914694451269e+00
1.021193208380836159e+00
1.021198099398693326e+00
1.021195393498148363e+00
1.021194645609191376e+00
1.021202283770690222e+00
1.021215162563137602e+00
1.021226600453354116e+00
1.021230116259723486e+00
1.021226738401447731e+00
1.021226463523204675e+00
1.021234626707138382e+00
1.021247374621222281e+00
1.021257890146993974e+00
1.021260059455468161e+00
1.021256170685089337e+00
1.021256458362754582e+00
1.021265110374341312e+00
1.021277663953103154e+00
1.021287192413262712e+00
1.021288060991781599e+00
1.021283824527296602e+00
1.021284746071653871e+00
1.021293842996689349e+00
1.021306136162824174e+00
1.021314616413924403e+00
1.021314247468793068e+00
1.021309825610515531e+00
1.021311434031995757e+00
1.021320925715729633e+00
1.021332889825582901e+00
1.021340266172882760e+00
1.021338740184170923e+00
1.021334291238313874e+00
1.021336621670339673e+00
1.021346452966393814e+00
1.021358016929971413e+00
1.021364241159603337e+00
1.021361655158598003e+00
1.021357330472795200e+00
1.021360401036921051e+00
1.021370512806168307e+00
1.021381603328725962e+00
1.021386636803241377e+00
1.021383103110281576e+00
1.021379044316516937e+00
1.021382857359689034e+00
1.021393187220890120e+00
1.021403729216991962e+00
1.021407544940680090e+00
1.021403189405538425e+00
1.021399525959638455e+00
1.021404069575604145e+00
1.021414552427578171e+00
1.021424469650378697e+00
1.021427054199901097e+00
1.021422014005727963e+00
1.021418861102296294e+00
1.021424110836878452e+00
1.021434679185435179e+00
1.021443895102388311e+00
1.021445250314496622e+00
1.021439671420171891e+00
1.021437128347588041e+00
1.021443048982913382e+00
1.021453633115200432e+00
1.021462072046847913e+00
1.021462216359787956e+00
1.021456250665187859e+00
1.021454399647360844e+00
1.021460946964139138e+00
1.021471475019406050e+00
1.021479063541050891e+00
1.021478032900057897e+00
1.021471835225288061e+00
1.021470740775897612e+00
1.021477863205229930e+00
1.021488261195300229e+00
1.021494929782854388e+00
1.021492778041760197e+00
1.021486503015752279e+00
1.021486211807559386e+00
1.021493851902836703e+00
1.021504043738275858e+00
1.021509728620098922e+00
1.021506527398036379e+00
1.021500326354326305e+00
1.021500867581849104e+00
1.021508963264480707e+00
1.021518870843423077e+00
1.021523516000287124e+00
1.021519353981545919e+00
1.021513371959320349e+00
1.021514758149043800e+00
1.021523243705839024e+00
1.021532787121095076e+00
1.021536346357712510e+00
1.021531328050705234e+00
1.021525700996699371e+00
1.021527929196634155e+00
1.021536736028847425e+00
1.021545833944559778e+00
1.021548272940044022e+00
1.021542516935604716e+00
1.021537369196474643e+00
1.021540422458252939e+00
1.021549479600682098e+00
1.021558049841976956e+00
1.021559348075296914e+00
1.021552984863844493e+00
1.021548427048740937e+00
1.021552276102609680e+00
1.021561510544994666e+00
1.021569470932819801e+00
1.021569623374914748e+00
1.021562792796261387e+00
1.021558920075439136e+00
1.021563525093238667e+00
1.021572861945941879e+00
1.021580131394978164e+00
1.021579149863328873e+00
1.021571998272904569e+00
1.021568889160573868e+00
1.021574201505130119e+00
1.021583564057664706e+00
1.021590063938521364e+00
1.021587978023078769e+00
1.021580655265124538e+00
1.021578370914046907e+00
1.021584334785149872e+00
1.021593644510562227e+00
1.021599300259078191e+00
1.021596157749528277e+00
1.021588814032337478e+00
1.021587398044680794e+00
1.021593951950478640e+00
1.021603128511415326e+00
1.021607871448473759e+00
1.021603738219472701e+00
1.021596520990354140e+00
1.021595999725096737e+00
1.021603077730698139e+00
1.021612039044133002e+00
1.021615808349705112e+00
1.021610767689753674e+00
1.021603818607865310e+00
1.021604201940860435e+00
1.021611734670061722e+00
1.021620397086532295e+00
1.021623141852832095e+00
1.021617293250573377e+00
1.021610745353540572e+00
1.021612027823781244e+00
1.021619943212285886e+00
1.021628221861390795e+00
1.021629903133668860e+00
1.021623360560034444e+00
1.021617335714605890e+00
1.021619497971242296e+00
1.021627721788443299e+00
1.021635531134839514e+00
1.021636123836568988e+00
1.021629013580920953e+00
1.021623620298367729e+00
1.021626630749633780e+00
1.021635086920277047e+00
1.021642341563401057e+00
1.021641836197571207e+00
1.021634294330648007e+00
1.021629626014026293e+00
1.021633442573304906e+00
1.021642053340366951e+00
1.021648669077044325e+00
1.021647073098679304e+00
1.021639242645434376e+00
1.021635376318498878e+00
1.021639948145371513e+00
1.021648634122287902e+00
1.021654529274864887e+00
1.021651868042273259e+00
1.021643895954712278e+00
1.021640891501779613e+00
1.021646160646994872e+00
1.021654840811949905e+00
1.021659937806322027e+00
1.021656255039078420e+00
1.021648289063877613e+00
1.021646188987102244e+00
1.021652091868574974e+00
1.021660683556514959e+00
1.021664910715049945e+00
1.021660268413028039e+00
1.021652453951469086e+00
1.021651283627819096e+00
1.021657752287493448e+00
1.021666171236809140e+00
1.021669464731469912e+00
1.021663942538203029e+00
1.021656419596628229e+00
1.021656187992608267e+00
1.021663151108155976e+00
1.021671311618069122e+00
1.021673617510068688e+00
1.021667311532029165e+00
1.021660211859018119e+00
1.021660912638415741e+00
1.021668296286410094e+00
1.021676111537259235e+00
1.021677387812960136e+00
1.021670408931321550e+00
1.021663853432445590e+00
1.021665466373005149e+00
1.021673194559275188e+00
1.021680577140661406e+00
1.021680795641182637e+00
1.021673267372795957e+00
1.021667363884565916e+00
1.021669856505570184e+00
1.021677851493032252e+00
1.021684714174057484e+00
1.021683862310406088e+00
1.021675918289752794e+00
1.021670759781123650e+00
1.021674089077270420e+00
1.021682271551871635e+00
1.021688528313849709e+00
1.021686610462047451e+00
1.021678391626546833e+00
1.021674054879293081e+00
1.021678169058136909e+00
1.021686458180565360e+00
1.021692025516249380e+00
1.021689063998603153e+00
1.021680715566879005e+00
1.021677260365890572e+00
1.021682100496571266e+00
1.021690413892105243e+00
1.021695212357311977e+00
1.021691247935871072e+00
1.021682916273437547e+00
1.021680385115303569e+00
1.021685886613945105e+00
1.021694140355895231e+00
1.021698096340115214e+00
1.021693188174313871e+00
1.021685017644033522e+00
1.021683435948177898e+00
1.021689529847806144e+00
1.021697638491438465e+00
1.021700686154300541e+00
1.021694911203656631e+00
1.021687041099187843e+00
1.021686417881524367e+00
1.021693031858499801e+00
1.021700908581615108e+00
1.021702991883010947e+00
1.021696443764222861e+00
1.021689005422913521e+00
1.021689334369029645e+00
1.021696393520865831e+00
1.021703950423645146e+00
1.021705025158414548e+00
1.021697812491529689e+00
1.021690926678162636e+00
1.021692187533318030e+00
1.021699614922164212e+00
1.021706763531938345e+00
1.021706799267345867e+00
1.021699043566251408e+00
1.021692818210136799e+00
1.021694978388914432e+00
1.021702695379957504e+00
1.021709347396102530e+00
1.021708329204059407e+00
1.021700162381989463e+00
1.021694690736975497e+00
1.021697707048170756e+00
1.021705633482852704e+00
1.021711701783410753e+00
1.021709631661340323e+00
1.021701193233023996e+00
1.021696552513235101e+00
1.021700372896750419e+00
1.021708427147957732e+00
1.021713827063410074e+00
1.021710724948592830e+00
1.021702159018140543e+00
1.021698409542227015e+00
1.021702974724507662e+00
1.021711073685767301e+00
1.021715724527359814e+00
1.021711628828890106e+00
1.021703080957526266e+00
1.021700265811694930e+00
1.021705510803406547e+00
1.021713569867319649e+00
1.021717396678111012e+00
1.021712364276165408e+00
1.021703978326977680e+00
1.021702123533038575e+00
1.021707978914865977e+00
1.021715911997602921e+00
1.021718847474693881e+00
1.021712953165570870e+00
1.021704868223490159e+00
1.021703983373823288e+00
1.021710376340401627e+00
1.021718096008571885e+00
1.021720082525802153e+00
1.021713417919815070e+00
1.021705765383515985e+00
1.021705844681736863e+00
1.021712699836800020e+00
1.021720117589702825e+00
1.021721109232959224e+00
1.021713781137929322e+00
1.021706682075592676e+00
1.021707705701619728e+00
1.021714945617208326e+00
1.021721972370804199e+00
1.021721936884976145e+00
1.021714065229073487e+00
1.021707628081367725e+00
1.021709563784649832e+00
1.021717109352553887e+00
1.021723656161328986e+00
1.021722576701075802e+00
1.021714292064605845e+00
1.021708610765643233e+00
1.021711415582403859e+00
1.021719186197001195e+00
1.021725165236526900e+00
1.021723041814246002e+00
1.021714482651237210e+00
1.021709635221804913e+00
1.021713257212627290e+00
1.021721170831768166e+00
1.021726496648771132e+00
1.021723347183363551e+00
1.021714656821538281e+00
1.021710704469115383e+00
1.021715084382289085e+00
1.021723057517914590e+00
1.021727648536780109e+00
1.021723509425480847e+00
1.021714832938362072e+00
1.021711819676091926e+00
1.021716892458779391e+00
1.021724840152297364e+00
1.021728620407762467e+00
1.021723546568463981e+00
1.021715027616603599e+00
1.021712980389442471e+00
1.021718676490599442e+00
1.021726512329766079e+00
1.021729413375865647e+00
1.021723477735992924e+00
1.021715255475518003e+00
1.021714184757421151e+00
1.021720431190501266e+00
1.021728067424251929e+00
1.021730030350311402e+00
1.021723322787055244e+00
1.021715528942455320e+00
1.021715429745171599e+00
1.021722150901904547e+00
1.021729498706525296e+00
1.021730476173615898e+00
1.021723101936323319e+00
1.021715858129929932e+00
1.021716711343583661e+00
1.021723829570203801e+00
1.021730799513852928e+00
1.021730757711604376e+00
1.021722835378540584e+00
1.021716250800903669e+00
1.021718024771093525e+00
1.021725460734104196e+00
1.021731963476810723e+00
1.021730883893022357e+00
1.021722542930979083e+00
1.021716712424070472e+00
1.021719364661680451e+00
1.021727037541558802e+00
1.021732984794692767e+00
1.021730865690686052e+00
1.021722243697518406e+00
1.021717246306534932e+00
1.021720725226207271e+00
1.021728552785183819e+00
1.021733858538604212e+00
1.021730716032741126e+00
1.021721955750873878e+00
1.021717853780872431e+00
1.021722100372512765e+00
1.021729998947771723e+00
1.021734580955085292e+00
1.021730449634902449e+00
1.021721695829216348e+00
1.021718534420652746e+00
1.021723483774414909e+00
1.021731368251515892e+00
1.021735149744805060e+00
1.021730082752954072e+00
1.021721479049833015e+00
1.021719286263208959e+00
1.021724868889983817e+00
1.021732652713182699e+00
1.021735564298867249e+00
1.021729632866521964e+00
1.021721318652240251e+00
1.021720106027700137e+00
1.021726248941147608e+00
1.021733844217167952e+00
1.021735825885327298e+00
1.021729118315575668e+00
1.021721225791161203e+00
1.021720989325427098e+00
1.021727616875033995e+00
1.021734934624052515e+00
1.021735937785922310e+00
1.021728557915969615e+00
1.021721209401489361e+00
1.021721930863821903e+00
1.021728965328869920e+00
1.021735915930375160e+00
1.021735905384825394e+00
1.021727970577655187e+00
1.021721276150955315e+00
1.021722924643903019e+00
1.021730286614315197e+00
1.021736780485902774e+00
1.021735736207661560e+00
1.021727374940486932e+00
1.021721430483466975e+00
1.021723964144989782e+00
1.021731572726685133e+00
1.021737521260965176e+00
1.021735439903161513e+00
1.021726789031947025e+00
1.021721674741596253e+00
1.021725042484213919e+00
1.021732815374573500e+00
1.021738132143771738e+00
1.021735028156102176e+00
1.021726229943650699e+00
1.021722009345795712e+00
1.021726152536116095e+00
1.021734006020556418e+00
1.021738608240754020e+00
1.021734514521960069e+00
1.021725713522618317e+00
1.021722433004333297e+00
1.021727287001862994e+00
1.021735135926087779e+00
1.021738946154048033e+00
1.021733914181682801e+00
1.021725254079236755e+00
1.021722942932120182e+00
1.021728438427464969e+00
1.021736196201983971e+00
1.021739144217850281e+00
1.021733243626602672e+00
1.021724864123506826e+00
1.021723535065641730e+00
1.021729599182161774e+00
1.021737177875730929e+00
1.021739202685454817e+00
1.021732520294244440e+00
1.021724554149519015e+00
1.021724204270350045e+00
1.021730761416911326e+00
1.021738071993000041e+00
1.021739123866549193e+00
1.021731762181214975e+00
1.021724332490430154e+00
1.021724944541789526e+00
1.021731917024983893e+00
1.021738869769557301e+00
1.021738912216656026e+00
1.021730987457287965e+00
1.021724205260462481e+00
1.021725749200578015e+00
1.021733057621229568e+00
1.021739562800827672e+00
1.021738574377377473e+00
1.021730214096449707e+00
1.021724176388074223e+00
1.021726611075604918e+00
1.021734174546390150e+00
1.021740143322840133e+00
1.021738119160279901e+00
1.021729459530033246e+00
1.021724247729884461e+00
1.021727522663377741e+00
1.021735258892620957e+00
1.021740604505326777e+00
1.021737557463181734e+00
1.021728740319201689e+00
1.021724419243578375e+00
1.021728476248762174e+00
1.021736301541033232e+00
1.021740940750289539e+00
1.021736902108883793e+00
1.021728071842537666e+00
1.021724689193758362e+00
1.021729463976043473e+00
1.021737293203893948e+00
1.021741147969766672e+00
1.021736167603883194e+00
1.021727467999983041e+00
1.021725054368330277e+00
1.021730477868747711e+00
1.021738224472073187e+00
1.021741223823737332e+00
1.021735369826114681e+00
1.021726940943893158e+00
1.021725510291808359e+00
1.021731509808458060e+00
1.021739085878220266e+00
1.021741167909174131e+00
1.021734525661729176e+00
1.021726500856636743e+00
1.021726051431260496e+00
1.021732551492060992e+00
1.021739867992799145e+00
1.021740981899354139e+00
1.021733652616920951e+00
1.021726155797112678e+00
1.021726671395973618e+00
1.021733594389534261e+00
1.021740561569565164e+00
1.021740669635345267e+00
1.021732768429348237e+00
1.021725911633462047e+00
1.021727363131269772e+00
1.021734629719528220e+00
1.021741157748699003e+00
1.021740237168744292e+00
1.021731890695750655e+00
1.021725772067285209e+00
1.021728119101377841e+00
1.021735648450001754e+00
1.021741648312486372e+00
1.021739692748959261e+00
1.021731036521713598e+00
1.021725738740081990e+00
1.021728931449736200e+00
1.021736641320787120e+00
1.021742025975214130e+00
1.021739046743963097e+00
1.021730222191266080e+00
1.021725811400832740e+00
1.021729792121951030e+00
1.021737598879060904e+00
1.021742284680916102e+00
1.021738311484202022e+00
1.021729462851917125e+00
1.021725988108722838e+00
1.021730692939789797e+00
1.021738511519941106e+00
1.021742419882366582e+00
1.021737501026386497e+00
1.021728772215695802e+00
1.021726265448034354e+00
1.021731625623709894e+00
1.021739369531987407e+00
1.021742428781493350e+00
1.021736630845197613e+00
1.021728162286146269e+00
1.021726638740791726e+00
1.021732581773218351e+00
1.021740163157336401e+00
1.021742310521396746e+00
1.021735717472166627e+00
1.021727643130141860e+00
1.021727102252192765e+00
1.021733552823941737e+00
1.021740882683281004e+00
1.021742066328590326e+00
1.021734778107492136e+00
1.021727222716942052e+00
1.021727649389695625e+00
1.021734530003592711e+00
1.021741518582218511e+00
1.021741699607373821e+00
1.021733830229749840e+00
1.021726906842480131e+00
1.021728272896445855e+00
1.021735504304718045e+00
1.021742061709122185e+00
1.021741215985804807e+00
1.021732891220895834e+00
1.021726699145331319e+00
1.021728965034510495e+00
1.021736466482385364e+00
1.021742503552570902e+00
1.021740623307034079e+00
1.021731978013368458e+00
1.021726601206242702e+00
1.021729717746734822e+00
1.021737407074430060e+00
1.021742836521952746e+00
1.021739931555142533e+00
1.021731106757447494e+00
1.021726612710879945e+00
1.021730522782505535e+00
1.021738316435451432e+00
1.021743054244852456e+00
1.021739152704838949e+00
1.021730292504361426e+00
1.021726731649882591e+00
1.021731371775266295e+00
1.021739184776403686e+00
1.021743151847735120e+00
1.021738300490968365e+00
1.021729548905084162e+00
1.021726954532749421e+00
1.021732256268387928e+00
1.021740002208783693e+00
1.021743126199356366e+00
1.021737390104868748e+00
1.021728887933935237e+00
1.021727276600316703e+00
1.021733167697725486e+00
1.021740758802359483e+00
1.021742976106255529e+00
1.021736437836029410e+00
1.021728319655266448e+00
1.021727692030184986e+00
1.021734097349155546e+00
1.021741444672888299e+00
1.021742702458415808e+00
1.021735460684543240e+00
1.021727852055644314e+00
1.021728194135685053e+00
1.021735036313291101e+00
1.021742050117049994e+00
1.021742308326960558e+00
1.021734475969652500e+00
1.021727490960183005e+00
1.021728775559311853e+00
1.021735975455865919e+00
1.021742565804634850e+00
1.021741799013718088e+00
1.021733500952582752e+00
1.021727240040603224e+00
1.021729428456625843e+00
1.021736905412840679e+00
1.021742983025182960e+00
1.021741182046915108e+00
