1.000603444564682754e+00
1.000676641314616644e+00
1.000795602686543662e+00
1.000932017676689600e+00
1.001078715022544197e+00
1.001236127295972889e+00
1.001405078919659131e+00
1.001583806181011616e+00
1.001769209464758337e+00
1.001958487625721261e+00
1.002148417505748457e+00
1.002334466990943307e+00
1.002513203823676147e+00
1.002686110875832259e+00
1.002859201588533811e+00
1.003038048752543210e+00
1.003224030369598285e+00
1.003415085409447016e+00
1.003608318417490652e+00
1.003800592552184234e+00
1.003987582720179628e+00
1.004165172194816602e+00
1.004333466792854068e+00
1.004498123659429254e+00
1.004666162688714337e+00
1.004840953120947233e+00
1.005021459145815754e+00
1.005204773042250199e+00
1.005387703917176800e+00
1.005566104466500743e+00
1.005735286985430577e+00
1.005893651767035157e+00
1.006045510133978027e+00
1.006198393849599082e+00
1.006357442735833718e+00
1.006522982839819003e+00
1.006692406614007274e+00
1.006862498691527774e+00
1.007029369488455339e+00
1.007188133912591210e+00
1.007335692426255314e+00
1.007474520789231498e+00
1.007611860767385181e+00
1.007754284152076352e+00
1.007903720447504092e+00
1.008058200507474744e+00
1.008214539619254335e+00
1.008369094606618610e+00
1.008517099158059871e+00
1.008654357605346163e+00
1.008781337826584856e+00
1.008904272858768270e+00
1.009030669547184900e+00
1.009164162384108998e+00
1.009303771270766203e+00
1.009446464082332628e+00
1.009588775130187521e+00
1.009726247725725834e+00
1.009854057956657281e+00
1.009970766175881662e+00
1.010081023779708653e+00
1.010192649967608824e+00
1.010310912669373895e+00
1.010436146614113628e+00
1.010565680813628520e+00
1.010696158556759316e+00
1.010823490567454908e+00
1.010942657910786746e+00
1.011050626515115347e+00
1.011150100282238729e+00
1.011248525438646073e+00
1.011352540104941244e+00
1.011464043486279607e+00
1.011581012416653547e+00
1.011700186564199688e+00
1.011817798551130965e+00
1.011928964629415173e+00
1.012029501192681202e+00
1.012120041259909620e+00
1.012206994066480181e+00
1.012297919710122507e+00
1.012396402169278176e+00
1.012501396499025486e+00
1.012609819464753702e+00
1.012718128906947790e+00
1.012821769936298466e+00
1.012915896195150545e+00
1.012999187158958758e+00
1.013076462167264991e+00
1.013155608360530646e+00
1.013241842453489472e+00
1.013335419679214144e+00
1.013433619311584710e+00
1.013533035947471017e+00
1.013629502008266625e+00
1.013717953681153361e+00
1.013795434594410239e+00
1.013864809017140489e+00
1.013933617617990945e+00
1.014008463118158287e+00
1.014091154863628441e+00
1.014179609143995631e+00
1.014270529835352486e+00
1.014360090889671717e+00
1.014443351995442999e+00
1.014516168355550363e+00
1.014579317794610525e+00
1.014639330981571996e+00
1.014703761055895104e+00
1.014776100476413978e+00
1.014855227801687576e+00
1.014938024855574383e+00
1.015020908158545287e+00
1.015099264596833972e+00
1.015168252589027542e+00
1.015226671102589462e+00
1.015279480599755368e+00
1.015334597770792602e+00
1.015397157413460594e+00
1.015467322617455093e+00
1.015542328832896413e+00
1.015618741647355439e+00
1.015692341663626319e+00
1.015758043796508581e+00
1.015812978462374838e+00
1.015860158588954842e+00
1.015907193488933213e+00
1.015960625662241101e+00
1.016022161672714752e+00
1.016089658297870457e+00
1.016159795289598211e+00
1.016228705944768773e+00
1.016291412677953199e+00
1.016343821874565956e+00
1.016386853467125650e+00
1.016427142380068815e+00
1.016472214109871652e+00
1.016525456562104024e+00
1.016585670040040412e+00
1.016649708568161392e+00
1.016713959899683051e+00
1.016773767926129945e+00
1.016824308791455689e+00
1.016864503902886963e+00
1.016899444395213292e+00
1.016937059457898807e+00
1.016982389034026824e+00
1.017035500414164684e+00
1.017093589514558971e+00
1.017153201841375587e+00
1.017210077890931208e+00
1.017259123350634731e+00
1.017297561737670941e+00
1.017328549663862436e+00
1.017359751596750517e+00
1.017397637254838560e+00
1.017443805311893268e+00
1.017496055306604807e+00
1.017551049355553294e+00
1.017604888955789821e+00
1.017652569610339341e+00
1.017690056824373190e+00
1.017718412010710338e+00
1.017744364445784200e+00
1.017775400172673761e+00
1.017814796279761902e+00
1.017861275488158856e+00
1.017911668829348137e+00
1.017962341968071671e+00
1.018008604182088384e+00
1.018045657560679551e+00
1.018072548523286880e+00
1.018094492520070560e+00
1.018119420646537154e+00
1.018152270879554289e+00
1.018193014004521668e+00
1.018238809974371994e+00
1.018286189331807368e+00
1.018330858906830505e+00
1.018367722692459898e+00
1.018394101914620320e+00
1.018413293841410994e+00
1.018433009220959695e+00
1.018459637422487685e+00
1.018494667305562817e+00
1.018535843743553437e+00
1.018579815276653644e+00
1.018622656371958257e+00
1.018659341864494028e+00
1.018685901908634950e+00
1.018703539241648581e+00
1.018719070761280099e+00
1.018739935504252569e+00
1.018769296768914145e+00
1.018805801384031096e+00
1.018846260757888977e+00
1.018887021973371887e+00
1.018923364398886200e+00
1.018950521556259314e+00
1.018967666909062819e+00
1.018980135873922332e+00
1.018995854420193803e+00
1.019019654739472980e+00
1.019051411957832221e+00
1.019088252979392761e+00
1.019126696082184313e+00
1.019162417657661246e+00
1.019190324731043873e+00
1.019207839631850465e+00
1.019218398301739104e+00
1.019229751738581990e+00
1.019248204542791303e+00
1.019275135757729878e+00
1.019308238150450796e+00
1.019344148993872823e+00
1.019378917776602611e+00
1.019407502218296901e+00
1.019426001041522145e+00
1.019435758413902660e+00
1.019443674218840190e+00
1.019457135764436195e+00
1.019479191689407038e+00
1.019508415110945476e+00
1.019541600041301344e+00
1.019575076292489779e+00
1.019604095601471139e+00
1.019623926639922074e+00
1.019633871618830678e+00
1.019639382931294413e+00
1.019648376747237517e+00
1.019665577737374651e+00
1.019690767051579350e+00
1.019721040841918835e+00
1.019752906150379612e+00
1.019782010099959946e+00
1.019803265746262344e+00
1.019814199207296213e+00
1.019818383818506646e+00
1.019823606591448550e+00
1.019836084823194433e+00
1.019857088751492391e+00
1.019884261389230939e+00
1.019914229867028066e+00
1.019943019107338644e+00
1.019965571731486165e+00
1.019978058063572446e+00
1.019981963994954999e+00
1.019984268977067954e+00
1.019992305426198120e+00
1.020009007482286290e+00
1.020032876803052879e+00
1.020060691454459434e+00
1.020088764061088060e+00
1.020112319753996299e+00
1.020126665186783077e+00
1.020131232866241966e+00
1.020131589873877420e+00
1.020135639076364065e+00
1.020147996813748126e+00
1.020168352163485670e+00
1.020193772348824357e+00
1.020220753334919461e+00
1.020244913205319071e+00
1.020261173285526457e+00
1.020267165842372759e+00
1.020266600623149778e+00
1.020267297194369815e+00
1.020275383758785681e+00
1.020292023023309902e+00
1.020314810323923460e+00
1.020340363181419630e+00
1.020364681710012489e+00
1.020382694884979458e+00
1.020390647315611243e+00
1.020390166939617149e+00
1.020388309790314807e+00
1.020392350756660793e+00
1.020405109875645699e+00
1.020425019431665525e+00
1.020448842590402805e+00
1.020472874445072620e+00
1.020492314187380067e+00
1.020502509009378223e+00
1.020503023155124200e+00
1.020499536270036423e+00
1.020499934728348990e+00
1.020508725896077884e+00
1.020525508561504147e+00
1.020547322549818503e+00
1.020570652634257058e+00
1.020591087903823357e+00
1.020603560040836300e+00
1.020605809686838228e+00
1.020601682006169408e+00
1.020599025791854242e+00
1.020603878446924240e+00
1.020617296311940425e+00
1.020636828886306358e+00
1.020659084422568030e+00
1.020680037919925232e+00
1.020694606133744520e+00
1.020699110553048516e+00
1.020695321383589871e+00
1.020690368244166590e+00
1.020691465870927850e+00
1.020701320481953944e+00
1.020718296862770380e+00
1.020739144165118129e+00
1.020760139600372707e+00
1.020776457158508954e+00
1.020783487116907251e+00
1.020780926781645226e+00
1.020774566136185113e+00
1.020772271821588806e+00
1.020778441475772347e+00
1.020792585186700130e+00
1.020811716755061660e+00
1.020832309647155878e+00
1.020849924124638042e+00
1.020859504383667904e+00
1.020858901582501144e+00
1.020852095162480877e+00
1.020846959717916391e+00
1.020849440044206968e+00
1.020860487109789272e+00
1.020877606256727521e+00
1.020897396785274136e+00
1.020915808399063263e+00
1.020927747186243906e+00
1.020929614082015213e+00
1.020923321632081215e+00
1.020916069917910285e+00
1.020915010807451395e+00
1.020922736849892987e+00
1.020937547051390171e+00
1.020956177374305884e+00
1.020974886891213629e+00
1.020988825276271106e+00
1.020993428467220854e+00
1.020988528030397635e+00
1.020980021919499769e+00
1.020975753722908941e+00
1.020980010507521518e+00
1.020992215119026714e+00
1.021009356617306629e+00
1.021027897088095715e+00
1.021043368268207630e+00
1.021050729093592846e+00
1.021047943292793692e+00
1.021039123299363638e+00
1.021032166009574249e+00
1.021032921760043344e+00
1.021042237052322221e+00
1.021057574652069588e+00
1.021075525211267099e+00
1.021092013053563452e+00
1.021101935238677871e+00
1.021101774666702378e+00
1.021093586158859701e+00
1.021084637058976341e+00
1.021082013644462050e+00
1.021088194909453462e+00
1.021101415716837657e+00
1.021118399612377381e+00
1.021135387316721932e+00
1.021147505153090496e+00
1.021150237280578299e+00
1.021143550604959316e+00
1.021133448595594739e+00
1.021127748481314823e+00
1.021130625932477054e+00
1.021141417962339926e+00
1.021157090104042320e+00
1.021174092981316450e+00
1.021187930161158830e+00
1.021193577551881004e+00
1.021189113409552540e+00
1.021178781778001365e+00
1.021170498369017965e+00
1.021170017270391472e+00
1.021178081421732609e+00
1.021192112529693441e+00
1.021208692854499223e+00
1.021223721270467122e+00
1.021232087459812199e+00
1.021230358733873800e+00
1.021220732021342670e+00
1.021210538724572015e+00
1.021206796894673197e+00
1.021211872135122656e+00
1.021223936764651175e+00
1.021239702616892009e+00
1.021255391823423508e+00
1.021266108325217026e+00
1.021267387012375849e+00
1.021259331106460833e+00
1.021248047108173296e+00
1.021241322669707685e+00
1.021243221333856699e+00
1.021252995694372334e+00
1.021267588903541856e+00
1.021283439985257502e+00
1.021296024677171177e+00
1.021300338055988632e+00
1.021294574768396579e+00
1.021283109029338831e+00
1.021273871951462464e+00
1.021272519707028481e+00
1.021279692626947622e+00
1.021292772826872586e+00
1.021308334355758074e+00
1.021322250531532916e+00
1.021329405280051894e+00
1.021326452690753950e+00
1.021315731553564365e+00
1.021304634163792802e+00
1.021300107842489258e+00
1.021304405057184894e+00
1.021315637164366130e+00
1.021330504910008541e+00
1.021345211539407050e+00
1.021354839548785032e+00
1.021354977006528220e+00
1.021345864338497833e+00
1.021333708590452805e+00
1.021326264740138878e+00
1.021327483593654328e+00
1.021336534759975212e+00
1.021350340087837205e+00
1.021365326786826788e+00
1.021376943066470755e+00
1.021380205321214207e+00
1.021373426366313453e+00
1.021361109109318877e+00
1.021351196737318112e+00
1.021349245977968057e+00
1.021355795567628899e+00
1.021368189454275655e+00
1.021382993572260256e+00
1.021396055524848023e+00
1.021402255067069165e+00
1.021398335360882204e+00
1.021386776745098590e+00
1.021375029288069225e+00
1.021369967211707142e+00
1.021373730196380336e+00
1.021384370205424830e+00
1.021398577441685607e+00
1.021412535903336805e+00
1.021421307548423307e+00
1.021420536016672376e+00
1.021410599748802994e+00
1.021397803849760422e+00
1.021389867638465621e+00
1.021390628691510205e+00
1.021399175089739764e+00
1.021412408390250937e+00
1.021426743700926121e+00
1.021437601971595388e+00
1.021440023028207689e+00
1.021432439557818039e+00
1.021419481643602634e+00
1.021409101298229594e+00
1.021406754399811323e+00
1.021412879158965614e+00
1.021424782736970238e+00
1.021439022974062638e+00
1.021451421560835460e+00
1.021456855646093231e+00
1.021452159698934992e+00
1.021439955230637686e+00
1.021427746996310892e+00
1.021422333865568577e+00
1.021425743161537225e+00
1.021435969009393485e+00
1.021449691541756799e+00
1.021463075099751761e+00
1.021471161996698296e+00
1.021469653798034782e+00
1.021459067696810274e+00
1.021445804361170051e+00
1.021437544559296917e+00
1.021438012243318205e+00
1.021446215438197802e+00
1.021459036362269091e+00
1.021472877676711688e+00
1.021483133327111492e+00
1.021484868667339008e+00
1.021476637893147910e+00
1.021463196700734599e+00
1.021452502736778900e+00
1.021449909727134342e+00
1.021455756468679699e+00
1.021467314677305671e+00
1.021481134057460549e+00
1.021493010169639115e+00
1.021497819120207096e+00
1.021492488872036697e+00
1.021479781665519670e+00
1.021467253872543335e+00
1.021461626850281856e+00
1.021464816060011938e+00
1.021474759327867243e+00
1.021488127128627355e+00
1.021501063706623080e+00
1.021508592631642731e+00
1.021506475725074248e+00
1.021495369598163228e+00
1.021481767963115850e+00
1.021473310216372887e+00
1.021473606370222109e+00
1.021481585875520626e+00
1.021494112512939090e+00
1.021507576111259752e+00
1.021517343874663863e+00
1.021518508780266732e+00
1.021509748108381910e+00
1.021495941551696873e+00
1.021485049238179066e+00
1.021482321521956393e+00
1.021487998931803531e+00
1.021499319043024379e+00
1.021512823334067122e+00
1.021524281017232472e+00
1.021528568736242981e+00
1.021522710094574515e+00
1.021509607547596232e+00
1.021496866015982441e+00
1.021491127259468890e+00
1.021494195426517759e+00
1.021503953566862410e+00
1.021517062859226943e+00
1.021529646997861196e+00
1.021536711734293945e+00
1.021534081461962451e+00
1.021522552804433381e+00
1.021508709965725403e+00
1.021500148205063407e+00
1.021500363346439677e+00
1.021508207754276976e+00
1.021520527627159280e+00
1.021533699548362151e+00
1.021543064265879597e+00
1.021543744485096328e+00
1.021534542088296860e+00
1.021520459088214317e+00
1.021509454968172470e+00
1.021506675562200872e+00
1.021512264304548445e+00
1.021523425901219806e+00
1.021536693476033486e+00
1.021547809687385566e+00
1.021551653322871012e+00
1.021545345737937982e+00
1.021531929015194962e+00
1.021519053549560851e+00
1.021513279482927583e+00
1.021516300246916531e+00
1.021525945621430509e+00
1.021538867807407769e+00
1.021551169492988853e+00
1.021557839570763626e+00
1.021554767313433310e+00
1.021542889878687133e+00
1.021528879371616627e+00
1.021520284196046013e+00
1.021520485799386924e+00
1.021528260951775735e+00
1.021540439084185792e+00
1.021553383102331125e+00
1.021562407614426959e+00
1.021562667174339412e+00
1.021553089726100261e+00
1.021538797863188242e+00
1.021527747319432411e+00
1.021524978325530242e+00
1.021530538420236001e+00
1.021541600680332174e+00
1.021554689714195163e+00
1.021565521440436441e+00
1.021568978429029828e+00
1.021562281864839106e+00
1.021548612795043720e+00
1.021535664004316946e+00
1.021529912056315048e+00
1.021532940305867276e+00
1.021542526754308344e+00
1.021555314903808132e+00
1.021567385983637388e+00
1.021573713025614172e+00
1.021570252481827534e+00
1.021558082493110753e+00
1.021543960434773579e+00
1.021535385181405520e+00
1.021535623673085702e+00
1.021543378582068229e+00
1.021555463347744830e+00
1.021568226751883524e+00
1.021576957614717340e+00
1.021576844475807322e+00
1.021566942742937023e+00
1.021552493787623694e+00
1.021541446509095730e+00
1.021538734514658486e+00
1.021544310671345546e+00
1.021555317637020455e+00
1.021568271314969856e+00
1.021578860721522597e+00
1.021581973881268590e+00
1.021574933851889355e+00
1.021561059907396540e+00
1.021548084127705147e+00
1.021542397596850282e+00
1.021545474276195797e+00
1.021555041865067404e+00
1.021567735408885014e+00
1.021579614231471478e+00
1.021585636542533315e+00
1.021581828266419745e+00
1.021569408903115317e+00
1.021555218427840916e+00
1.021546703556513336e+00
1.021547016648091333e+00
1.021554787777721796e+00
1.021566815132157746e+00
1.021579432910796559e+00
1.021587904534654756e+00
1.021587454683049234e+00
1.021577267571192493e+00
1.021562701483354818e+00
1.021551695419751216e+00
1.021549075407327978e+00
1.021554700889798717e+00
1.021565685287324943e+00
1.021578535581313840e+00
1.021588913748218364e+00
1.021591714973186793e+00
1.021584366195209315e+00
1.021570324102824445e+00
1.021557356968193275e+00
1.021551768553900619e+00
1.021554924154321142e+00
1.021564502628854010e+00
1.021577130772308273e+00
1.021588845564099790e+00
1.021594591471203239e+00
1.021590466174827183e+00
1.021577830837024692e+00
1.021563605324848023e+00
1.021555181611693675e+00
1.021555597458625009e+00
1.021563411848760650e+00
1.021575408418673891e+00
1.021587906316211658e+00
1.021596143989454308e+00
1.021595384427456121e+00
1.021584941937526025e+00
1.021570289790186159e+00
1.021559354044645929e+00
1.021556852253983072e+00
1.021562551711405753e+00
1.021573537751671923e+00
1.021586308191401615e+00
1.021596497855344232e+00
1.021599010828256882e+00
1.021591379902909713e+00
1.021577198296224065e+00
1.021564267363094913e+00
1.021558801763190250e+00
1.021562058893275449e+00
1.021571670220247308e+00
1.021584254459248164e+00
1.021595825815020619e+00
1.021601316131812709e+00
1.021596897122782677e+00
1.021584071841840302e+00
1.021569837303863970e+00
1.021561528202750146e+00
1.021562067741750734e+00
1.021569945320898398e+00
1.021581930692851747e+00
1.021594327475092712e+00
1.021602349607022564e+00
1.021601300572313020e+00
1.021590625995304924e+00
1.021575912146442722e+00
1.021565069125991876e+00
1.021562705183202135e+00
1.021568496757387479e+00
1.021579502221163338e+00
1.021592209958324116e+00
1.021602227556802855e+00
1.021604469772590784e+00
1.021596577187558363e+00
1.021582278587692461e+00
1.021569405296383515e+00
1.021564081149727299e+00
1.021567456458474243e+00
1.021577116729294632e+00
1.021589672734090071e+00
1.021601115482631217e+00
1.021606365357172752e+00
1.021601670367234593e+00
1.021588675615118014e+00
1.021574452485243700e+00
1.021566275902751730e+00
1.021566954609405276e+00
1.021574909934155340e+00
1.021586898376060759e+00
1.021599207535162535e+00
1.021607027345178498e+00
1.021605703983307967e+00
1.021594815555361802e+00
1.021580059286726794e+00
1.021569326326074112e+00
1.021567114852012015e+00
1.021573011769348671e+00
1.021584049582548559e+00
1.021596706950625100e+00
1.021606564167611531e+00
1.021608548464622457e+00
1.021600410109687385e+00
1.021586012425864887e+00
1.021573213587502638e+00
1.021568044947249732e+00
1.021571550582540677e+00
1.021581271456263096e+00
1.021593810499816568e+00
1.021605135119314500e+00
1.021610155436870615e+00
1.021605198010993476e+00
1.021592050075426084e+00
1.021577854572907063e+00
1.021569824218732991e+00
1.021570653444690890e+00
1.021578697022672788e+00
1.021590698792811835e+00
1.021602929844059870e+00
1.021610556647259305e+00
1.021608970285321272e+00
1.021597882448638028e+00
1.021583099214864010e+00
1.021572489814601692e+00
1.021570441651365790e+00
1.021576453436337184e+00
1.021587532870299020e+00
1.021600148573062583e+00
1.021609853517306821e+00
1.021611589245267293e+00
1.021603217568776145e+00
1.021588735243641688e+00
1.021576024175498532e+00
1.021571021634117837e+00
1.021574666356047434e+00
1.021584456160244514e+00
1.021596986207640168e+00
1.021608199905499559e+00
1.021612998359302082e+00
1.021607788916267134e+00
1.021594500950806506e+00
1.021580346120981808e+00
1.021572472539548304e+00
1.021573460533760525e+00
1.021581599833334408e+00
1.021593622178888605e+00
1.021605781649934874e+00
1.021613221838251873e+00
1.021611380957144988e+00
1.021600105322458596e+00
1.021585307704602430e+00
1.021574832476566552e+00
1.021572955623754719e+00
1.021579089024696296e+00
1.021590216611198976e+00
1.021602796628545917e+00
1.021612354731923133e+00
1.021613848642589195e+00
1.021605253533167890e+00
1.021590698415857812e+00
1.021578085806895908e+00
1.021573257353787234e+00
1.021577047382917769e+00
1.021586911951791077e+00
1.021599438489229961e+00
1.021610546023880017e+00
1.021615127930215472e+00
1.021609674569743831e+00
1.021596257392563434e+00
1.021582153898482836e+00
1.021574445253630392e+00
1.021575597938851221e+00
1.021583838156252311e+00
1.021595886071478665e+00
1.021607978253408877e+00
1.021615236040674723e+00
1.021613147013230805e+00
1.021601693090011809e+00
1.021586891518744045e+00
1.021576558903023013e+00
1.021574859227698528e+00
1.021581118918350350e+00
1.021592299142501492e+00
1.021604847416203388e+00
1.021614262113895499e+00
1.021615519035277808e+00
1.021606708488747906e+00
1.021592090494832794e+00
1.021579585059920081e+00
1.021574936729624739e+00
1.021578876387831514e+00
1.021588819694905226e+00
1.021601346355235806e+00
1.021612350656284196e+00
1.021616719569531373e+00
1.021611028680799116e+00
1.021597491376311284e+00
1.021583448094798285e+00
1.021575910760700312e+00
1.021577232318110928e+00
1.021585576954641805e+00
1.021597653750974999e+00
1.021609681263052183e+00
1.021616759245252304e+00
1.021614426890867566e+00
1.021602802635307672e+00
1.021588005933297127e+00
1.021577822736053243e+00
1.021576304505313004e+00
1.021582693610829651e+00
1.021593929430238301e+00
1.021606448377683662e+00
1.021615721617833428e+00
1.021616744959128464e+00
1.021607725577260206e+00
1.021593053181772959e+00
1.021580662150445296e+00
1.021576198507065936e+00
1.021580290696360027e+00
1.021590315326926124e+00
1.021602844356594542e+00
1.021613746987866778e+00
1.021617905159617923e+00
1.021611981874894770e+00
1.021598332241600238e+00
1.021584356706856322e+00
1.021576995707984992e+00
1.021578489012544555e+00
1.021586940304193503e+00
1.021599048034406376e+00
1.021611012244325822e+00
1.021617911816563362e+00
1.021615339813524148e+00
1.021603552035197149e+00
1.021588767819343158e+00
1.021578739611864517e+00
1.021577405888185464e+00
1.021583926375539075e+00
1.021595219605457849e+00
1.021607710500800792e+00
1.021616843122770124e+00
1.021617635248864620e+00
1.021608412608606464e+00
1.021593693210591791e+00
1.021581422688579766e+00
1.021577147184381751e+00
1.021581393741430421e+00
1.021591501242193889e+00
1.021604033846799320e+00
1.021614835349184514e+00
1.021618784068140773e+00
1.021612632598053017e+00
1.021598877478951728e+00
1.021584976209834350e+00
1.021577795545900669e+00
1.021579462488057644e+00
1.021588021722896533e+00
1.021600161494389480e+00
1.021612062828856526e+00
1.021618784493611987e+00
1.021615975683535016e+00
1.021604030345028225e+00
1.021589265322666584e+00
1.021579396735552647e+00
1.021578249668541716e+00
1.021584902634644854e+00
1.021596254232107537e+00
1.021608717487576756e+00
1.021617709501343896e+00
1.021618272009263251e+00
1.021608850934700108e+00
1.021594091125393122e+00
1.021581946360827775e+00
1.021577861600671655e+00
1.021582263558344694e+00
1.021592454695279706e+00
1.021604991294456033e+00
1.021615691439052842e+00
1.021619431282019042e+00
1.021613055162641448e+00
1.021599200688287690e+00
1.021585379429183149e+00
1.021578382314695332e+00
1.021580224037808016e+00
1.021588891790178089e+00
1.021601063996103509e+00
1.021612902170189408e+00
1.021619445765157064e+00
1.021616402377699906e+00
1.021604304815246778e+00
1.021589565002210875e+00
1.021579859942345347e+00
1.021578900984252414e+00
1.021585686868812459e+00
1.021597097142465937e+00
1.021609532516263297e+00
1.021618383309196965e+00
1.021618717232597007e+00
1.021609101995614388e+00
1.021594307756099163e+00
1.021582293336034342e+00
1.021578401272989822e+00
1.021582959053962902e+00
1.021593234003089545e+00
1.021605774419145352e+00
1.021616372394915206e+00
1.021619903412951391e+00
1.021613305688666706e+00
1.021599357456679513e+00
1.021585621355587170e+00
1.021578810397402393e+00
1.021580827473924646e+00
1.021589603778154887e+00
1.021601808268832068e+00
1.021613582456337710e+00
1.021619947323883171e+00
1.021616671143646293e+00
1.021604426230567242e+00
1.021589717112743489e+00
1.021580178924458293e+00
1.021579408990562987e+00
1.021586327734490762e+00
1.021597796500650634e+00
1.021610203251742011e+00
1.021618911742850466e+00
1.021619017704511023e+00
1.021609212174015457e+00
1.021594389022050686e+00
1.021582509018789775e+00
1.021578811100164241e+00
1.021583524661525910e+00
1.021593883151281190e+00
1.021606426750026220e+00
1.021616921304194125e+00
1.021620243162003616e+00
1.021613426522085311e+00
1.021599389730933893e+00
1.021585743472403385e+00
1.021579120802681206e+00
1.021581313366261679e+00
1.021590197846814041e+00
1.021602434058095366e+00
1.021614143019376142e+00
1.021620328133926225e+00
1.021616820625713906e+00
1.021604432894697601e+00
1.021589759548946930e+00
1.021580391135053834e+00
1.021579810724376536e+00
1.021586861888954534e+00
1.021598388588876638e+00
1.021610765593455206e+00
1.021619330349745614e+00
1.021619208676567858e+00
1.021609216430619638e+00
1.021594369530854918e+00
1.021582627612122263e+00
1.021579124889744339e+00
1.021583993832234194e+00
1.021594435250858801e+00
1.021606981047860074e+00
1.021617370592143637e+00
1.021620482673645469e+00
1.021613449555382358e+00
1.021599329105127518e+00
1.021585777010577178e+00
1.021579344387478328e+00
1.021581712233144756e+00
1.021590704203163114e+00
1.021602971253562142e+00
1.021614613432480390e+00
1.021620617497361660e+00
1.021616879901204200e+00
1.021604353636709650e+00
1.021589720822297931e+00
1.021580524735966611e+00
1.021580134023120534e+00
1.021587316880585572e+00
1.021598900669456134e+00
1.021611246509454229e+00
1.021619665834641921e+00
1.021619316645261843e+00
1.021609141056129211e+00
1.021594275303588706e+00
1.021582674816293723e+00
1.021579368030651969e+00
1.021584391681990889e+00
1.021594915159262040e+00
1.021607461900732261e+00
1.021617744592478338e+00
