1.000603444564682754e+00
1.000677414364042006e+00
1.000799814253235276e+00
1.000943697448031910e+00
1.001099881360513200e+00
1.001263886404273329e+00
1.001433024691118501e+00
1.001605474391850104e+00
1.001779908387389284e+00
1.001955316465602541e+00
1.002130907854161368e+00
1.002306052155385929e+00
1.002480240813429013e+00
1.002653060579882904e+00
1.002824174511534938e+00
1.002993307972785297e+00
1.003160238107767555e+00
1.003324785789394991e+00
1.003486809368719923e+00
1.003646199745006351e+00
1.003802876407591249e+00
1.003956784192031826e+00
1.004107890559631677e+00
1.004256183259237378e+00
1.004401668268041448e+00
1.004544367936947458e+00
1.004684319287969974e+00
1.004821572427622822e+00
1.004956189052456317e+00
1.005088241031790064e+00
1.005217809059035794e+00
1.005344981367438884e+00
1.005469852509119910e+00
1.005592522198357486e+00
1.005713094221391213e+00
1.005831675415866711e+00
1.005948374723461658e+00
1.006063302319313291e+00
1.006176568821617767e+00
1.006288284584217374e+00
1.006398559074132004e+00
1.006507500334879568e+00
1.006615214535097724e+00
1.006721805600509390e+00
1.006827374925753915e+00
1.006932021161111468e+00
1.007035840067786792e+00
1.007138924434253457e+00
1.007241364045262433e+00
1.007343245694520828e+00
1.007444653231777565e+00
1.007545667635099784e+00
1.007646367099478857e+00
1.007746827133515932e+00
1.007847120656772066e+00
1.007947318091363620e+00
1.008047487442474521e+00
1.008147694363612956e+00
1.008248002203571136e+00
1.008348472033135712e+00
1.008449162650598918e+00
1.008550130565993408e+00
1.008651429964729118e+00
1.008753112651915806e+00
1.008855227979114977e+00
1.008957822755623290e+00
1.009060941146587176e+00
1.009164624560404233e+00
1.009268911527902546e+00
1.009373837575790578e+00
1.009479435096835909e+00
1.009585733219167336e+00
1.009692757677024932e+00
1.009800530685222242e+00
1.009909070819519972e+00
1.010018392905064344e+00
1.010128507915004192e+00
1.010239422881357818e+00
1.010351140820177518e+00
1.010463660673014630e+00
1.010576977266632648e+00
1.010691081292851790e+00
1.010805959310305369e+00
1.010921593769754878e+00
1.011037963064449485e+00
1.011155041606787375e+00
1.011272799932296573e+00
1.011391204831634694e+00
1.011510219510964870e+00
1.011629803780673242e+00
1.011749914271965034e+00
1.011870504680416172e+00
1.011991526035080025e+00
1.012112926991259432e+00
1.012234654144550383e+00
1.012356652363301190e+00
1.012478865136163364e+00
1.012601234930993854e+00
1.012723703561007493e+00
1.012846212553770942e+00
1.012968703518383862e+00
1.013091118506062482e+00
1.013213400359245453e+00
1.013335493044386304e+00
1.013457341963691860e+00
1.013578894241279116e+00
1.013700098979493980e+00
1.013820907481513656e+00
1.013941273436766988e+00
1.014061153066210919e+00
1.014180505225020124e+00
1.014299291460829533e+00
1.014417476026241438e+00
1.014535025844918836e+00
1.014651910431167980e+00
1.014768101763505292e+00
1.014883574113249143e+00
1.014998303829721893e+00
1.015112269084137875e+00
1.015225449574717942e+00
1.015337826196010207e+00
1.015449380675779611e+00
1.015560095183214662e+00
1.015669951912519853e+00
1.015778932646306698e+00
1.015887018303479827e+00
1.015994188476628146e+00
1.016100420964207940e+00
1.016205691303099901e+00
1.016309972307401610e+00
1.016413233619610335e+00
1.016515441280624099e+00
1.016616557325261017e+00
1.016716539410257969e+00
1.016815340481918017e+00
1.016912908490769762e+00
1.017009186160697354e+00
1.017104110820054252e+00
1.017197614302172148e+00
1.017289622922486592e+00
1.017380057539131188e+00
1.017468833703297992e+00
1.017555861904919645e+00
1.017641047918244501e+00
1.017724293250652057e+00
1.017805495696600504e+00
1.017884549996861843e+00
1.017961348601259086e+00
1.018035782530933631e+00
1.018107742333824950e+00
1.018177119124547669e+00
1.018243805697308879e+00
1.018307697697946157e+00
1.018368694838725164e+00
1.018426702137277040e+00
1.018481631159090739e+00
1.018533401241410452e+00
1.018581940675338249e+00
1.018627187822450875e+00
1.018669092142438615e+00
1.018707615109169629e+00
1.018742730994215417e+00
1.018774427499245405e+00
1.018802706221737520e+00
1.018827582942120502e+00
1.018849087724617020e+00
1.018867264828574593e+00
1.018882172431785804e+00
1.018893882172030141e+00
1.018902478517619947e+00
1.018908057981957604e+00
1.018910728200783211e+00
1.018910606893833837e+00
1.018907820734892500e+00
1.018902504155611899e+00
1.018894798109058364e+00
1.018884848818598643e+00
1.018872806536645248e+00
1.018858824335954871e+00
1.018843056953753878e+00
1.018825659706098508e+00
1.018806787486705501e+00
1.018786593861152001e+00
1.018765230264001787e+00
1.018742845303174382e+00
1.018719584172858017e+00
1.018695588173538003e+00
1.018670994335351132e+00
1.018645935138990044e+00
1.018620538326814318e+00
1.018594926795634237e+00
1.018569218561834688e+00
1.018543526789036147e+00
1.018517959868347367e+00
1.018492621541363885e+00
1.018467611056411037e+00
1.018443023349044685e+00
1.018418949238483862e+00
1.018395475632413394e+00
1.018372685733444527e+00
1.018350659241379130e+00
1.018329472546346537e+00
1.018309198908732505e+00
1.018289908622695528e+00
1.018271669160856652e+00
1.018254545298487912e+00
1.018238599216192863e+00
1.018223890580659985e+00
1.018210476603570447e+00
1.018198412079163617e+00
1.018187749401304298e+00
1.018178538561170354e+00
1.018170827126868350e+00
1.018164660206446026e+00
1.018160080395855260e+00
1.018157127713497312e+00
1.018155839522993489e+00
1.018156250445871880e+00
1.018158392265838152e+00
1.018162293826323062e+00
1.018167980922993099e+00
1.018175476192928031e+00
1.018184799002179508e+00
1.018195965333461572e+00
1.018208987675749855e+00
1.018223874917611571e+00
1.018240632246135702e+00
1.018259261053372278e+00
1.018279758852231209e+00
1.018302119203832845e+00
1.018326331658309325e+00
1.018352381711054022e+00
1.018380250776408591e+00
1.018409916180692099e+00
1.018441351176412546e+00
1.018474524979352758e+00
1.018509402830053645e+00
1.018545946081006015e+00
1.018584112310579437e+00
1.018623855464424022e+00
1.018665126024706824e+00
1.018707871207157556e+00
1.018752035185455096e+00
1.018797559342031755e+00
1.018844382543877547e+00
1.018892441441444863e+00
1.018941670788245712e+00
1.018992003778271815e+00
1.019043372397891112e+00
1.019095707788481908e+00
1.019148940615684396e+00
1.019203001440851519e+00
1.019257821090056471e+00
1.019313331015855528e+00
1.019369463646948359e+00
1.019426152720901424e+00
1.019483333595216479e+00
1.019540943532231569e+00
1.019598921953638548e+00
1.019657210660753099e+00
1.019715754017121778e+00
1.019774499090542630e+00
1.019833395752096417e+00
1.019892396730381900e+00
1.019951457619715951e+00
1.020010536841670534e+00
1.020069595559909059e+00
1.020128597548864757e+00
1.020187509017362881e+00
1.020246298388819417e+00
1.020304936040147936e+00
1.020363394001964963e+00
1.020421645623113438e+00
1.020479665202926434e+00
1.020537427594997437e+00
1.020594907786587013e+00
1.020652080458090971e+00
1.020708919527306913e+00
1.020765397683531583e+00
1.020821485916791893e+00
1.020877153047815344e+00
1.020932365264608510e+00
1.020987085671806849e+00
1.021041273859233378e+00
1.021094885496362181e+00
1.021147871959648290e+00
1.021200179999886659e+00
1.021251751456949908e+00
1.021302523029360643e+00
1.021352426106176381e+00
1.021401386668594702e+00
1.021449325268462438e+00
1.021496157090514778e+00
1.021541792104603497e+00
1.021586135313434562e+00
1.021629087100331290e+00
1.021670543680328613e+00
1.021710397656425240e+00
1.021748538681090723e+00
1.021784854221176042e+00
1.021819230422178926e+00
1.021851553065477480e+00
1.021881708609638562e+00
1.021909585304361379e+00
1.021935074363069962e+00
1.021958071177714533e+00
1.021978476557096727e+00
1.021996197968071840e+00
1.022011150757441200e+00
1.022023259331283018e+00
1.022032458268028243e+00
1.022038693341772220e+00
1.022041922433254424e+00
1.022042116307571691e+00
1.022039259240087761e+00
1.022033349475068853e+00
1.022024399505249814e+00
1.022012436164711602e+00
1.021997500531983682e+00
1.021979647645004485e+00
1.021958946034311699e+00
1.021935477085391231e+00
1.021909334245325596e+00
1.021880622092559809e+00
1.021849455291624409e+00
1.021815957456896129e+00
1.021780259950884506e+00
1.021742500643044060e+00
1.021702822654796616e+00
1.021661373115299920e+00
1.021618301950668828e+00
1.021573760726906199e+00
1.021527901563925589e+00
1.021480876134848614e+00
1.021432834761420549e+00
1.021383925613029486e+00
1.021334294013566124e+00
1.021284081857343207e+00
1.021233427132560045e+00
1.021182463548435226e+00
1.021131320260151298e+00
1.021080121684181607e+00
1.021028987395391274e+00
1.020978032096508947e+00
1.020927365650101448e+00
1.020877093163047089e+00
1.020827315113610911e+00
1.020778127511578814e+00
1.020729622082421795e+00
1.020681886467138977e+00
1.020635004430193948e+00
1.020589056068807121e+00
1.020544118017751245e+00
1.020500263644693817e+00
1.020457563232021192e+00
1.020416084141927637e+00
1.020375890962365251e+00
1.020337045632186301e+00
1.020299607544484344e+00
1.020263633627719324e+00
1.020229178404729709e+00
1.020196294030144113e+00
1.020165030307059073e+00
1.020135434684110720e+00
1.020107552234274184e+00
1.020081425616873982e+00
1.020057095024381244e+00
1.020034598115647562e+00
1.020013969937243692e+00
1.019995242834608629e+00
1.019978446354705914e+00
1.019963607141895379e+00
1.019950748828728937e+00
1.019939891923396846e+00
1.019931053695557033e+00
1.019924248062316074e+00
1.019919485476159293e+00
1.019916772816666484e+00
1.019916113287898440e+00
1.019917506323374967e+00
1.019920947500613462e+00
1.019926428467220703e+00
1.019933936880548675e+00
1.019943456362927048e+00
1.019954966474448055e+00
1.019968442705227574e+00
1.019983856488975160e+00
1.020001175239563906e+00
1.020020362412123571e+00
1.020041377589958387e+00
1.020064176598317385e+00
1.020088711645740887e+00
1.020114931493336208e+00
1.020142781651949715e+00
1.020172204606750510e+00
1.020203140068295156e+00
1.020235525248639030e+00
1.020269295160581624e+00
1.020304382937627485e+00
1.020340720171773352e+00
1.020378237265767929e+00
1.020416863796089313e+00
1.020456528882506042e+00
1.020497161559797084e+00
1.020538691146973598e+00
1.020581047609195879e+00
1.020624161907517813e+00
1.020667966331619381e+00
1.020712394810808110e+00
1.020757383198771961e+00
1.020802869527863699e+00
1.020848794229064493e+00
1.020895100314203940e+00
1.020941733517517047e+00
1.020988642394152324e+00
1.021035778373815095e+00
1.021083095768325677e+00
1.021130551732467806e+00
1.021178106178101119e+00
1.021225721642083917e+00
1.021273363109126198e+00
1.021320997791208107e+00
1.021368594865704527e+00
1.021416125174821277e+00
1.021463560889368516e+00
1.021510875140295704e+00
1.021558041621777324e+00
1.021605034169971837e+00
1.021651826321895884e+00
1.021698390859159034e+00
1.021744699341589957e+00
1.021790721636075094e+00
1.021836425446211782e+00
1.021881775848658469e+00
1.021926734842350193e+00
1.021971260917014845e+00
1.022015308647706178e+00
1.022058828322303103e+00
1.022101765609155777e+00
1.022144061272225679e+00
1.022185650941172419e+00
1.022226464943879476e+00
1.022266428208810085e+00
1.022305460244387953e+00
1.022343475202211138e+00
1.022380382030364299e+00
1.022416084722326257e+00
1.022450482665985483e+00
1.022483471096047536e+00
1.022514941651643472e+00
1.022544783039214700e+00
1.022572881798792466e+00
1.022599123169603441e+00
1.022623392048572111e+00
1.022645574032806426e+00
1.022665556534585463e+00
1.022683229954832074e+00
1.022698488898599711e+00
1.022711233413856391e+00
1.022721370232895222e+00
1.022728813994159491e+00
1.022733488421219361e+00
1.022735327435194241e+00
1.022734276177113877e+00
1.022730291917655743e+00
1.022723344833341486e+00
1.022713418630681215e+00
1.022700511002827550e+00
1.022684633906984164e+00
1.022665813654998868e+00
1.022644090814100792e+00
1.022619519919476527e+00
1.022592169005103191e+00
1.022562118963829203e+00
1.022529462751885054e+00
1.022494304456694980e+00
1.022456758249857156e+00
1.022416947249416452e+00
1.022375002316921799e+00
1.022331060815293791e+00
1.022285265353177985e+00
1.022237762540321171e+00
1.022188701776652886e+00
1.022138234095317344e+00
1.022086511076999438e+00
1.022033683849705277e+00
1.021979902184802391e+00
1.021925313696768089e+00
1.021870063150856600e+00
1.021814291879862946e+00
1.021758137308445669e+00
1.021701732581099309e+00
1.021645206287904450e+00
1.021588682280600402e+00
1.021532279570364743e+00
1.021476112297878824e+00
1.021420289765813783e+00
1.021364916523720412e+00
1.021310092495435473e+00
1.021255913139454741e+00
1.021202469633260446e+00
1.021149849073246685e+00
1.021098134682674186e+00
1.021047406020924697e+00
1.020997739188205022e+00
1.020949207020766636e+00
1.020901879272572588e+00
1.020855822780213362e+00
1.020811101608670945e+00
1.020767777176275537e+00
1.020725908357858813e+00
1.020685551565709837e+00
1.020646760808423315e+00
1.020609587728174672e+00
1.020574081617275253e+00
1.020540289415148294e+00
1.020508255687055499e+00
1.020478022586059019e+00
1.020449629799796032e+00
1.020423114483708815e+00
1.020398511182407431e+00
1.020375851740860984e+00
1.020355165207116332e+00
1.020336477728251090e+00
1.020319812441269569e+00
1.020305189360661835e+00
1.020292625264367370e+00
1.020282133579899053e+00
1.020273724272434901e+00
1.020267403736707212e+00
1.020263174694577835e+00
1.020261036100217567e+00
1.020260983054862347e+00
1.020263006733131750e+00
1.020267094322931278e+00
1.020273228980941527e+00
1.020281389805672179e+00
1.020291551830010413e+00
1.020303686035082258e+00
1.020317759387132872e+00
1.020333734898932754e+00
1.020351571717018402e+00
1.020371225235790824e+00
1.020392647239188211e+00
1.020415786070290043e+00
1.020440586828805785e+00
1.020466991595970985e+00
1.020494939685904878e+00
1.020524367921996411e+00
1.020555210936396673e+00
1.020587401490203883e+00
1.020620870811429270e+00
1.020655548947406288e+00
1.020691365127867511e+00
1.020728248134559646e+00
1.020766126672968177e+00
1.020804929741489175e+00
1.020844586993242542e+00
1.020885029085659035e+00
1.020926188013000724e+00
1.020967997417093764e+00
1.021010392871766648e+00
1.021053312136769309e+00
1.021096695377325503e+00
1.021140485345903626e+00
1.021184627523293420e+00
1.021229070216597368e+00
1.021273764612341761e+00
1.021318664783481100e+00
1.021363727649688302e+00
1.021408912890896303e+00
1.021454182814663714e+00
1.021499502178471186e+00
1.021544837968600294e+00
1.021590159137740983e+00
1.021635436303933719e+00
1.021680641413879487e+00
1.021725747374047755e+00
1.021770727653372735e+00
1.021815555861668612e+00
1.021860205308204872e+00
1.021904648545194139e+00
1.021948856901226055e+00
1.021992800009968283e+00
1.022036445339749022e+00
1.022079757729893013e+00
1.022122698939993857e+00
1.022165227218557959e+00
1.022207296897735151e+00
1.022248858021092222e+00
1.022289856011608489e+00
1.022330231387245991e+00
1.022369919531544991e+00
1.022408850526734359e+00
1.022446949056754040e+00
1.022484134387371180e+00
1.022520320430205576e+00
1.022555415896911235e+00
1.022589324549009637e+00
1.022621945547877331e+00
1.022653173908153246e+00
1.022682901056363836e+00
1.022711015494821352e+00
1.022737403568894310e+00
1.022761950333557213e+00
1.022784540512772455e+00
1.022805059542755579e+00
1.022823394687630616e+00
1.022839436213423436e+00
1.022853078603903176e+00
1.022864221799532958e+00
1.022872772438845779e+00
1.022878645080009363e+00
1.022881763379321463e+00
1.022882061202917692e+00
1.022879483648194032e+00
1.022873987952390484e+00
1.022865544267437254e+00
1.022854136282579374e+00
1.022839761679367632e+00
1.022822432407303861e+00
1.022802174772604822e+00
1.022779029337097079e+00
1.022753050628970595e+00
1.022724306671867645e+00
1.022692878343326672e+00
1.022658858577815133e+00
1.022622351433243093e+00
1.022583471042862069e+00
1.022542340476684686e+00
1.022499090537933419e+00
1.022453858520545822e+00
1.022406786953403035e+00
1.022358022355812412e+00
1.022307714026905678e+00
1.022256012889171561e+00
1.022203070403443714e+00
1.022149037569471286e+00
1.022094064022846638e+00
1.022038297235712712e+00
1.021981881825419158e+00
1.021924958972294739e+00
1.021867665944956149e+00
1.021810135729237290e+00
1.021752496754837924e+00
1.021694872712230584e+00
1.021637382451195286e+00
1.021580139951555166e+00
1.021523254356239585e+00
1.021466830056665831e+00
1.021410966820541777e+00
1.021355759952551789e+00
1.021301300478909324e+00
1.021247675347437323e+00
1.021194967635601802e+00
1.021143256759785123e+00
1.021092618679956487e+00
1.021043126094806519e+00
1.020994848623296036e+00
1.020947852969420033e+00
1.020902203067798553e+00
1.020857960208441551e+00
1.020815183139704985e+00
1.020773928149037779e+00
1.020734249121628689e+00
1.020696197577477538e+00
1.020659822687759233e+00
1.020625171271613230e+00
1.020592287774701123e+00
1.020561214231006986e+00
1.020531990209469608e+00
1.020504652747081131e+00
1.020479236270138479e+00
1.020455772505333591e+00
1.020434290382392861e+00
1.020414815929961971e+00
1.020397372166454764e+00
1.020381978987578320e+00
1.020368653052280195e+00
1.020357407668874394e+00
1.020348252683151991e+00
1.020341194370308235e+00
1.020336235332569785e+00
1.020333374404452709e+00
1.020332606567606382e+00
1.020333922877250332e+00
1.020337310402204434e+00
1.020342752180529722e+00
1.020350227192754256e+00
1.020359710354606264e+00
1.020371172531085113e+00
1.020384580573556743e+00
1.020399897381399246e+00
1.020417081989485997e+00
1.020436089682541292e+00
1.020456872137070370e+00
1.020479377591227976e+00
1.020503551042566626e+00
1.020529334473187166e+00
1.020556667101338633e+00
1.020585485658034086e+00
1.020615724686753323e+00
1.020647316863807497e+00
1.020680193336465091e+00
1.020714284075481260e+00
1.020749518238260656e+00
1.020785824538518849e+00
1.020823131618010082e+00
1.020861368415658665e+00
1.020900464529285623e+00
1.020940350565063826e+00
1.020980958469859923e+00
1.021022221841749289e+00
1.021064076214187821e+00
1.021106459309632619e+00
1.021149311258756631e+00
1.021192574781854878e+00
1.021236195329524366e+00
1.021280121180244915e+00
1.021324303493059471e+00
1.021368696314139957e+00
1.021413256536631620e+00
1.021457943813754321e+00
1.021502720425730093e+00
1.021547551101654738e+00
1.021592402797968147e+00
1.021637244435674496e+00
1.021682046598920257e+00
1.021726781197972223e+00
1.021771421100023058e+00
1.021815939731624212e+00
1.021860310656872439e+00
1.021904507135805051e+00
1.021948501667745646e+00
1.021992265524648280e+00
1.022035768279759615e+00
1.022078977337208539e+00
1.022121857468416106e+00
1.022164370361490660e+00
1.022206474190059389e+00
1.022248123208250536e+00
1.022289267378780675e+00
1.022329852041336418e+00
1.022369817628593136e+00
1.022409099437332936e+00
1.022447627462144126e+00
1.022485326299101605e+00
1.022522115126604625e+00
1.022557907770185626e+00
1.022592612857528449e+00
1.022626134069188675e+00
1.022658370489500479e+00
1.022689217060931410e+00
1.022718565143661884e+00
1.022746303180434690e+00
1.022772317464745839e+00
1.022796493008274910e+00
1.022818714501071868e+00
1.022838867355542192e+00
1.022856838822701953e+00
1.022872519166637906e+00
1.022885802880651784e+00
1.022896589926341804e+00
1.022904786974906610e+00
1.022910308628440568e+00
1.022913078597938785e+00
1.022913030814304181e+00
1.022910110448858045e+00
1.022904274820811699e+00
1.022895494170823705e+00
1.022883752282177205e+00
1.022869046934198778e+00
1.022851390176243713e+00
1.022830808414747050e+00
1.022807342310399159e+00
1.022781046487216683e+00
1.022751989060019628e+00
1.022720250991388191e+00
1.022685925293354225e+00
1.022649116092759325e+00
1.022609937582208861e+00
1.022568512880763336e+00
1.022524972829898404e+00
1.022479454750750083e+00
1.022432101188314402e+00
1.022383058667113209e+00
1.022332476480969143e+00
1.022280505537088269e+00
1.022227297271740110e+00
1.022173002651634022e+00
1.022117771271738196e+00
1.022061750556928050e+00
1.022005085071616914e+00
1.021947915938491658e+00
1.021890380364772977e+00
1.021832611272045277e+00
1.021774737023752433e+00
1.021716881242876518e+00
1.021659162711165525e+00
1.021601695340478066e+00
1.021544588206366733e+00
1.021487945633887451e+00
1.021431867325748311e+00
1.021376448523255043e+00
1.021321780191048800e+00
1.021267949217297799e+00
1.021215038621779314e+00
1.021163127765146950e+00
1.021112292553544076e+00
1.021062605633643372e+00
1.021014136574066589e+00
1.020966952029996211e+00
1.020921115888593578e+00
1.020876689393582115e+00
1.020833731248012022e+00
1.020792297694816941e+00
1.020752442575272756e+00
1.020714217365885190e+00
1.020677671194581748e+00
1.020642850837336413e+00
1.020609800696577807e+00
1.020578562762851416e+00
1.020549176561328597e+00
1.020521679084796851e+00
1.020496104714815555e+00
1.020472485132729146e+00
1.020450849222238165e+00
1.020431222965236806e+00
1.020413629332626471e+00
1.020398088171818651e+00
1.020384616092679275e+00
1.020373226353664897e+00
1.020363928749958848e+00
1.020356729505441207e+00
1.020351631170376638e+00
1.020348632526746790e+00
1.020347728503190998e+00
1.020348910101551487e+00
1.020352164337035905e+00
1.020357474194003133e+00
1.020364818599354795e+00
1.020374172415449809e+00
1.020385506454371649e+00
1.020398787515235384e+00
1.020413978446057079e+00
1.020431038231472298e+00
1.020449922107331986e+00
1.020470581702881852e+00
1.020492965210878733e+00
1.020517017585584885e+00
1.020542680768158572e+00
1.020569893938484629e+00
1.020598593792003683e+00
1.020628714839609819e+00
1.020660189728187284e+00
1.020692949578879460e+00
1.020726924339729669e+00
1.020762043148920384e+00
1.020798234704470842e+00
1.020835427635962578e+00
1.020873550873624858e+00
1.020912534009971839e+00
1.020952307649124258e+00
1.020992803738975496e+00
1.021033955881488264e+00
1.021075699616612376e+00
1.021117972675606334e+00
1.021160715199931790e+00
1.021203869922300944e+00
1.021247382306979201e+00
1.021291200646968544e+00
1.021335276116276169e+00
1.021379562776059569e+00
1.021424017534048989e+00
1.021468600057228393e+00
1.021513272638348013e+00
1.021558000017397383e+00
1.021602749159689738e+00
1.021647488992719399e+00
1.021692190104403153e+00
1.021736824405748756e+00
1.021781364761384481e+00
1.021825784591749553e+00
1.021870057451081504e+00
1.021914156585645994e+00
1.021958054476967304e+00
1.022001722375102117e+00
1.022045129827276799e+00
1.022088244207509655e+00
1.022131030253101702e+00
1.022173449614174112e+00
1.022215460422697841e+00
1.022257016887734959e+00
1.022298068923853887e+00
1.022338561819895908e+00
1.022378435955451526e+00
1.022417626572501570e+00
1.022456063609705534e+00
1.022493671606737209e+00
1.022530369685841212e+00
1.022566071617416972e+00
1.022600685975870061e+00
1.022634116391204273e+00
1.022666261900840645e+00
1.022697017404904152e+00
1.022726274226745780e+00
1.022753920778726400e+00
1.022779843331315330e+00
1.022803926881379777e+00
1.022826056113165905e+00
1.022846116442984510e+00
1.022863995136052306e+00
1.022879582481401872e+00
1.022892773008321043e+00
1.022903466725547217e+00
1.022911570362498246e+00
1.022916998590286397e+00
1.022919675199233103e+00
1.022919534209173698e+00
1.022916520889060266e+00
1.022910592663329954e+00
1.022901719884181659e+00
1.022889886451319841e+00
1.022875090263823727e+00
1.022857343492487470e+00
1.022836672665187852e+00
1.022813118562365453e+00
1.022786735924437806e+00
1.022757592977701968e+00
1.022725770789829181e+00
1.022691362470250720e+00
1.022654472234392653e+00
1.022615214353711277e+00
1.022573712015691694e+00
1.022530096119342868e+00
1.022484504032211250e+00
1.022437078334573979e+00
1.022387965575307867e+00
1.022337315062060936e+00
1.022285277705899276e+00
1.022232004937690508e+00
1.022177647710296844e+00
1.022122355597288923e+00
1.022066275995543227e+00
1.022009553435843543e+00
1.021952329002586701e+00
1.021894739860985002e+00
1.021836918887798928e+00
1.021778994399668239e+00
1.021721089971562746e+00
1.021663324336694822e+00
1.021605811358463622e+00
1.021548660064550695e+00
1.021491974733151675e+00
1.021435855021459504e+00
1.021380396126864376e+00
1.021325688971863821e+00
1.021271820404360042e+00
1.021218873405782102e+00
1.021166927300335647e+00
1.021116057959553736e+00
1.021066337997232232e+00
1.021017836950712354e+00
1.020970621445331794e+00
1.020924755339662315e+00
1.020880299849903583e+00
1.020837313652448897e+00
1.020795852964244466e+00
1.020755971601052137e+00
1.020717721014148704e+00
1.020681150306334661e+00
1.020646306228391920e+00
1.020613233157333655e+00
1.020581973057924863e+00
1.020552565429060365e+00
1.020525047236642280e+00
1.020499452834636278e+00
1.020475813876000615e+00
1.020454159215189449e+00
1.020434514803935988e+00
1.020416903582025636e+00
1.020401345364780887e+00
1.020387856728994347e+00
1.020376450899075138e+00
1.020367137635208810e+00
1.020359923125371271e+00
1.020354809883073477e+00
1.020351796652769760e+00
1.020350878324892019e+00
1.020352045862507939e+00
1.020355286241612092e+00
1.020360582407058958e+00
1.020367913246121194e+00
1.020377253581584487e+00
1.020388574186211761e+00
1.020401841820264499e+00
1.020417019293595517e+00
1.020434065553601943e+00
1.020452935800065353e+00
1.020473581627578952e+00
1.020495951195911744e+00
1.020519989428251506e+00
1.020545638236834307e+00
1.020572836775006431e+00
1.020601521714267879e+00
1.020631627544365427e+00
1.020663086894002314e+00
1.020695830869249532e+00
1.020729789406300547e+00
1.020764891634783789e+00
1.020801066247503774e+00
1.020838241872160879e+00
1.020876347440392795e+00
1.020915312549324661e+00
1.020955067810760397e+00
1.020995545183172926e+00
1.021036678281788346e+00
1.021078402662246809e+00
1.021120656073637445e+00
1.021163378677067524e+00
1.021206513226360801e+00
1.021250005207986478e+00
1.021293802937847772e+00
1.021337857613145328e+00
1.021382123318109070e+00
1.021426556983001666e+00
1.021471118296385816e+00
1.021515769571229360e+00
1.021560475565983062e+00
1.021605203262288208e+00
1.021649921601477606e+00
1.021694601182484119e+00
1.021739213924207856e+00
1.021783732695776159e+00
1.021828130918498001e+00
1.021872382143654612e+00
1.021916459610574535e+00
1.021960335789751984e+00
1.022003981916053572e+00
1.022047367517340710e+00
1.022090459944122731e+00
1.022133223906139143e+00
1.022175621022038072e+00
1.022217609388610171e+00
1.022259143176293517e+00
1.022300172257914141e+00
1.022340641877845568e+00
1.022380492368942573e+00
1.022419658924704766e+00
1.022458071434157789e+00
1.022495654386843533e+00
1.022532326855094098e+00
1.022568002560394707e+00
1.022602590030061265e+00
1.022635992849707964e+00
1.022668110015973797e+00
1.022698836392741395e+00
1.022728063272597243e+00
1.022755679043547250e+00
1.022781569959019921e+00
1.022805621007013110e+00
1.022827716871863135e+00
1.022847742979627883e+00
1.022865586615511191e+00
1.022881138099218878e+00
1.022894292001687244e+00
1.022904948384389723e+00
1.022913014040488511e+00
1.022918403715564750e+00
1.022921041284642563e+00
1.022920860861788128e+00
1.022917807818803482e+00
1.022911839690490599e+00
1.022902926945648439e+00
1.022891053605386791e+00
1.022876217693441614e+00
1.022858431506880272e+00
1.022837721699783931e+00
1.022814129177040288e+00
1.022787708800105611e+00
1.022758528911336118e+00
1.022726670688026696e+00
1.022692227341498228e+00
1.022655303180212361e+00
1.022616012558897669e+00
1.022574478737858783e+00
1.022530832678013146e+00
1.022485211797677485e+00
1.022437758716757905e+00
1.022388620012826710e+00
1.022337945011692950e+00
1.022285884632613717e+00
1.022232590305384825e+00
1.022178212973347655e+00
1.022122902192999838e+00
1.022066805337540796e+00
1.022010066908439319e+00
1.021952827956108978e+00
1.021895225608050906e+00
1.021837392700482461e+00
1.021779457507506539e+00
1.021721543560325518e+00
1.021663769547835887e+00
1.021606249289172430e+00
1.021549091768307882e+00
1.021492401220706725e+00
1.021436277262140147e+00
1.021380815050133783e+00
1.021326105469053669e+00
1.021272235330502820e+00
1.021219287581482726e+00
1.021167341513626203e+00
1.021116472967681821e+00
1.021066754528344500e+00
1.021018255705403055e+00
1.020971043098026776e+00
1.020925180539827171e+00
1.020880729223057060e+00
1.020837747800984019e+00
1.020796292468048705e+00
1.020756417017933515e+00
1.020718172880074270e+00
1.020681609135489332e+00
1.020646772513069678e+00
1.020613707367672207e+00
1.020582455641498631e+00
1.020553056810346693e+00
1.020525547816375944e+00
1.020499962989064091e+00
1.020476333956054749e+00
1.020454689545593929e+00
1.020435055682260561e+00
1.020417455277703223e+00
1.020401908118102607e+00
1.020388430750099662e+00
1.020377036366951540e+00
1.020367734696717932e+00
1.020360531894316303e+00
1.020355430439328082e+00
1.020352429041482489e+00
1.020351522555787316e+00
1.020352701909296389e+00
1.020355954041533231e+00
1.020361261860573077e+00
1.020368604216763231e+00
1.020377955896003108e+00
1.020389287634406283e+00
1.020402566156032531e+00
1.020417754235204866e+00
1.020434810784700996e+00
1.020453690970832605e+00
