1.000603444564682754e+00
1.000677428718302675e+00
1.000799895125096484e+00
1.000943955912842354e+00
1.001100496444853771e+00
1.001265099411646098e+00
1.001435134218618295e+00
1.001608832122813375e+00
1.001784914471181676e+00
1.001962413987918854e+00
1.002140576376103542e+00
1.002318800505009877e+00
1.002496599380637399e+00
1.002673573364968540e+00
1.002849391144150948e+00
1.003023775872501133e+00
1.003196494912738101e+00
1.003367352142658042e+00
1.003536182124332710e+00
1.003702845637886476e+00
1.003867226219502307e+00
1.004029227439279470e+00
1.004188770723603685e+00
1.004345793577335666e+00
1.004500248098730619e+00
1.004652099708063906e+00
1.004801326031952602e+00
1.004947915901049260e+00
1.005091868430515456e+00
1.005233192161418154e+00
1.005371904247705395e+00
1.005508029678277238e+00
1.005641600527314772e+00
1.005772655228774237e+00
1.005901237873028098e+00
1.006027397525234512e+00
1.006151187566199257e+00
1.006272665057398985e+00
1.006391890132468658e+00
1.006508925417853639e+00
1.006623835485546570e+00
1.006736686340823805e+00
1.006847544947763629e+00
1.006956478794996057e+00
1.007063555503709740e+00
1.007168842479381210e+00
1.007272406608066273e+00
1.007374313997408954e+00
1.007474629761810014e+00
1.007573417850506248e+00
1.007670740916624341e+00
1.007766660224671540e+00
1.007861235593375149e+00
1.007954525370335030e+00
1.008046586434612868e+00
1.008137474223146146e+00
1.008227242776755794e+00
1.008315944801517094e+00
1.008403631741373152e+00
1.008490353858066069e+00
1.008576160314768044e+00
1.008661099260159011e+00
1.008745217910120617e+00
1.008828562624680902e+00
1.008911178978328937e+00
1.008993111822300559e+00
1.009074405337896385e+00
1.009155103080346727e+00
1.009235248013106379e+00
1.009314882532822644e+00
1.009394048485477313e+00
1.009472787174433117e+00
1.009551139361258620e+00
1.009629145260293903e+00
1.009706844527960445e+00
1.009784276247800872e+00
1.009861478912184918e+00
1.009938490401529165e+00
1.010015347961782162e+00
1.010092088180795322e+00
1.010168746964088093e+00
1.010245359510387964e+00
1.010321960287211551e+00
1.010398583006649975e+00
1.010475260601435998e+00
1.010552025201287396e+00
1.010628908109478807e+00
1.010705939779537932e+00
1.010783149791947944e+00
1.010860566830722229e+00
1.010938218659712229e+00
1.011016132098529141e+00
1.011094332997964251e+00
1.011172846214826393e+00
1.011251695586134591e+00
1.011330903902631695e+00
1.011410492881622103e+00
1.011490483139154684e+00
1.011570894161613055e+00
1.011651744276789611e+00
1.011733050624555652e+00
1.011814829127262394e+00
1.011897094460018076e+00
1.011979860021023025e+00
1.012063137902150967e+00
1.012146938859982637e+00
1.012231272287515971e+00
1.012316146186791777e+00
1.012401567142672931e+00
1.012487540298050437e+00
1.012574069330730131e+00
1.012661156432286269e+00
1.012748802289161310e+00
1.012837006066302115e+00
1.012925765393621447e+00
1.013015076355585409e+00
1.013104933484209713e+00
1.013195329755766316e+00
1.013286256591474199e+00
1.013377703862456736e+00
1.013469659899226105e+00
1.013562111505939667e+00
1.013655043979660331e+00
1.013748441134826539e+00
1.013842285333101056e+00
1.013936557518757109e+00
1.014031237259705120e+00
1.014126302794234658e+00
1.014221731083502220e+00
1.014317497869751783e+00
1.014413577740197692e+00
1.014509944196460234e+00
1.014606569729379792e+00
1.014703425898989542e+00
1.014800483419362909e+00
1.014897712248001627e+00
1.014995081679374467e+00
1.015092560442157898e+00
1.015190116799687292e+00
1.015287718653066662e+00
1.015385333646352528e+00
1.015482929273177071e+00
1.015580472984146443e+00
1.015677932294315688e+00
1.015775274890026614e+00
1.015872468734366318e+00
1.015969482170509863e+00
1.016066284022192789e+00
1.016162843690581408e+00
1.016259131246806335e+00
1.016355117519460949e+00
1.016450774176378635e+00
1.016546073800049133e+00
1.016640989956074215e+00
1.016735497254098952e+00
1.016829571400722498e+00
1.016923189243936987e+00
1.017016328808706849e+00
1.017108969323364587e+00
1.017201091236564769e+00
1.017292676224599512e+00
1.017383707188952657e+00
1.017474168244030697e+00
1.017564044695075776e+00
1.017653323006334265e+00
1.017741990759609472e+00
1.017830036603393884e+00
1.017917450192831197e+00
1.018004222120807656e+00
1.018090343840533318e+00
1.018175807580011138e+00
1.018260606248842848e+00
1.018344733337861463e+00
1.018428182812113780e+00
1.018510948997759957e+00
1.018593026463484152e+00
1.018674409897049493e+00
1.018755093977649295e+00
1.018835073244750200e+00
1.018914341964143100e+00
1.018992893991941262e+00
1.019070722637309245e+00
1.019147820524717307e+00
1.019224179456559076e+00
1.019299790276988027e+00
1.019374642737874037e+00
1.019448725367797959e+00
1.019522025345042326e+00
1.019594528375570297e+00
1.019666218577009564e+00
1.019737078369696848e+00
1.019807088375862536e+00
1.019876227328063489e+00
1.019944471987999979e+00
1.020011797076859184e+00
1.020078175218352978e+00
1.020143576895612192e+00
1.020207970423095523e+00
1.020271321934655528e+00
1.020333595388873471e+00
1.020394752592726828e+00
1.020454753244592450e+00
1.020513554997506844e+00
1.020571113543507380e+00
1.020627382719746290e+00
1.020682314636938148e+00
1.020735859830518732e+00
1.020787967434711563e+00
1.020838585379476360e+00
1.020887660610081404e+00
1.020935139328771557e+00
1.020980967257739014e+00
1.021025089922289908e+00
1.021067452952809873e+00
1.021108002403794179e+00
1.021146685087898742e+00
1.021183448922647230e+00
1.021218243287101757e+00
1.021251019385531311e+00
1.021281730614809202e+00
1.021310332932050757e+00
1.021336785218766696e+00
1.021361049637669938e+00
1.021383091978137259e+00
1.021402881986288369e+00
1.021420393675645633e+00
1.021435605614416264e+00
1.021448501185586499e+00
1.021459068816237714e+00
1.021467302172785807e+00
1.021473200319208186e+00
1.021476767835750810e+00
1.021478014896096465e+00
1.021476957301517441e+00
1.021473616471116674e+00
1.021468019387880899e+00
1.021460198500897310e+00
1.021450191584732936e+00
1.021438041557598764e+00
1.021423796260537920e+00
1.021407508200444125e+00
1.021389234260243306e+00
1.021369035380031765e+00
1.021346976213353797e+00
1.021323124763116041e+00
1.021297552001848352e+00
1.021270331481161309e+00
1.021241538935288684e+00
1.021211251883538562e+00
1.021179549236352013e+00
1.021146510909423544e+00
1.021112217450053317e+00
1.021076749679519224e+00
1.021040188354843448e+00
1.021002613852855179e+00
1.020964105878949590e+00
1.020924743202434870e+00
1.020884603419820014e+00
1.020843762746888039e+00
1.020802295839885687e+00
1.020760275645696602e+00
1.020717773280399365e+00
1.020674857935239377e+00
1.020631596808667219e+00
1.020588055062808808e+00
1.020544295802476409e+00
1.020500380074648827e+00
1.020456366886202115e+00
1.020412313237598401e+00
1.020368274170196043e+00
1.020324302824878515e+00
1.020280450509728487e+00
1.020236766774595516e+00
1.020193299490510963e+00
1.020150094932060769e+00
1.020107197861003234e+00
1.020064651609593254e+00
1.020022498162275415e+00
1.019980778234603536e+00
1.019939531348436068e+00
1.019898795902647537e+00
1.019858609238782465e+00
1.019819007701234126e+00
1.019780026691695651e+00
1.019741700717760935e+00
1.019704063435677099e+00
1.019667147687352005e+00
1.019630985531803091e+00
1.019595608271304910e+00
1.019561046472547527e+00
1.019527329983146435e+00
1.019494487943878758e+00
1.019462548797025470e+00
1.019431540291204641e+00
1.019401489483069412e+00
1.019372422736238182e+00
1.019344365717792522e+00
1.019317343392663666e+00
1.019291380016197568e+00
1.019266499125155212e+00
1.019242723527382211e+00
1.019220075290339977e+00
1.019198575728671674e+00
1.019178245390938375e+00
1.019159104045638475e+00
1.019141170666592044e+00
1.019124463417760085e+00
1.019108999637532431e+00
1.019094795822516497e+00
1.019081867610832415e+00
1.019070229764917901e+00
1.019059896153831524e+00
1.019050879735044157e+00
1.019043192535701081e+00
1.019036845633342070e+00
1.019031849136074808e+00
1.019028212162191416e+00
1.019025942819242969e+00
1.019025048182587767e+00
1.019025534273448885e+00
1.019027406036527639e+00
1.019030667317241790e+00
1.019035320838669989e+00
1.019041368178312368e+00
1.019048809744783179e+00
1.019057644754588932e+00
1.019067871209149434e+00
1.019079485872253166e+00
1.019092484248145469e+00
1.019106860560481831e+00
1.019122607732377395e+00
1.019139717367821607e+00
1.019158179734720227e+00
1.019177983749858019e+00
1.019199116966073904e+00
1.019221565561950982e+00
1.019245314334335406e+00
1.019270346693986529e+00
1.019296644664675178e+00
1.019324188886029603e+00
1.019352958620424854e+00
1.019382931764199141e+00
1.019414084863461856e+00
1.019446393134737505e+00
1.019479830490665151e+00
1.019514369570939660e+00
1.019549981778655079e+00
1.019586637322159817e+00
1.019624305262504693e+00
1.019662953566509156e+00
1.019702549165427463e+00
1.019743058019144000e+00
1.019784445185768273e+00
1.019826674896454399e+00
1.019869710635198601e+00
1.019913515223328293e+00
1.019958050908319702e+00
1.020003279456542344e+00
1.020049162249463626e+00
1.020095660382799974e+00
1.020142734768050730e+00
1.020190346235808843e+00
1.020238455640204212e+00
1.020287023963797779e+00
1.020336012422221605e+00
1.020385382567845056e+00
1.020435096391714813e+00
1.020485116423036409e+00
1.020535405825447217e+00
1.020585928489346816e+00
1.020636649119569306e+00
1.020687533317705231e+00
1.020738547658406326e+00
1.020789659759058443e+00
1.020840838342231605e+00
1.020892053290386681e+00
1.020943275692356877e+00
1.020994477881189244e+00
1.021045633462986713e+00
1.021096717336467785e+00
1.021147705703004060e+00
1.021198576066991937e+00
1.021249307226453018e+00
1.021299879253850573e+00
1.021350273467148462e+00
1.021400472391227110e+00
1.021450459709814407e+00
1.021500220208156007e+00
1.021549739706705040e+00
1.021599004986160963e+00
1.021648003704237473e+00
1.021696724304589132e+00
1.021745155918360348e+00
1.021793288258875165e+00
1.021841111510001232e+00
1.021888616208784129e+00
1.021935793122953573e+00
1.021982633123952100e+00
1.022029127056160558e+00
1.022075265603020977e+00
1.022121039150789779e+00
1.022166437650681159e+00
1.022211450480186468e+00
1.022256066304387367e+00
1.022300272938110322e+00
1.022344057209793267e+00
1.022387404827980184e+00
1.022430300251374158e+00
1.022472726563427026e+00
1.022514665352463048e+00
1.022556096598376207e+00
1.022596998566962956e+00
1.022637347712985756e+00
1.022677118593084522e+00
1.022716283789675273e+00
1.022754813846990851e+00
1.022792677220422553e+00
1.022829840240328414e+00
1.022866267091452563e+00
1.022901919809083182e+00
1.022936758293038872e+00
1.022970740340512830e+00
1.023003821698741600e+00
1.023035956138367730e+00
1.023067095548257921e+00
1.023097190052403072e+00
1.023126188149368065e+00
1.023154036874586170e+00
1.023180681985579987e+00
1.023206068169967953e+00
1.023230139275870920e+00
1.023252838564053135e+00
1.023274108980853692e+00
1.023293893450655911e+00
1.023312135186330130e+00
1.023328778015760721e+00
1.023343766722255133e+00
1.023357047396300068e+00
1.023368567795842843e+00
1.023378277711965767e+00
1.023386129336585793e+00
1.023392077628554553e+00
1.023396080674371600e+00
1.023398100039567549e+00
1.023398101106733460e+00
1.023396053396153249e+00
1.023391930865034993e+00
1.023385712181444696e+00
1.023377380969234141e+00
1.023366926020512935e+00
1.023354341472537676e+00
1.023339626946285330e+00
1.023322787644446841e+00
1.023303834407082835e+00
1.023282783723749034e+00
1.023259657701507175e+00
1.023234483988851196e+00
1.023207295656228144e+00
1.023178131034462535e+00
1.023147033513024606e+00
1.023114051300660243e+00
1.023079237151471643e+00
1.023042648060008553e+00
1.023004344929378862e+00
1.022964392216717755e+00
1.022922857560643051e+00
1.022879811395477123e+00
1.022835326557125057e+00
1.022789477885471809e+00
1.022742341828071444e+00
1.022693996049715448e+00
1.022644519052201550e+00
1.022593989808286974e+00
1.022542487413414580e+00
1.022490090758351400e+00
1.022436878225394530e+00
1.022382927410288467e+00
1.022328314871474131e+00
1.022273115907761820e+00
1.022217404365017845e+00
1.022161252471943449e+00
1.022104730704589182e+00
1.022047907678795164e+00
1.021990850069398604e+00
1.021933622554702215e+00
1.021876287784433845e+00
1.021818906369205138e+00
1.021761536889313593e+00
1.021704235920623649e+00
1.021647058075208836e+00
1.021590056054419549e+00
1.021533280712092484e+00
1.021476781125675082e+00
1.021420604673169308e+00
1.021364797113922362e+00
1.021309402671458866e+00
1.021254464116734040e+00
1.021200022850365707e+00
1.021146118982613427e+00
1.021092791410052492e+00
1.021040077888101472e+00
1.020988015098730495e+00
1.020936638712870437e+00
1.020885983447183509e+00
1.020836083115019832e+00
1.020786970671505145e+00
1.020738678252812726e+00
1.020691237209778279e+00
1.020644678136079619e+00
1.020599030891274461e+00
1.020554324619025621e+00
1.020510587760879773e+00
1.020467848065977901e+00
1.020426132597085811e+00
1.020385467733329499e+00
1.020345879170004633e+00
1.020307391915817874e+00
1.020270030287888208e+00
1.020233817904818041e+00
1.020198777678105184e+00
1.020164931802145070e+00
1.020132301743032599e+00
1.020100908226349912e+00
1.020070771224093953e+00
1.020041909940862634e+00
1.020014342799401064e+00
1.019988087425580447e+00
1.019963160632856969e+00
1.019939578406247493e+00
1.019917355885834098e+00
1.019896507349802306e+00
1.019877046197004145e+00
1.019858984929038925e+00
1.019842335131827316e+00
1.019827107456667825e+00
1.019813311600764827e+00
1.019800956287209681e+00
1.019790049244430064e+00
1.019780597185106608e+00
1.019772605784588837e+00
1.019766079658846358e+00
1.019761022342011936e+00
1.019757436263592165e+00
1.019755322725434343e+00
1.019754681878568103e+00
1.019755512700047717e+00
1.019757812969957822e+00
1.019761579248746663e+00
1.019766806855088914e+00
1.019773489844488346e+00
1.019781620988850834e+00
1.019791191757281057e+00
1.019802192298364218e+00
1.019814611424212147e+00
1.019828436596565746e+00
1.019843653915251114e+00
1.019860248109298428e+00
1.019878202531027123e+00
1.019897499153417542e+00
1.019918118571066179e+00
1.019940040005030468e+00
1.019963241311850233e+00
1.019987698997021353e+00
1.020013388233179219e+00
1.020040282883218241e+00
1.020068355528560122e+00
1.020097577502738329e+00
1.020127918930438859e+00
1.020159348772090357e+00
1.020191834874061954e+00
1.020225344024470626e+00
1.020259842014552998e+00
1.020295293705509199e+00
1.020331663100658037e+00
1.020368913422702750e+00
1.020407007195834437e+00
1.020445906332351882e+00
1.020485572223419179e+00
1.020525965833520399e+00
1.020567047798127458e+00
1.020608778524040305e+00
1.020651118291814985e+00
1.020694027359652312e+00
1.020737466068087684e+00
1.020781394944786369e+00
1.020825774808729269e+00
1.020870566873055774e+00
1.020915732845820267e+00
1.020961235027917358e+00
1.021007036407435065e+00
1.021053100749711673e+00
1.021099392682386586e+00
1.021145877774770394e+00
1.021192522610887776e+00
1.021239294855589952e+00
1.021286163313184892e+00
1.021333097978074811e+00
1.021380070076958191e+00
1.021427052102208632e+00
1.021474017836100145e+00
1.021520942365630180e+00
1.021567802087736343e+00
1.021614574704788225e+00
1.021661239210292837e+00
1.021707775864820089e+00
1.021754166162220034e+00
1.021800392786267109e+00
1.021846439557920982e+00
1.021892291373460271e+00
1.021937934133788639e+00
1.021983354665275012e+00
1.022028540632524241e+00
1.022073480443535853e+00
1.022118163147728520e+00
1.022162578327371785e+00
1.022206715982974856e+00
1.022250566413243522e+00
1.022294120090221803e+00
1.022337367530289143e+00
1.022380299161693262e+00
1.022422905189339204e+00
1.022465175457579534e+00
1.022507099311780188e+00
1.022548665459457773e+00
1.022589861831827651e+00
1.022630675446617898e+00
1.022671092273041094e+00
1.022711097099847866e+00
1.022750673407416322e+00
1.022789803244864792e+00
1.022828467113204187e+00
1.022866643855583790e+00
1.022904310555704299e+00
1.022941442445509663e+00
1.022978012823280825e+00
1.023013992983284215e+00
1.023049352158126757e+00
1.023084057474986874e+00
1.023118073926872373e+00
1.023151364360048721e+00
1.023183889478740838e+00
1.023215607868177557e+00
1.023246476036978603e+00
1.023276448479801370e+00
1.023305477761070170e+00
1.023333514620486717e+00
1.023360508100871646e+00
1.023386405698724744e+00
1.023411153537695961e+00
1.023434696564943458e+00
1.023456978770125092e+00
1.023477943426493786e+00
1.023497533353309841e+00
1.023515691198464861e+00
1.023532359739923736e+00
1.023547482204253622e+00
1.023561002600204439e+00
1.023572866064972997e+00
1.023583019220469570e+00
1.023591410536617952e+00
1.023597990698434268e+00
1.023602712973385120e+00
1.023605533575318471e+00
1.023606412021096368e+00
1.023605311475938695e+00
1.023602199083439857e+00
1.023597046276219169e+00
1.023589829063252354e+00
1.023580528290066516e+00
1.023569129868206584e+00
1.023555624970673428e+00
1.023540010190390870e+00
1.023522287659190955e+00
1.023502465125288197e+00
1.023480555987765328e+00
1.023456579287161938e+00
1.023430559651884231e+00
1.023402527200779843e+00
1.023372517402867166e+00
1.023340570895837631e+00
1.023306733265557877e+00
1.023271054789377299e+00
1.023233590146563676e+00
1.023194398099658065e+00
1.023153541150928048e+00
1.023111085178411317e+00
1.023067099056262919e+00
1.023021654264251845e+00
1.022974824491293511e+00
1.022926685237854461e+00
1.022877313421914014e+00
1.022826786992956816e+00
1.022775184558157857e+00
1.022722585024559816e+00
1.022669067260616238e+00
1.022614709780010012e+00
1.022559590450152323e+00
1.022503786227254130e+00
1.022447372919330411e+00
1.022390424977982715e+00
1.022333015319296212e+00
1.022275215173714891e+00
1.022217093964307155e+00
1.022158719212443279e+00
1.022100156469540222e+00
1.022041469273239134e+00
1.021982719126127037e+00
1.021923965494924147e+00
1.021865265827919700e+00
1.021806675588361468e+00
1.021748248301464823e+00
1.021690035612725422e+00
1.021632087355274443e+00
1.021574451624111202e+00
1.021517174855171683e+00
1.021460301907339163e+00
1.021403876145685619e+00
1.021347939524399173e+00
1.021292532668069075e+00
1.021237694950172026e+00
1.021183464567823496e+00
1.021129878612027309e+00
1.021076973132848398e+00
1.021024783199103059e+00
1.020973342952304463e+00
1.020922685654750417e+00
1.020872843731756241e+00
1.020823848808136702e+00
1.020775731739127501e+00
1.020728522636011437e+00
1.020682250886752795e+00
1.020636945171998544e+00
1.020592633476812505e+00
1.020549343098531070e+00
1.020507100651127264e+00
1.020465932066459080e+00
1.020425862592771571e+00
1.020386916790791076e+00
1.020349118527736243e+00
1.020312490969530472e+00
1.020277056571484930e+00
1.020242837067674158e+00
1.020209853459207672e+00
1.020178126001566099e+00
1.020147674191136833e+00
1.020118516751062243e+00
1.020090671616486810e+00
1.020064155919260251e+00
1.020038985972144152e+00
1.020015177252539651e+00
1.019992744385750605e+00
1.019971701127776686e+00
1.019952060347628198e+00
1.019933834009147500e+00
1.019917033152319297e+00
1.019901667874056228e+00
1.019887747308448223e+00
1.019875279606471841e+00
1.019864271915163378e+00
1.019854730356277717e+00
1.019846660004460448e+00
1.019840064864979912e+00
1.019834947851089080e+00
1.019831310761094123e+00
1.019829154255235348e+00
1.019828477832504188e+00
1.019829279807534350e+00
1.019831557287737223e+00
1.019835306150860488e+00
1.019840521023176461e+00
1.019847195258520856e+00
1.019855320918424013e+00
1.019864888753591048e+00
1.019875888187002477e+00
1.019888307298919994e+00
1.019902132814093587e+00
1.019917350091469999e+00
1.019933943116716479e+00
1.019951894497862277e+00
1.019971185464374486e+00
1.019991795869968243e+00
1.020013704199447258e+00
1.020036887579856888e+00
1.020061321796218889e+00
1.020086981312088525e+00
1.020113839295156311e+00
1.020141867648081568e+00
1.020171037044719231e+00
1.020201316971849792e+00
1.020232675776494347e+00
1.020265080718846029e+00
1.020298498030790313e+00
1.020332892979958217e+00
1.020368229939173199e+00
1.020404472461124534e+00
1.020441583358020932e+00
1.020479524785935510e+00
1.020518258333487083e+00
1.020557745114452075e+00
1.020597945863845668e+00
1.020638821036955024e+00
1.020680330910768596e+00
1.020722435687189122e+00
1.020765095597393923e+00
1.020808271006657719e+00
1.020851922518934973e+00
1.020896011080477006e+00
1.020940498081746695e+00
1.020985345456880022e+00
1.021030515779956183e+00
1.021075972357340822e+00
1.021121679315380781e+00
1.021167601682765103e+00
1.021213705466879507e+00
1.021259957723539280e+00
1.021306326619514593e+00
1.021352781487313566e+00
1.021399292871759013e+00
1.021445832567922096e+00
1.021492373650073171e+00
1.021538890491342277e+00
1.021585358773873242e+00
1.021631755489305293e+00
1.021678058929489152e+00
1.021724248667414514e+00
1.021770305528381328e+00
1.021816211551525244e+00
1.021861949941849979e+00
1.021907505012999540e+00
1.021952862121037642e+00
1.021998007589574486e+00
1.022042928626611058e+00
1.022087613233535031e+00
1.022132050106728141e+00
1.022176228532305053e+00
1.022220138274516632e+00
1.022263769458408689e+00
1.022307112447341737e+00
1.022350157716025443e+00
1.022392895719727690e+00
1.022435316760373247e+00
1.022477410850257673e+00
1.022519167574134524e+00
1.022560575950462347e+00
1.022601624292632572e+00
1.022642300071015642e+00
1.022682589776708451e+00
1.022722478787883027e+00
1.022761951239679945e+00
1.022800989898614787e+00
1.022839576042497978e+00
1.022877689346903818e+00
1.022915307779256100e+00
1.022952407501615202e+00
1.022988962783290656e+00
1.023024945924417173e+00
1.023060327191641194e+00
1.023095074767089274e+00
1.023129154711770017e+00
1.023162530944566218e+00
1.023195165237936965e+00
1.023227017231422398e+00
1.023258044463988936e+00
1.023288202426168692e+00
1.023317444632882101e+00
1.023345722717693196e+00
1.023372986549136554e+00
1.023399184369587100e+00
1.023424262956964093e+00
1.023448167809367426e+00
1.023470843352506154e+00
1.023492233169535304e+00
1.023512280252649953e+00
1.023530927275498215e+00
1.023548116885161896e+00
1.023563792012155194e+00
1.023577896196560033e+00
1.023590373928095820e+00
1.023601170997607834e+00
1.023610234857148082e+00
1.023617514985536436e+00
1.023622963256023866e+00
1.023626534302455093e+00
1.023628185880136376e+00
1.023627879217468450e+00
1.023625579354331627e+00
1.023621255463168733e+00
1.023614881148762201e+00
1.023606434722812875e+00
1.023595899449597058e+00
1.023583263759250350e+00
1.023568521425538780e+00
1.023551671705378752e+00
1.023532719437822092e+00
1.023511675100741591e+00
1.023488554824008023e+00
1.023463380358556662e+00
1.023436179001360191e+00
1.023406983476971233e+00
1.023375831776926592e+00
1.023342766958938999e+00
1.023307836908380564e+00
1.023271094065133280e+00
1.023232595119356603e+00
1.023192400680168035e+00
1.023150574921575018e+00
1.023107185210269776e+00
1.023062301720078615e+00
1.023015997037940661e+00
1.022968345766290810e+00
1.022919424126615962e+00
1.022869309568788410e+00
1.022818080390488493e+00
1.022765815370729747e+00
1.022712593421068794e+00
1.022658493257662560e+00
1.022603593096835350e+00
1.022547970376313176e+00
1.022491701503759121e+00
1.022434861633718883e+00
1.022377524473567778e+00
1.022319762118568232e+00
1.022261644915666734e+00
1.022203241355257308e+00
1.022144617989740656e+00
1.022085839377389282e+00
1.022026968049754680e+00
1.021968064500626383e+00
1.021909187194390167e+00
1.021850392591525658e+00
1.021791735188922079e+00
1.021733267572680459e+00
1.021675040481109908e+00
1.021617102875697958e+00
1.021559502017947096e+00
1.021502283550104195e+00
1.021445491577975817e+00
1.021389168754201826e+00
1.021333356360537348e+00
1.021278094387910729e+00
1.021223421613199012e+00
1.021169375671872048e+00
1.021115993125834898e+00
1.021063309525973573e+00
1.021011359469072621e+00
1.020960176648917361e+00
1.020909793901524143e+00
1.020860243244557264e+00
1.020811555911073309e+00
1.020763762377832062e+00
1.020716892388449093e+00
1.020670974971730871e+00
1.020626038455549889e+00
1.020582110476642823e+00
1.020539217986718317e+00
1.020497387255257182e+00
1.020456643869378510e+00
1.020417012731127393e+00
1.020378518052516226e+00
1.020341183348624892e+00
1.020305031429035836e+00
1.020270084387853160e+00
1.020236363592516682e+00
1.020203889671596809e+00
1.020172682501723882e+00
1.020142761193775005e+00
1.020114144078418938e+00
1.020086848691089454e+00
1.020060891756440435e+00
1.020036289172315591e+00
1.020013055993246542e+00
1.019991206413485951e+00
1.019970753749566139e+00
1.019951710422373869e+00
1.019934087938721090e+00
1.019917896872400087e+00
1.019903146844704622e+00
1.019889846504415942e+00
1.019878003507243225e+00
1.019867624494744440e+00
1.019858715072736954e+00
1.019851279789247833e+00
1.019845322112053809e+00
1.019840844405884184e+00
1.019837847909383477e+00
1.019836332711940852e+00
1.019836297730521091e+00
1.019837740686652339e+00
1.019840658083738250e+00
1.019845045184897270e+00
1.019850895991532003e+00
1.019858203222866466e+00
1.019866958296699488e+00
1.019877151311638031e+00
1.019888771031085994e+00
1.019901804869283168e+00
1.019916238879690740e+00
1.019932057746030019e+00
1.019949244776283237e+00
1.019967781899969506e+00
1.019987649668998353e+00
1.020008827262405493e+00
1.020031292495258368e+00
1.020055021832006581e+00
1.020079990404535009e+00
1.020106172035149861e+00
1.020133539264707068e+00
1.020162063386052864e+00
1.020191714482917567e+00
1.020222461474358244e+00
1.020254272164806686e+00
1.020287113299727544e+00
1.020320950626844247e+00
1.020355748962836984e+00
1.020391472265360644e+00
1.020428083710176681e+00
1.020465545773129090e+00
1.020503820316649879e+00
1.020542868680408999e+00
1.020582651775673755e+00
1.020623130182896965e+00
1.020664264251988751e+00
1.020706014204691314e+00
1.020748340238435636e+00
1.020791202631010641e+00
1.020834561845359811e+00
1.020878378633784056e+00
1.020922614140823637e+00
1.020967230004070414e+00
1.021012188452166791e+00
1.021057452399256160e+00
1.021102985535148555e+00
1.021148752410504290e+00
1.021194718516349464e+00
1.021240850357281627e+00
1.021287115517761190e+00
1.021333482720931052e+00
1.021379921879457697e+00
1.021426404137947719e+00
1.021472901906548270e+00
1.021519388885405277e+00
1.021565840079718512e+00
1.021612231805201221e+00
1.021658541683813759e+00
1.021704748629711057e+00
1.021750832825410349e+00
1.021796775688248893e+00
1.021842559827260466e+00
1.021888168990668699e+00
1.021933588004238835e+00
1.021978802700802103e+00
1.022023799841296654e+00
1.022068567027732300e+00
1.022113092608528673e+00
1.022157365576711996e+00
1.022201375461495365e+00
1.022245112213811424e+00
1.022288566086389849e+00
1.022331727509008026e+00
1.022374586959578169e+00
1.022417134831750563e+00
1.022459361299758118e+00
1.022501256181240770e+00
1.022542808798823311e+00
1.022584007841247367e+00
1.022624841224891945e+00
1.022665295956535214e+00
1.022705357998252129e+00
1.022745012135370946e+00
1.022784241848440523e+00
1.022823029190192301e+00
1.022861354668520351e+00
1.022899197136521776e+00
1.022936533690682381e+00
1.022973339578306273e+00
1.023009588115323831e+00
1.023045250615619128e+00
1.023080296333039430e+00
1.023114692417246507e+00
1.023148403884567070e+00
1.023181393604982503e+00
1.023213622306368809e+00
1.023245048597047013e+00
1.023275629007652565e+00
1.023305318053244761e+00
1.023334068316475109e+00
1.023361830552523166e+00
1.023388553816350299e+00
1.023414185612663285e+00
1.023438672068788469e+00
1.023461958130435612e+00
1.023483987780103854e+00
1.023504704277611754e+00
1.023524050421963816e+00
1.023541968833466598e+00
1.023558402254697963e+00
1.023573293868616840e+00
1.023586587631778677e+00
1.023598228620298922e+00
1.023608163385897551e+00
1.023616340319053242e+00
1.023622710016024673e+00
1.023627225646247307e+00
1.023629843316398835e+00
1.023630522427271483e+00
1.023629226019457494e+00
1.023625921103813452e+00
1.023620578972664008e+00
1.023613175487786631e+00
1.023603691341356425e+00
1.023592112286252576e+00
1.023578429332419049e+00
1.023562638906324374e+00
1.023544742970997845e+00
1.023524749104604004e+00
1.023502670536056147e+00
1.023478526136752498e+00
1.023452340368127267e+00
1.023424143185355017e+00
1.023393969898173328e+00
1.023361860990426697e+00
1.023327861900548807e+00
1.023292022765766252e+00
1.023254398133339960e+00
1.023215046642619974e+00
1.023174030682088675e+00
1.023131416025871321e+00
1.023087271454425240e+00
1.023041668364254253e+00
1.022994680371529741e+00
1.022946382914459384e+00
1.022896852859096040e+00
1.022846168113060727e+00
1.022794407251359505e+00
1.022741649158092514e+00
1.022687972687454705e+00
1.022633456346934810e+00
1.022578178005145721e+00
1.022522214626179426e+00
1.022465642031871180e+00
1.022408534692822890e+00
1.022350965548540991e+00
1.022293005856560910e+00
1.022234725069984140e+00
1.022176190742456026e+00
1.022117468459251777e+00
1.022058621792840905e+00
1.021999712281047135e+00
1.021940799425732127e+00
1.021881940709785219e+00
1.021823191630129024e+00
1.021764605744403198e+00
1.021706234729015339e+00
1.021648128446290160e+00
1.021590335018550899e+00
1.021532900907088592e+00
1.021475870994123181e+00
1.021419288666032488e+00
1.021363195896310749e+00
1.021307633326911990e+00
1.021252640346827167e+00
1.021198255166943625e+00
1.021144514890423238e+00
1.021091455578016172e+00
1.021039112307899011e+00
1.020987519229774376e+00
1.020936709613115667e+00
1.020886715889550045e+00
1.020837569689492463e+00
1.020789301873208821e+00
1.020741942556579129e+00
1.020695521131857131e+00
1.020650066283789403e+00
1.020605606001456778e+00
1.020562167586226199e+00
1.020519777656199611e+00
1.020478462147542675e+00
1.020438246313049468e+00
1.020399154718298007e+00
1.020361211235707888e+00
1.020324439036800257e+00
1.020288860582911017e+00
1.020254497614599742e+00
1.020221371139947486e+00
1.020189501421910672e+00
1.020158907964875850e+00
1.020129609500523671e+00
1.020101623973086902e+00
1.020074968524067538e+00
1.020049659476450543e+00
1.020025712318444633e+00
1.020003141686752102e+00
1.019981961349374355e+00
1.019962184187935605e+00
1.019943822179513626e+00
1.019926886377962472e+00
1.019911386894709171e+00
1.019897332879012630e+00
1.019884732497685409e+00
1.019873592914279037e+00
1.019863920267750856e+00
1.019855719650645476e+00
1.019848995086837240e+00
1.019843749508895669e+00
1.019839984735158911e+00
1.019837701446615341e+00
1.019836899163716559e+00
1.019837576223263431e+00
1.019839729755530389e+00
1.019843355661807394e+00
1.019848448592566514e+00
1.019855001926474269e+00
1.019863007750487771e+00
1.019872456841294905e+00
1.019883338648366333e+00
1.019895641278906639e+00
1.019909351484997950e+00
1.019924454653237111e+00
1.019940934797180621e+00
1.019958774552899072e+00
