1.000603444564682754e+00
1.000677443835885860e+00
1.000799979883224111e+00
1.000944225255014253e+00
1.001101133944944932e+00
1.001266350668454042e+00
1.001437301711635808e+00
1.001612271514663144e+00
1.001790031071999820e+00
1.001969658833050669e+00
1.002150441841880513e+00
1.002331815573572538e+00
1.002513324711902243e+00
1.002694596319676279e+00
1.002875320863529041e+00
1.003055238477808642e+00
1.003234128852579676e+00
1.003411803691654836e+00
1.003588101023491941e+00
1.003762880862710372e+00
1.003936021863748751e+00
1.004107418707726795e+00
1.004276980034110700e+00
1.004444626779437133e+00
1.004610290822061103e+00
1.004773913858578283e+00
1.004935446457033255e+00
1.005094847246215117e+00
1.005252082210731146e+00
1.005407124069144009e+00
1.005559951718049572e+00
1.005710549729117886e+00
1.005858907889193077e+00
1.006005020775887271e+00
1.006148887362851685e+00
1.006290510650290626e+00
1.006429897317336009e+00
1.006567057393727094e+00
1.006702003948912072e+00
1.006834752797190813e+00
1.006965322217941550e+00
1.007093732690272470e+00
1.007220006641700083e+00
1.007344168210612789e+00
1.007466243022415053e+00
1.007586257979315114e+00
1.007704241063763551e+00
1.007820221155554030e+00
1.007934227862577359e+00
1.008046291365189306e+00
1.008156442274083187e+00
1.008264711501506206e+00
1.008371130145578443e+00
1.008475729387387387e+00
1.008578540400469015e+00
1.008679594272188673e+00
1.008778921936474005e+00
1.008876554117276392e+00
1.008972521282077706e+00
1.009066853604707159e+00
1.009159580936691336e+00
1.009250732786324267e+00
1.009340338304629991e+00
1.009428426277381607e+00
1.009515025122337928e+00
1.009600162890884611e+00
1.009683867273282409e+00
1.009766165606775568e+00
1.009847084885839852e+00
1.009926651773929596e+00
1.010004892616120697e+00
1.010081833452125766e+00
1.010157500029228883e+00
1.010231917814749636e+00
1.010305112007726436e+00
1.010377107549580877e+00
1.010447929133584388e+00
1.010517601213023475e+00
1.010586148008012719e+00
1.010653593510956405e+00
1.010719961490710528e+00
1.010785275495533764e+00
1.010849558854939323e+00
1.010912834680596228e+00
1.010975125866431235e+00
1.011036455088095920e+00
1.011096844801967265e+00
1.011156317243838920e+00
1.011214894427457045e+00
1.011272598143033274e+00
1.011329449955859605e+00
1.011385471205121567e+00
1.011440683002983620e+00
1.011495106234011176e+00
1.011548761554956766e+00
1.011601669394925906e+00
1.011653849955916451e+00
1.011705323213711871e+00
1.011756108919085850e+00
1.011806226599273995e+00
1.011855695559652712e+00
1.011904534885561535e+00
1.011952763444206038e+00
1.012000399886566981e+00
1.012047462649260821e+00
1.012093969956286088e+00
1.012139939820601686e+00
1.012185390045494682e+00
1.012230338225700299e+00
1.012274801748246356e+00
1.012318797793004599e+00
1.012362343332946057e+00
1.012405455134097298e+00
1.012448149755215798e+00
1.012490443547200414e+00
1.012532352652264933e+00
1.012573893002909564e+00
1.012615080320725669e+00
1.012655930115078373e+00
1.012696457681705908e+00
1.012736678101284094e+00
1.012776606237996369e+00
1.012816256738154896e+00
1.012855644028908930e+00
1.012894782317078635e+00
1.012933685588152333e+00
1.012972367605465607e+00
1.013010841909595783e+00
1.013049121817988230e+00
1.013087220424826240e+00
1.013125150601160929e+00
1.013162924995300695e+00
1.013200556033465149e+00
1.013238055920700820e+00
1.013275436642053773e+00
1.013312709963987146e+00
1.013349887436040042e+00
1.013386980392703585e+00
1.013423999955512134e+00
1.013460957035324128e+00
1.013497862334779231e+00
1.013534726350918014e+00
1.013571559377938858e+00
1.013608371510083650e+00
1.013645172644627612e+00
1.013681972484961502e+00
1.013718780543744646e+00
1.013755606146118815e+00
1.013792458432962729e+00
1.013829346364171435e+00
1.013866278721952341e+00
1.013903264114114133e+00
1.013940310977344827e+00
1.013977427580458723e+00
1.014014622027600288e+00
1.014051902261396743e+00
1.014089276066040268e+00
1.014126751070293153e+00
1.014164334750402130e+00
1.014202034432908128e+00
1.014239857297345448e+00
1.014277810378814593e+00
1.014315900570419426e+00
1.014354134625561343e+00
1.014392519160076223e+00
1.014431060654211070e+00
1.014469765454424799e+00
1.014508639775012266e+00
1.014547689699541788e+00
1.014586921182096813e+00
1.014626340048324193e+00
1.014665951996275961e+00
1.014705762597048810e+00
1.014745777295212648e+00
1.014786001409032412e+00
1.014826440130475182e+00
1.014867098525013445e+00
1.014907981531215198e+00
1.014949093960129556e+00
1.014990440494470736e+00
1.015032025687601092e+00
1.015073853962322525e+00
1.015115929609477385e+00
1.015158256786369506e+00
1.015200839515007836e+00
1.015243681680186638e+00
1.015286787027400717e+00
1.015330159160614309e+00
1.015373801539885434e+00
1.015417717478858561e+00
1.015461910142133828e+00
1.015506382542520569e+00
1.015551137538189819e+00
1.015596177829732216e+00
1.015641505957130875e+00
1.015687124296661192e+00
1.015733035057729827e+00
1.015779240279655937e+00
1.015825741828414008e+00
1.015872541393341155e+00
1.015919640483823105e+00
1.015967040425965306e+00
1.016014742359266698e+00
1.016062747233295038e+00
1.016111055804382435e+00
1.016159668632349300e+00
1.016208586077263165e+00
1.016257808296245901e+00
1.016307335240338228e+00
1.016357166651428612e+00
1.016407302059262108e+00
1.016457740778531349e+00
1.016508481906069239e+00
1.016559524318140895e+00
1.016610866667857938e+00
1.016662507382714242e+00
1.016714444662258909e+00
1.016766676475916009e+00
1.016819200560959757e+00
1.016872014420654002e+00
1.016925115322570239e+00
1.016978500297089916e+00
1.017032166136104365e+00
1.017086109391920346e+00
1.017140326376381854e+00
1.017194813160219313e+00
1.017249565572635239e+00
1.017304579201134374e+00
1.017359849391611615e+00
1.017415371248705291e+00
1.017471139636424438e+00
1.017527149179060286e+00
1.017583394262390639e+00
1.017639869035185995e+00
1.017696567411022990e+00
1.017753483070418019e+00
1.017810609463282390e+00
1.017867939811709643e+00
1.017925467113099725e+00
1.017983184143626874e+00
1.018041083462054353e+00
1.018099157413900890e+00
1.018157398135963732e+00
1.018215797561198510e+00
1.018274347423959281e+00
1.018333039265600704e+00
1.018391864440438610e+00
1.018450814122073167e+00
1.018509879310065980e+00
1.018569050836977130e+00
1.018628319375747049e+00
1.018687675447427665e+00
1.018747109429250619e+00
1.018806611563026321e+00
1.018866171963865863e+00
1.018925780629214906e+00
1.018985427448189984e+00
1.019045102211199261e+00
1.019104794619844601e+00
1.019164494297078782e+00
1.019224190797607621e+00
1.019283873618522351e+00
1.019343532210136516e+00
1.019403155987015586e+00
1.019462734339173338e+00
1.019522256643416780e+00
1.019581712274816976e+00
1.019641090618280455e+00
1.019700381080197671e+00
1.019759573100147865e+00
1.019818656162626791e+00
1.019877619808779334e+00
1.019936453648103480e+00
1.019995147370104327e+00
1.020053690755865272e+00
1.020112073689512844e+00
1.020170286169544527e+00
1.020228318319993832e+00
1.020286160401401521e+00
1.020343802821567447e+00
1.020401236146055712e+00
1.020458451108424258e+00
1.020515438620152704e+00
1.020572189780241557e+00
1.020628695884457926e+00
1.020684948434202433e+00
1.020740939144973547e+00
1.020796659954402497e+00
1.020852103029843416e+00
1.020907260775489878e+00
1.020962125839004031e+00
1.021016691117631936e+00
1.021070949763796420e+00
1.021124895190143933e+00
1.021178521074033174e+00
1.021231821361451519e+00
1.021284790270347020e+00
1.021337422293363772e+00
1.021389712199975985e+00
1.021441655038007212e+00
1.021493246134531407e+00
1.021544481096152701e+00
1.021595355808657013e+00
1.021645866436037497e+00
1.021696009418890938e+00
1.021745781472190195e+00
1.021795179582428492e+00
1.021844201004149966e+00
1.021892843255862715e+00
1.021941104115347221e+00
1.021988981614366132e+00
1.022036474032785414e+00
1.022083579892118177e+00
1.022130297948501632e+00
1.022176627185123809e+00
1.022222566804109167e+00
1.022268116217882827e+00
1.022313275040025893e+00
1.022358043075642042e+00
1.022402420311250282e+00
1.022446406904222727e+00
1.022490003171791395e+00
1.022533209579633784e+00
1.022576026730068754e+00
1.022618455349877387e+00
1.022660496277769893e+00
1.022702150451524572e+00
1.022743418894817236e+00
1.022784302703765968e+00
1.022824803033214103e+00
1.022864921082773826e+00
1.022904658082655294e+00
1.022944015279304120e+00
1.022982993920872996e+00
1.023021595242549653e+00
1.023059820451769353e+00
1.023097670713332352e+00
1.023135147134455636e+00
1.023172250749783796e+00
1.023208982506381037e+00
1.023245343248736061e+00
1.023281333703801810e+00
1.023316954466099826e+00
1.023352205982912322e+00
1.023387088539594370e+00
1.023421602245030204e+00
1.023455747017262940e+00
1.023489522569328791e+00
1.023522928395317333e+00
1.023555963756701104e+00
1.023588627668947204e+00
1.023620918888459297e+00
1.023652835899867775e+00
1.023684376903708060e+00
1.023715539804515018e+00
1.023746322199370118e+00
1.023776721366933984e+00
1.023806734256997419e+00
1.023836357480587322e+00
1.023865587300665458e+00
1.023894419623451180e+00
1.023922849990411166e+00
1.023950873570947717e+00
1.023978485155828899e+00
1.024005679151395176e+00
1.024032449574583392e+00
1.024058790048804957e+00
1.024084693800718870e+00
1.024110153657939781e+00
1.024135162047715708e+00
1.024159710996618955e+00
1.024183792131285742e+00
1.024207396680241633e+00
1.024230515476852510e+00
1.024253138963433729e+00
1.024275257196553435e+00
1.024296859853562669e+00
1.024317936240384252e+00
1.024338475300587525e+00
1.024358465625780035e+00
1.024377895467334154e+00
1.024396752749477280e+00
1.024415025083756259e+00
1.024432699784896705e+00
1.024449763888065856e+00
1.024466204167541195e+00
1.024482007156794161e+00
1.024497159169977856e+00
1.024511646324818948e+00
1.024525454566888483e+00
1.024538569695244039e+00
1.024550977389406370e+00
1.024562663237645221e+00
1.024573612766529251e+00
1.024583811471699413e+00
1.024593244849805629e+00
1.024601898431549696e+00
1.024609757815766908e+00
1.024616808704464255e+00
1.024623036938737908e+00
1.024628428535472757e+00
1.024632969724729836e+00
1.024636646987709954e+00
1.024639447095182287e+00
1.024641357146256038e+00
1.024642364607365908e+00
1.024642457351340408e+00
1.024641623696407322e+00
1.024639852444995114e+00
1.024637132922176841e+00
1.024633455013603811e+00
1.024628809202768220e+00
1.024623186607434455e+00
1.024616579015078521e+00
1.024608978917170399e+00
1.024600379542132345e+00
1.024590774886818600e+00
1.024580159746347974e+00
1.024568529742139855e+00
1.024555881347995800e+00
1.024542211914081902e+00
1.024527519688676280e+00
1.024511803837541368e+00
1.024495064460807958e+00
1.024477302607250007e+00
1.024458520285856933e+00
1.024438720474609710e+00
1.024417907126385696e+00
1.024396085171937365e+00
1.024373260519888751e+00
1.024349440053729632e+00
1.024324631625789905e+00
1.024298844048194157e+00
1.024272087080823734e+00
1.024244371416318078e+00
1.024215708662175484e+00
1.024186111320022574e+00
1.024155592762144851e+00
1.024124167205383573e+00
1.024091849682523536e+00
1.024058656011308077e+00
1.024024602761236302e+00
1.023989707218306400e+00
1.023953987347886230e+00
1.023917461755902591e+00
1.023880149648541904e+00
1.023842070790678793e+00
1.023803245463239975e+00
1.023763694419726367e+00
1.023723438842115918e+00
1.023682500296364983e+00
1.023640900687741384e+00
1.023598662216199662e+00
1.023555807332022338e+00
1.023512358691934576e+00
1.023468339115898962e+00
1.023423771544780703e+00
1.023378678999072200e+00
1.023333084538846638e+00
1.023287011225100462e+00
1.023240482082629299e+00
1.023193520064570983e+00
1.023146148018723167e+00
1.023098388655743207e+00
1.023050264519302033e+00
1.023001797958264181e+00
1.022953011100935505e+00
1.022903925831412542e+00
1.022854563768049063e+00
1.022804946244032287e+00
1.022755094290056954e+00
1.022705028619063095e+00
1.022654769612991066e+00
1.022604337311498135e+00
1.022553751402562883e+00
1.022503031214902602e+00
1.022452195712108658e+00
1.022401263488406986e+00
1.022350252765938716e+00
1.022299181393453438e+00
1.022248066846298764e+00
1.022196926227598279e+00
1.022145776270496409e+00
1.022094633341355197e+00
1.022043513443790852e+00
1.021992432223435054e+00
1.021941404973311318e+00
1.021890446639723837e+00
1.021839571828556448e+00
1.021788794811887335e+00
1.021738129534831341e+00
1.021687589622526593e+00
1.021637188387195749e+00
1.021586938835203684e+00
1.021536853674064105e+00
1.021486945319332484e+00
1.021437225901344448e+00
1.021387707271761425e+00
1.021338401009892038e+00
1.021289318428763693e+00
1.021240470580933479e+00
1.021191868264015534e+00
1.021143522025933281e+00
1.021095442169884793e+00
1.021047638759033482e+00
1.021000121620929013e+00
1.020952900351673076e+00
1.020905984319845583e+00
1.020859382670208815e+00
1.020813104327213283e+00
1.020767157998323515e+00
1.020721552177191072e+00
1.020676295146697221e+00
1.020631394981889484e+00
1.020586859552838011e+00
1.020542696527432014e+00
1.020498913374145111e+00
1.020455517364784237e+00
1.020412515577244772e+00
1.020369914898293429e+00
1.020327722026391104e+00
1.020285943474571910e+00
1.020244585573389706e+00
1.020203654473945676e+00
1.020163156151000283e+00
1.020123096406180485e+00
1.020083480871281090e+00
1.020044315011667369e+00
1.020005604129776700e+00
1.019967353368716800e+00
1.019929567715958552e+00
1.019892252007119415e+00
1.019855410929832562e+00
1.019819049027690161e+00
1.019783170704261721e+00
1.019747780227170386e+00
1.019712881732223408e+00
1.019678479227589030e+00
1.019644576598005115e+00
1.019611177609013986e+00
1.019578285911215243e+00
1.019545905044521472e+00
1.019514038442416393e+00
1.019482689436196576e+00
1.019451861259197400e+00
1.019421557050990357e+00
1.019391779861541503e+00
1.019362532655331277e+00
1.019333818315418805e+00
1.019305639647451356e+00
1.019277999383607858e+00
1.019250900186470243e+00
1.019224344652818193e+00
1.019198335317337722e+00
1.019172874656238958e+00
1.019147965090778207e+00
1.019123608990673668e+00
1.019099808677409680e+00
1.019076566427428165e+00
1.019053884475190408e+00
1.019031765016112701e+00
1.019010210209360556e+00
1.018989222180501919e+00
1.018968803024006498e+00
1.018948954805587226e+00
1.018929679564378521e+00
1.018910979314941123e+00
1.018892856049090412e+00
1.018875311737540201e+00
1.018858348331357577e+00
1.018841967763224332e+00
1.018826171948495896e+00
1.018810962786060648e+00
1.018796342158988955e+00
1.018782311934975038e+00
1.018768873966564348e+00
1.018756030091170217e+00
1.018743782130873354e+00
1.018732131892011061e+00
1.018721081164551734e+00
1.018710631721257087e+00
1.018700785316639656e+00
1.018691543685712020e+00
1.018682908542537735e+00
1.018674881578583324e+00
1.018667464460884187e+00
1.018660658830021770e+00
1.018654466297926664e+00
1.018648888445508716e+00
1.018643926820126833e+00
1.018639582932902243e+00
1.018635858255886317e+00
1.018632754219090275e+00
1.018630272207386778e+00
1.018628413557288503e+00
1.018627179553619477e+00
1.018626571426080485e+00
1.018626590345721672e+00
1.018627237421331433e+00
1.018628513695748250e+00
1.018630420142101478e+00
1.018632957659997729e+00
1.018636127071649522e+00
1.018639929117962417e+00
1.018644364454584172e+00
1.018649433647921487e+00
1.018655137171136094e+00
1.018661475400120420e+00
1.018668448609462818e+00
1.018676056968406796e+00
1.018684300536810472e+00
1.018693179261108028e+00
1.018702692970284041e+00
1.018712841371859357e+00
1.018723624047896514e+00
1.018735040451028695e+00
1.018747089900513103e+00
1.018759771578317874e+00
1.018773084525242734e+00
1.018787027637078069e+00
1.018801599660806190e+00
1.018816799190848776e+00
1.018832624665366726e+00
1.018849074362609741e+00
1.018866146397327421e+00
1.018883838717240531e+00
1.018902149099579546e+00
1.018921075147694033e+00
1.018940614287735524e+00
1.018960763765424105e+00
1.018981520642896044e+00
1.019002881795645354e+00
1.019024843909560385e+00
1.019047403478059444e+00
1.019070556799339666e+00
1.019094299973736018e+00
1.019118628901201529e+00
1.019143539278917210e+00
1.019169026599034966e+00
1.019195086146563956e+00
1.019221712997405938e+00
1.019248902016550939e+00
1.019276647856434348e+00
1.019304944955473857e+00
1.019333787536786273e+00
1.019363169607097053e+00
1.019393084955849904e+00
1.019423527154525999e+00
1.019454489556183674e+00
1.019485965295224394e+00
1.019517947287394755e+00
1.019550428230036720e+00
1.019583400602592782e+00
1.019616856667373117e+00
1.019650788470597647e+00
1.019685187843718754e+00
1.019720046405033109e+00
1.019755355561592358e+00
1.019791106511418022e+00
1.019827290246030582e+00
1.019863897553294541e+00
1.019900919020593655e+00
1.019938345038333249e+00
1.019976165803781587e+00
1.020014371325251412e+00
1.020052951426623888e+00
1.020091895752223365e+00
1.020131193772037426e+00
1.020170834787289982e+00
1.020210807936364317e+00
1.020251102201075621e+00
1.020291706413292365e+00
1.020332609261900503e+00
1.020373799300112960e+00
1.020415264953111967e+00
1.020456994526022676e+00
1.020498976212209197e+00
1.020541198101885927e+00
1.020583648191031756e+00
1.020626314390598033e+00
1.020669184535998530e+00
1.020712246396866751e+00
1.020755487687066365e+00
1.020798896074939899e+00
1.020842459193777252e+00
1.020886164652488270e+00
1.020930000046455621e+00
1.020973952968555754e+00
1.021018011020317751e+00
1.021062161823203862e+00
1.021106393029987736e+00
1.021150692336202592e+00
1.021195047491642027e+00
1.021239446311880128e+00
1.021283876689790038e+00
1.021328326607032100e+00
1.021372784145488710e+00
1.021417237498609243e+00
1.021461674982649726e+00
1.021506085047769075e+00
1.021550456288961684e+00
1.021594777456791503e+00
1.021639037467907629e+00
1.021683225415306540e+00
1.021727330578319215e+00
1.021771342432295171e+00
1.021815250657953422e+00
1.021859045150383949e+00
1.021902716027661251e+00
1.021946253639060664e+00
1.021989648572843468e+00
1.022032891663593013e+00
1.022075973999081455e+00
1.022118886926645320e+00
1.022161622059050590e+00
1.022204171279832874e+00
1.022246526748092688e+00
1.022288680902734281e+00
1.022330626466132486e+00
1.022372356447215580e+00
1.022413864143954410e+00
1.022455143145249323e+00
1.022496187332207596e+00
1.022536990878800234e+00
1.022577548251902391e+00
1.022617854210708055e+00
1.022657903805519464e+00
1.022697692375910350e+00
1.022737215548269019e+00
1.022776469232715479e+00
1.022815449619407513e+00
1.022854153174233893e+00
1.022892576633903650e+00
1.022930717000443135e+00
1.022968571535105564e+00
1.023006137751708788e+00
1.023043413409409741e+00
1.023080396504929990e+00
1.023117085264246606e+00
1.023153478133767003e+00
1.023189573770993510e+00
1.023225371034711007e+00
1.023260868974696258e+00
1.023296066820984507e+00
1.023330963972703067e+00
1.023365559986493256e+00
1.023399854564542188e+00
1.023433847542246866e+00
1.023467538875527660e+00
1.023500928627817608e+00
1.023534016956747728e+00
1.023566804100551897e+00
1.023599290364212155e+00
1.023631476105371085e+00
1.023663361720034137e+00
1.023694947628082108e+00
1.023726234258624190e+00
1.023757222035211356e+00
1.023787911360937608e+00
1.023818302603449304e+00
1.023848396079896750e+00
1.023878192041843160e+00
1.023907690660164960e+00
1.023936892009964073e+00
1.023965796055521515e+00
1.023994402635318490e+00
1.024022711447149847e+00
1.024050722033362115e+00
1.024078433766237417e+00
1.024105845833556128e+00
1.024132957224366702e+00
1.024159766714989317e+00
1.024186272855285740e+00
1.024212473955222080e+00
1.024238368071760164e+00
1.024263952996104621e+00
1.024289226241339890e+00
1.024314185030487767e+00
1.024338826285022375e+00
1.024363146613871622e+00
1.024387142302944254e+00
1.024410809305213998e+00
1.024434143231398364e+00
1.024457139341270917e+00
1.024479792535637035e+00
1.024502097349017760e+00
1.024524047943077276e+00
1.024545638100829326e+00
1.024566861221667180e+00
1.024587710317249378e+00
1.024608178008286519e+00
1.024628256522263081e+00
1.024647937692136690e+00
1.024667212956050566e+00
1.024686073358100469e+00
1.024704509550189879e+00
1.024722511795014057e+00
1.024740069970204726e+00
1.024757173573674018e+00
1.024773811730185447e+00
1.024789973199188076e+00
1.024805646383939228e+00
1.024820819341944134e+00
1.024835479796735171e+00
1.024849615151014470e+00
1.024863212501174736e+00
1.024876258653212080e+00
1.024888740140047272e+00
1.024900643240249432e+00
1.024911953998179248e+00
1.024922658245533080e+00
1.024932741624286825e+00
1.024942189611028009e+00
1.024950987542644132e+00
1.024959120643355481e+00
1.024966574053044477e+00
1.024973332856852881e+00
1.024979382115994264e+00
1.024984706899727538e+00
1.024989292318430945e+00
1.024993123557708774e+00
1.024996185913448876e+00
1.024998464827753475e+00
1.024999945925642919e+00
1.025000615052440445e+00
1.025000458311724483e+00
1.024999462103737269e+00
1.024997613164124743e+00
1.024994898602885840e+00
1.024991305943385278e+00
1.024986823161300631e+00
1.024981438723350458e+00
1.024975141625653396e+00
1.024967921431564788e+00
1.024959768308831620e+00
1.024950673065903484e+00
1.024940627187238551e+00
1.024929622867439383e+00
1.024917653044056465e+00
1.024904711428896054e+00
1.024890792537672457e+00
1.024875891717851983e+00
1.024860005174528688e+00
1.024843129994196467e+00
1.024825264166267846e+00
1.024806406602217113e+00
1.024786557152221222e+00
1.024765716619186584e+00
1.024743886770064893e+00
1.024721070344369878e+00
1.024697271059816339e+00
1.024672493615029323e+00
1.024646743689272999e+00
1.024620027939172395e+00
1.024592353992417104e+00
1.024563730438448506e+00
1.024534166816156278e+00
1.024503673598620823e+00
1.024472262174957571e+00
1.024439944829342197e+00
1.024406734717301370e+00
1.024372645839383145e+00
1.024337693012327355e+00
1.024301891837875900e+00
1.024265258669380119e+00
1.024227810576367137e+00
1.024189565307250582e+00
1.024150541250373081e+00
1.024110757393580373e+00
1.024070233282539100e+00
1.024028988978008092e+00
1.023987045012284769e+00
1.023944422345051120e+00
1.023901142318838886e+00
1.023857226614339755e+00
1.023812697205778388e+00
1.023767576316569228e+00
1.023721886375462464e+00
1.023675649973385227e+00
1.023628889821170951e+00
1.023581628708360558e+00
1.023533889463247304e+00
1.023485694914320066e+00
1.023437067853256499e+00
1.023388030999587084e+00
1.023338606967147069e+00
1.023288818232414688e+00
1.023238687104811806e+00
1.023188235699033388e+00
1.023137485909447308e+00
1.023086459386602476e+00
1.023035177515847050e+00
1.022983661398061406e+00
1.022931931832486319e+00
1.022880009301608828e+00
1.022827913958063606e+00
1.022775665613491203e+00
1.022723283729277455e+00
1.022670787409097670e+00
1.022618195393173224e+00
1.022565526054145746e+00
1.022512797394462103e+00
1.022460027045160258e+00
1.022407232265949206e+00
1.022354429946461973e+00
1.022301636608567543e+00
1.022248868409629141e+00
1.022196141146587189e+00
1.022143470260762577e+00
1.022090870843265664e+00
1.022038357640907114e+00
1.021985945062513501e+00
1.021933647185550686e+00
1.021881477762966561e+00
1.021829450230174796e+00
1.021777577712100760e+00
1.021725873030228771e+00
1.021674348709582958e+00
1.021623016985598653e+00
1.021571889810830136e+00
1.021520978861465867e+00
1.021470295543615903e+00
1.021419850999348844e+00
1.021369656112462332e+00
1.021319721513976653e+00
1.021270057587344571e+00
1.021220674473381829e+00
1.021171582074916095e+00
1.021122790061171459e+00
1.021074307871898235e+00
1.021026144721261408e+00
1.020978309601512146e+00
1.020930811286457907e+00
1.020883658334759359e+00
1.020836859093070981e+00
1.020790421699056649e+00
1.020744354084298422e+00
1.020698663977127829e+00
1.020653358905400321e+00
1.020608446199234187e+00
1.020563932993742373e+00
1.020519826231767180e+00
1.020476132666643165e+00
1.020432858865003789e+00
1.020390011209642900e+00
1.020347595902446614e+00
1.020305618967403127e+00
1.020264086253702018e+00
1.020223003438925247e+00
1.020182376032333860e+00
1.020142209378258169e+00
1.020102508659580742e+00
1.020063278901322645e+00
1.020024524974320279e+00
1.019986251598993920e+00
1.019948463349198864e+00
1.019911164656155833e+00
1.019874359812448894e+00
1.019838052976085541e+00
1.019802248174611625e+00
1.019766949309266924e+00
1.019732160159176226e+00
1.019697884385566189e+00
1.019664125535996613e+00
1.019630887048598611e+00
1.019598172256309887e+00
1.019565984391099134e+00
1.019534326588170225e+00
1.019503201890137323e+00
1.019472613251166671e+00
1.019442563541070657e+00
1.019413055549356129e+00
1.019384091989210317e+00
1.019355675501424585e+00
1.019327808658246237e+00
1.019300493967151500e+00
1.019273733874535459e+00
1.019247530769309629e+00
1.019221886986403369e+00
1.019196804810161172e+00
1.019172286477627587e+00
1.019148334181717797e+00
1.019124950074263403e+00
1.019102136268926095e+00
1.019079894843976097e+00
1.019058227844924058e+00
1.019037137287003958e+00
1.019016625157496136e+00
1.018996693417886901e+00
1.018977344005854491e+00
1.018958578837081408e+00
1.018940399806879338e+00
1.018922808791627110e+00
1.018905807650012374e+00
1.018889398224076093e+00
1.018873582340053430e+00
1.018858361809004798e+00
1.018843738427242407e+00
1.018829713976540763e+00
1.018816290224136001e+00
1.018803468922510280e+00
1.018791251808965903e+00
1.018779640604981829e+00
1.018768637015364131e+00
1.018758242727186403e+00
1.018748459408526541e+00
1.018739288707001700e+00
1.018730732248109838e+00
1.018722791633379865e+00
1.018715468438338601e+00
1.018708764210300100e+00
1.018702680465986887e+00
1.018697218688985995e+00
1.018692380327054670e+00
1.018688166789276206e+00
1.018684579443080995e+00
1.018681619611139233e+00
1.018679288568132613e+00
1.018677587537414553e+00
1.018676517687570948e+00
1.018676080128884331e+00
1.018676275909716988e+00
1.018677106012814360e+00
1.018678571351544271e+00
1.018680672766071993e+00
1.018683411019488450e+00
1.018686786793889798e+00
1.018690800686421483e+00
1.018695453205292534e+00
1.018700744765765664e+00
1.018706675686128715e+00
1.018713246183656107e+00
1.018720456370565186e+00
1.018728306249969684e+00
1.018736795711840504e+00
1.018745924528973612e+00
1.018755692352974362e+00
1.018766098710258916e+00
1.018777142998079199e+00
1.018788824480575617e+00
1.018801142284858186e+00
1.018814095397124753e+00
1.018827682658819178e+00
1.018841902762826823e+00
1.018856754249723107e+00
1.018872235504067136e+00
1.018888344750751518e+00
1.018905080051410561e+00
1.018922439300890659e+00
1.018940420223785726e+00
1.018959020371045909e+00
1.018978237116661134e+00
1.018998067654423245e+00
1.019018508994777195e+00
1.019039557961761489e+00
1.019061211190043004e+00
1.019083465122057497e+00
1.019106316005256474e+00
1.019129759889469966e+00
1.019153792624388988e+00
1.019178409857178114e+00
1.019203607030222170e+00
1.019229379379017697e+00
1.019255721930211855e+00
1.019282629499803416e+00
1.019310096691509626e+00
1.019338117895306262e+00
1.019366687286153539e+00
1.019395798822915200e+00
1.019425446247475442e+00
1.019455623084071005e+00
1.019486322638839759e+00
1.019517537999597989e+00
1.019549262035857051e+00
1.019581487399085162e+00
1.019614206523227429e+00
1.019647411625487443e+00
1.019681094707385771e+00
1.019715247556097548e+00
1.019749861746084729e+00
1.019784928641019883e+00
1.019820439396024625e+00
1.019856384960213580e+00
1.019892756079562535e+00
1.019929543300102548e+00
1.019966736971443577e+00
1.020004327250636056e+00
1.020042304106376196e+00
1.020080657323550799e+00
1.020119376508134668e+00
1.020158451092433083e+00
1.020197870340679103e+00
1.020237623354977252e+00
1.020277699081600931e+00
1.020318086317634432e+00
1.020358773717963130e+00
1.020399749802601397e+00
1.020441002964360022e+00
1.020482521476839377e+00
1.020524293502748980e+00
1.020566307102536374e+00
1.020608550243322643e+00
1.020651010808130366e+00
1.020693676605389122e+00
1.020736535378711007e+00
1.020779574816919055e+00
1.020822782564306586e+00
1.020866146231123039e+00
1.020909653404255657e+00
1.020953291658097006e+00
1.020997048565570386e+00
1.021040911709299559e+00
1.021084868692894609e+00
1.021128907152333287e+00
1.021173014767413179e+00
1.021217179273251396e+00
1.021261388471804477e+00
1.021305630243384055e+00
1.021349892558138350e+00
1.021394163487479023e+00
1.021438431215420106e+00
1.021482684049803025e+00
1.021526910433380841e+00
1.021571098954733969e+00
1.021615238358988265e+00
1.021659317558309077e+00
1.021703325642143056e+00
1.021747251887181296e+00
1.021791085767016716e+00
1.021834816961468606e+00
1.021878435365552562e+00
1.021921931098064951e+00
1.021965294509764366e+00
1.022008516191121874e+00
1.022051586979622506e+00
1.022094497966591353e+00
1.022137240503530720e+00
1.022179806207944797e+00
1.022222186968637647e+00
1.022264374950465182e+00
1.022306362598528917e+00
1.022348142641797075e+00
1.022389708096144378e+00
1.022431052266790985e+00
1.022472168750144128e+00
1.022513051435026021e+00
1.022553694503283150e+00
1.022594092429779167e+00
1.022634239981758952e+00
1.022674132217590737e+00
1.022713764484879828e+00
1.022753132417963506e+00
1.022792231934780638e+00
1.022831059233128670e+00
1.022869610786311334e+00
1.022907883338179058e+00
1.022945873897582736e+00
1.022983579732236414e+00
1.023020998362010880e+00
1.023058127551665031e+00
1.023094965303030346e+00
1.023131509846660236e+00
1.023167759632962692e+00
1.023203713322830666e+00
1.023239369777787511e+00
1.023274728049665239e+00
1.023309787369833357e+00
1.023344547138001381e+00
1.023379006910607458e+00
1.023413166388823736e+00
1.023447025406188038e+00
1.023480583915894471e+00
1.023513841977756966e+00
1.023546799744869951e+00
1.023579457449993679e+00
1.023611815391679558e+00
1.023643873920164982e+00
1.023675633423058118e+00
1.023707094310839505e+00
1.023738257002199559e+00
1.023769121909244406e+00
1.023799689422585590e+00
1.023829959896346731e+00
1.023859933633106900e+00
1.023889610868809363e+00
1.023918991757660102e+00
1.023948076357041881e+00
1.023976864612470061e+00
1.024005356342621686e+00
1.024033551224453831e+00
1.024061448778451844e+00
1.024089048354025699e+00
1.024116349115085978e+00
1.024143350025830124e+00
1.024170049836764296e+00
1.024196447070992333e+00
1.024222540010804261e+00
1.024248326684590538e+00
1.024273804854118675e+00
1.024298972002197772e+00
1.024323825320772041e+00
1.024348361699467969e+00
1.024372577714635302e+00
1.024396469618913619e+00
1.024420033331360447e+00
1.024443264428176015e+00
1.024466158134062610e+00
1.024488709314253621e+00
1.024510912467250678e+00
1.024532761718308427e+00
1.024554250813702216e+00
1.024575373115819144e+00
1.024596121599112397e+00
1.024616488846954443e+00
1.024636467049433008e+00
1.024656048002123843e+00
1.024675223105881772e+00
1.024693983367687800e+00
1.024712319402588001e+00
1.024730221436763955e+00
1.024747679311766468e+00
1.024764682489950118e+00
1.024781220061139919e+00
1.024797280750559203e+00
1.024812852928052020e+00
1.024827924618622710e+00
1.024842483514317726e+00
1.024856516987469934e+00
1.024870012105324690e+00
1.024882955646059690e+00
1.024895334116208589e+00
1.024907133769495715e+00
1.024918340627082092e+00
1.024928940499215013e+00
1.024938919008280713e+00
1.024948261613234379e+00
1.024956953635395740e+00
1.024964980285576033e+00
1.024972326692508373e+00
1.024978977932536006e+00
1.024984919060514255e+00
1.024990135141869096e+00
1.024994611285753088e+00
1.024998332679222912e+00
1.025001284622368836e+00
1.025003452564305029e+00
1.025004822139928162e+00
1.025005379207349243e+00
1.025005109885882559e+00
1.025004000594484266e+00
1.025002038090512713e+00
1.024999209508684395e+00
1.024995502400089187e+00
1.024990904771123867e+00
1.024985405122196491e+00
1.024978992486052176e+00
1.024971656465562653e+00
1.024963387270822146e+00
1.024954175755387498e+00
1.024944013451501323e+00
1.024932892604130785e+00
1.024920806203664547e+00
1.024907748017098941e+00
1.024893712617559682e+00
1.024878695411998830e+00
1.024862692666919095e+00
1.024845701531977626e+00
1.024827720061328939e+00
1.024808747232582640e+00
1.024788782963249378e+00
1.024767828124565572e+00
1.024745884552599406e+00
1.024722955056550866e+00
1.024699043424172729e+00
1.024674154424252137e+00
1.024648293806113664e+00
1.024621468296112337e+00
1.024593685591107750e+00
1.024564954348923029e+00
1.024535284175816852e+00
1.024504685611002275e+00
1.024473170108276321e+00
1.024440750014831814e+00
1.024407438547347837e+00
1.024373249765464955e+00
1.024338198542770417e+00
1.024302300535437915e+00
1.024265572148672199e+00
1.024228030501128650e+00
1.024189693387492106e+00
1.024150579239397896e+00
1.024110707084905592e+00
1.024070096506729088e+00
1.024028767599436174e+00
1.023986740925843630e+00
1.023944037472824808e+00
1.023900678606755044e+00
1.023856686028819185e+00
1.023812081730398393e+00
1.023766887948756699e+00
1.023721127123230934e+00
1.023674821852134542e+00
1.023627994850559775e+00
1.023580668909268354e+00
1.023532866854834689e+00
1.023484611511204623e+00
1.023435925662807389e+00
1.023386832019352433e+00
1.023337353182421694e+00
1.023287511613951484e+00
1.023237329606686341e+00
1.023186829256662822e+00
1.023136032437768961e+00
1.023084960778409158e+00
1.023033635640286487e+00
1.022982078099291314e+00
1.022930308928487575e+00
1.022878348583153851e+00
1.022826217187834397e+00
1.022773934525340600e+00
1.022721520027631614e+00
1.022668992768490881e+00
1.022616371457907958e+00
1.022563674438070835e+00
1.022510919680859498e+00
1.022458124786735922e+00
1.022405306984913942e+00
1.022352483134698176e+00
1.022299669727869897e+00
1.022246882892012376e+00
1.022194138394651342e+00
1.022141451648108212e+00
1.022088837714950404e+00
1.022036311313935464e+00
1.021983886826352883e+00
1.021931578302667010e+00
1.021879399469373340e+00
1.021827363735987149e+00
1.021775484202095630e+00
1.021723773664396706e+00
1.021672244623677450e+00
1.021620909291670598e+00
1.021569779597751637e+00
1.021518867195436275e+00
1.021468183468648316e+00
1.021417739537737290e+00
1.021367546265229853e+00
1.021317614261298967e+00
1.021267953888953972e+00
1.021218575268947770e+00
1.021169488284406679e+00
1.021120702585194717e+00
1.021072227592022097e+00
1.021024072500319679e+00
1.020976246283891165e+00
1.020928757698371658e+00
1.020881615284508825e+00
1.020834827371295495e+00
1.020788402078974366e+00
1.020742347321941024e+00
1.020696670811569007e+00
1.020651380058980706e+00
1.020606482377785840e+00
1.020561984886810825e+00
1.020517894512835477e+00
1.020474217993360133e+00
1.020430961879412735e+00
1.020388132538417203e+00
1.020345736157130201e+00
1.020303778744658052e+00
1.020262266135560481e+00
1.020221203993049608e+00
1.020180597812286427e+00
1.020140452923773644e+00
1.020100774496850882e+00
1.020061567543284253e+00
1.020022836920952081e+00
1.019984587337618986e+00
1.019946823354793253e+00
1.019909549391662562e+00
1.019872769729097017e+00
1.019836488513713668e+00
1.019800709761993218e+00
1.019765437364440697e+00
1.019730675089777661e+00
1.019696426589159266e+00
1.019662695400408436e+00
1.019629484952252252e+00
1.019596798568557450e+00
1.019564639472553713e+00
1.019533010791034755e+00
1.019501915558532090e+00
1.019471356721452171e+00
1.019441337142169779e+00
1.019411859603068127e+00
1.019382926810523227e+00
1.019354541398819869e+00
1.019326705933999877e+00
1.019299422917628206e+00
1.019272694790474665e+00
1.019246523936106374e+00
1.019220912684379865e+00
1.019195863314830142e+00
1.019171378059948729e+00
1.019147459108343146e+00
1.019124108607773138e+00
1.019101328668055473e+00
1.019079121363828611e+00
1.019057488737178385e+00
1.019036432800102920e+00
1.019015955536828777e+00
1.018996058905953461e+00
1.018976744842421400e+00
1.018958015259320504e+00
1.018939872049493545e+00
1.018922317086961016e+00
1.018905352228148153e+00
1.018888979312914778e+00
1.018873200165379078e+00
1.018858016594534455e+00
1.018843430394657634e+00
1.018829443345505847e+00
