1.000603444564682754e+00
1.000676028677117690e+00
1.000795274673902391e+00
1.000938472303706028e+00
1.001098021446983122e+00
1.001265939556914120e+00
1.001435797026983821e+00
1.001609773206064702e+00
1.001791758315381475e+00
1.001977498991597271e+00
1.002160397085374521e+00
1.002341534200177797e+00
1.002527903124366127e+00
1.002718304781647696e+00
1.002905453609849395e+00
1.003087373009504013e+00
1.003271593375936632e+00
1.003460774237529218e+00
1.003648162875657945e+00
1.003828686187544950e+00
1.004008069054093344e+00
1.004192619248591267e+00
1.004377648038828674e+00
1.004555891351354369e+00
1.004729639246098927e+00
1.004907444876411260e+00
1.005088064650891511e+00
1.005263408369842626e+00
1.005431769626365712e+00
1.005601754170305950e+00
1.005776288342546065e+00
1.005948011810286813e+00
1.006111684752286850e+00
1.006273722134567894e+00
1.006440854646271310e+00
1.006608036570514120e+00
1.006767664440902266e+00
1.006922397679319570e+00
1.007081247045072292e+00
1.007242828999795226e+00
1.007398695866761784e+00
1.007547262253468912e+00
1.007697544815014279e+00
1.007852487513223760e+00
1.008004433980460135e+00
1.008148099096123573e+00
1.008290215960470748e+00
1.008437632840446518e+00
1.008585094387866032e+00
1.008724863231043489e+00
1.008859806831530204e+00
1.008999107792118766e+00
1.009141254822576439e+00
1.009277636645574239e+00
1.009406770556999344e+00
1.009537864262306517e+00
1.009673804434309874e+00
1.009806775235223553e+00
1.009931508291311175e+00
1.010054918039930749e+00
1.010183857895456061e+00
1.010312930924612385e+00
1.010434356007420043e+00
1.010551148393441512e+00
1.010672551782104911e+00
1.010796937511090121e+00
1.010915613362096899e+00
1.011027194994362777e+00
1.011140995414405275e+00
1.011259817451803933e+00
1.011375743344224976e+00
1.011483548493707474e+00
1.011590276031925306e+00
1.011702742012018597e+00
1.011815437001683415e+00
1.011920573592191896e+00
1.012021292549578622e+00
1.012126856027453448e+00
1.012235523609794630e+00
1.012338556316039639e+00
1.012434667966820356e+00
1.012533243309602371e+00
1.012636991540011078e+00
1.012737917309034064e+00
1.012830852184956276e+00
1.012922947049730071e+00
1.013020963236251237e+00
1.013119291832029534e+00
1.013210156169328746e+00
1.013296813798186591e+00
1.013388526603327122e+00
1.013483445398339899e+00
1.013572800692425169e+00
1.013655405324007663e+00
1.013740699958849856e+00
1.013831295593501824e+00
1.013919131729086764e+00
1.013999103091530074e+00
1.014078457797372490e+00
1.014163893274233619e+00
1.014249708426314900e+00
1.014328147116050349e+00
1.014402579196773235e+00
1.014482255453068360e+00
1.014565219877475499e+00
1.014642682352361103e+00
1.014713555648794507e+00
1.014787326538288958e+00
1.014866505057754997e+00
1.014942973631620227e+00
1.015011694929352615e+00
1.015080007458086575e+00
1.015154538635073767e+00
1.015229500267321949e+00
1.015297163543332992e+00
1.015361007666241377e+00
1.015430264733453214e+00
1.015502873472294620e+00
1.015570030205736884e+00
1.015630748433829833e+00
1.015694553925539756e+00
1.015763853899071645e+00
1.015830479681207876e+00
1.015889465502437528e+00
1.015948235208771866e+00
1.016013341733559061e+00
1.016078913730505295e+00
1.016137254867099493e+00
1.016191951525802217e+00
1.016252211361492686e+00
1.016315869194000410e+00
1.016374113221334863e+00
1.016426058360994311e+00
1.016481263871755081e+00
1.016542032855506150e+00
1.016600150246993239e+00
1.016650724715333132e+00
1.016701261484054264e+00
1.016758235557829515e+00
1.016815695659952556e+00
1.016865982034119043e+00
1.016912786545521641e+00
1.016965287824892261e+00
1.017021218011364248e+00
1.017071761539813046e+00
1.017116135337609695e+00
1.017163927683508051e+00
1.017217336632967317e+00
1.017268104576100951e+00
1.017311416981612204e+00
1.017354857201003160e+00
1.017404819556556372e+00
1.017455275560808392e+00
1.017498605388664767e+00
1.017538604995303686e+00
1.017584420214494356e+00
1.017633681628918207e+00
1.017677573497942412e+00
1.017715415262230749e+00
1.017756820486251934e+00
1.017803881506905039e+00
1.017848301373466047e+00
1.017885344318331109e+00
1.017922669091224641e+00
1.017966587091652109e+00
1.018010994943413294e+00
1.018048315527701142e+00
1.018082447724306672e+00
1.018122501423668780e+00
1.018166006681018310e+00
1.018204150542941777e+00
1.018236355393020265e+00
1.018272256938616227e+00
1.018313841323331026e+00
1.018352774920349146e+00
1.018384402364162167e+00
1.018416455506048646e+00
1.018455161001400544e+00
1.018494342559349564e+00
1.018526468055756196e+00
1.018555538328698384e+00
1.018590624705888903e+00
1.018629157647424677e+00
1.018662329414822043e+00
1.018689665711208336e+00
1.018720821750931815e+00
1.018757677164587871e+00
1.018791863844585865e+00
1.018818808196885417e+00
1.018846313254315961e+00
1.018880519455199085e+00
1.018915179258603754e+00
1.018942807414814578e+00
1.018967505932516282e+00
1.018998305399670068e+00
1.019032537517850612e+00
1.019061401740244177e+00
1.019084527431771026e+00
1.019111587102529359e+00
1.019144353667594149e+00
1.019174426338016914e+00
1.019197314446413261e+00
1.019220890600830653e+00
1.019251207826767480e+00
1.019281948735378140e+00
1.019305676504063118e+00
1.019326593673680614e+00
1.019353688266360969e+00
1.019384193974457009e+00
1.019409319060990304e+00
1.019428796872801524e+00
1.019452315336417447e+00
1.019481540531529173e+00
1.019508040474947697e+00
1.019527408419819148e+00
1.019547585183095073e+00
1.019574535387130165e+00
1.019601872990769431e+00
1.019622210906971027e+00
1.019639851681595211e+00
1.019663739201910335e+00
1.019691009828241679e+00
1.019712881987788311e+00
1.019729193313118953e+00
1.019749645504585134e+00
1.019775797740396950e+00
1.019799188103650334e+00
1.019815494647750675e+00
1.019832725196682777e+00
1.019856755119128433e+00
1.019881130768757416e+00
1.019898515934714034e+00
1.019913312711478115e+00
1.019934419453115471e+00
1.019958875812003729e+00
1.019977911557392147e+00
1.019991468896034759e+00
1.020009261809336154e+00
1.020032742540023074e+00
1.020053420349937845e+00
1.020067058896936274e+00
1.020081731906061995e+00
1.020103224727387126e+00
1.020125017061564998e+00
1.020139824610855506e+00
1.020152148595391495e+00
1.020170840536778867e+00
1.020192843969975005e+00
1.020209401080634848e+00
1.020220558920790443e+00
1.020236042338568350e+00
1.020257196624920759e+00
1.020275503249873372e+00
1.020286812233267337e+00
1.020299262135328178e+00
1.020318547567754086e+00
1.020338082479744113e+00
1.020350635468774803e+00
1.020360806460432368e+00
1.020377398890144782e+00
1.020397260750045998e+00
1.020411647668145960e+00
1.020420711792161539e+00
1.020434187448380881e+00
1.020453312969385573e+00
1.020469543028348358e+00
1.020478814737414641e+00
1.020489330425726759e+00
1.020506693265339715e+00
1.020524252338009585e+00
1.020534830096982315e+00
1.020543124733733098e+00
1.020557890354089725e+00
1.020575879980073708e+00
1.020588363696518508e+00
1.020595598973216056e+00
1.020607328217991938e+00
1.020624682805084449e+00
1.020639091603150472e+00
1.020646579531062415e+00
1.020655411595032591e+00
1.020671098830126411e+00
1.020686926338566058e+00
1.020695771387726936e+00
1.020702429962641933e+00
1.020715605587380725e+00
1.020731956894452175e+00
1.020742769449217713e+00
1.020748406243506823e+00
1.020758616344665803e+00
1.020774424175499462e+00
1.020787233806999428e+00
1.020793158668420242e+00
1.020800525313683593e+00
1.020814751942254350e+00
1.020829060579865111e+00
1.020836384272555630e+00
1.020841616288066245e+00
1.020853408301397369e+00
1.020868325149668632e+00
1.020877668919748515e+00
1.020881908297956109e+00
1.020890797559069307e+00
1.020905254190330957e+00
1.020916658492224460e+00
1.020921213098298308e+00
1.020927304941371627e+00
1.020940258686507063e+00
1.020953234204533544e+00
1.020959221291690699e+00
1.020963209949076189e+00
1.020973798722170756e+00
1.020987459262539643e+00
1.020995511236293174e+00
1.020998529169407476e+00
1.021006271065511672e+00
1.021019547503792424e+00
1.021029716059989045e+00
1.021033069254880132e+00
1.021038053196328121e+00
1.021049898320457228e+00
1.021061703281572530e+00
1.021066515601189328e+00
1.021069421429556145e+00
1.021078964895593577e+00
1.021091525090600527e+00
1.021098440329151646e+00
1.021100391096000592e+00
1.021107137626406480e+00
1.021119383633108280e+00
1.021128465025743948e+00
1.021130764882207442e+00
1.021134787254025067e+00
1.021145667663696299e+00
1.021156444499709881e+00
1.021160223982282789e+00
1.021162187797101772e+00
1.021170824370970953e+00
1.021182420873948393e+00
1.021188335342738229e+00
1.021189354315791942e+00
1.021195238753215717e+00
1.021206585558852797e+00
1.021214710040698748e+00
1.021216086488551777e+00
1.021219275646912283e+00
1.021229317455065511e+00
1.021239190993387780e+00
1.021242062147358798e+00
1.021243207500533767e+00
1.021251058501139397e+00
1.021261811048405743e+00
1.021266843972435723e+00
1.021267049938159310e+00
1.021272189122564011e+00
1.021282751695196112e+00
1.021290033426000665e+00
1.021290600454829001e+00
1.021293068956559580e+00
1.021302382636922523e+00
1.021311462227876277e+00
1.021313534235585463e+00
1.021313969485085460e+00
1.021321141184785342e+00
1.021331154622487691e+00
1.021335410484993655e+00
1.021334907616354704e+00
1.021339403907972621e+00
1.021349282887173970e+00
1.021355821843207945e+00
1.021355679386593440e+00
1.021357525853929804e+00
1.021366208089117711e+00
1.021374589433350355e+00
1.021375957954773206e+00
1.021375778048708938e+00
1.021382363442015606e+00
1.021391729477364452e+00
1.021395299749678021e+00
1.021394179316398976e+00
1.021398122291046651e+00
1.021407405668212753e+00
1.021413289303831906e+00
1.021412524881885941e+00
1.021413835630070377e+00
1.021421970925803446e+00
1.021429737672280513e+00
1.021430486425133122e+00
1.021429774466825702e+00
1.021435854822965394e+00
1.021444653562664007e+00
1.021447618226270837e+00
1.021445960101936778e+00
1.021449428045962060e+00
1.021458192646681251e+00
1.021463497361989603e+00
1.021462187534514676e+00
1.021463038012907720e+00
1.021470700127588893e+00
1.021477925289979716e+00
1.021478127452350781e+00
1.021476956090998200e+00
1.021482602333657397e+00
1.021490903651627979e+00
1.021493332553059741e+00
1.021491206558243103e+00
1.021494267801081213e+00
1.021502580606534760e+00
1.021507373056858903e+00
1.021505584721445814e+00
1.021506040801330117e+00
1.021513294023318252e+00
1.021520041246079202e+00
1.021519760711634639e+00
1.021518193387509044e+00
1.021523467329954915e+00
1.021531332091778932e+00
1.021533286156646181e+00
1.021530753263263813e+00
1.021533467372120807e+00
1.021541386703447962e+00
1.021545724973671021e+00
1.021543516530739382e+00
1.021543635661126048e+00
1.021550535954566463e+00
1.021556860648936693e+00
1.021556153153959645e+00
1.021554245216669266e+00
1.021559200670418388e+00
1.021566681832202672e+00
1.021568214155302856e+00
1.021565327568393355e+00
1.021567746420887879e+00
1.021575323002068769e+00
1.021579257660771400e+00
1.021576680059787634e+00
1.021576512305055751e+00
1.021583108337938084e+00
1.021589058701101393e+00
1.021587972835981351e+00
1.021585772547974447e+00
1.021590456317048812e+00
1.021597599910546883e+00
1.021598756733333335e+00
1.021595562861074447e+00
1.021597731606512127e+00
1.021605009516359353e+00
1.021608584559980937e+00
1.021605682236586432e+00
1.021605271205513032e+00
1.021611605269501233e+00
1.021617223196245927e+00
1.021615801310315597e+00
1.021613350744282389e+00
1.021617803513737321e+00
1.021624649526316375e+00
1.021625471109992578e+00
1.021622010429936056e+00
1.021623968347198819e+00
1.021630985868456021e+00
1.021634239563248503e+00
1.021631051274787261e+00
1.021630434948404886e+00
1.021636543777957762e+00
1.021641865672237692e+00
1.021640144679106799e+00
1.021637480516329965e+00
1.021641737642188019e+00
1.021648320798778986e+00
1.021648842199943674e+00
1.021645150028260174e+00
1.021646931287168991e+00
1.021653721659645964e+00
1.021656687288224230e+00
1.021653246854321573e+00
1.021652458319280310e+00
1.021658373816840548e+00
1.021663431309983494e+00
1.021661443399971780e+00
1.021658597636207144e+00
1.021662689843491512e+00
1.021669040297240372e+00
1.021669292052708844e+00
1.021665399223012693e+00
1.021667033555816673e+00
1.021673625640287630e+00
1.021676332159459744e+00
1.021672669114264576e+00
1.021671737208366126e+00
1.021677487082387259e+00
1.021682307664709022e+00
1.021680080931076429e+00
1.021677081496690453e+00
1.021681035492372658e+00
1.021687179430850634e+00
1.021687188158461934e+00
1.021683121617023016e+00
1.021684634906907529e+00
1.021691053766729418e+00
1.021693526383538941e+00
1.021689666546548025e+00
1.021688616423430229e+00
1.021694224746283908e+00
1.021698832319168471e+00
1.021696391305187746e+00
1.021693262606622632e+00
1.021697101614632786e+00
1.021703061788771905e+00
1.021702850711339927e+00
1.021698634035868025e+00
1.021700048829713658e+00
1.021706316237430912e+00
1.021708576910678179e+00
1.021704542883429045e+00
1.021703396503721883e+00
1.021708884196844913e+00
1.021713299552645005e+00
1.021710665726881739e+00
1.021707429116853305e+00
1.021711173342573664e+00
1.021716969525763741e+00
1.021716558925616303e+00
1.021712212775075734e+00
1.021713548727957388e+00
1.021719683604378703e+00
1.021721751479113260e+00
1.021717563075245305e+00
1.021716339631725479e+00
1.021721724885526150e+00
1.021725966122807971e+00
1.021723158290137601e+00
1.021719832474110135e+00
1.021723499505895694e+00
1.021729148890761607e+00
1.021728556502391028e+00
1.021724099005394848e+00
1.021725373264350756e+00
1.021731392057612098e+00
1.021733283840098094e+00
1.021728958456307179e+00
1.021727674740561698e+00
1.021732973376563658e+00
1.021737056258147369e+00
1.021734090913980486e+00
1.021730692300383714e+00
1.021734297455533902e+00
1.021739814995793250e+00
1.021739056344012742e+00
1.021734503433188168e+00
1.021735730967622491e+00
1.021741647979544698e+00
1.021743378259996948e+00
1.021738931195177447e+00
1.021737601913044857e+00
1.021742827695486522e+00
1.021746765956471847e+00
1.021743657591362764e+00
1.021740200592708980e+00
1.021743757214996551e+00
1.021749155919446039e+00
1.021748244610096057e+00
1.021743610309448824e+00
1.021744804195143352e+00
1.021750631861798375e+00
1.021752213391777353e+00
1.021747658121233027e+00
1.021746296163859702e+00
1.021751461067508915e+00
1.021755266680001828e+00
1.021752028041354343e+00
1.021748525332935253e+00
1.021752045048295088e+00
1.021757336233474867e+00
1.021756284203204856e+00
1.021751580874987075e+00
1.021752752538154230e+00
1.021758501671010455e+00
1.021759945601809383e+00
1.021755294012843596e+00
1.021753910689608080e+00
1.021759025129976628e+00
1.021762708530653541e+00
1.021759350847634584e+00
1.021755813589861672e+00
1.021759306526231370e+00
1.021764500033699896e+00
1.021763317764725176e+00
1.021758556321672895e+00
1.021759715748853159e+00
1.021765395742221916e+00
1.021766711829930951e+00
1.021761974424479025e+00
1.021760579663389068e+00
1.021765652694865967e+00
1.021769222980847935e+00
1.021765756157951399e+00
1.021762194187737283e+00
1.021765669164371726e+00
1.021770773547844069e+00
1.021769470252905876e+00
1.021764660341033304e+00
1.021765816259951665e+00
1.021771435269784423e+00
1.021772632052045049e+00
1.021767818121313676e+00
1.021766420641783579e+00
1.021771460128535480e+00
1.021774925226361042e+00
1.021771358010381325e+00
1.021767780006269888e+00
1.021771244697163850e+00
1.021776267384098658e+00
1.021774851166172393e+00
1.021770001322621635e+00
1.021771161358440372e+00
1.021776726456849804e+00
1.021777811405624625e+00
1.021772929181046674e+00
1.021771536643298006e+00
1.021776549407100942e+00
1.021779916218926054e+00
1.021776256343433165e+00
1.021772669968522784e+00
1.021776131043923286e+00
1.021781078475479720e+00
1.021779556466118510e+00
1.021774674255920612e+00
1.021775845066679400e+00
1.021781362375918878e+00
1.021782342029977642e+00
1.021777398814129656e+00
1.021776017948821558e+00
1.021781009897379189e+00
1.021784284427908585e+00
1.021780538738696897e+00
1.021776950764777814e+00
1.021780414014158644e+00
1.021785291766849513e+00
1.021783670246454223e+00
1.021778762381447603e+00
1.021779949775889262e+00
1.021785424584937818e+00
1.021786304665168066e+00
1.021781306945737544e+00
1.021779943666856649e+00
1.021784919905584399e+00
1.021788107372676668e+00
1.021784281937096583e+00
1.021780698352884542e+00
1.021784168792197356e+00
1.021788981684019770e+00
1.021787266186786169e+00
1.021782338629405817e+00
1.021783547669856240e+00
1.021788984536237788e+00
1.021789770046379831e+00
1.021784723595736910e+00
1.021783383099271747e+00
1.021788348029029292e+00
1.021791452960426172e+00
1.021787553163017837e+00
1.021783979268849230e+00
1.021787461234403116e+00
1.021792213417752171e+00
1.021790408823571417e+00
1.021785466877754622e+00
1.021786701970267552e+00
1.021792104809280177e+00
1.021792800124226019e+00
1.021787710086722978e+00
1.021786396937200303e+00
1.021791354340019442e+00
1.021794380658215928e+00
1.021790411284633215e+00
1.021786851775595917e+00
1.021790349006486576e+00
1.021795044049754742e+00
1.021793154664939918e+00
1.021788203055997268e+00
1.021789468029575154e+00
1.021794840192715270e+00
1.021795449136138068e+00
1.021790320104864147e+00
1.021789038311460285e+00
1.021793991425951953e+00
1.021796942522863905e+00
1.021792907833723785e+00
1.021789366872821292e+00
1.021792882583494322e+00
1.021797523542913311e+00
1.021795553171287230e+00
1.021790596116240124e+00
1.021791894292624292e+00
1.021797238636674043e+00
1.021797764549426502e+00
1.021792600633843140e+00
1.021791353717463435e+00
1.021796305305277652e+00
1.021799184108066472e+00
1.021795087904055599e+00
1.021791569186719872e+00
1.021795106130963138e+00
1.021799695613962111e+00
1.021797647619561378e+00
1.021792688889191503e+00
1.021794023144429797e+00
1.021799342092403418e+00
1.021799787892869738e+00
1.021794592778484168e+00
1.021793383830957858e+00
1.021798336235429705e+00
1.021801145264592980e+00
1.021796990943923733e+00
1.021793497754956093e+00
1.021797058282382320e+00
1.021801598503515152e+00
1.021799475865939222e+00
1.021794518839551635e+00
1.021795891658354716e+00
1.021801187253299048e+00
1.021801555490671642e+00
1.021796332491704540e+00
1.021795164228036068e+00
1.021800119425949616e+00
1.021802860846598549e+00
1.021798651455722240e+00
1.021795186719546500e+00
1.021798772825449397e+00
1.021803265655758297e+00
1.021801071019020180e+00
1.021796118732772873e+00
1.021797532256483398e+00
1.021802806208949699e+00
1.021803099110239810e+00
1.021797851216087683e+00
1.021796726020555379e+00
1.021801685667806048e+00
1.021804361334899713e+00
1.021800099613226820e+00
1.021796665938210502e+00
1.021800279307534032e+00
1.021804726318078949e+00
1.021802462033676751e+00
1.021797517223179241e+00
1.021798973292062929e+00
1.021804227021952727e+00
1.021804446533422839e+00
1.021799176449587065e+00
1.021798096416357327e+00
1.021803061888177266e+00
1.021805673386368740e+00
1.021801361805649622e+00
1.021797961523123188e+00
1.021801603569178596e+00
1.021806006069365891e+00
1.021803674234193382e+00
1.021798739371988507e+00
1.021800239562451917e+00
1.021805474235834232e+00
1.021805622059447138e+00
1.021800332243519183e+00
1.021799299212357237e+00
1.021804271638683703e+00
1.021806820317350040e+00
1.021802461116272820e+00
1.021799096314812250e+00
1.021802768213300183e+00
1.021807127284557470e+00
1.021804729774197229e+00
1.021799807102662383e+00
1.021801352759935222e+00
1.021806569321370262e+00
1.021806646946778807e+00
1.021801339639998751e+00
1.021800355227596935e+00
1.021805335524092584e+00
1.021807822528058018e+00
1.021803417742572329e+00
1.021800090298043084e+00
1.021803793016874184e+00
1.021808109542166276e+00
1.021805648040053027e+00
1.021800739600208896e+00
1.021802331866968006e+00
1.021807531067814967e+00
1.021807539800364761e+00
1.021802217055225448e+00
1.021801282682610168e+00
1.021806271577809788e+00
1.021808697874221572e+00
1.021804249364040240e+00
1.021800960965854266e+00
1.021804695291228082e+00
1.021808969980859239e+00
1.021806446003761248e+00
1.021801553660424133e+00
1.021803193501805485e+00
1.021808375924951662e+00
1.021808316910134184e+00
1.021802980614460177e+00
1.021802097530913667e+00
1.021807095589912340e+00
1.021809461991694423e+00
1.021804971463397660e+00
1.021801723637406845e+00
1.021805490196554977e+00
1.021809723610678677e+00
1.021807138530900438e+00
1.021802263994593840e+00
1.021803952219993095e+00
1.021809118301406638e+00
1.021808992546162642e+00
1.021803644444063242e+00
1.021802813747950456e+00
1.021807821393035720e+00
1.021810128579310195e+00
1.021805597606439520e+00
1.021802391734847992e+00
1.021806191015835363e+00
1.021810383584042858e+00
1.021807738648739639e+00
1.021802883494735026e+00
1.021804620776775030e+00
1.021809770824257502e+00
1.021809579215497976e+00
1.021804220925564000e+00
1.021803443582434578e+00
1.021808461111024080e+00
1.021810709644861870e+00
1.021806139685363268e+00
1.021802977024018455e+00
1.021806809392951321e+00
1.021810961431301346e+00
1.021808257779244222e+00
1.021803423464088034e+00
1.021805210355100302e+00
1.021810344564578532e+00
1.021810087885267615e+00
1.021804720916351439e+00
1.021803997774653805e+00
1.021809025374870394e+00
1.021811215718704258e+00
1.021806608130052973e+00
1.021803489823445599e+00
1.021807355539415152e+00
1.021811467265220097e+00
1.021808705941342765e+00
1.021803893817182729e+00
1.021805730763517106e+00
1.021810849233189433e+00
1.021810528176303023e+00
1.021805153941191424e+00
1.021804485745908320e+00
1.021809523510100792e+00
1.021811656039102623e+00
1.021807012091409117e+00
1.021803939185678356e+00
1.021807838413736125e+00
1.021811909958402431e+00
1.021809091926416890e+00
1.021804303253422308e+00
1.021806190607873255e+00
1.021811293350497252e+00
1.021810908531135098e+00
1.021805528358399329e+00
1.021804915762879462e+00
1.021809963699362944e+00
1.021812038713058701e+00
1.021807359600430676e+00
1.021804333054646241e+00
1.021808265877073518e+00
1.021812297297259642e+00
1.021809423450604326e+00
1.021804659407739679e+00
1.021806597440347408e+00
1.021811684393918007e+00
1.021811236359826847e+00
1.021805851504096196e+00
1.021805295080335796e+00
1.021810353123596027e+00
1.021812370855962548e+00
1.021807657706360395e+00
1.021804678402320921e+00
1.021808644828435142e+00
1.021812636115757789e+00
1.021809707287109070e+00
1.021804968981488759e+00
1.021806957888940826e+00
1.021812028925989324e+00
1.021811518166715560e+00
1.021806129817602660e+00
1.021805630065189208e+00
1.021810698084768321e+00
1.021812658713024291e+00
1.021807912596825130e+00
1.021804981347581798e+00
1.021808981322279042e+00
1.021812932411776842e+00
1.021809949381329963e+00
1.021805237856359128e+00
1.021807277770191869e+00
1.021812332705896109e+00
1.021811759660766761e+00
1.021806368950627597e+00
1.021805926304542034e+00
1.021811004112792576e+00
1.021812907765068390e+00
1.021808129702523882e+00
1.021805247259808924e+00
1.021809280671029052e+00
1.021813191448555980e+00
1.021810154951247274e+00
1.021805471193719672e+00
1.021807562187489360e+00
1.021812600786769387e+00
1.021811965851864290e+00
1.021806573862569234e+00
1.021806188700003837e+00
1.021811276058870455e+00
1.021813122820919517e+00
1.021808313788660438e+00
1.021805480849382608e+00
1.021809547534643148e+00
1.021813417843346894e+00
1.021810328575170956e+00
1.021805673521472446e+00
1.021807815617044479e+00
1.021812837600781343e+00
1.021812141135042484e+00
1.021806748903889339e+00
1.021806421550227606e+00
1.021811518177194289e+00
1.021813308098277417e+00
1.021808469035005551e+00
1.021805686246936018e+00
1.021809785999072240e+00
1.021813615645084328e+00
1.021810474268628255e+00
1.021805848810174222e+00
1.021808041983248927e+00
1.021813047033756305e+00
1.021812289364351756e+00
1.021806897889248500e+00
1.021806628623316060e+00
1.021811734196637289e+00
1.021813467294696576e+00
1.021808599106169169e+00
1.021805867072937524e+00
1.021809999645151512e+00
1.021813788402596401e+00
1.021810595551905010e+00
1.021806000539910109e+00
1.021808244724897730e+00
1.021813232490740742e+00
1.021812413917786433e+00
1.021807024161798472e+00
1.021806813220488053e+00
1.021811927383796670e+00
1.021813603650014279e+00
1.021808707213421652e+00
1.021806026498909947e+00
1.021810191609225704e+00
1.021813939224642587e+00
1.021810695509495215e+00
1.021806131759174452e+00
1.021808426853495710e+00
1.021813396953748843e+00
1.021812517754473681e+00
1.021807130649818429e+00
1.021806978232174590e+00
1.021812100598548323e+00
1.021813720001370163e+00
1.021808796169185296e+00
1.021806167301399171e+00
1.021810364636598578e+00
1.021814070832847143e+00
1.021810776842531299e+00
1.021806245136794189e+00
1.021808591004689015e+00
1.021813543032701777e+00
1.021812603465124036e+00
1.021807219916687881e+00
1.021807126187512349e+00
1.021812256343073155e+00
1.021813818831765364e+00
1.021808868435125639e+00
1.021806291909611142e+00
1.021810521128714511e+00
1.021814185608434400e+00
1.021810841915069545e+00
1.021806343007780615e+00
1.021808739483679229e+00
1.021813673010412371e+00
1.021812673316591091e+00
1.021807294205023142e+00
1.021807259298066928e+00
1.021812396805161116e+00
1.021813902312955769e+00
1.021808926164644138e+00
1.021806402447499096e+00
1.021810663184848700e+00
1.021814285633522390e+00
1.021810892794993375e+00
1.021806427413844087e+00
