1.000603444564682754e+00
1.000676291553292296e+00
1.000794536267716861e+00
1.000932766521861694e+00
1.001086970493630712e+00
1.001254698637760621e+00
1.001431140132583497e+00
1.001611224354456819e+00
1.001789110842493447e+00
1.001963705354826928e+00
1.002141640474669915e+00
1.002327378888058007e+00
1.002518396561387082e+00
1.002709940913345088e+00
1.002896369360994910e+00
1.003075228410323927e+00
1.003252907593660037e+00
1.003436722160194527e+00
1.003626120569436342e+00
1.003816358987268398e+00
1.004001648818976467e+00
1.004177815147392350e+00
1.004349340226201592e+00
1.004525164132471282e+00
1.004707253452742588e+00
1.004891329953515378e+00
1.005071595392371009e+00
1.005242603354129738e+00
1.005406216815052600e+00
1.005571735619682272e+00
1.005743870585649402e+00
1.005919412273744928e+00
1.006092670712436021e+00
1.006257498073341639e+00
1.006413028297702850e+00
1.006567644834567954e+00
1.006728572162676638e+00
1.006894335284524988e+00
1.007059496894733286e+00
1.007217674929117290e+00
1.007365621989005255e+00
1.007509718077761018e+00
1.007659010423740620e+00
1.007814352863029228e+00
1.007970818959105230e+00
1.008122084687433251e+00
1.008263147242926649e+00
1.008397669741441849e+00
1.008535474613316829e+00
1.008680101688604891e+00
1.008827556439167550e+00
1.008971718758815417e+00
1.009106531252908834e+00
1.009232700532602500e+00
1.009359606857066272e+00
1.009493453805712537e+00
1.009631739517341087e+00
1.009768640527732408e+00
1.009897648565114547e+00
1.010016735172150071e+00
1.010133678177473682e+00
1.010256876587593666e+00
1.010385918115680015e+00
1.010515429081929595e+00
1.010638862431653795e+00
1.010752018299389876e+00
1.010860183756418174e+00
1.010973076120335268e+00
1.011092844316336725e+00
1.011214865472962687e+00
1.011332772856364581e+00
1.011440917196048339e+00
1.011541629881165694e+00
1.011644798404905288e+00
1.011755309597385688e+00
1.011869763063880434e+00
1.011982074224389905e+00
1.012085837077535411e+00
1.012180435705166026e+00
1.012274715175816908e+00
1.012376062764266837e+00
1.012482881035418281e+00
1.012589467688560507e+00
1.012689189775120902e+00
1.012778902235839329e+00
1.012865356818470897e+00
1.012957765293531764e+00
1.013056884543285019e+00
1.013157602971957560e+00
1.013253381300720068e+00
1.013339219191508267e+00
1.013419076967568611e+00
1.013502960958082788e+00
1.013594329361041879e+00
1.013689039811207948e+00
1.013780799287511636e+00
1.013863489551528163e+00
1.013938042030411157e+00
1.014014048441540972e+00
1.014097656173159834e+00
1.014186224392970015e+00
1.014273792231402238e+00
1.014353756979245347e+00
1.014424240789856047e+00
1.014493255018070750e+00
1.014569185564684339e+00
1.014651478089810599e+00
1.014734642512178819e+00
1.014812026932377265e+00
1.014879509926046142e+00
1.014942616841521428e+00
1.015011109778686915e+00
1.015086996173116596e+00
1.015165540672116506e+00
1.015240276358232441e+00
1.015305569979587208e+00
1.015363972554710781e+00
1.015425479478355042e+00
1.015494852060701003e+00
1.015568566814764928e+00
1.015640449238077281e+00
1.015704063631268861e+00
1.015758972859820197e+00
1.015814185848995965e+00
1.015877001393999723e+00
1.015945681222910402e+00
1.016014439823279103e+00
1.016076588343949982e+00
1.016129105151005074e+00
1.016178943082320263e+00
1.016235282156670028e+00
1.016298724194871550e+00
1.016364070955742438e+00
1.016424718060169985e+00
1.016475730060232729e+00
1.016521279285451218e+00
1.016571409041620688e+00
1.016629422651597059e+00
1.016691075495128160e+00
1.016750010439834817e+00
1.016800123493695862e+00
1.016842541206288253e+00
1.016886961224850339e+00
1.016939398268469352e+00
1.016997084993091605e+00
1.017053998806880077e+00
1.017103515761012655e+00
1.017143913607960304e+00
1.017183366022776037e+00
1.017230172166483815e+00
1.017283626706579014e+00
1.017338173675342627e+00
1.017387121191717814e+00
1.017426451540072829e+00
1.017461885693070611e+00
1.017503163718666448e+00
1.017552128186663296e+00
1.017603962583877308e+00
1.017652154138269704e+00
1.017691121152915601e+00
1.017723615047188890e+00
1.017759682312152414e+00
1.017803925745924598e+00
1.017852714907398592e+00
1.017899828982272492e+00
1.017938841503919667e+00
1.017969493224870181e+00
1.018000912578824080e+00
1.018040271424350385e+00
1.018085694288405563e+00
1.018131345992767667e+00
1.018170519627025872e+00
1.018200329226079059e+00
1.018227898181382152e+00
1.018262334836936400e+00
1.018304079135148532e+00
1.018347870554131562e+00
1.018387073753569627e+00
1.018416838549888848e+00
1.018441532533891802e+00
1.018471198383900322e+00
1.018508969265592645e+00
1.018550514293363074e+00
1.018589441424630593e+00
1.018619685047202239e+00
1.018642562457841461e+00
1.018667845199452859e+00
1.018701393853844506e+00
1.018740322813732835e+00
1.018778571702622315e+00
1.018809519866676006e+00
1.018831606093746789e+00
1.018853142264365186e+00
1.018882315811904249e+00
1.018918271472922132e+00
1.018955406214677506e+00
1.018987010915170854e+00
1.019009183621827352e+00
1.019027825897474093e+00
1.019052630171344731e+00
1.019085268719329918e+00
1.019120857849338035e+00
1.019152858758627378e+00
1.019175756755179130e+00
1.019192497560108102e+00
1.019213155342544752e+00
1.019242163543245594e+00
1.019275794109730349e+00
1.019307796514391740e+00
1.019331769658744058e+00
1.019347633679001497e+00
1.019364617610907020e+00
1.019389751675007894e+00
1.019421027990434991e+00
1.019452575262590699e+00
1.019477683481142094e+00
1.019493609263687706e+00
1.019507633655766021e+00
1.019528776741446041e+00
1.019557316923968671e+00
1.019587942238836753e+00
1.019613999233097479e+00
1.019630732826146691e+00
1.019642699433307431e+00
1.019659924774544146e+00
1.019685368044393359e+00
1.019714620463407995e+00
1.019741265665276231e+00
1.019759286924271091e+00
1.019770191711298679e+00
1.019783811362305226e+00
1.019805845031744429e+00
1.019833294774654231e+00
1.019860071106465149e+00
1.019879566234812573e+00
1.019890383827298130e+00
1.019900963585282039e+00
1.019919371549915299e+00
1.019944605830146900e+00
1.019971023623604367e+00
1.019991906407992310e+00
1.020003474360397622e+00
1.020011803734077738e+00
1.020026528702542734e+00
1.020049151723328773e+00
1.020074728247467366e+00
1.020096699523338479e+00
1.020109624892580058e+00
1.020116642902450188e+00
1.020127845354390939e+00
1.020147493970843922e+00
1.020171768525572453e+00
1.020194393577631198e+00
1.020208999683692941e+00
1.020215688490284656e+00
1.020223781521714113e+00
1.020240162524787664e+00
1.020262695492277105e+00
1.020285477198574986e+00
1.020301799364598194e+00
1.020309065581577190e+00
1.020314709321370028e+00
1.020327655871722472e+00
1.020348024719766045e+00
1.020370456575800056e+00
1.020388283227523285e+00
1.020396849870658595e+00
1.020400899773998171e+00
1.020410434546683121e+00
1.020428239893821809e+00
1.020449833385886240e+00
1.020468776692156077e+00
1.020479106690659554e+00
1.020482522042203133e+00
1.020488907300325820e+00
1.020503798329852607e+00
1.020524088967254439e+00
1.020543662688991438e+00
1.020555928105244092e+00
1.020559656949158178e+00
1.020563411805805565e+00
1.020575133357239039e+00
1.020593676462934418e+00
1.020613360954787385e+00
1.020627461156291549e+00
1.020632323609890202e+00
1.020634196666974747e+00
1.020642650862184642e+00
1.020659020722401777e+00
1.020678303883944205e+00
1.020693922973904710e+00
1.020700515556644206e+00
1.020701412955123288e+00
1.020706718806349889e+00
1.020720522927013318e+00
1.020738916447400335e+00
1.020755600065076596e+00
1.020764239358836534e+00
1.020765119629646778e+00
1.020767649775565111e+00
1.020778564632265795e+00
1.020795603501687632e+00
1.020812832643869683e+00
1.020823547765026929e+00
1.020825302993957129e+00
1.020825680736697105e+00
1.020833507135337825e+00
1.020848745266969892e+00
1.020865990696422587e+00
1.020878561775887983e+00
1.020881908006702865e+00
1.020880958208898903e+00
1.020885684409727601e+00
1.020898699602529991e+00
1.020915450645556444e+00
1.020929478139888325e+00
1.020934876222757914e+00
1.020933535692784000e+00
1.020935388784786513e+00
1.020945806648674958e+00
1.020961578151453608e+00
1.020976560796586607e+00
1.020984182384928163e+00
1.020983385469957039e+00
1.020982850992399271e+00
1.020990390678343074e+00
1.021004718919088283e+00
1.021020119880858834e+00
1.021029862592756299e+00
1.021030423734760051e+00
1.021028221073843500e+00
1.021032756292780785e+00
1.021045197430176188e+00
1.021060486792454647e+00
1.021072029622482669e+00
1.021074545625866081e+00
1.021071558464559992e+00
1.021073177728740733e+00
1.021083320762688817e+00
1.021097993067816345e+00
1.021110872596779462e+00
1.021115663334246193e+00
1.021112835918763340e+00
1.021111881179512570e+00
1.021119382233304007e+00
1.021132956607886833e+00
1.021146641536510469e+00
1.021153739243294112e+00
1.021151957609271577e+00
1.021149023980989057e+00
1.021153660608794755e+00
1.021165676146769119e+00
1.021179623161953209e+00
1.021188808327854414e+00
1.021188789355801152e+00
1.021184678742057761e+00
1.021186413020829464e+00
1.021196432758795458e+00
1.021210116861868578e+00
1.021220986207404646e+00
1.021223195970177411e+00
1.021218829501519876e+00
1.021217860697481994e+00
1.021225494128368938e+00
1.021238416640247504e+00
1.021250461169702639e+00
1.021255077811778378e+00
1.021251382294183330e+00
1.021248168873135853e+00
1.021253116347741186e+00
1.021264801067137462e+00
1.021277473390866941e+00
1.021284399317221592e+00
1.021282189217962433e+00
1.021277427081662692e+00
1.021279540211013970e+00
1.021289531268679385e+00
1.021302289686448317e+00
1.021311204936938832e+00
1.021311082748784571e+00
1.021305638213234168e+00
1.021304980714637489e+00
1.021312854315756136e+00
1.021325181738678811e+00
1.021335619565732378e+00
1.021337913666265695e+00
1.021332721301741353e+00
1.021329609526659077e+00
1.021335006803809176e+00
1.021346411592809478e+00
1.021357833681176164e+00
1.021362584492236936e+00
1.021358528574431102e+00
1.021353533951419701e+00
1.021356214213287927e+00
1.021366225416591389e+00
1.021378079216865409e+00
1.021385072486649337e+00
1.021382874849718458e+00
1.021376780319859012e+00
1.021376684070973262e+00
1.021384854485199556e+00
1.021396605118004342e+00
1.021405438499265461e+00
1.021405574488664980e+00
1.021399289113475772e+00
1.021396591968861678e+00
1.021402519283430621e+00
1.021413658663455015e+00
1.021423819801791311e+00
1.021426478086703948e+00
1.021420924487496329e+00
1.021416061557997468e+00
1.021419431430139024e+00
1.021429474748758448e+00
1.021440409743468170e+00
1.021445501519821164e+00
1.021441497424265155e+00
1.021435144425909769e+00
1.021435790227131157e+00
1.021444273281705062e+00
1.021455432372188055e+00
1.021462642633258922e+00
1.021460799441160194e+00
1.021453808279268127e+00
1.021451772484709863e+00
1.021458262249212323e+00
1.021469120161205613e+00
1.021477982557657427e+00
1.021478640415135697e+00
1.021471938704985982e+00
1.021467515262856285e+00
1.021471641324658286e+00
1.021481698884804779e+00
1.021491671564424664e+00
1.021494882392912640e+00
1.021489355252383380e+00
1.021483094737811070e+00
1.021484601459197616e+00
1.021493380752903635e+00
1.021503905136475598e+00
1.021509463251237593e+00
1.021505840055936476e+00
1.021498508955548612e+00
1.021497318358166595e+00
1.021504364928404573e+00
1.021514899206879656e+00
1.021522406407620709e+00
1.021521174422500788e+00
1.021513671991601591e+00
1.021509938849846089e+00
1.021514841497802362e+00
1.021524870923156580e+00
1.021533814530432682e+00
1.021535175681670182e+00
1.021528422476106979e+00
1.021522561036045884e+00
1.021524993557847871e+00
1.021534027311870485e+00
1.021543849713843155e+00
1.021547726775720921e+00
1.021542545862358153e+00
1.021535213829396938e+00
1.021534994054372314e+00
1.021542562110113739e+00
1.021552708044294544e+00
1.021558793727694425e+00
1.021555807536345784e+00
1.021547844316438747e+00
1.021544995963947322e+00
1.021550658522243360e+00
1.021560596876934568e+00
1.021568427876493157e+00
1.021567990537290971e+00
1.021560318522942046e+00
1.021555115348120379e+00
1.021558492864576229e+00
1.021567719124417462e+00
1.021576752503841501e+00
1.021578929743588660e+00
1.021572436547234952e+00
1.021565410180094835e+00
1.021566234405413276e+00
1.021574265789767288e+00
1.021583939168239308e+00
1.021588536209522502e+00
1.021583960413692260e+00
1.021575862515926358e+00
1.021574039175624726e+00
1.021580416023303073e+00
1.021590182677375669e+00
1.021596807751181890e+00
1.021594650286558936e+00
1.021586371722917663e+00
1.021582036711483177e+00
1.021586340960840555e+00
1.021595681326270544e+00
1.021603823568204561e+00
1.021604301470687037e+00
1.021596762024438831e+00
1.021590310406101931e+00
1.021592205980436763e+00
1.021600624966579218e+00
1.021609724995045543e+00
1.021612774549327085e+00
1.021606803893655435e+00
1.021598876763159192e+00
1.021598167847046490e+00
1.021605191286458103e+00
1.021614690070158815e+00
1.021620013641941105e+00
1.021616246560755226e+00
1.021607671983828514e+00
1.021604365268438341e+00
1.021609548256761535e+00
1.021618910400659219e+00
1.021626049578541862e+00
1.021624855617448535e+00
1.021616551760155200e+00
1.021610902294638690e+00
1.021613857814749338e+00
1.021622574890428403e+00
1.021630987343203678e+00
1.021632447576091840e+00
1.021625305474629819e+00
1.021617827158158409e+00
1.021618275966291955e+00
1.021625861690742987e+00
1.021634982731998154e+00
1.021638914891057404e+00
1.021633683289556283e+00
1.021625113917167038e+00
1.021622946948459010e+00
1.021628937803314319e+00
1.021638217108719271e+00
1.021644237433444680e+00
1.021641431978729031e+00
1.021632654787004046e+00
1.021627990370239436e+00
1.021631962785523262e+00
1.021640877148717763e+00
1.021648478055660503e+00
1.021648332070207665e+00
1.021640266724692436e+00
1.021633481808981170e+00
1.021635091185780553e+00
1.021643142337191446e+00
1.021651763974841920e+00
1.021654228536055253e+00
1.021647711960276927e+00
1.021639431838946344e+00
1.021638470011587030e+00
1.021645180712217993e+00
1.021654261403241115e+00
1.021659049850525580e+00
1.021654729900327130e+00
1.021645771888628040e+00
1.021642229679330605e+00
1.021647151002126552e+00
1.021656152041404475e+00
1.021662812123016462e+00
1.021661074605368480e+00
1.021652353088348786e+00
1.021646467791085922e+00
1.021649206350586869e+00
1.021657616272740654e+00
1.021665607401183617e+00
1.021666549718973860e+00
1.021658959552288248e+00
1.021651228041504877e+00
1.021651494694582940e+00
1.021658824552250433e+00
1.021667580712696921e+00
1.021671034180926974e+00
1.021665334709607409e+00
1.021656481387814841e+00
1.021654153296620127e+00
1.021659936562773430e+00
1.021668904653813659e+00
1.021674494602256900e+00
1.021671216744753474e+00
1.021662117519244184e+00
1.021657296305246598e+00
1.021661104785565488e+00
1.021669758669780048e+00
1.021676981799865214e+00
1.021676375871220399e+00
1.021667950499719701e+00
1.021660995637115210e+00
1.021662477120055534e+00
1.021670316004355872e+00
1.021678612863619939e+00
1.021680645573546986e+00
1.021673738446966739e+00
1.021665259835588424e+00
1.021664194689726024e+00
1.021670738918613486e+00
1.021679545903358299e+00
1.021683942472306317e+00
1.021679214828125737e+00
1.021670019242449712e+00
1.021666383201370820e+00
1.021671180518020305e+00
1.021679956207756312e+00
1.021686271429330883e+00
1.021684125794626752e+00
1.021675123922315187e+00
1.021669137125491567e+00
1.021671788516258506e+00
1.021680018928200706e+00
1.021687714746511544e+00
1.021688265472010304e+00
1.021680356038572102e+00
1.021672498716605260e+00
1.021672705896804034e+00
1.021679899921277723e+00
1.021688409645187701e+00
1.021691502365825732e+00
1.021685455427342681e+00
1.021676438759770544e+00
1.021674065826575273e+00
1.021679754460578460e+00
1.021688522732230986e+00
1.021693792641849896e+00
1.021690154631794911e+00
1.021680847207858456e+00
1.021675979651230470e+00
1.021679730664920793e+00
1.021688228842493551e+00
1.021695177649911024e+00
1.021694216288943746e+00
1.021685537895060447e+00
1.021678518095459953e+00
1.021679972301146488e+00
1.021687697455764932e+00
1.021695766718217158e+00
1.021697464916831111e+00
1.021690267367860727e+00
1.021681689999825338e+00
1.021680616935347619e+00
1.021687087398228666e+00
1.021695712066193362e+00
1.021699807585743969e+00
1.021694765562909835e+00
1.021685426845302169e+00
1.021681787710186917e+00
1.021686548351845136e+00
1.021695184660712297e+00
1.021701240001599897e+00
1.021698772977350567e+00
1.021689579771367207e+00
1.021683577947080979e+00
1.021686224647136321e+00
1.021694356405963955e+00
1.021701836628061910e+00
1.021702076302681395e+00
1.021693931051087301e+00
1.021686030318796234e+00
1.021686256208961030e+00
1.021693390449370131e+00
1.021701728650307395e+00
1.021704535517359513e+00
1.021698218903376532e+00
1.021689117216186826e+00
1.021686773856840702e+00
1.021692439445863965e+00
1.021701078358002945e+00
1.021706098070279678e+00
1.021702172101222938e+00
1.021692730578244834e+00
1.021687887742990686e+00
1.021691648829969878e+00
1.021700057569984388e+00
1.021706797405269374e+00
1.021705547447113283e+00
1.021696685683617822e+00
1.021689668895844783e+00
1.021691159793532311e+00
1.021698833529260053e+00
1.021706736518922742e+00
1.021708162091768290e+00
1.021700739132337610e+00
1.021692127877038558e+00
1.021691107783693209e+00
1.021697563089162042e+00
1.021706063083273275e+00
1.021709915005211577e+00
1.021704618891658090e+00
1.021695198692883277e+00
1.021691614701186079e+00
1.021696393892906674e+00
1.021704945026905120e+00
1.021710794038026560e+00
1.021708061274936075e+00
1.021698734918884188e+00
1.021692773936092369e+00
1.021695468180037647e+00
1.021703552242980484e+00
1.021710866987693755e+00
1.021710846897233571e+00
1.021702520274816450e+00
1.021694629725463210e+00
1.021694924011465666e+00
1.021702046363981431e+00
1.021710260088200650e+00
1.021712828443535281e+00
1.021706292667069027e+00
1.021697157179862314e+00
1.021694890957089541e+00
1.021700578571847373e+00
1.021709132345924420e+00
1.021713945748895735e+00
1.021709778347350772e+00
1.021700251328294229e+00
1.021695478979692595e+00
1.021699292696176098e+00
1.021707653563576512e+00
1.021714225329633408e+00
1.021712729448118973e+00
1.021703729991755516e+00
1.021696760341333388e+00
1.021698328354165852e+00
1.021705989720408159e+00
1.021713764735758589e+00
1.021714956814866904e+00
1.021707350911592371e+00
1.021698748218284880e+00
1.021697819792815709e+00
1.021704296642333087e+00
1.021712707924346653e+00
1.021716352267064920e+00
1.021710841146781235e+00
1.021701380031407425e+00
1.021697888507701490e+00
1.021702720837075695e+00
1.021711220591087432e+00
1.021716896633106719e+00
1.021713933831864152e+00
1.021704512688057065e+00
1.021698628719989177e+00
1.021701403295640853e+00
1.021709471406278436e+00
1.021716651777213380e+00
1.021716404428527625e+00
1.021707932255768281e+00
1.021700086947868291e+00
1.021700480988317228e+00
1.021707621261594756e+00
1.021715739653039634e+00
1.021718099155342285e+00
1.021711377224872042e+00
1.021702241730439109e+00
1.021700082937679444e+00
1.021705820618000748e+00
1.021714316627126307e+00
1.021718950955393446e+00
1.021714572192969683e+00
1.021704991908839233e+00
1.021700319548810132e+00
1.021704212410440960e+00
1.021712551117988532e+00
1.021718980036756541e+00
1.021717265429522348e+00
1.021708158584686554e+00
1.021701264894820049e+00
1.021702935334642515e+00
1.021710608467111925e+00
1.021718279047240774e+00
1.021719262201133072e+00
1.021711501389735322e+00
1.021702935325224937e+00
1.021702123028885190e+00
1.021708644091345208e+00
1.021716988737856546e+00
1.021720447810508414e+00
1.021714747217560060e+00
1.021705272246773655e+00
1.021701897111162438e+00
1.021706803958318810e+00
1.021715273070092245e+00
1.021720796598729164e+00
1.021717626730119788e+00
1.021708136493565178e+00
1.021702353102766914e+00
1.021705228362696172e+00
1.021713299988957768e+00
1.021720364946077098e+00
1.021719910877633808e+00
1.021711317097274696e+00
1.021703540239856656e+00
1.021704053682947588e+00
1.021711230144238147e+00
1.021719270925834255e+00
1.021721439974107914e+00
1.021714553759959454e+00
1.021705440931468978e+00
1.021703408836701410e+00
1.021709213767990398e+00
1.021717668649887667e+00
1.021722140541994950e+00
1.021717570039602840e+00
1.021707958298667229e+00
1.021703405056426650e+00
1.021707393365554495e+00
1.021715725538979935e+00
1.021722026862374566e+00
1.021720110912030854e+00
1.021710917220758796e+00
1.021704118568173225e+00
1.021705907132404167e+00
1.021713606689663489e+00
1.021721186997404107e+00
1.021721976567089740e+00
1.021714079740704051e+00
1.021705569227494781e+00
1.021704888469715744e+00
1.021711467507267601e+00
1.021719758782697385e+00
1.021723046212837938e+00
1.021717173114546240e+00
1.021707702782690408e+00
1.021704459437151158e+00
1.021709453806495027e+00
1.021717904736236360e+00
1.021723288037521105e+00
1.021719926036114057e+00
1.021710384384675763e+00
1.021704717126868722e+00
1.021707705541466282e+00
1.021715792377675625e+00
1.021722753195476230e+00
1.021722105396355218e+00
1.021713406451695505e+00
1.021705713739711641e+00
1.021706358811871773e+00
1.021713582426456490e+00
1.021721556095926520e+00
1.021723545987848425e+00
1.021716510342506323e+00
1.021707435813868692e+00
1.021705542697076918e+00
1.021711425201172085e+00
1.021719848805752839e+00
1.021724168215344397e+00
1.021719419018834119e+00
1.021709791044830062e+00
1.021705369475650160e+00
1.021709463076757807e+00
1.021717797967613084e+00
1.021723980654462682e+00
1.021721874572283362e+00
1.021712608422756130e+00
1.021705917709690992e+00
1.021707834013571681e+00
1.021715568668034368e+00
1.021723066945267044e+00
1.021723672468143995e+00
1.021715652768185878e+00
1.021707210941240396e+00
1.021706671400155919e+00
1.021713316549546224e+00
1.021721562152010154e+00
1.021724686101341817e+00
1.021718652083170920e+00
1.021709199470507201e+00
1.021706097918508638e+00
1.021711187521901376e+00
1.021719627500475402e+00
1.021724877709576207e+00
1.021721333463858183e+00
1.021711753017974900e+00
1.021706212371150446e+00
1.021709321424448147e+00
1.021717430253136882e+00
1.021724293353479140e+00
1.021723460069486666e+00
1.021714667681735023e+00
1.021707070044743482e+00
1.021707854269202187e+00
1.021715131386560893e+00
1.021723043873882020e+00
1.021724861438127130e+00
1.021717686801582259e+00
1.021708661745613700e+00
1.021706915449631881e+00
1.021712881505497883e+00
1.021721279387239667e+00
1.021725452051388983e+00
1.021720533074866655e+00
1.021710899924350047e+00
1.021706618401787781e+00
1.021710823046278804e+00
1.021719165869136026e+00
1.021725234898984702e+00
1.021722946015717781e+00
1.021713617908264871e+00
1.021707044104937179e+00
1.021709093899382026e+00
1.021716868528776967e+00
1.021724289264909658e+00
1.021724716622070650e+00
1.021716583562073399e+00
1.021708219870189449e+00
1.021707827571934235e+00
1.021714543399186326e+00
1.021722747492565198e+00
1.021725712669248054e+00
1.021719525925291805e+00
1.021710100666790577e+00
1.021707147461972998e+00
1.021712336645050456e+00
1.021720769578223109e+00
1.021725890564872286e+00
1.021722170782758621e+00
1.021712560949943782e+00
1.021707154140075735e+00
1.021710388135566250e+00
1.021718522612084179e+00
1.021725291330565000e+00
1.021724277812610993e+00
1.021715400709119814e+00
1.021707906021488865e+00
1.021708833910909275e+00
1.021716167937451569e+00
1.021724022259739240e+00
1.021725671494525312e+00
1.021718365513908378e+00
1.021709398244335709e+00
1.021707803761094269e+00
1.021713856572955326e+00
1.021722231541575932e+00
1.021726260516329088e+00
1.021721178060432500e+00
1.021711548123687363e+00
1.021707412325910003e+00
1.021711731142421309e+00
1.021720084528290773e+00
1.021726042340443286e+00
1.021723575529949191e+00
1.021714193483725719e+00
1.021707743020988435e+00
1.021709929571321895e+00
1.021717746621438216e+00
1.021725091902200067e+00
1.021725344653596323e+00
1.021717105438186834e+00
1.021708826949085935e+00
1.021708585560691773e+00
1.021715374339334792e+00
1.021723538817827626e+00
1.021726347728813433e+00
1.021720014299204005e+00
1.021710623807995821e+00
1.021707823266557291e+00
1.021713114208151030e+00
1.021721541862652183e+00
1.021726535405914404e+00
1.021722644776239530e+00
1.021713012898618267e+00
1.021707745036623205e+00
1.021711106223106791e+00
1.021719267988641988e+00
1.021725943676803361e+00
1.021724753271598951e+00
1.021715798262920583e+00
1.021708412410302635e+00
1.021709486523787236e+00
1.021716878967930286e+00
1.021724676263903842e+00
1.021726159361481479e+00
1.021718727902732216e+00
1.021709824874977635e+00
1.021708385337983138e+00
1.021714526317162530e+00
1.021722879408967000e+00
1.021726766031792799e+00
1.021721524734640507e+00
1.021711904675424165e+00
1.021707918517178904e+00
1.021712352934480261e+00
1.021720717843441761e+00
1.021726565241267259e+00
1.021723923814946033e+00
1.021714494251065641e+00
1.021708171895732820e+00
1.021710496849506988e+00
1.021718357192239468e+00
1.021725627549578741e+00
1.021725707775618552e+00
1.021717368131191517e+00
1.021709180353971957e+00
1.021709091999532415e+00
1.021715954517881997e+00
1.021724079805117036e+00
1.021726733548168120e+00
1.021720258101092682e+00
1.021710908341724844e+00
1.021708263310041387e+00
1.021713656782171409e+00
1.021722079537490835e+00
1.021726946071159770e+00
1.021722888000450524e+00
1.021713240082350982e+00
1.021708114886102248e+00
1.021711604173499044e+00
1.021719793562853695e+00
