1.000603444564682754e+00
1.000677452424016067e+00
1.000800027832050798e+00
1.000944376855570805e+00
1.001101490962309271e+00
1.001267048126337045e+00
1.001438504768133120e+00
1.001614173368117200e+00
1.001792851153498587e+00
1.001973640969443302e+00
1.002155852335761876e+00
1.002338941244085735e+00
1.002522470960705681e+00
1.002706085275309800e+00
1.002889489635720555e+00
1.003072437531657313e+00
1.003254720496022490e+00
1.003436160659491705e+00
1.003616605136878892e+00
1.003795921742916653e+00
1.003973995681553877e+00
1.004150726953780381e+00
1.004326028299924900e+00
1.004499823542838621e+00
1.004672046234553751e+00
1.004842638535032417e+00
1.005011550270409115e+00
1.005178738131701888e+00
1.005344164984848243e+00
1.005507799270073388e+00
1.005669614473864826e+00
1.005829588660696050e+00
1.005987704054517096e+00
1.006143946662180655e+00
1.006298305932612713e+00
1.006450774446779661e+00
1.006601347634472177e+00
1.006750023514676240e+00
1.006896802456895390e+00
1.007041686961250848e+00
1.007184681455560060e+00
1.007325792107887530e+00
1.007465026653293183e+00
1.007602394233691578e+00
1.007737905249884491e+00
1.007871571224941754e+00
1.008003404678202930e+00
1.008133419009240583e+00
1.008261628391185383e+00
1.008388047672863053e+00
1.008512692289218027e+00
1.008635578179540415e+00
1.008756721713026661e+00
1.008876139621229795e+00
1.008993848936966531e+00
1.009109866939265743e+00
1.009224211103956659e+00
1.009336899059504855e+00
1.009447948547716800e+00
1.009557377388947241e+00
1.009665203451453719e+00
1.009771444624554260e+00
1.009876118795260957e+00
1.009979243828070139e+00
1.010080837547608468e+00
1.010180917723845440e+00
1.010279502059597601e+00
1.010376608180070690e+00
1.010472253624189909e+00
1.010566455837497823e+00
1.010659232166408072e+00
1.010750599853617926e+00
1.010840576034504501e+00
1.010929177734340767e+00
1.011016421866187676e+00
1.011102325229328081e+00
1.011186904508129203e+00
1.011270176271233279e+00
1.011352156970986682e+00
1.011432862943032251e+00
1.011512310406008641e+00
1.011590515461298079e+00
1.011667494092789443e+00
1.011743262166620916e+00
1.011817835430884216e+00
1.011891229515273549e+00
1.011963459930674158e+00
1.012034542068685816e+00
1.012104491201087253e+00
1.012173322479247517e+00
1.012241050933493369e+00
1.012307691472446702e+00
1.012373258882346860e+00
1.012437767826368962e+00
1.012501232843955767e+00
1.012563668350182189e+00
1.012625088635157988e+00
1.012685507863487766e+00
1.012744940073799560e+00
1.012803399178349384e+00
1.012860898962710809e+00
1.012917453085559583e+00
1.012973075078546392e+00
1.013027778346273999e+00
1.013081576166365849e+00
1.013134481689632604e+00
1.013186507940326608e+00
1.013237667816482501e+00
1.013287974090335108e+00
1.013337439408805718e+00
1.013386076294048310e+00
1.013433897144045304e+00
1.013480914233239272e+00
1.013527139713194636e+00
1.013572585613272459e+00
1.013617263841309679e+00
1.013661186184293239e+00
1.013704364309014672e+00
1.013746809762699819e+00
1.013788533973601025e+00
1.013829548251548252e+00
1.013869863788446679e+00
1.013909491658721684e+00
1.013948442819700091e+00
1.013986728111930802e+00
1.014024358259438152e+00
1.014061343869911092e+00
1.014097695434825086e+00
1.014133423329500294e+00
1.014168537813103121e+00
1.014203049028583603e+00
1.014236967002567935e+00
1.014270301645198380e+00
1.014303062749937201e+00
1.014335259993333516e+00
1.014366902934765058e+00
1.014398001016161288e+00
1.014428563561713847e+00
1.014458599777584347e+00
1.014488118751616597e+00
1.014517129453059052e+00
1.014545640732308129e+00
1.014573661320676834e+00
1.014601199830198031e+00
1.014628264753465681e+00
1.014654864463520934e+00
1.014681007213792174e+00
1.014706701138087475e+00
1.014731954250648993e+00
1.014756774446270882e+00
1.014781169500485802e+00
1.014805147069818503e+00
1.014828714692115996e+00
1.014851879786949462e+00
1.014874649656093197e+00
1.014897031484080836e+00
1.014919032338838623e+00
1.014940659172398840e+00
1.014961918821688514e+00
1.014982818009401155e+00
1.015003363344941789e+00
1.015023561325453683e+00
1.015043418336919689e+00
1.015062940655341306e+00
1.015082134447991002e+00
1.015101005774742937e+00
1.015119560589471615e+00
1.015137804741527372e+00
1.015155743977279590e+00
1.015173383941729401e+00
1.015190730180190570e+00
1.015207788140036538e+00
1.015224563172508754e+00
1.015241060534589623e+00
1.015257285390932296e+00
1.015273242815848187e+00
1.015288937795349122e+00
1.015304375229237888e+00
1.015319559933248295e+00
1.015334496641228768e+00
1.015349190007365010e+00
1.015363644608438864e+00
1.015377864946118924e+00
1.015391855449277125e+00
1.015405620476327098e+00
1.015419164317579837e+00
1.015432491197607590e+00
1.015445605277616625e+00
1.015458510657817115e+00
1.015471211379786576e+00
1.015483711428820879e+00
1.015496014736268826e+00
1.015508125181837196e+00
1.015520046595869808e+00
1.015531782761586843e+00
1.015543337417281311e+00
1.015554714258468882e+00
1.015565916939981328e+00
1.015576949078002222e+00
1.015587814252037591e+00
1.015598516006818386e+00
1.015609057854127251e+00
1.015619443274551337e+00
1.015629675719154079e+00
1.015639758611058818e+00
1.015649695346952708e+00
1.015659489298498031e+00
1.015669143813654696e+00
1.015678662217911477e+00
1.015688047815426431e+00
1.015697303890074288e+00
1.015706433706403455e+00
1.015715440510500889e+00
1.015724327530768356e+00
1.015733097978610777e+00
1.015741755049038408e+00
1.015750301921184651e+00
1.015758741758744588e+00
1.015767077710333588e+00
1.015775312909772854e+00
1.015783450476302807e+00
1.015791493514729638e+00
1.015799445115507016e+00
1.015807308354758964e+00
1.015815086294246550e+00
1.015822781981282619e+00
1.015830398448599681e+00
1.015837938714172717e+00
1.015845405781004684e+00
1.015852802636874941e+00
1.015860132254055914e+00
1.015867397589002685e+00
1.015874601582019476e+00
1.015881747156902382e+00
1.015888837220567442e+00
1.015895874662664511e+00
1.015902862355178904e+00
1.015909803152024615e+00
1.015916699888633534e+00
1.015923555381540222e+00
1.015930372427965800e+00
1.015937153805403170e+00
1.015943902271205790e+00
1.015950620562180440e+00
1.015957311394186435e+00
1.015963977461742385e+00
1.015970621437642718e+00
1.015977245972583098e+00
1.015983853694796712e+00
1.015990447209703884e+00
1.015997029099571458e+00
1.016003601923187727e+00
1.016010168215549569e+00
1.016016730487564912e+00
1.016023291225766512e+00
1.016029852892044838e+00
1.016036417923392055e+00
1.016042988731663765e+00
1.016049567703354750e+00
1.016056157199389354e+00
1.016062759554930750e+00
1.016069377079201974e+00
1.016076012055325162e+00
1.016082666740175444e+00
1.016089343364252606e+00
1.016096044131565623e+00
1.016102771219535406e+00
1.016109526778913752e+00
1.016116312933715848e+00
1.016123131781172528e+00
1.016129985391694523e+00
1.016136875808856477e+00
1.016143805049393389e+00
1.016150775103216386e+00
1.016157787933441581e+00
1.016164845476436041e+00
1.016171949641879735e+00
1.016179102312842586e+00
1.016186305345876395e+00
1.016193560571122978e+00
1.016200869792436068e+00
1.016208234787520315e+00
1.016215657308081388e+00
1.016223139079993176e+00
1.016230681803477420e+00
1.016238287153296671e+00
1.016245956778961679e+00
1.016253692304948775e+00
1.016261495330932130e+00
1.016269367432025117e+00
1.016277310159034997e+00
1.016285325038726484e+00
1.016293413574095528e+00
1.016301577244651089e+00
1.016309817506709567e+00
1.016318135793691457e+00
1.016326533516429542e+00
1.016335012063480425e+00
1.016343572801446049e+00
1.016352217075294329e+00
1.016360946208690219e+00
1.016369761504325675e+00
1.016378664244255159e+00
1.016387655690232705e+00
1.016396737084048985e+00
1.016405909647871031e+00
1.016415174584581749e+00
1.016424533078117198e+00
1.016433986293803660e+00
1.016443535378693142e+00
1.016453181461895561e+00
1.016462925654908034e+00
1.016472769051939729e+00
1.016482712730234272e+00
1.016492757750384612e+00
1.016502905156644321e+00
1.016513155977234462e+00
1.016523511224640242e+00
1.016533971895905442e+00
1.016544538972916190e+00
1.016555213422680737e+00
1.016565996197598132e+00
1.016576888235723786e+00
1.016587890461020383e+00
1.016599003783607014e+00
1.016610229099995433e+00
1.016621567293320094e+00
1.016633019233557533e+00
1.016644585777737309e+00
1.016656267770144950e+00
1.016668066042516250e+00
1.016679981414219114e+00
1.016692014692430313e+00
1.016704166672301568e+00
1.016716438137115430e+00
1.016728829858434491e+00
1.016741342596239939e+00
1.016753977099061235e+00
1.016766734104098679e+00
1.016779614337336213e+00
1.016792618513645774e+00
1.016805747336881449e+00
1.016819001499969843e+00
1.016832381684989794e+00
1.016845888563241207e+00
1.016859522795312776e+00
1.016873285031135499e+00
1.016887175910033303e+00
1.016901196060764567e+00
1.016915346101556761e+00
1.016929626640135087e+00
1.016944038273741580e+00
1.016958581589153088e+00
1.016973257162686384e+00
1.016988065560203047e+00
1.017003007337104359e+00
1.017018083038323084e+00
1.017033293198307486e+00
1.017048638341001565e+00
1.017064118979819742e+00
1.017079735617615555e+00
1.017095488746647680e+00
1.017111378848538417e+00
1.017127406394229716e+00
1.017143571843934557e+00
1.017159875647083211e+00
1.017176318242265953e+00
1.017192900057173333e+00
1.017209621508528672e+00
1.017226483002022785e+00
1.017243484932239816e+00
1.017260627682582186e+00
1.017277911625193543e+00
1.017295337120876386e+00
1.017312904519005912e+00
1.017330614157446078e+00
1.017348466362457238e+00
1.017366461448603765e+00
1.017384599718659022e+00
1.017402881463508768e+00
1.017421306962049687e+00
1.017439876481089023e+00
1.017458590275239105e+00
1.017477448586811883e+00
1.017496451645711009e+00
1.017515599669321258e+00
1.017534892862397733e+00
1.017554331416951285e+00
1.017573915512135052e+00
1.017593645314127437e+00
1.017613520976012875e+00
1.017633542637664146e+00
1.017653710425621361e+00
1.017674024452969395e+00
1.017694484819215095e+00
1.017715091610162936e+00
1.017735844897790010e+00
1.017756744740117902e+00
1.017777791181088132e+00
1.017798984250430916e+00
1.017820323963537943e+00
1.017841810321330698e+00
1.017863443310131011e+00
1.017885222901528053e+00
1.017907149052246663e+00
1.017929221704015008e+00
1.017951440783429140e+00
1.017973806201819986e+00
1.017996317855118793e+00
1.018018975623720568e+00
1.018041779372349964e+00
1.018064728949923392e+00
1.018087824189413571e+00
1.018111064907712082e+00
1.018134450905492816e+00
1.018157981967072745e+00
1.018181657860276701e+00
1.018205478336297265e+00
1.018229443129556877e+00
1.018253551957570835e+00
1.018277804520808072e+00
1.018302200502552601e+00
1.018326739568765849e+00
1.018351421367947651e+00
1.018376245530998370e+00
1.018401211671080997e+00
1.018426319383483047e+00
1.018451568245479111e+00
1.018476957816192741e+00
1.018502487636461229e+00
1.018528157228697495e+00
1.018553966096754193e+00
1.018579913725789154e+00
1.018605999582128607e+00
1.018632223113135726e+00
1.018658583747074076e+00
1.018685080892976380e+00
1.018711713940513297e+00
1.018738482259860856e+00
1.018765385201572116e+00
1.018792422096447492e+00
1.018819592255407969e+00
1.018846894969368311e+00
1.018874329509113164e+00
1.018901895125172707e+00
1.018929591047702088e+00
1.018957416486360845e+00
1.018985370630195231e+00
1.019013452647521412e+00
1.019041661685812450e+00
1.019069996871585726e+00
1.019098457310293471e+00
1.019127042086215518e+00
1.019155750262355387e+00
1.019184580880337254e+00
1.019213532960308033e+00
1.019242605500841004e+00
1.019271797478842778e+00
1.019301107849463373e+00
1.019330535546011163e+00
1.019360079479869619e+00
1.019389738540417811e+00
1.019419511594956917e+00
1.019449397488638498e+00
1.019479395044398329e+00
1.019509503062894673e+00
1.019539720322449883e+00
1.019570045578998441e+00
1.019600477566039221e+00
1.019631014994593077e+00
1.019661656553165319e+00
1.019692400907713958e+00
1.019723246701624175e+00
1.019754192555688554e+00
1.019785237068092432e+00
1.019816378814406788e+00
1.019847616347587804e+00
1.019878948197981305e+00
1.019910372873336080e+00
1.019941888858823420e+00
1.019973494617064658e+00
1.020005188588164247e+00
1.020036969189753506e+00
1.020068834817040360e+00
1.020100783842866843e+00
1.020132814617777051e+00
1.020164925470090189e+00
1.020197114705987174e+00
1.020229380609600778e+00
1.020261721443119107e+00
1.020294135446895512e+00
1.020326620839570708e+00
1.020359175818201347e+00
1.020391798558401675e+00
1.020424487214492748e+00
1.020457239919663195e+00
1.020490054786140188e+00
1.020522929905370413e+00
1.020555863348212355e+00
1.020588853165139476e+00
1.020621897386453814e+00
1.020654994022511808e+00
1.020688141063959664e+00
1.020721336481982711e+00
1.020754578228564302e+00
1.020787864236757159e+00
1.020821192420966028e+00
1.020854560677244560e+00
1.020887966883600395e+00
1.020921408900314686e+00
1.020954884570275389e+00
1.020988391719319210e+00
1.021021928156588432e+00
1.021055491674899063e+00
1.021089080051123421e+00
1.021122691046581155e+00
1.021156322407447359e+00
1.021189971865170243e+00
1.021223637136902784e+00
1.021257315925945708e+00
1.021291005922204009e+00
1.021324704802655914e+00
1.021358410231834268e+00
1.021392119862318815e+00
1.021425831335242895e+00
1.021459542280811705e+00
1.021493250318831869e+00
1.021526953059253895e+00
1.021560648102727287e+00
1.021594333041164315e+00
1.021628005458319999e+00
1.021661662930379189e+00
1.021695303026558754e+00
1.021728923309717096e+00
1.021762521336978313e+00
1.021796094660364140e+00
1.021829640827437657e+00
1.021863157381957210e+00
1.021896641864540323e+00
1.021930091813336272e+00
1.021963504764709540e+00
1.021996878253931484e+00
1.022030209815880220e+00
1.022063496985751607e+00
1.022096737299774238e+00
1.022129928295934853e+00
1.022163067514711310e+00
1.022196152499811550e+00
1.022229180798919224e+00
1.022262149964445310e+00
1.022295057554286624e+00
1.022327901132588091e+00
1.022360678270511247e+00
1.022393386547006511e+00
1.022426023549589225e+00
1.022458586875119035e+00
1.022491074130583488e+00
1.022523482933882288e+00
1.022555810914614893e+00
1.022588055714868993e+00
1.022620214990009657e+00
1.022652286409469369e+00
1.022684267657536950e+00
1.022716156434148260e+00
1.022747950455670907e+00
1.022779647455692498e+00
1.022811245185802242e+00
1.022842741416372325e+00
1.022874133937333063e+00
1.022905420558947176e+00
1.022936599112575617e+00
1.022967667451441187e+00
1.022998623451384148e+00
1.023029465011612071e+00
1.023060190055443464e+00
1.023090796531040070e+00
1.023121282412136290e+00
1.023151645698755940e+00
1.023181884417918575e+00
1.023211996624340259e+00
1.023241980401118134e+00
1.023271833860408542e+00
1.023301555144090269e+00
1.023331142424416029e+00
1.023360593904651950e+00
1.023389907819701961e+00
1.023419082436719751e+00
1.023448116055704515e+00
1.023477007010082929e+00
1.023505753667274476e+00
1.023534354429241455e+00
1.023562807733020996e+00
1.023591112051241314e+00
1.023619265892619312e+00
1.023647267802441529e+00
1.023675116363023996e+00
1.023702810194155877e+00
1.023730347953520692e+00
1.023757728337101991e+00
1.023784950079564382e+00
1.023812011954615908e+00
1.023838912775349996e+00
1.023865651394566534e+00
1.023892226705068076e+00
1.023918637639938289e+00
1.023944883172795306e+00
1.023970962318024647e+00
1.023996874130987056e+00
1.024022617708206795e+00
1.024048192187532180e+00
1.024073596748276582e+00
1.024098830611335886e+00
1.024123893039277977e+00
1.024148783336414237e+00
1.024173500848842178e+00
1.024198044964466980e+00
1.024222415112998164e+00
1.024246610765921384e+00
1.024270631436446921e+00
1.024294476679433075e+00
1.024318146091286241e+00
1.024341639309835905e+00
1.024364956014186312e+00
1.024388095924543052e+00
1.024411058802016772e+00
1.024433844448401576e+00
1.024456452705931220e+00
1.024478883457009326e+00
1.024501136623919173e+00
1.024523212168507058e+00
1.024545110091845235e+00
1.024566830433868869e+00
1.024588373272993014e+00
1.024609738725705377e+00
1.024630926946138221e+00
1.024651938125616280e+00
1.024672772492185135e+00
1.024693430310116726e+00
1.024713911879394423e+00
1.024734217535177017e+00
1.024754347647242714e+00
1.024774302619412936e+00
1.024794082888955460e+00
1.024813688925970023e+00
1.024833121232754163e+00
1.024852380343148628e+00
1.024871466821868804e+00
1.024890381263814376e+00
1.024909124293364560e+00
1.024927696563653345e+00
1.024946098755833646e+00
1.024964331578317900e+00
1.024982395766011356e+00
1.025000292079523589e+00
1.025018021304370253e+00
1.025035584250156617e+00
1.025052981749750902e+00
1.025070214658443390e+00
1.025087283853092224e+00
1.025104190231257428e+00
1.025120934710322285e+00
1.025137518226606925e+00
1.025153941734466834e+00
1.025170206205383572e+00
1.025186312627047069e+00
1.025202262002424147e+00
1.025218055348823931e+00
1.025233693696951498e+00
1.025249178089954416e+00
1.025264509582462846e+00
1.025279689239622982e+00
1.025294718136122274e+00
1.025309597355212654e+00
1.025324327987724438e+00
1.025338911131079112e+00
1.025353347888294353e+00
1.025367639366988382e+00
1.025381786678379203e+00
1.025395790936281859e+00
1.025409653256101450e+00
1.025423374753828831e+00
1.025436956545028089e+00
1.025450399743829344e+00
1.025463705461917563e+00
1.025476874807521366e+00
1.025489908884404944e+00
1.025502808790856868e+00
1.025515575618682895e+00
1.025528210452199662e+00
1.025540714367230821e+00
1.025553088430104509e+00
1.025565333696655035e+00
1.025577451211229008e+00
1.025589442005689911e+00
1.025601307098436221e+00
1.025613047493413976e+00
1.025624664179141110e+00
1.025636158127735342e+00
1.025647530293947396e+00
1.025658781614200432e+00
1.025669913005636147e+00
1.025680925365169305e+00
1.025691819568547380e+00
1.025702596469419081e+00
1.025713256898411530e+00
1.025723801662215218e+00
1.025734231542677399e+00
1.025744547295907028e+00
1.025754749651385689e+00
1.025764839311092746e+00
1.025774816948637813e+00
1.025784683208405657e+00
1.025794438704711098e+00
1.025804084020967011e+00
1.025813619708864088e+00
1.025823046287560381e+00
1.025832364242887706e+00
1.025841574026567837e+00
1.025850676055445110e+00
1.025859670710730143e+00
1.025868558337258651e+00
1.025877339242767805e+00
1.025886013697183685e+00
1.025894581931926952e+00
1.025903044139233167e+00
1.025911400471491541e+00
1.025919651040597014e+00
1.025927795917324303e+00
1.025935835130713958e+00
1.025943768667482603e+00
1.025951596471447846e+00
1.025959318442972723e+00
1.025966934438431677e+00
1.025974444269693642e+00
1.025981847703628436e+00
1.025989144461632474e+00
1.025996334219175354e+00
1.026003416605371088e+00
1.026010391202568650e+00
1.026017257545967176e+00
1.026024015123254252e+00
1.026030663374268848e+00
1.026037201690687573e+00
1.026043629415736014e+00
1.026049945843927835e+00
1.026056150220826968e+00
1.026062241742837777e+00
1.026068219557023653e+00
1.026074082760951800e+00
1.026079830402566451e+00
1.026085461480091610e+00
1.026090974941963552e+00
1.026096369686792853e+00
1.026101644563355730e+00
1.026106798370620465e+00
1.026111829857800917e+00
1.026116737724445116e+00
1.026121520620557392e+00
1.026126177146752028e+00
1.026130705854441549e+00
1.026135105246061219e+00
1.026139373775325492e+00
1.026143509847525559e+00
1.026147511819856639e+00
1.026151378001788128e+00
1.026155106655467053e+00
1.026158695996161718e+00
1.026162144192742431e+00
1.026165449368204197e+00
1.026168609600223380e+00
1.026171622921760118e+00
1.026174487321698026e+00
1.026177200745524987e+00
1.026179761096055909e+00
1.026182166234197446e+00
1.026184413979753796e+00
1.026186502112276022e+00
1.026188428371952677e+00
1.026190190460545271e+00
1.026191786042366827e+00
1.026193212745301508e+00
1.026194468161871765e+00
1.026195549850347888e+00
1.026196455335899316e+00
1.026197182111795669e+00
1.026197727640645319e+00
1.026198089355684129e+00
1.026198264662104842e+00
1.026198250938432199e+00
1.026198045537940917e+00
1.026197645790119406e+00
1.026197049002175010e+00
1.026196252460583880e+00
1.026195253432684140e+00
1.026194049168309919e+00
1.026192636901469557e+00
1.026191013852064238e+00
1.026189177227647242e+00
1.026187124225225400e+00
1.026184852033099171e+00
1.026182357832740033e+00
1.026179638800708283e+00
1.026176692110607247e+00
1.026173514935073028e+00
1.026170104447798881e+00
1.026166457825595568e+00
1.026162572250481242e+00
1.026158444911804857e+00
1.026154073008400225e+00
1.026149453750764495e+00
1.026144584363269718e+00
1.026139462086393284e+00
1.026134084178977446e+00
1.026128447920507059e+00
1.026122550613409512e+00
1.026116389585371103e+00
1.026109962191670943e+00
1.026103265817527976e+00
1.026096297880461083e+00
1.026089055832656083e+00
1.026081537163343382e+00
1.026073739401179630e+00
1.026065660116628919e+00
1.026057296924349549e+00
1.026048647485573007e+00
1.026039709510482068e+00
1.026030480760576458e+00
1.026020959051032744e+00
1.026011142253048014e+00
1.026001028296166684e+00
1.025990615170591980e+00
1.025979900929471889e+00
1.025968883691159572e+00
1.025957561641450910e+00
1.025945933035784741e+00
1.025933996201414233e+00
1.025921749539537631e+00
1.025909191527392128e+00
1.025896320720301347e+00
1.025883135753680175e+00
1.025869635344987429e+00
1.025855818295626332e+00
1.025841683492794365e+00
1.025827229911267402e+00
1.025812456615129431e+00
1.025797362759434783e+00
1.025781947591803078e+00
1.025766210453948224e+00
1.025750150783128811e+00
1.025733768113529454e+00
1.025717062077561526e+00
1.025700032407083295e+00
1.025682678934538128e+00
1.025665001594009196e+00
1.025647000422184707e+00
1.025628675559234537e+00
1.025610027249597600e+00
1.025591055842671739e+00
1.025571761793414582e+00
1.025552145662843806e+00
1.025532208118440369e+00
1.025511949934453826e+00
1.025491371992106160e+00
1.025470475279694149e+00
1.025449260892592473e+00
1.025427730033148688e+00
1.025405884010481827e+00
1.025383724240170658e+00
1.025361252243843557e+00
1.025338469648661599e+00
1.025315378186700155e+00
1.025291979694227251e+00
1.025268276110878007e+00
1.025244269478729819e+00
1.025219961941275848e+00
1.025195355742299697e+00
1.025170453224650835e+00
1.025145256828924989e+00
1.025119769092050825e+00
1.025093992645780272e+00
1.025067930215090684e+00
1.025041584616499968e+00
1.025014958756292227e+00
1.024988055628661243e+00
1.024960878313776025e+00
1.024933429975763977e+00
1.024905713860622569e+00
1.024877733294059734e+00
1.024849491679262758e+00
1.024820992494607008e+00
1.024792239291299367e+00
1.024763235690966834e+00
1.024733985383191381e+00
1.024704492122992416e+00
1.024674759728266160e+00
1.024644792077182842e+00
1.024614593105543925e+00
1.024584166804107133e+00
1.024553517215883947e+00
1.024522648433406236e+00
1.024491564595978899e+00
1.024460269886908970e+00
1.024428768530726508e+00
1.024397064790395273e+00
1.024365162964517850e+00
1.024333067384543217e+00
1.024300782411976529e+00
1.024268312435595796e+00
1.024235661868682756e+00
1.024202835146267532e+00
1.024169836722393034e+00
1.024136671067403359e+00
1.024103342665257266e+00
1.024069856010874746e+00
1.024036215607512901e+00
1.024002425964182450e+00
1.023968491593101771e+00
1.023934417007194231e+00
1.023900206717631267e+00
1.023865865231424088e+00
1.023831397049064007e+00
1.023796806662218284e+00
1.023762098551479482e+00
1.023727277184172113e+00
1.023692347012218562e+00
1.023657312470066083e+00
1.023622177972672853e+00
1.023586947913562195e+00
1.023551626662937419e+00
1.023516218565861502e+00
1.023480727940507595e+00
1.023445159076472155e+00
1.023409516233154903e+00
1.023373803638210511e+00
1.023338025486063341e+00
1.023302185936493247e+00
1.023266289113287097e+00
1.023230339102957798e+00
1.023194339953530374e+00
1.023158295673394225e+00
1.023122210230221096e+00
1.023086087549948120e+00
1.023049931515821909e+00
1.023013745967510157e+00
1.022977534700271640e+00
1.022941301464186381e+00
1.022905049963448221e+00
1.022868783855710895e+00
1.022832506751494730e+00
1.022796222213644413e+00
1.022759933756844264e+00
1.022723644847181035e+00
1.022687358901760879e+00
1.022651079288372067e+00
1.022614809325195884e+00
1.022578552280562381e+00
1.022542311372751200e+00
1.022506089769831927e+00
1.022469890589545960e+00
1.022433716899226797e+00
1.022397571715758513e+00
1.022361458005567103e+00
1.022325378684647124e+00
1.022289336618620759e+00
1.022253334622825749e+00
1.022217375462435296e+00
1.022181461852603501e+00
1.022145596458636119e+00
1.022109781896190617e+00
1.022074020731494670e+00
1.022038315481590853e+00
1.022002668614600873e+00
1.021967082550009787e+00
1.021931559658970201e+00
1.021896102264624018e+00
1.021860712642440161e+00
1.021825393020570960e+00
1.021790145580221409e+00
1.021754972456033528e+00
1.021719875736485372e+00
1.021684857464303153e+00
1.021649919636884674e+00
1.021615064206735424e+00
1.021580293081916668e+00
1.021545608126503080e+00
1.021511011161053251e+00
1.021476503963088867e+00
1.021442088267581649e+00
1.021407765767456288e+00
1.021373538114095147e+00
1.021339406917857850e+00
1.021305373748606860e+00
1.021271440136243713e+00
1.021237607571252148e+00
1.021203877505250990e+00
1.021170251351557035e+00
1.021136730485753485e+00
1.021103316246268822e+00
1.021070009934964773e+00
1.021036812817730066e+00
1.021003726125087496e+00
1.020970751052802994e+00
1.020937888762509793e+00
1.020905140382336818e+00
1.020872507007546837e+00
1.020839989701184169e+00
1.020807589494729273e+00
1.020775307388763320e+00
1.020743144353639664e+00
1.020711101330166404e+00
1.020679179230294498e+00
1.020647378937814320e+00
1.020615701309063539e+00
1.020584147173639655e+00
1.020552717335120985e+00
1.020521412571796738e+00
1.020490233637403987e+00
1.020459181261869741e+00
1.020428256152063451e+00
1.020397458992553075e+00
1.020366790446368466e+00
1.020336251155770535e+00
1.020305841743025743e+00
1.020275562811184589e+00
1.020245414944865647e+00
1.020215398711041388e+00
1.020185514659829762e+00
1.020155763325284903e+00
1.020126145226192715e+00
1.020096660866865124e+00
1.020067310737935662e+00
1.020038095317153726e+00
1.020009015070177938e+00
1.019980070451366849e+00
1.019951261904566309e+00
1.019922589863892171e+00
1.019894054754509227e+00
1.019865656993401704e+00
1.019837396990138423e+00
1.019809275147627758e+00
1.019781291862864592e+00
1.019753447527667056e+00
1.019725742529400181e+00
1.019698177251687099e+00
1.019670752075108044e+00
1.019643467377882251e+00
1.019616323536535418e+00
1.019589320926549192e+00
1.019562459922993103e+00
1.019535740901137189e+00
1.019509164237043519e+00
1.019482730308137519e+00
1.019456439493757083e+00
1.019430292175678154e+00
1.019404288738616327e+00
1.019378429570704014e+00
1.019352715063941872e+00
1.019327145614624897e+00
1.019301721623737667e+00
1.019276443497330042e+00
1.019251311646855118e+00
1.019226326489486301e+00
1.019201488448402637e+00
1.019176797953043057e+00
1.019152255439335519e+00
1.019127861349892861e+00
1.019103616134180212e+00
1.019079520248654447e+00
1.019055574156871424e+00
1.019031778329564819e+00
1.019008133244696745e+00
1.018984639387478630e+00
1.018961297250364328e+00
1.018938107333013487e+00
1.018915070142230928e+00
1.018892186191875604e+00
1.018869456002745810e+00
1.018846880102438401e+00
1.018824459025183593e+00
1.018802193311657112e+00
1.018780083508766587e+00
1.018758130169421072e+00
1.018736333852274800e+00
1.018714695121455627e+00
1.018693214546273929e+00
1.018671892700911075e+00
1.018650730164097906e+00
1.018629727518772121e+00
1.018608885351726334e+00
1.018588204253241702e+00
1.018567684816712005e+00
1.018547327638255062e+00
1.018527133316319055e+00
1.018507102451279511e+00
1.018487235645029854e+00
1.018467533500569289e+00
1.018447996621584917e+00
1.018428625612031180e+00
1.018409421075711752e+00
1.018390383615857209e+00
1.018371513834705810e+00
1.018352812333086277e+00
1.018334279710004342e+00
1.018315916562232637e+00
1.018297723483907014e+00
1.018279701066127529e+00
1.018261849896568982e+00
1.018244170559097217e+00
1.018226663633395646e+00
1.018209329694601983e+00
1.018192169312952533e+00
1.018175183053441568e+00
1.018158371475489155e+00
1.018141735132622738e+00
1.018125274572171390e+00
1.018108990334973374e+00
1.018092882955096812e+00
1.018076952959575010e+00
1.018061200868157101e+00
1.018045627193071345e+00
1.018030232438805083e+00
1.018015017101899788e+00
1.017999981670760556e+00
1.017985126625481795e+00
1.017970452437688467e+00
1.017955959570392199e+00
1.017941648477864058e+00
1.017927519605521747e+00
1.017913573389832349e+00
1.017899810258231508e+00
1.017886230629056366e+00
1.017872834911493385e+00
1.017859623505542599e+00
1.017846596801994075e+00
1.017833755182419697e+00
1.017821099019179387e+00
1.017808628675438865e+00
1.017796344505201844e+00
1.017784246853356667e+00
1.017772336055730920e+00
1.017760612439161161e+00
1.017749076321574186e+00
1.017737728012076959e+00
1.017726567811059857e+00
1.017715596010306811e+00
1.017704812893117428e+00
1.017694218734437328e+00
1.017683813800995374e+00
1.017673598351451325e+00
1.017663572636547942e+00
1.017653736899272410e+00
1.017644091375021986e+00
1.017634636291776085e+00
1.017625371870273465e+00
1.017616298324193647e+00
1.017607415860342090e+00
1.017598724678838273e+00
1.017590224973308644e+00
1.017581916931077801e+00
1.017573800733366562e+00
1.017565876555486248e+00
1.017558144567036971e+00
1.017550604932103697e+00
1.017543257809454538e+00
1.017536103352734589e+00
1.017529141710663332e+00
1.017522373027223814e+00
1.017515797441856051e+00
1.017509415089644209e+00
1.017503226101499569e+00
1.017497230604344161e+00
1.017491428721287061e+00
1.017485820571796706e+00
1.017480406271872306e+00
1.017475185934204607e+00
1.017470159668337093e+00
1.017465327580818091e+00
1.017460689775349092e+00
1.017456246352926641e+00
1.017451997411977782e+00
1.017447943048490622e+00
1.017444083356137563e+00
1.017440418426390547e+00
1.017436948348632964e+00
1.017433673210262457e+00
1.017430593096786628e+00
1.017427708091914074e+00
1.017425018277635651e+00
1.017422523734300643e+00
1.017420224540686924e+00
1.017418120774060020e+00
1.017416212510230178e+00
1.017414499823599883e+00
1.017412982787203379e+00
1.017411661472744200e+00
1.017410535950619144e+00
1.017409606289942037e+00
1.017408872558557498e+00
1.017408334823048710e+00
1.017407993148739864e+00
1.017407847599692161e+00
1.017407898238693376e+00
1.017408145127242092e+00
1.017408588325526386e+00
1.017409227892396961e+00
1.017410063885334282e+00
1.017411096360411937e+00
1.017412325372253346e+00
1.017413750973986009e+00
1.017415373217187557e+00
1.017417192151832905e+00
1.017419207826230299e+00
1.017421420286959588e+00
1.017423829578802952e+00
1.017426435744673618e+00
1.017429238825539706e+00
1.017432238860346727e+00
1.017435435885934769e+00
1.017438829936954559e+00
1.017442421045779977e+00
1.017446209242418798e+00
1.017450194554418541e+00
1.017454377006774102e+00
1.017458756621828719e+00
1.017463333419177385e+00
1.017468107415565814e+00
1.017473078624787419e+00
1.017478247057581608e+00
1.017483612721527209e+00
1.017489175620936770e+00
1.017494935756749985e+00
1.017500893126424888e+00
1.017507047723827940e+00
1.017513399539125896e+00
1.017519948558673892e+00
1.017526694764903983e+00
1.017533638136214558e+00
1.017540778646857325e+00
1.017548116266824731e+00
1.017555650961737834e+00
1.017563382692732610e+00
1.017571311416347157e+00
1.017579437084408234e+00
1.017587759643918233e+00
1.017596279036940832e+00
1.017604995200488638e+00
1.017613908066409500e+00
1.017623017561272825e+00
1.017632323606256994e+00
1.017641826117035464e+00
1.017651525003664403e+00
1.017661420170469455e+00
1.017671511515932936e+00
1.017681798932581039e+00
1.017692282306871254e+00
1.017702961519080240e+00
1.017713836443190578e+00
1.017724906946778862e+00
1.017736172890903568e+00
1.017747634129991585e+00
1.017759290511727865e+00
1.017771141876939733e+00
1.017783188059488531e+00
1.017795428886152376e+00
1.017807864176517807e+00
1.017820493742863430e+00
1.017833317390048453e+00
1.017846334915398332e+00
1.017859546108591307e+00
1.017872950751544270e+00
1.017886548618298637e+00
1.017900339474903770e+00
1.017914323079302852e+00
1.017928499181216750e+00
1.017942867522026340e+00
1.017957427834656148e+00
1.017972179843456448e+00
1.017987123264084026e+00
1.018002257803382049e+00
1.018017583159261719e+00
1.018033099020579257e+00
1.018048805067015561e+00
1.018064700968950964e+00
1.018080786387344450e+00
1.018097060973604862e+00
1.018113524369469225e+00
1.018130176206871518e+00
1.018147016107817660e+00
1.018164043684254949e+00
1.018181258537940614e+00
1.018198660260313027e+00
1.018216248432355142e+00
1.018234022624463719e+00
1.018251982396311872e+00
1.018270127296713401e+00
1.018288456863485569e+00
1.018306970623307883e+00
1.018325668091584202e+00
1.018344548772299518e+00
1.018363612157877629e+00
1.018382857729036584e+00
1.018402284954643910e+00
1.018421893291569180e+00
1.018441682184536790e+00
1.018461651065976081e+00
1.018481799355872131e+00
1.018502126461612534e+00
1.018522631777836862e+00
1.018543314686282120e+00
1.018564174555627311e+00
1.018585210741339120e+00
1.018606422585513815e+00
1.018627809416720931e+00
1.018649370549843836e+00
1.018671105285920753e+00
1.018693012911985107e+00
1.018715092700904767e+00
1.018737343911219728e+00
1.018759765786982019e+00
1.018782357557592722e+00
1.018805118437637214e+00
1.018828047626726629e+00
1.018851144309329992e+00
1.018874407654614345e+00
1.018897836816280433e+00
1.018921430932397953e+00
1.018945189125245232e+00
1.018969110501144026e+00
1.018993194150298542e+00
1.019017439146633341e+00
1.019041844547632358e+00
1.019066409394177253e+00
1.019091132710389980e+00
1.019116013503472029e+00
1.019141050763547884e+00
1.019166243463510035e+00
1.019191590558861993e+00
1.019217090987566854e+00
1.019242743669895201e+00
1.019268547508275446e+00
1.019294501387146390e+00
1.019320604172810896e+00
1.019346854713295336e+00
1.019373251838204819e+00
1.019399794358589073e+00
1.019426481066805001e+00
1.019453310736385010e+00
1.019480282121907999e+00
1.019507393958874131e+00
1.019534644963581149e+00
1.019562033833007808e+00
1.019589559244697297e+00
1.019617219856648216e+00
1.019645014307207553e+00
1.019672941214968098e+00
1.019700999178672962e+00
1.019729186777121210e+00
1.019757502569082153e+00
1.019785945093211854e+00
1.019814512867976752e+00
1.019843204391583269e+00
1.019872018141911862e+00
1.019900952576457520e+00
1.019930006132277356e+00
1.019959177225943536e+00
1.019988464253504423e+00
1.020017865590449935e+00
1.020047379591686454e+00
1.020077004591517955e+00
1.020106738903635790e+00
1.020136580821112915e+00
1.020166528616409884e+00
1.020196580541387510e+00
1.020226734827325954e+00
1.020256989684955595e+00
1.020287343304495220e+00
1.020317793855696653e+00
1.020348339487903377e+00
1.020378978330114261e+00
1.020409708491058831e+00
1.020440528059281871e+00
1.020471435103237567e+00
1.020502427671394319e+00
1.020533503792349084e+00
1.020564661474952839e+00
1.020595898708445803e+00
1.020627213462604654e+00
1.020658603687899735e+00
1.020690067315663807e+00
1.020721602258271243e+00
1.020753206409330094e+00
1.020784877643884370e+00
1.020816613818628982e+00
1.020848412772135783e+00
1.020880272325092042e+00
1.020912190280550913e+00
1.020944164424193001e+00
1.020976192524603920e+00
1.021008272333557398e+00
1.021040401586319479e+00
1.021072578001956721e+00
1.021104799283664599e+00
1.021137063119102351e+00
1.021169367180744914e+00
1.021201709126245527e+00
1.021234086598811430e+00
1.021266497227592884e+00
1.021298938628084851e+00
1.021331408402540220e+00
1.021363904140399459e+00
1.021396423418728050e+00
1.021428963802670786e+00
1.021461522845917180e+00
1.021494098091178415e+00
1.021526687070680506e+00
1.021559287306664565e+00
1.021591896311905723e+00
1.021624511590237816e+00
1.021657130637096067e+00
1.021689750940068642e+00
1.021722369979459089e+00
1.021754985228864765e+00
1.021787594155762591e+00
1.021820194222107681e+00
1.021852782884943300e+00
1.021885357597022814e+00
1.021917915807438737e+00
1.021950454962267330e+00
1.021982972505218523e+00
1.022015465878298723e+00
1.022047932522482938e+00
1.022080369878394901e+00
1.022112775386996963e+00
1.022145146490288870e+00
1.022177480632014968e+00
1.022209775258378528e+00
1.022242027818764054e+00
1.022274235766467587e+00
1.022306396559432118e+00
1.022338507660991436e+00
1.022370566540617753e+00
1.022402570674677103e+00
1.022434517547187838e+00
1.022466404650584915e+00
1.022498229486488164e+00
1.022529989566473230e+00
1.022561682412848061e+00
1.022593305559429178e+00
1.022624856552321493e+00
1.022656332950700797e+00
1.022687732327594468e+00
1.022719052270666840e+00
1.022750290383000582e+00
1.022781444283878294e+00
1.022812511609567654e+00
1.022843490014096801e+00
1.022874377170034377e+00
1.022905170769264016e+00
1.022935868523754621e+00
1.022966468166329079e+00
1.022996967451425210e+00
1.023027364155854269e+00
1.023057656079553901e+00
1.023087841046330659e+00
1.023117916904600522e+00
1.023147881528120084e+00
1.023177732816707097e+00
1.023207468696957001e+00
1.023237087122945033e+00
1.023266586076923446e+00
1.023295963570003408e+00
1.023325217642830243e+00
1.023354346366242007e+00
1.023383347841921420e+00
1.023412220203031131e+00
1.023440961614835665e+00
1.023469570275312712e+00
1.023498044415745323e+00
1.023526382301302551e+00
1.023554582231604337e+00
1.023582642541268406e+00
1.023610561600441393e+00
1.023638337815315325e+00
1.023665969628622108e+00
1.023693455520114259e+00
1.023720794007024759e+00
1.023747983644509141e+00
1.023775023026068043e+00
1.023801910783948221e+00
1.023828645589528241e+00
1.023855226153678188e+00
1.023881651227101841e+00
1.023907919600657079e+00
1.023934030105654314e+00
1.023959981614133374e+00
1.023985773039117531e+00
1.024011403334847969e+00
1.024036871496991186e+00
1.024062176562826387e+00
1.024087317611410253e+00
1.024112293763717707e+00
1.024137104182756053e+00
1.024161748073661560e+00
1.024186224683767410e+00
1.024210533302650106e+00
1.024234673262149897e+00
1.024258643936370117e+00
1.024282444741649645e+00
1.024306075136511840e+00
1.024329534621591042e+00
1.024352822739531543e+00
1.024375939074865460e+00
1.024398883253865744e+00
1.024421654944372762e+00
1.024444253855600673e+00
1.024466679737916275e+00
1.024488932382597195e+00
1.024511011621563217e+00
1.024532917327086956e+00
1.024554649411479446e+00
1.024576207826752627e+00
1.024597592564260307e+00
1.024618803654313570e+00
1.024639841165777110e+00
1.024660705205640232e+00
1.024681395918568105e+00
1.024701913486429472e+00
1.024722258127804153e+00
1.024742430097469015e+00
1.024762429685863285e+00
1.024782257218532777e+00
1.024801913055555236e+00
1.024821397590943928e+00
1.024840711252035241e+00
1.024859854498852085e+00
1.024878827823455296e+00
1.024897631749270399e+00
1.024916266830401046e+00
1.024934733650923135e+00
1.024953032824162502e+00
1.024971164991955952e+00
1.024989130823896311e+00
1.025006931016563039e+00
1.025024566292734640e+00
1.025042037400590411e+00
1.025059345112895093e+00
1.025076490226170423e+00
1.025093473559855139e+00
1.025110295955449669e+00
1.025126958275651035e+00
1.025143461403473566e+00
1.025159806241360050e+00
1.025175993710282896e+00
1.025192024748831754e+00
1.025207900312295584e+00
1.025223621371731397e+00
1.025239188913027455e+00
1.025254603935956244e+00
1.025269867453220574e+00
1.025284980489492126e+00
1.025299944080443115e+00
1.025314759271771514e+00
1.025329427118220949e+00
1.025343948682595485e+00
1.025358325034767981e+00
1.025372557250686434e+00
1.025386646411374780e+00
1.025400593601930366e+00
1.025414399910520302e+00
1.025428066427371387e+00
1.025441594243764021e+00
1.025454984451018792e+00
1.025468238139484844e+00
1.025481356397528243e+00
1.025494340310518337e+00
1.025507190959815462e+00
1.025519909421759301e+00
1.025532496766658141e+00
1.025544954057779456e+00
1.025557282350345156e+00
1.025569482690523948e+00
1.025581556114431248e+00
1.025593503647132643e+00
1.025605326301645803e+00
1.025617025077952826e+00
1.025628600962013692e+00
1.025640054924784383e+00
1.025651387921243218e+00
1.025662600889418741e+00
1.025673694749428044e+00
1.025684670402518206e+00
1.025695528730116601e+00
1.025706270592888547e+00
1.025716896829800717e+00
1.025727408257195661e+00
1.025737805667871871e+00
1.025748089830174514e+00
1.025758261487095258e+00
1.025768321355380319e+00
1.025778270124650282e+00
1.025788108456529457e+00
1.025797836983786127e+00
1.025807456309483445e+00
1.025816967006143443e+00
1.025826369614919908e+00
1.025835664644787926e+00
1.025844852571741628e+00
1.025853933838008603e+00
1.025862908851275401e+00
1.025871777983927924e+00
1.025880541572306903e+00
1.025889199915975381e+00
1.025897753277005275e+00
1.025906201879274837e+00
1.025914545907787190e+00
1.025922785507999979e+00
1.025930920785175449e+00
1.025938951803747168e+00
1.025946878586702526e+00
1.025954701114985212e+00
1.025962419326916120e+00
1.025970033117631575e+00
1.025977542338543325e+00
1.025984946796817177e+00
1.025992246254870954e+00
1.025999440429896437e+00
1.026006528993399280e+00
1.026013511570762926e+00
1.026020387740834039e+00
1.026027157035530823e+00
1.026033818939475539e+00
1.026040372889649444e+00
1.026046818275073491e+00
1.026053154436512349e+00
1.026059380666206611e+00
1.026065496207628325e+00
1.026071500255264723e+00
1.026077391954426599e+00
1.026083170401089983e+00
1.026088834641758485e+00
1.026094383673360255e+00
1.026099816443172941e+00
1.026105131848775498e+00
1.026110328738035982e+00
1.026115405909125755e+00
1.026120362110567452e+00
1.026125196041314469e+00
1.026129906350864651e+00
1.026134491639405510e+00
1.026138950457994525e+00
1.026143281308774302e+00
1.026147482645221043e+00
1.026151552872431871e+00
1.026155490347444799e+00
1.026159293379597770e+00
1.026162960230925014e+00
1.026166489116590252e+00
1.026169878205358321e+00
1.026173125620106763e+00
1.026176229438376275e+00
1.026179187692960681e+00
1.026181998372537096e+00
1.026184659422338052e+00
1.026187168744863598e+00
1.026189524200635583e+00
1.026191723608994355e+00
1.026193764748936754e+00
1.026195645359998077e+00
1.026197363143175556e+00
1.026198915761897146e+00
1.026200300843031821e+00
1.026201515977945622e+00
1.026202558723599001e+00
1.026203426603692126e+00
1.026204117109850156e+00
1.026204627702855365e+00
1.026204955813924125e+00
1.026205098846025177e+00
1.026205054175244546e+00
1.026204819152195080e+00
1.026204391103467284e+00
1.026203767333126127e+00
1.026202945124249588e+00
1.026201921740511835e+00
1.026200694427809035e+00
1.026199260415925352e+00
1.026197616920242695e+00
1.026195761143491758e+00
1.026193690277542370e+00
1.026191401505233580e+00
1.026188892002244835e+00
1.026186158939002446e+00
1.026183199482625819e+00
1.026180010798909414e+00
1.026176590054337812e+00
1.026172934418138949e+00
1.026169041064365794e+00
1.026164907174013763e+00
1.026160529937164556e+00
1.026155906555162201e+00
1.026151034242814397e+00
1.026145910230620073e+00
1.026140531767020470e+00
1.026134896120673323e+00
1.026129000582747697e+00
1.026122842469236129e+00
1.026116419123283663e+00
1.026109727917532188e+00
1.026102766256477006e+00
1.026095531578832265e+00
1.026088021359905733e+00
1.026080233113977780e+00
1.026072164396685249e+00
1.026063812807403552e+00
1.026055175991628765e+00
1.026046251643354168e+00
1.026037037507439909e+00
1.026027531381972224e+00
1.026017731120611565e+00
1.026007634634921617e+00
1.025997239896683899e+00
1.025986544940189038e+00
1.025975547864502957e+00
1.025964246835707971e+00
1.025952640089111467e+00
1.025940725931422826e+00
1.025928502742893045e+00
1.025915968979415727e+00
1.025903123174584985e+00
1.025889963941707617e+00
1.025876489975768635e+00
1.025862700055342414e+00
1.025848593044451196e+00
1.025834167894365656e+00
1.025819423645344397e+00
1.025804359428311940e+00
1.025788974466465664e+00
1.025773268076820344e+00
1.025757239671675647e+00
1.025740888760010794e+00
1.025724214948803059e+00
1.025707217944264116e+00
1.025689897552997554e+00
1.025672253683069357e+00
1.025654286344992672e+00
1.025635995652623311e+00
1.025617381823966223e+00
1.025598445181886476e+00
1.025579186154727873e+00
1.025559605276835207e+00
1.025539703188977469e+00
1.025519480638675374e+00
1.025498938480425171e+00
1.025478077675823219e+00
1.025456899293589519e+00
1.025435404509487558e+00
1.025413594606139345e+00
1.025391470972741637e+00
1.025369035104672699e+00
1.025346288603001366e+00
1.025323233173887072e+00
1.025299870627881971e+00
1.025276202879126242e+00
1.025252231944445036e+00
1.025227959942342393e+00
1.025203389091897677e+00
1.025178521711561430e+00
1.025153360217855969e+00
1.025127907123980942e+00
1.025102165038324520e+00
1.025076136662884663e+00
1.025049824791600894e+00
1.025023232308599486e+00
1.024996362186354926e+00
1.024969217483769901e+00
1.024941801344176451e+00
1.024914116993263624e+00
1.024886167736930087e+00
1.024857956959069893e+00
1.024829488119292753e+00
1.024800764750581239e+00
1.024771790456890486e+00
1.024742568910693485e+00
1.024713103850473983e+00
1.024683399078176738e+00
1.024653458456610489e+00
1.024623285906813841e+00
1.024592885405387843e+00
1.024562260981797035e+00
1.024531416715643628e+00
1.024500356733921702e+00
1.024469085208250307e+00
1.024437606352097019e+00
1.024405924417988389e+00
1.024374043694717074e+00
1.024341968504547840e+00
1.024309703200425581e+00
1.024277252163191099e+00
1.024244619798807543e+00
1.024211810535601286e+00
1.024178828821522780e+00
1.024145679121428065e+00
1.024112365914386924e+00
1.024078893691021008e+00
1.024045266950874389e+00
1.024011490199818963e+00
1.023977567947501610e+00
1.023943504704830421e+00
1.023909304981509116e+00
1.023874973283615430e+00
1.023840514111232780e+00
1.023805931956132786e+00
1.023771231299513085e+00
1.023736416609790645e+00
1.023701492340455044e+00
1.023666462927982135e+00
1.023631332789807225e+00
1.023596106322362864e+00
1.023560787899181701e+00
1.023525381869063056e+00
1.023489892554305225e+00
1.023454324249005953e+00
1.023418681217429071e+00
1.023382967692438861e+00
1.023347187874002362e+00
1.023311345927758076e+00
1.023275445983654386e+00
1.023239492134654149e+00
1.023203488435504793e+00
1.023167438901578574e+00
1.023131347507773015e+00
1.023095218187482391e+00
1.023059054831628290e+00
1.023022861287755436e+00
1.022986641359189708e+00
1.022950398804255867e+00
1.022914137335555695e+00
1.022877860619302748e+00
1.022841572274716171e+00
1.022805275873468034e+00
1.022768974939184172e+00
1.022732672946998989e+00
1.022696373323159769e+00
1.022660079444678960e+00
1.022623794639035744e+00
1.022587522183922015e+00
1.022551265307032331e+00
1.022515027185896930e+00
1.022478810947753836e+00
1.022442619669462260e+00
1.022406456377451089e+00
1.022370324047703116e+00
1.022334225605776803e+00
1.022298163926854464e+00
1.022262141835827531e+00
1.022226162107406910e+00
1.022190227466263313e+00
1.022154340587194898e+00
1.022118504095318015e+00
1.022082720566282799e+00
1.022046992526512765e+00
1.022011322453463933e+00
1.021975712775905709e+00
1.021940165874219097e+00
1.021904684080716885e+00
1.021869269679975378e+00
1.021833924909188784e+00
1.021798651958534254e+00
1.021763452971554020e+00
1.021728330045550193e+00
1.021693285231994874e+00
1.021658320536950271e+00
1.021623437921502564e+00
1.021588639302206891e+00
1.021553926551543423e+00
1.021519301498384991e+00
1.021484765928472704e+00
1.021450321584904009e+00
1.021415970168629395e+00
1.021381713338958441e+00
1.021347552714074736e+00
1.021313489871561675e+00
1.021279526348934708e+00
1.021245663644183121e+00
1.021211903216322714e+00
1.021178246485953345e+00
1.021144694835828259e+00
1.021111249611430072e+00
1.021077912121556297e+00
1.021044683638912431e+00
