1.000603444564682754e+00
1.000677425623241135e+00
1.000799877718953290e+00
1.000943900398791886e+00
1.001100364589416314e+00
1.001264839802341156e+00
1.001434683308747076e+00
1.001608115052859294e+00
1.001783845926086158e+00
1.001960899200346367e+00
1.002138512286125049e+00
1.002316077045276810e+00
1.002493100843900198e+00
1.002669179812256228e+00
1.002843979819433295e+00
1.003017222598886704e+00
1.003188675453618117e+00
1.003358143517524725e+00
1.003525463873062851e+00
1.003690501029371962e+00
1.003853143401190140e+00
1.004013300523987962e+00
1.004170900809393530e+00
1.004325889695583340e+00
1.004478228085113223e+00
1.004627890991050210e+00
1.004774866333623562e+00
1.004919153845660773e+00
1.005060764057088996e+00
1.005199717337744492e+00
1.005336042984403155e+00
1.005469778342899190e+00
1.005600967959873859e+00
1.005729662761441379e+00
1.005855919258098696e+00
1.005979798776724721e+00
1.006101366721627421e+00
1.006220691867378614e+00
1.006337845686676946e+00
1.006452901716733628e+00
1.006565934967690978e+00
1.006677021376400250e+00
1.006786237308496146e+00
1.006893659111157691e+00
1.006999362718257851e+00
1.007103423308801204e+00
1.007205915018688946e+00
1.007306910704956149e+00
1.007406481760734218e+00
1.007504697978354624e+00
1.007601627457249016e+00
1.007697336552634049e+00
1.007791889860448542e+00
1.007885350233616473e+00
1.007977778824468373e+00
1.008069235148080001e+00
1.008159777161335757e+00
1.008249461352741072e+00
1.008338342838314805e+00
1.008426475459345273e+00
1.008513911878281988e+00
1.008600703669618293e+00
1.008686901403218927e+00
1.008772554718152303e+00
1.008857712385682781e+00
1.008942422360638691e+00
1.009026731820871436e+00
1.009110687194957112e+00
1.009194334178663333e+00
1.009277717740968416e+00
1.009360882120640124e+00
1.009443870814492161e+00
1.009526726558501952e+00
1.009609491302958739e+00
1.009692206182768448e+00
1.009774911483943161e+00
1.009857646607182913e+00
1.009940450029333636e+00
1.010023359263352516e+00
1.010106410817292133e+00
1.010189640152668655e+00
1.010273081642488968e+00
1.010356768529090843e+00
1.010440732881900061e+00
1.010525005555132250e+00
1.010609616145439205e+00
1.010694592949481052e+00
1.010779962921390940e+00
1.010865751630127374e+00
1.010951983216703765e+00
1.011038680351341590e+00
1.011125864190603130e+00
1.011213554334617237e+00
1.011301768784546695e+00
1.011390523900484339e+00
1.011479834360012653e+00
1.011569713117707048e+00
1.011660171365885930e+00
1.011751218496964810e+00
1.011842862067792836e+00
1.011935107766383846e+00
1.012027959381474940e+00
1.012121418775372206e+00
1.012215485860549435e+00
1.012310158580489894e+00
1.012405432895249202e+00
1.012501302772232492e+00
1.012597760182662565e+00
1.012694795104209344e+00
1.012792395530220269e+00
1.012890547485982840e+00
1.012989235052397019e+00
1.013088440397404977e+00
1.013188143815476838e+00
1.013288323775389355e+00
1.013388956976472022e+00
1.013490018413433003e+00
1.013591481449784837e+00
1.013693317899822421e+00
1.013795498119006044e+00
1.013897991102520324e+00
1.014000764591672432e+00
1.014103785187709938e+00
1.014207018472533584e+00
1.014310429135679259e+00
1.014413981106865981e+00
1.014517637693298280e+00
1.014621361720842163e+00
1.014725115678111633e+00
1.014828861862432596e+00
1.014932562526601245e+00
1.015036180025299606e+00
1.015139676960002735e+00
1.015243016321188296e+00
1.015346161626653254e+00
1.015449077054748628e+00
1.015551727571364582e+00
1.015654079049533198e+00
1.015756098380562245e+00
1.015857753575677203e+00
1.015959013857215210e+00
1.016059849738506937e+00
1.016160233091663923e+00
1.016260137202593894e+00
1.016359536812675657e+00
1.016458408146626358e+00
1.016556728926218955e+00
1.016654478369612757e+00
1.016751637176183110e+00
1.016848187496844469e+00
1.016944112889976548e+00
1.017039398263167582e+00
1.017134029801097128e+00
1.017227994879971842e+00
1.017321281969028046e+00
1.017413880519699276e+00
1.017505780843121821e+00
1.017596973976742092e+00
1.017687451540841836e+00
1.017777205585878253e+00
1.017866228431585363e+00
1.017954512498852049e+00
1.018042050135437027e+00
1.018128833436640956e+00
1.018214854062103658e+00
1.018300103049951222e+00
1.018384570629561114e+00
1.018468246034274216e+00
1.018551117315430687e+00
1.018633171159159634e+00
1.018714392707414262e+00
1.018794765384792189e+00
1.018874270732743170e+00
1.018952888252811828e+00
1.019030595260631777e+00
1.019107366752413313e+00
1.019183175285730769e+00
1.019257990876435871e+00
1.019331780913553143e+00
1.019404510094020111e+00
1.019476140379124374e+00
1.019546630974474954e+00
1.019615938335271643e+00
1.019684016198575627e+00
1.019750815644166586e+00
1.019816285185422888e+00
1.019880370891490529e+00
1.019943016541770664e+00
1.020004163813509557e+00
1.020063752502951004e+00
1.020121720780177821e+00
1.020178005477367700e+00
1.020232542409770016e+00
1.020285266728230500e+00
1.020336113301606451e+00
1.020385017126885341e+00
1.020431913764290988e+00
1.020476739794106358e+00
1.020519433291420253e+00
1.020559934314464900e+00
1.020598185401742963e+00
1.020634132072678835e+00
1.020667723326158072e+00
1.020698912131003055e+00
1.020727655902210484e+00
1.020753916956656182e+00
1.020777662941966923e+00
1.020798867232362017e+00
1.020817509285516733e+00
1.020833574954854939e+00
1.020847056752187232e+00
1.020857954056221040e+00
1.020866273263210999e+00
1.020872027876856603e+00
1.020875238535474239e+00
1.020875932975467970e+00
1.020874145931159660e+00
1.020869918972090229e+00
1.020863300279949648e+00
1.020854344368321787e+00
1.020843111749359267e+00
1.020829668552402758e+00
1.020814086100283236e+00
1.020796440449720288e+00
1.020776811902681214e+00
1.020755284495930670e+00
1.020731945476161417e+00
1.020706884768121103e+00
1.020680194443001731e+00
1.020651968194070669e+00
1.020622300826100171e+00
1.020591287764587740e+00
1.020559024590138142e+00
1.020525606602624924e+00
1.020491128418981042e+00
1.020455683607643493e+00
1.020419364361846881e+00
1.020382261213136577e+00
1.020344462785690354e+00
1.020306055591272187e+00
1.020267123863972669e+00
1.020227749433264997e+00
1.020188011633373915e+00
1.020147987246503796e+00
1.020107750477118769e+00
1.020067372954186702e+00
1.020026923758126314e+00
1.019986469469091217e+00
1.019946074233199829e+00
1.019905799843378036e+00
1.019865705831580982e+00
1.019825849569332643e+00
1.019786286373725481e+00
1.019747069616268043e+00
1.019708250832237262e+00
1.019669879828470016e+00
1.019632004787833779e+00
1.019594672368895116e+00
1.019557927799598307e+00
1.019521814964034157e+00
1.019486376481637091e+00
1.019451653778379097e+00
1.019417687149734686e+00
1.019384515815378700e+00
1.019352177965724859e+00
1.019320710800547980e+00
1.019290150560029584e+00
1.019260532548642573e+00
1.019231891152349467e+00
1.019204259849614713e+00
1.019177671216754177e+00
1.019152156928144315e+00
1.019127747751795265e+00
1.019104473540784594e+00
1.019082363221003540e+00
1.019061444775647418e+00
1.019041745226836548e+00
1.019023290614718968e+00
1.019006105974365584e+00
1.018990215310733971e+00
1.018975641571938429e+00
1.018962406621034766e+00
1.018950531206492816e+00
1.018940034931519634e+00
1.018930936222355976e+00
1.018923252295670601e+00
1.018916999125154765e+00
1.018912191407422174e+00
1.018908842527308067e+00
1.018906964522671155e+00
1.018906568048811856e+00
1.018907662342623865e+00
1.018910255186617819e+00
1.018914352872974494e+00
1.018919960167804062e+00
1.018927080275814578e+00
1.018935714805622172e+00
1.018945863735953639e+00
1.018957525383036522e+00
1.018970696369483120e+00
1.018985371595019451e+00
1.019001544209424903e+00
1.019019205588080013e+00
1.019038345310540716e+00
1.019058951142580494e+00
1.019081009022144491e+00
1.019104503049688581e+00
1.019129415483365664e+00
1.019155726739525702e+00
1.019183415398993153e+00
1.019212458219561634e+00
1.019242830155129287e+00
1.019274504381866508e+00
1.019307452331770669e+00
1.019341643733911784e+00
1.019377046663623387e+00
1.019413627599829786e+00
1.019451351490627378e+00
1.019490181827165998e+00
1.019530080725786991e+00
1.019571009018295671e+00
1.019612926350141890e+00
1.019655791286193214e+00
1.019699561423689005e+00
1.019744193511856967e+00
1.019789643577586613e+00
1.019835867056453571e+00
1.019882818928297352e+00
1.019930453856477515e+00
1.019978726329847873e+00
1.020027590806429352e+00
1.020077001857693233e+00
1.020126914312335931e+00
1.020177283398373991e+00
1.020228064882385377e+00
1.020279215204703993e+00
1.020330691609386609e+00
1.020382452267795115e+00
1.020434456394667899e+00
1.020486664355605200e+00
1.020539037764957246e+00
1.020591539573169282e+00
1.020644134142735027e+00
1.020696787311984099e+00
1.020749466446048581e+00
1.020802140474445840e+00
1.020854779914833088e+00
1.020907356882601036e+00
1.020959845086092166e+00
1.021012219807335697e+00
1.021064457868318565e+00
1.021116537582908990e+00
1.021168438694670222e+00
1.021220142300889089e+00
1.021271630763259886e+00
1.021322887605738972e+00
1.021373897400186248e+00
1.021424645640477857e+00
1.021475118605859045e+00
1.021525303214370739e+00
1.021575186867248686e+00
1.021624757285254370e+00
1.021674002337957354e+00
1.021722909867035511e+00
1.021771467504724029e+00
1.021819662488580693e+00
1.021867481473801131e+00
1.021914910344353444e+00
1.021961934024269603e+00
1.022008536290468506e+00
1.022054699588548665e+00
1.022100404853043987e+00
1.022145631333682081e+00
1.022190356429252711e+00
1.022234555530737943e+00
1.022278201875411963e+00
1.022321266413664276e+00
1.022363717690347507e+00
1.022405521742469237e+00
1.022446642015092388e+00
1.022487039297289346e+00
1.022526671680011212e+00
1.022565494537684527e+00
1.022603460535302711e+00
1.022640519662697312e+00
1.022676619297554268e+00
1.022711704298602031e+00
1.022745717130205678e+00
1.022778598019380425e+00
1.022810285145969278e+00
1.022840714866419809e+00
1.022869821971247983e+00
1.022897539975875292e+00
1.022923801444097336e+00
1.022948538342976166e+00
1.022971682427440188e+00
1.022993165652365199e+00
1.023012920609362109e+00
1.023030880984957314e+00
1.023046982036321717e+00
1.023061161080172532e+00
1.023073357989997767e+00
1.023083515696311174e+00
1.023091580684260871e+00
1.023097503482622184e+00
1.023101239137984786e+00
1.023102747667833157e+00
1.023101994486224964e+00
1.023098950795891415e+00
1.023093593940832768e+00
1.023085907713864096e+00
1.023075882614073784e+00
1.023063516049786514e+00
1.023048812483370762e+00
1.023031783515076398e+00
1.023012447904023237e+00
1.022990831525456334e+00
1.022966967264419047e+00
1.022940894847063298e+00
1.022912660611843716e+00
1.022882317223873905e+00
1.022849923336652145e+00
1.022815543206234912e+00
1.022779246263682218e+00
1.022741106652223175e+00
1.022701202736061799e+00
1.022659616588073028e+00
1.022616433463796159e+00
1.022571741269131973e+00
1.022525630029001986e+00
1.022478191363910938e+00
1.022429517980928182e+00
1.022379703185034572e+00
1.022328840416130369e+00
1.022277022816260761e+00
1.022224342830832411e+00
1.022170891846763574e+00
1.022116759869687197e+00
1.022062035241498190e+00
1.022006804398752911e+00
1.021951151671677938e+00
1.021895159122873764e+00
1.021838906424177518e+00
1.021782470769633688e+00
1.021725926822073305e+00
1.021669346690452507e+00
1.021612799934839666e+00
1.021556353595764577e+00
1.021500072244553525e+00
1.021444018051252289e+00
1.021388250866808622e+00
1.021332828316284580e+00
1.021277805900051794e+00
1.021223237100131076e+00
1.021169173489087534e+00
1.021115664839153503e+00
1.021062759229553585e+00
1.021010503150289184e+00
1.020958941600930148e+00
1.020908118183260660e+00
1.020858075186880543e+00
1.020808853667127591e+00
1.020760493514916156e+00
1.020713033518286128e+00
1.020666511415646571e+00
1.020620963940842785e+00
1.020576426860300367e+00
1.020532935002606667e+00
1.020490522280955048e+00
1.020449221708934706e+00
1.020409065410180505e+00
1.020370084622409079e+00
1.020332309696367457e+00
1.020295770090210219e+00
1.020260494359797487e+00
1.020226510145369803e+00
1.020193844155036222e+00
1.020162522145457995e+00
1.020132568900080861e+00
1.020104008205228840e+00
1.020076862824327080e+00
1.020051154470500876e+00
1.020026903777744964e+00
1.020004130270849796e+00
1.019982852334228030e+00
1.019963087179776462e+00
1.019944850813890636e+00
1.019928158003728047e+00
1.019913022242832756e+00
1.019899455716202885e+00
1.019887469264913360e+00
1.019877072350396263e+00
1.019868273018502469e+00
1.019861077863476462e+00
1.019855491992005092e+00
1.019851518987513028e+00
1.019849160874910066e+00
1.019848418086020558e+00
1.019849289425947436e+00
1.019851772040662574e+00
1.019855861386135043e+00
1.019861551199344074e+00
1.019868833471542446e+00
1.019877698424171975e+00
1.019888134487846543e+00
1.019900128284839003e+00
1.019913664615526905e+00
1.019928726449258694e+00
1.019945294920104217e+00
1.019963349327959401e+00
1.019982867145460492e+00
1.020003824031146866e+00
1.020026193849296270e+00
1.020049948696815534e+00
1.020075058937541357e+00
1.020101493244248037e+00
1.020129218648612834e+00
1.020158200599322162e+00
1.020188403028433388e+00
1.020219788426026231e+00
1.020252317923102447e+00
1.020285951382590817e+00
1.020320647498235145e+00
1.020356363901036456e+00
1.020393057272830584e+00
1.020430683466472921e+00
1.020469197632022595e+00
1.020508554348204200e+00
1.020548707758350382e+00
1.020589611709939115e+00
1.020631219896762421e+00
1.020673486002697805e+00
1.020716363845996622e+00
1.020759807522959806e+00
1.020803771549835481e+00
1.020848211001755157e+00
1.020893081647521683e+00
1.020938340079070583e+00
1.020983943834441909e+00
1.021029851513148401e+00
1.021076022882867029e+00
1.021122418976445179e+00
1.021169002178288210e+00
1.021215736299278420e+00
1.021262586639471337e+00
1.021309520037910756e+00
1.021356504909015861e+00
1.021403511265105646e+00
1.021450510724734473e+00
1.021497476506632918e+00
1.021544383409163537e+00
1.021591207775309096e+00
1.021637927443330263e+00
1.021684521683328128e+00
1.021730971120057729e+00
1.021777257642426884e+00
1.021823364300216364e+00
1.021869275188634685e+00
1.021914975321406072e+00
1.021960450493162087e+00
1.022005687131977814e+00
1.022050672142956085e+00
1.022095392743826991e+00
1.022139836293581849e+00
1.022183990115218544e+00
1.022227841313728014e+00
1.022271376590499159e+00
1.022314582055373178e+00
1.022357443037629654e+00
1.022399943897237984e+00
1.022442067837757040e+00
1.022483796722327032e+00
1.022525110894245692e+00
1.022565989003680675e+00
1.022606407842121090e+00
1.022646342186230850e+00
1.022685764652810914e+00
1.022724645566632784e+00
1.022762952842937167e+00
1.022800651886435430e+00
1.022837705508658601e+00
1.022874073865519762e+00
1.022909714416932125e+00
1.022944581910303796e+00
1.022978628389661804e+00
1.023011803232088957e+00
1.023044053213025384e+00
1.023075322601846970e+00
1.023105553288941261e+00
1.023134684945273154e+00
1.023162655215160033e+00
1.023189399942670219e+00
1.023214853431697380e+00
1.023238948739367604e+00
1.023261618002001105e+00
1.023282792792382434e+00
1.023302404506581276e+00
1.023320384778057646e+00
1.023336665916231958e+00
1.023351181366167761e+00
1.023363866185473370e+00
1.023374657534016574e+00
1.023383495171558799e+00
1.023390321957986071e+00
1.023395084350436246e+00
1.023397732891327738e+00
1.023398222681090042e+00
1.023396513829290866e+00
1.023392571877868029e+00
1.023386368190305706e+00
1.023377880300851750e+00
1.023367092218269603e+00
1.023353994679126799e+00
1.023338585346269980e+00
1.023320868948886853e+00
1.023300857361415517e+00
1.023278569619489264e+00
1.023254031872118830e+00
1.023227277270349234e+00
1.023198345793679742e+00
1.023167284016592404e+00
1.023134144818528490e+00
1.023098987041602070e+00
1.023061875101186402e+00
1.023022878555255977e+00
1.022982071638970147e+00
1.022939532771456772e+00
1.022895344042060284e+00
1.022849590683469145e+00
1.022802360539125655e+00
1.022753743532155424e+00
1.022703831142731445e+00
1.022652715900348452e+00
1.022600490896907299e+00
1.022547249325851171e+00
1.022493084051848911e+00
1.022438087214740499e+00
1.022382349870615936e+00
1.022325961672089445e+00
1.022269010588993110e+00
1.022211582669936725e+00
1.022153761844442510e+00
1.022095629764679270e+00
1.022037265685224572e+00
1.021978746378760849e+00
1.021920146085176340e+00
1.021861536491196709e+00
1.021802986737419427e+00
1.021744563449455523e+00
1.021686330789790542e+00
1.021628350526981643e+00
1.021570682118851714e+00
1.021513382806474635e+00
1.021456507715916118e+00
1.021400109964902603e+00
1.021344240771858036e+00
1.021288949564997051e+00
1.021234284089474142e+00
1.021180290510861566e+00
1.021127013513540627e+00
1.021074496392856634e+00
1.021022781140173530e+00
1.020971908520204918e+00
1.020921918140236695e+00
1.020872848511048758e+00
1.020824737099535806e+00
1.020777620373158667e+00
1.020731533836503280e+00
1.020686512060297479e+00
1.020642588703328357e+00
1.020599796527740910e+00
1.020558167408234240e+00
1.020517732335684213e+00
1.020478521415715933e+00
1.020440563862744288e+00
1.020403887989966840e+00
1.020368521195768263e+00
1.020334489946970180e+00
1.020301819759298567e+00
1.020270535175428650e+00
1.020240659740907052e+00
1.020212215978228976e+00
1.020185225359296899e+00
1.020159708276475286e+00
1.020135684012400734e+00
1.020113170708713213e+00
1.020092185333825396e+00
1.020072743649850899e+00
1.020054860178797096e+00
1.020038548168112236e+00
1.020023819555696765e+00
1.020010684934468337e+00
1.019999153516596424e+00
1.019989233097528647e+00
1.019980930019938947e+00
1.019974249137766575e+00
1.019969193780512207e+00
1.019965765718008122e+00
1.019963965125884275e+00
1.019963790551995153e+00
1.019965238884094072e+00
1.019968305319074453e+00
1.019972983334118233e+00
1.019979264660134000e+00
1.019987139257870989e+00
1.019996595297139486e+00
1.020007619139569721e+00
1.020020195325364698e+00
1.020034306564509663e+00
1.020049933732906311e+00
1.020067055873892681e+00
1.020085650205612149e+00
1.020105692134663178e+00
1.020127155276453035e+00
1.020150011482638952e+00
1.020174230876000232e+00
1.020199781893043500e+00
1.020226631334581580e+00
1.020254744424463400e+00
1.020284084876568409e+00
1.020314614970087685e+00
1.020346295633048683e+00
1.020379086533931057e+00
1.020412946181142422e+00
1.020447832030022761e+00
1.020483700596942267e+00
1.020520507579970371e+00
1.020558207985482913e+00
1.020596756259995797e+00
1.020636106426411782e+00
1.020676212223788237e+00
1.020717027249659736e+00
1.020758505103884994e+00
1.020800599532919239e+00
1.020843264573388032e+00
1.020886454693790357e+00
1.020930124933149941e+00
1.020974231035426394e+00
1.021018729578504036e+00
1.021063578096610858e+00
1.021108735195043193e+00
1.021154160656132959e+00
1.021199815535457800e+00
1.021245662247359576e+00
1.021291664638935393e+00
1.021337788051747131e+00
1.021383999370605977e+00
1.021430267058891950e+00
1.021476561179976539e+00
1.021522853404439823e+00
1.021569117002880889e+00
1.021615326824238945e+00
1.021661459259653348e+00
1.021707492192009070e+00
1.021753404931406761e+00
1.021799178136916897e+00
1.021844793725054767e+00
1.021890234765523875e+00
1.021935485364840801e+00
1.021980530538555421e+00
1.022025356072833180e+00
1.022069948376250537e+00
1.022114294322713945e+00
1.022158381086466283e+00
1.022202195970213001e+00
1.022245726227444251e+00
1.022288958880086085e+00
1.022331880532665993e+00
1.022374477184223140e+00
1.022416734039253816e+00
1.022458635319025255e+00
1.022500164074649609e+00
1.022541302003362684e+00
1.022582029269505144e+00
1.022622324331762256e+00
1.022662163778269129e+00
1.022701522171248323e+00
1.022740371902891354e+00
1.022778683064248906e+00
1.022816423328924307e+00
1.022853557853417250e+00
1.022890049195953832e+00
1.022925857255675641e+00
1.022960939234027755e+00
1.022995249620155978e+00
1.023028740202073239e+00
1.023061360105258277e+00
1.023093055860235356e+00
1.023123771500534573e+00
1.023153448692230683e+00
1.023182026896040098e+00
1.023209443562671073e+00
1.023235634361814750e+00
1.023260533444797726e+00
1.023284073740528433e+00
1.023306187283916202e+00
1.023326805575480503e+00
1.023345859970361094e+00
1.023363282094408522e+00
1.023379004284505234e+00
1.023392960049716693e+00
1.023405084549342092e+00
1.023415315083415766e+00
1.023423591590737036e+00
1.023429857149067201e+00
1.023434058471772934e+00
1.023436146394899993e+00
1.023436076348465562e+00
1.023433808805662260e+00
1.023429309703684176e+00
1.023422550830035860e+00
1.023413510168439178e+00
1.023402172198873306e+00
1.023388528146788490e+00
1.023372576177205673e+00
1.023354321530156819e+00
1.023333776594799405e+00
1.023310960920468249e+00
1.023285901163947020e+00
1.023258630973271632e+00
1.023229190809443079e+00
1.023197627708470003e+00
1.023163994987153380e+00
1.023128351896975374e+00
1.023090763231290001e+00
1.023051298891744620e+00
1.023010033420464815e+00
1.022967045504988626e+00
1.022922417463231870e+00
1.022876234715903720e+00
1.022828585253769518e+00
1.022779559106977265e+00
1.022729247823336074e+00
1.022677743961976971e+00
1.022625140608256267e+00
1.022571530915077576e+00
1.022517007675082912e+00
1.022461662927349524e+00
1.022405587601414201e+00
1.022348871200612574e+00
1.022291601525902482e+00
1.022233864440556861e+00
1.022175743675378667e+00
1.022117320673416430e+00
1.022058674472566375e+00
1.021999881623927298e+00
1.021941016143350422e+00
1.021882149493289926e+00
1.021823350591806623e+00
1.021764685845422349e+00
1.021706219202434429e+00
1.021648012223302926e+00
1.021590124164789559e+00
1.021532612074644408e+00
1.021475530893824146e+00
1.021418933563433828e+00
1.021362871133847605e+00
1.021307392873723963e+00
1.021252546376931747e+00
1.021198377665690327e+00
1.021144931288519242e+00
1.021092250411880897e+00
1.021040376904664315e+00
1.020989351414909097e+00
1.020939213438398330e+00
1.020890001378945922e+00
1.020841752600385455e+00
1.020794503470412007e+00
1.020748289396550046e+00
1.020703144854613331e+00
1.020659103410101576e+00
1.020616197733014818e+00
1.020574459606606865e+00
1.020533919930605604e+00
1.020494608719423324e+00
1.020456555095871742e+00
1.020419787280866242e+00
1.020384332579579389e+00
1.020350217364461187e+00
1.020317467055515293e+00
1.020286106098169832e+00
1.020256157939051889e+00
1.020227644999932348e+00
1.020200588650072238e+00
1.020175009177174186e+00
1.020150925757108862e+00
1.020128356422564053e+00
1.020107318030746946e+00
1.020087826230251959e+00
1.020069895427197615e+00
1.020053538750729905e+00
1.020038768017992759e+00
1.020025593698661526e+00
1.020014024879157155e+00
1.020004069226655208e+00
1.019995732953036471e+00
1.019989020778933053e+00
1.019983935898053362e+00
1.019980479941990925e+00
1.019978652945753073e+00
1.019978453314270173e+00
1.019979877790173184e+00
1.019982921423165489e+00
1.019987577541332069e+00
1.019993837724761043e+00
1.020001691781881714e+00
1.020011127728932543e+00
1.020022131773010265e+00
1.020034688299142456e+00
1.020048779861855159e+00
1.020064387181700560e+00
1.020081489147207865e+00
1.020100062822711262e+00
1.020120083462501270e+00
1.020141524531703148e+00
1.020164357734273386e+00
1.020188553048453795e+00
1.020214078769976940e+00
1.020240901563261859e+00
1.020268986520774135e+00
1.020298297230651574e+00
1.020328795852621262e+00
1.020360443202146250e+00
1.020393198842653337e+00
1.020427021185597471e+00
1.020461867598024819e+00
1.020497694517193299e+00
1.020534457571717235e+00
1.020572111708603291e+00
1.020610611325448724e+00
1.020649910406989491e+00
1.020689962665097816e+00
1.020730721681260000e+00
1.020772141050489079e+00
1.020814174525586093e+00
1.020856776160610213e+00
1.020899900452387321e+00
1.020943502478877107e+00
1.020987538033206743e+00
1.021031963752197624e+00
1.021076737238227228e+00
1.021121817173320512e+00
1.021167163424400393e+00
1.021212737138706306e+00
1.021258500828457372e+00
1.021304418443922390e+00
1.021350455434158588e+00
1.021396578794778520e+00
1.021442757102214216e+00
1.021488960534058021e+00
1.021535160875178150e+00
1.021581331509416213e+00
1.021627447396793675e+00
1.021673485036265649e+00
1.021719422414173462e+00
1.021765238938647791e+00
1.021810915360321870e+00
1.021856433679810827e+00
1.021901777042496295e+00
1.021946929621251332e+00
1.021991876487811091e+00
1.022036603473573280e+00
1.022081097020677287e+00
1.022125344024276572e+00
1.022169331666980874e+00
1.022213047246495199e+00
1.022256477997540713e+00
1.022299610909193746e+00
1.022342432538833723e+00
1.022384928823929506e+00
1.022427084892965521e+00
1.022468884876837070e+00
1.022510311722118592e+00
1.022551347007647493e+00
1.022591970765929226e+00
1.022632161310919496e+00
1.022671895073802961e+00
1.022711146448429975e+00
1.022749887648131351e+00
1.022788088575680598e+00
1.022825716708198884e+00
1.022862736998849886e+00
1.022899111797165528e+00
1.022934800789874421e+00
1.022969760964064001e+00
1.023003946594497782e+00
1.023037309256825456e+00
1.023069797868352726e+00
1.023101358757904755e+00
1.023131935766168343e+00
1.023161470377697668e+00
1.023189901885542152e+00
1.023217167589168142e+00
1.023243203026034998e+00
1.023267942236823602e+00
1.023291318063905386e+00
1.023313262482209662e+00
1.023333706961156331e+00
1.023352582855833637e+00
1.023369821825055315e+00
1.023385356273408320e+00
1.023399119813845015e+00
1.023411047746853431e+00
1.023421077551718739e+00
1.023429149384910808e+00
1.023435206580219248e+00
1.023439196144874774e+00
1.023441069245638602e+00
1.023440781678620404e+00
1.023438294316527886e+00
1.023433573527060325e+00
1.023426591556320098e+00
1.023417326871389976e+00
1.023405764456639222e+00
1.023391896058855277e+00
1.023375720376952680e+00
1.023357243192795529e+00
1.023336477440519587e+00
1.023313443212703788e+00
1.023288167702746998e+00
1.023260685083845267e+00
1.023231036326027965e+00
1.023199268953747021e+00
1.023165436747518697e+00
1.023129599394031475e+00
1.023091822089989389e+00
1.023052175105668926e+00
1.023010733314761556e+00
1.022967575697511844e+00
1.022922784824457976e+00
1.022876446328188305e+00
1.022828648370512461e+00
1.022779481112231936e+00
1.022729036192378427e+00
1.022677406223305718e+00
1.022624684307441134e+00
1.022570963580831105e+00
1.022516336787859137e+00
1.022460895890716870e+00
1.022404731716384685e+00
1.022347933643045215e+00
1.022290589327037980e+00
1.022232784470682443e+00
1.022174602630567364e+00
1.022116125065237968e+00
1.022057430620620710e+00
1.021998595651022024e+00
1.021939693973108021e+00
1.021880796849952810e+00
1.021821973001990624e+00
1.021763288641559297e+00
1.021704807527645364e+00
1.021646591037442153e+00
1.021588698251409744e+00
1.021531186048643569e+00
1.021474109209549619e+00
1.021417520523044020e+00
1.021361470895738144e+00
1.021306009460864361e+00
1.021251183684963593e+00
1.021197039470675527e+00
1.021143621254240186e+00
1.021090972096616589e+00
1.021039133767390750e+00
1.020988146820883902e+00
1.020938050664113028e+00
1.020888883616438036e+00
1.020840682960919343e+00
1.020793484987541966e+00
1.020747325028595220e+00
1.020702237486571962e+00
1.020658255855042995e+00
1.020615412732986726e+00
1.020573739833100513e+00
1.020533267984615522e+00
1.020494027131145121e+00
1.020456046324073718e+00
1.020419353711974342e+00
1.020383976526504144e+00
1.020349941065202826e+00
1.020317272671570796e+00
1.020285995712769900e+00
1.020256133555245803e+00
1.020227708538543610e+00
1.020200741947540735e+00
1.020175253983296670e+00
1.020151263732691937e+00
1.020128789136999448e+00
1.020107846959520170e+00
1.020088452752389685e+00
1.020070620822662422e+00
1.020054364197771957e+00
1.020039694590461732e+00
1.020026622363292557e+00
1.020015156492833253e+00
1.020005304533662116e+00
1.019997072582318864e+00
1.019990465241362720e+00
1.019985485583728924e+00
1.019982135117583955e+00
1.019980413751918835e+00
1.019980319763143628e+00
1.019981849762979120e+00
1.019984998667961662e+00
1.019989759670915319e+00
1.019996124214770372e+00
1.020004081969123177e+00
1.020013620809964827e+00
1.020024726803021586e+00
1.020037384191155638e+00
1.020051575386298426e+00
1.020067280966375556e+00
1.020084479677693334e+00
1.020103148443237462e+00
1.020123262377324425e+00
1.020144794807013700e+00
1.020167717300664911e+00
1.020191999703976782e+00
1.020217610183796308e+00
1.020244515279938202e+00
1.020272679965173568e+00
1.020302067713493299e+00
1.020332640576659511e+00
1.020364359268978394e+00
1.020397183260138618e+00
1.020431070875865043e+00
1.020465979406039336e+00
1.020501865219840543e+00
1.020538683887367792e+00
1.020576390307095238e+00
1.020614938838437569e+00
1.020654283438593213e+00
1.020694377802769282e+00
1.020735175506803927e+00
1.020776630151149167e+00
1.020818695505109730e+00
1.020861325650204154e+00
1.020904475121474864e+00
1.020948099045565272e+00
1.020992153274372427e+00
1.021036594513102358e+00
1.021081380441574815e+00
1.021126469827673411e+00
1.021171822631875781e+00
1.021217400101879669e+00
1.021263164856404115e+00
1.021309080957338189e+00
1.021355113969507400e+00
1.021401231007421195e+00
1.021447400768481284e+00
1.021493593552242674e+00
1.021539781265426772e+00
1.021585937412508471e+00
1.021632037071810828e+00
1.021678056857157735e+00
1.021723974865232698e+00
1.021769770608923711e+00
1.021815424936999728e+00
1.021860919940597467e+00
1.021906238847056780e+00
1.021951365901749398e+00
1.021996286238607832e+00
1.022040985740151120e+00
1.022085450887853852e+00
1.022129668603783070e+00
1.022173626084481590e+00
1.022217310628127152e+00
1.022260709456063177e+00
1.022303809529833796e+00
1.022346597364920173e+00
1.022389058842416709e+00
1.022431179019942071e+00
1.022472941943131097e+00
1.022514330459102005e+00
1.022555326033357970e+00
1.022595908571624079e+00
1.022636056248187320e+00
1.022675745342352727e+00
1.022714950084693264e+00
1.022753642514810490e+00
1.022791792352376827e+00
1.022829366883265312e+00
1.022866330862603146e+00
1.022902646436609775e+00
1.022938273085069127e+00
1.022973167586284093e+00
1.023007284006315576e+00
1.023040573714251611e+00
1.023072985425155235e+00
1.023104465272218322e+00
1.023134956909494075e+00
1.023164401646373900e+00
1.023192738614748798e+00
1.023219904969503435e+00
1.023245836122680164e+00
1.023270466011275248e+00
1.023293727398230102e+00
1.023315552205732892e+00
1.023335871879468062e+00
1.023354617781943476e+00
