1.000603444564682754e+00
1.000677453739964751e+00
1.000800035165791968e+00
1.000944399990721490e+00
1.001101545320636887e+00
1.001267154085396793e+00
1.001438687160087326e+00
1.001614461146750346e+00
1.001793277114555680e+00
1.001974241475628080e+00
1.002156667037705340e+00
1.002340012803115243e+00
1.002523844782112761e+00
1.002707809259013594e+00
1.002891613947977767e+00
1.003075014398353781e+00
1.003257804015772692e+00
1.003439806633452003e+00
1.003620870911675844e+00
1.003800866063186970e+00
1.003979678549050458e+00
1.004157209490602387e+00
1.004333372614086173e+00
1.004508092594979418e+00
1.004681303705116768e+00
1.004852948691628667e+00
1.005022977835411613e+00
1.005191348150338948e+00
1.005358022694215370e+00
1.005522969969590230e+00
1.005686163397761401e+00
1.005847580853137080e+00
1.006007204247970854e+00
1.006165019159633633e+00
1.006321014494185651e+00
1.006475182181270966e+00
1.006627516896301255e+00
1.006778015806638171e+00
1.006926678339084003e+00
1.007073505966437521e+00
1.007218502011250738e+00
1.007361671465209163e+00
1.007503020822795525e+00
1.007642557928082994e+00
1.007780291833654251e+00
1.007916232670762025e+00
1.008050391529945244e+00
1.008182780351393637e+00
1.008313411824407035e+00
1.008442299295365885e+00
1.008569456683649168e+00
1.008694898404989271e+00
1.008818639301769959e+00
1.008940694579811170e+00
1.009061079751192969e+00
1.009179810582702563e+00
1.009296903049500704e+00
1.009412373293625986e+00
1.009526237586962472e+00
1.009638512298326685e+00
1.009749213864330031e+00
1.009858358763699560e+00
1.009965963494751762e+00
1.010072044555728521e+00
1.010176618427717665e+00
1.010279701559905430e+00
1.010381310356908813e+00
1.010481461167967332e+00
1.010580170277774581e+00
1.010677453898753519e+00
1.010773328164596752e+00
1.010867809124894823e+00
1.010960912740707318e+00
1.011052654880931101e+00
1.011143051319342456e+00
1.011232117732197899e+00
1.011319869696296836e+00
1.011406322687411041e+00
1.011491492079011012e+00
1.011575393141218804e+00
1.011658041039928069e+00
1.011739450836052878e+00
1.011819637484854262e+00
1.011898615835323589e+00
1.011976400629594597e+00
1.012053006502363628e+00
1.012128447980309431e+00
1.012202739481504077e+00
1.012275895314809215e+00
1.012347929679259462e+00
1.012418856663435340e+00
1.012488690244828682e+00
1.012557444289210018e+00
1.012625132550003082e+00
1.012691768667676850e+00
1.012757366169160456e+00
1.012821938467295180e+00
1.012885498860327083e+00
1.012948060531448480e+00
1.013009636548400705e+00
1.013070239863135935e+00
1.013129883311548962e+00
1.013188579613281348e+00
1.013246341371598636e+00
1.013303181073345716e+00
1.013359111088973474e+00
1.013414143672646039e+00
1.013468290962414642e+00
1.013521564980463197e+00
1.013573977633417833e+00
1.013625540712714379e+00
1.013676265895022244e+00
1.013726164742710711e+00
1.013775248704359422e+00
1.013823529115297273e+00
1.013871017198170410e+00
1.013917724063524872e+00
1.013963660710400783e+00
1.014008838026928760e+00
1.014053266790923669e+00
1.014096957670465926e+00
1.014139921224468388e+00
1.014182167903218801e+00
1.014223708048898720e+00
1.014264551896068678e+00
1.014304709572119378e+00
1.014344191097687808e+00
1.014383006387031383e+00
1.014421165248363899e+00
1.014458677384150853e+00
1.014495552391362132e+00
1.014531799761687170e+00
1.014567428881710587e+00
1.014602449033052745e+00
1.014636869392476770e+00
1.014670699031964052e+00
1.014703946918765309e+00
1.014736621915425907e+00
1.014768732779794291e+00
1.014800288165016440e+00
1.014831296619517431e+00
1.014861766586982128e+00
1.014891706406331195e+00
1.014921124311702672e+00
1.014950028432442419e+00
1.014978426793106792e+00
1.015006327313482171e+00
1.015033737808626935e+00
1.015060665988936961e+00
1.015087119460240883e+00
1.015113105723925990e+00
1.015138632177101208e+00
1.015163706112796271e+00
1.015188334720201979e+00
1.015212525084952411e+00
1.015236284189452221e+00
1.015259618913250783e+00
1.015282536033461414e+00
1.015305042225232768e+00
1.015327144062267761e+00
1.015348848017393113e+00
1.015370160463181515e+00
1.015391087672623760e+00
1.015411635819852609e+00
1.015431810980920613e+00
1.015451619134625894e+00
1.015471066163393665e+00
1.015490157854206155e+00
1.015508899899584705e+00
1.015527297898622727e+00
1.015545357358067946e+00
1.015563083693453716e+00
1.015580482230281412e+00
1.015597558205247442e+00
1.015614316767518455e+00
1.015630762980055168e+00
1.015646901820976389e+00
1.015662738184971214e+00
1.015678276884749875e+00
1.015693522652539427e+00
1.015708480141615189e+00
1.015723153927871714e+00
1.015737548511430166e+00
1.015751668318277012e+00
1.015765517701936460e+00
1.015779100945170876e+00
1.015792422261708072e+00
1.015805485797992125e+00
1.015818295634955959e+00
1.015830855789810139e+00
1.015843170217848979e+00
1.015855242814264869e+00
1.015867077415973263e+00
1.015878677803439656e+00
1.015890047702508792e+00
1.015901190786230535e+00
1.015912110676676416e+00
1.015922810946749300e+00
1.015933295121973945e+00
1.015943566682271593e+00
1.015953629063711006e+00
1.015963485660233090e+00
1.015973139825344429e+00
1.015982594873779288e+00
1.015991854083120982e+00
1.016000920695385501e+00
1.016009797918559610e+00
1.016018488928092101e+00
1.016026996868335308e+00
1.016035324853935107e+00
1.016043475971164955e+00
1.016051453279204431e+00
1.016059259811358917e+00
1.016066898576217792e+00
1.016074372558754213e+00
1.016081684721361178e+00
1.016088838004822748e+00
1.016095835329226205e+00
1.016102679594807157e+00
1.016109373682732464e+00
1.016115920455822330e+00
1.016122322759207552e+00
1.016128583420926823e+00
1.016134705252464077e+00
1.016140691049227440e+00
1.016146543590971341e+00
1.016152265642162211e+00
1.016157859952292020e+00
1.016163329256140280e+00
1.016168676273987881e+00
1.016173903711780957e+00
1.016179014261255453e+00
1.016184010600016396e+00
1.016188895391577418e+00
1.016193671285365863e+00
1.016198340916693033e+00
1.016202906906690462e+00
1.016207371862219766e+00
1.016211738375754958e+00
1.016216009025240119e+00
1.016220186373924861e+00
1.016224272970182696e+00
1.016228271347308976e+00
1.016232184023305063e+00
1.016236013500650515e+00
1.016239762266063273e+00
1.016243432790250312e+00
1.016247027527651614e+00
1.016250548916178165e+00
1.016253999376945272e+00
1.016257381314004782e+00
1.016260697114073519e+00
1.016263949146262613e+00
1.016267139761809712e+00
1.016270271293809646e+00
1.016273346056950633e+00
1.016276366347254712e+00
1.016279334441819504e+00
1.016282252598569968e+00
1.016285123056013706e+00
1.016287948033001154e+00
1.016290729728498432e+00
1.016293470321361081e+00
1.016296171970122231e+00
1.016298836812784989e+00
1.016301466966624822e+00
1.016304064528003703e+00
1.016306631572188923e+00
1.016309170153187447e+00
1.016311682303586261e+00
1.016314170034404274e+00
1.016316635334955754e+00
1.016319080172723988e+00
1.016321506493246041e+00
1.016323916220008838e+00
1.016326311254357240e+00
1.016328693475413214e+00
1.016331064740007895e+00
1.016333426882623847e+00
1.016335781715352216e+00
1.016338131027860969e+00
1.016340476587374031e+00
1.016342820138667058e+00
1.016345163404072327e+00
1.016347508083498941e+00
1.016349855854462803e+00
1.016352208372135468e+00
1.016354567269398768e+00
1.016356934156918079e+00
1.016359310623226486e+00
1.016361698234820476e+00
1.016364098536271854e+00
1.016366513050349196e+00
1.016368943278152859e+00
1.016371390699264854e+00
1.016373856771905393e+00
1.016376342933106969e+00
1.016378850598897099e+00
1.016381381164492392e+00
1.016383936004505717e+00
1.016386516473159585e+00
1.016389123904515968e+00
1.016391759612709667e+00
1.016394424892194337e+00
1.016397121017997618e+00
1.016399849245982256e+00
1.016402610813117002e+00
1.016405406937753497e+00
1.016408238819910270e+00
1.016411107641562728e+00
1.016414014566939361e+00
1.016416960742820397e+00
1.016419947298843995e+00
1.016422975347813562e+00
1.016426045986008608e+00
1.016429160293500722e+00
1.016432319334465539e+00
1.016435524157503378e+00
1.016438775795953653e+00
1.016442075268214396e+00
1.016445423578059115e+00
1.016448821714951878e+00
1.016452270654363943e+00
1.016455771358085070e+00
1.016459324774533712e+00
1.016462931839065220e+00
1.016466593474274926e+00
1.016470310590298576e+00
1.016474084085107643e+00
1.016477914844801100e+00
1.016481803743891632e+00
1.016485751645587188e+00
1.016489759402065429e+00
1.016493827854744181e+00
1.016497957834545662e+00
1.016502150162153395e+00
1.016506405648262668e+00
1.016510725093826562e+00
1.016515109290292207e+00
1.016519559019831487e+00
1.016524075055566412e+00
1.016528658161783838e+00
1.016533309094146409e+00
1.016538028599894172e+00
1.016542817418041089e+00
1.016547676279561330e+00
1.016552605907571571e+00
1.016557607017504195e+00
1.016562680317273815e+00
1.016567826507437156e+00
1.016573046281345594e+00
1.016578340325291041e+00
1.016583709318644502e+00
1.016589153933988854e+00
1.016594674837243861e+00
1.016600272687785855e+00
1.016605948138559645e+00
1.016611701836186876e+00
1.016617534421063951e+00
1.016623446527459507e+00
1.016629438783600570e+00
1.016635511811756043e+00
1.016641666228315977e+00
1.016647902643861512e+00
1.016654221663233271e+00
1.016660623885592418e+00
1.016667109904477728e+00
1.016673680307857985e+00
1.016680335678178837e+00
1.016687076592407202e+00
1.016693903622068795e+00
1.016700817333282991e+00
1.016707818286793685e+00
1.016714907037996163e+00
1.016722084136959303e+00
1.016729350128446230e+00
1.016736705551929409e+00
1.016744150941603531e+00
1.016751686826395051e+00
1.016759313729969527e+00
1.016767032170734275e+00
1.016774842661839040e+00
1.016782745711176439e+00
1.016790741821375299e+00
1.016798831489795774e+00
1.016807015208520237e+00
1.016815293464342185e+00
1.016823666738753573e+00
1.016832135507930834e+00
1.016840700242717777e+00
1.016849361408608043e+00
1.016858119465725352e+00
1.016866974868803286e+00
1.016875928067161983e+00
1.016884979504686370e+00
1.016894129619801079e+00
1.016903378845445349e+00
1.016912727609046607e+00
1.016922176332494043e+00
1.016931725432111966e+00
1.016941375318629603e+00
1.016951126397154903e+00
1.016960979067144777e+00
1.016970933722376014e+00
1.016980990750915970e+00
1.016991150535094812e+00
1.017001413451473324e+00
1.017011779870816479e+00
1.017022250158062802e+00
1.017032824672295943e+00
1.017043503766716039e+00
1.017054287788611955e+00
1.017065177079332416e+00
1.017076171974259369e+00
1.017087272802781550e+00
1.017098479888267626e+00
1.017109793548040209e+00
1.017121214093351433e+00
1.017132741829359643e+00
1.017144377055102744e+00
1.017156120063479552e+00
1.017167971141224259e+00
1.017179930568886448e+00
1.017191998620811333e+00
1.017204175565119328e+00
1.017216461663687621e+00
1.017228857172131962e+00
1.017241362339789568e+00
1.017253977409703136e+00
1.017266702618604857e+00
1.017279538196902644e+00
1.017292484368665262e+00
1.017305541351609666e+00
1.017318709357088569e+00
1.017331988590078895e+00
1.017345379249170900e+00
1.017358881526556402e+00
1.017372495608021898e+00
1.017386221672936353e+00
1.017400059894244979e+00
1.017414010438458583e+00
1.017428073465649341e+00
1.017442249129439702e+00
1.017456537576997500e+00
1.017470938949028847e+00
1.017485453379771698e+00
1.017500080996989187e+00
1.017514821921963186e+00
1.017529676269489425e+00
1.017544644147869271e+00
1.017559725658905734e+00
1.017574920897894808e+00
1.017590229953621250e+00
1.017605652908349700e+00
1.017621189837819351e+00
1.017636840811234844e+00
1.017652605891259610e+00
1.017668485134008094e+00
1.017684478589034658e+00
1.017700586299326471e+00
1.017716808301292186e+00
1.017733144624751507e+00
1.017749595292924525e+00
1.017766160322417512e+00
1.017782839723212041e+00
1.017799633498649436e+00
1.017816541645416351e+00
1.017833564153530101e+00
1.017850701006318914e+00
1.017867952180407487e+00
1.017885317645695897e+00
1.017902797365340062e+00
1.017920391295730198e+00
1.017938099386469730e+00
1.017955921580349532e+00
1.017973857813325278e+00
1.017991908014490798e+00
1.018010072106049879e+00
1.018028350003289173e+00
1.018046741614547113e+00
1.018065246841183491e+00
1.018083865577547265e+00
1.018102597710942359e+00
1.018121443121591918e+00
1.018140401682603891e+00
1.018159473259931280e+00
1.018178657712334623e+00
1.018197954891340462e+00
1.018217364641201161e+00
1.018236886798849383e+00
1.018256521193857234e+00
1.018276267648388078e+00
1.018296125977150357e+00
1.018316095987350955e+00
1.018336177478643023e+00
1.018356370243078679e+00
1.018376674065055276e+00
1.018397088721262556e+00
1.018417613980629133e+00
1.018438249604267876e+00
1.018458995345418394e+00
1.018479850949390197e+00
1.018500816153504740e+00
1.018521890687035025e+00
1.018543074271146320e+00
1.018564366618833539e+00
1.018585767434860401e+00
1.018607276415695484e+00
1.018628893249447831e+00
1.018650617615802556e+00
1.018672449185956008e+00
1.018694387622548270e+00
1.018716432579596542e+00
1.018738583702428091e+00
1.018760840627610964e+00
1.018783202982885605e+00
1.018805670387096018e+00
1.018828242450119603e+00
1.018850918772795655e+00
1.018873698946857642e+00
1.018896582554858821e+00
1.018919569170102957e+00
1.018942658356572162e+00
1.018965849668855617e+00
1.018989142652076962e+00
1.019012536841822580e+00
1.019036031764070094e+00
1.019059626935114871e+00
1.019083321861498970e+00
1.019107116039939864e+00
1.019131008957257389e+00
1.019155000090301577e+00
1.019179088905884267e+00
1.019203274860704500e+00
1.019227557401280126e+00
1.019251935963876976e+00
1.019276409974439357e+00
1.019300978848518779e+00
1.019325641991208675e+00
1.019350398797073787e+00
1.019375248650083998e+00
1.019400190923546612e+00
1.019425224980041955e+00
1.019450350171357211e+00
1.019475565838424025e+00
1.019500871311253443e+00
1.019526265908875740e+00
1.019551748939278024e+00
1.019577319699346507e+00
1.019602977474806327e+00
1.019628721540165373e+00
1.019654551158657885e+00
1.019680465582190720e+00
1.019706464051290506e+00
1.019732545795051681e+00
1.019758710031086979e+00
1.019784955965480133e+00
1.019811282792739249e+00
1.019837689695751504e+00
1.019864175845742293e+00
1.019890740402233043e+00
1.019917382513003679e+00
1.019944101314055329e+00
1.019970895929576793e+00
1.019997765471912121e+00
1.020024709041530198e+00
1.020051725726998093e+00
1.020078814604956197e+00
1.020105974740094679e+00
1.020133205185134617e+00
1.020160504980810012e+00
1.020187873155854019e+00
1.020215308726986070e+00
1.020242810698903657e+00
1.020270378064276340e+00
1.020298009803742856e+00
1.020325704885911122e+00
1.020353462267361344e+00
1.020381280892652454e+00
1.020409159694332324e+00
1.020437097592950426e+00
1.020465093497074704e+00
1.020493146303312004e+00
1.020521254896330277e+00
1.020549418148887666e+00
1.020577634921862709e+00
1.020605904064288971e+00
1.020634224413394575e+00
1.020662594794643052e+00
1.020691014021782417e+00
1.020719480896893572e+00
1.020747994210445597e+00
1.020776552741356591e+00
1.020805155257053842e+00
1.020833800513543554e+00
1.020862487255482343e+00
1.020891214216252951e+00
1.020919980118045522e+00
1.020948783671943083e+00
1.020977623578011917e+00
1.021006498525395045e+00
1.021035407192413258e+00
1.021064348246667919e+00
1.021093320345151545e+00
1.021122322134359717e+00
1.021151352250411648e+00
1.021180409319173643e+00
1.021209491956387216e+00
1.021238598767804096e+00
1.021267728349323889e+00
1.021296879287139303e+00
1.021326050157885135e+00
1.021355239528792591e+00
1.021384445957849607e+00
1.021413667993964491e+00
1.021442904177137123e+00
1.021472153038635255e+00
1.021501413101173039e+00
1.021530682879100205e+00
1.021559960878591244e+00
1.021589245597843032e+00
1.021618535527277327e+00
1.021647829149748166e+00
1.021677124940755244e+00
1.021706421368661299e+00
1.021735716894916379e+00
1.021765009974287430e+00
1.021794299055091004e+00
1.021823582579434397e+00
1.021852858983459678e+00
1.021882126697594373e+00
1.021911384146806601e+00
1.021940629750865082e+00
1.021969861924605372e+00
1.021999079078201422e+00
1.022028279617439583e+00
1.022057461944000600e+00
1.022086624455745829e+00
1.022115765547006561e+00
1.022144883608881116e+00
1.022173977029532832e+00
1.022203044194498034e+00
1.022232083486993570e+00
1.022261093288230116e+00
1.022290071977733472e+00
1.022319017933664753e+00
1.022347929533148569e+00
1.022376805152604540e+00
1.022405643168082578e+00
1.022434441955600626e+00
1.022463199891490371e+00
1.022491915352740754e+00
1.022520586717352131e+00
1.022549212364686655e+00
1.022577790675827103e+00
1.022606320033937255e+00
1.022634798824624713e+00
1.022663225436307499e+00
1.022691598260583090e+00
1.022719915692600345e+00
1.022748176131433206e+00
1.022776377980457285e+00
1.022804519647728672e+00
1.022832599546364740e+00
1.022860616094925401e+00
1.022888567717798125e+00
1.022916452845583191e+00
1.022944269915480264e+00
1.022972017371675868e+00
1.022999693665731957e+00
1.023027297256976720e+00
1.023054826612892709e+00
1.023082280209507866e+00
1.023109656531785205e+00
1.023136954074014504e+00
1.023164171340199768e+00
1.023191306844451809e+00
1.023218359111373488e+00
1.023245326676450961e+00
1.023272208086436930e+00
1.023299001899739435e+00
1.023325706686802672e+00
1.023352321030489787e+00
1.023378843526464799e+00
1.023405272783567632e+00
1.023431607424190926e+00
1.023457846084651957e+00
1.023483987415564123e+00
1.023510030082200872e+00
1.023535972764862079e+00
1.023561814159231309e+00
1.023587552976734427e+00
1.023613187944889313e+00
1.023638717807655141e+00
1.023664141325775878e+00
1.023689457277119130e+00
1.023714664457009871e+00
1.023739761678558846e+00
1.023764747772988315e+00
1.023789621589947796e+00
1.023814381997828704e+00
1.023839027884069441e+00
1.023863558155457154e+00
1.023887971738420388e+00
1.023912267579318858e+00
1.023936444644722998e+00
1.023960501921688637e+00
1.023984438418023668e+00
1.024008253162549176e+00
1.024031945205349459e+00
1.024055513618019608e+00
1.024078957493899988e+00
1.024102275948306717e+00
1.024125468118752824e+00
1.024148533165158526e+00
1.024171470270059281e+00
1.024194278638796973e+00
1.024216957499710645e+00
1.024239506104311914e+00
1.024261923727455059e+00
1.024284209667496448e+00
1.024306363246445528e+00
1.024328383810105159e+00
1.024350270728204837e+00
1.024372023394521491e+00
1.024393641226991836e+00
1.024415123667816285e+00
1.024436470183549774e+00
1.024457680265186799e+00
1.024478753428231803e+00
1.024499689212763798e+00
1.024520487183487871e+00
1.024541146929777602e+00
1.024561668065706144e+00
1.024582050230069985e+00
1.024602293086397831e+00
1.024622396322952822e+00
1.024642359652723211e+00
1.024662182813401490e+00
1.024681865567353967e+00
1.024701407701581468e+00
1.024720809027665824e+00
1.024740069381709251e+00
1.024759188624262851e+00
1.024778166640242461e+00
1.024797003338836721e+00
1.024815698653404272e+00
1.024834252541357404e+00
1.024852664984042372e+00
1.024870935986601506e+00
1.024889065577831548e+00
1.024907053810027335e+00
1.024924900758819479e+00
1.024942606522997846e+00
1.024960171224329475e+00
1.024977595007363629e+00
1.024994878039227730e+00
1.025012020509414867e+00
1.025029022629561526e+00
1.025045884633214444e+00
1.025062606775589691e+00
1.025079189333322649e+00
1.025095632604207552e+00
1.025111936906930366e+00
1.025128102580790568e+00
1.025144129985415375e+00
1.025160019500465758e+00
1.025175771525334678e+00
1.025191386478833566e+00
1.025206864798876349e+00
1.025222206942151493e+00
1.025237413383786045e+00
1.025252484617005910e+00
1.025267421152783909e+00
1.025282223519484948e+00
1.025296892262501203e+00
1.025311427943880194e+00
1.025325831141948862e+00
1.025340102450928992e+00
1.025354242480545519e+00
1.025368251855631740e+00
1.025382131215723858e+00
1.025395881214654636e+00
1.025409502520138405e+00
1.025422995813350058e+00
1.025436361788501838e+00
1.025449601152411461e+00
1.025462714624067573e+00
1.025475702934190991e+00
1.025488566824787728e+00
1.025501307048703126e+00
1.025513924369166219e+00
1.025526419559334546e+00
1.025538793401833404e+00
1.025551046688290668e+00
1.025563180218869608e+00
1.025575194801798151e+00
1.025587091252894156e+00
1.025598870395089124e+00
1.025610533057949469e+00
1.025622080077193132e+00
1.025633512294205962e+00
1.025644830555556553e+00
1.025656035712505521e+00
1.025667128620518564e+00
1.025678110138772414e+00
1.025688981129662780e+00
1.025699742458311192e+00
1.025710394992068508e+00
1.025720939600019532e+00
1.025731377152486523e+00
1.025741708520531592e+00
1.025751934575459323e+00
1.025762056188320281e+00
1.025772074229411190e+00
1.025781989567779107e+00
1.025791803070723596e+00
1.025801515603300018e+00
1.025811128027823926e+00
1.025820641203375461e+00
1.025830055985304856e+00
1.025839373224739948e+00
1.025848593768093231e+00
1.025857718456572698e+00
1.025866748125691785e+00
1.025875683604781319e+00
1.025884525716507900e+00
1.025893275276384964e+00
1.025901933092296048e+00
1.025910499964013622e+00
1.025918976682722583e+00
1.025927364030546851e+00
1.025935662780077529e+00
1.025943873693904385e+00
1.025951997524149562e+00
1.025960035012005944e+00
1.025967986887277306e+00
1.025975853867922449e+00
1.025983636659602238e+00
1.025991335955229955e+00
1.025998952434527212e+00
1.026006486763581194e+00
1.026013939594408120e+00
1.026021311564518257e+00
1.026028603296488262e+00
1.026035815397533968e+00
1.026042948459091608e+00
1.026050003056400595e+00
1.026056979748091624e+00
1.026063879075781227e+00
1.026070701563669196e+00
1.026077447718141356e+00
1.026084118027378089e+00
1.026090712960967100e+00
1.026097232969524597e+00
1.026103678484316717e+00
1.026110049916891143e+00
1.026116347658711181e+00
1.026122572080799600e+00
1.026128723533382914e+00
1.026134802345547659e+00
1.026140808824898221e+00
1.026146743257222660e+00
1.026152605906166304e+00
1.026158397012908896e+00
1.026164116795851733e+00
1.026169765450309246e+00
1.026175343148208130e+00
1.026180850037793801e+00
1.026186286243343737e+00
1.026191651864889032e+00
1.026196946977941504e+00
1.026202171633230797e+00
1.026207325856446806e+00
1.026212409647991652e+00
1.026217422982739436e+00
1.026222365809803527e+00
1.026227238052311419e+00
1.026232039607191560e+00
1.026236770344962856e+00
1.026241430109539721e+00
1.026246018718039998e+00
1.026250535960606003e+00
1.026254981600231986e+00
1.026259355372603821e+00
1.026263656985944905e+00
1.026267886120874717e+00
1.026272042430275366e+00
1.026276125539168582e+00
1.026280135044603581e+00
1.026284070515553593e+00
1.026287931492825267e+00
1.026291717488977184e+00
1.026295427988249021e+00
1.026299062446502486e+00
1.026302620291173362e+00
1.026306100921235975e+00
1.026309503707175885e+00
1.026312827990978560e+00
1.026316073086127156e+00
1.026319238277613621e+00
1.026322322821961563e+00
1.026325325947262890e+00
1.026328246853224879e+00
1.026331084711231689e+00
1.026333838664419629e+00
1.026336507827763977e+00
1.026339091288179795e+00
1.026341588104637603e+00
1.026343997308291289e+00
1.026346317902619987e+00
1.026348548863586618e+00
1.026350689139807315e+00
1.026352737652738156e+00
1.026354693296874787e+00
1.026356554939968690e+00
1.026358321423257447e+00
1.026359991561710094e+00
1.026361564144288918e+00
1.026363037934225675e+00
1.026364411669314469e+00
1.026365684062221284e+00
1.026366853800806833e+00
1.026367919548468510e+00
1.026368879944498325e+00
1.026369733604454604e+00
1.026370479120554791e+00
1.026371115062081341e+00
1.026371639975805383e+00
1.026372052386430145e+00
1.026372350797045696e+00
1.026372533689607902e+00
1.026372599525428253e+00
1.026372546745686343e+00
1.026372373771955449e+00
1.026372079006748095e+00
1.026371660834079602e+00
1.026371117620047180e+00
1.026370447713426781e+00
1.026369649446290611e+00
1.026368721134637729e+00
1.026367661079045979e+00
1.026366467565338558e+00
1.026365138865271254e+00
1.026363673237233431e+00
1.026362068926969906e+00
1.026360324168317018e+00
1.026358437183958472e+00
1.026356406186196280e+00
1.026354229377739236e+00
1.026351904952509830e+00
1.026349431096463594e+00
1.026346805988429534e+00
1.026344027800963676e+00
1.026341094701218593e+00
1.026338004851831354e+00
1.026334756411823035e+00
1.026331347537515537e+00
1.026327776383463730e+00
1.026324041103399809e+00
1.026320139851194080e+00
1.026316070781827516e+00
1.026311832052379192e+00
1.026307421823024590e+00
1.026302838258048578e+00
1.026298079526869689e+00
1.026293143805073527e+00
1.026288029275460811e+00
1.026282734129103202e+00
1.026277256566409113e+00
1.026271594798200404e+00
1.026265747046796406e+00
1.026259711547104825e+00
1.026253486547722416e+00
1.026247070312040766e+00
1.026240461119358294e+00
1.026233657265997801e+00
1.026226657066426684e+00
1.026219458854384037e+00
1.026212060984007968e+00
1.026204461830965586e+00
1.026196659793584987e+00
1.026188653293987008e+00
1.026180440779215886e+00
1.026172020722370126e+00
1.026163391623729604e+00
1.026154552011880217e+00
1.026145500444832992e+00
1.026136235511140971e+00
1.026126755831006099e+00
1.026117060057382790e+00
1.026107146877070386e+00
1.026097015011798064e+00
1.026086663219298423e+00
1.026076090294372856e+00
1.026065295069939376e+00
1.026054276418072675e+00
1.026043033251026193e+00
1.026031564522240203e+00
1.026019869227333015e+00
1.026007946405075311e+00
1.025995795138344491e+00
1.025983414555060813e+00
1.025970803829102884e+00
1.025957962181198946e+00
1.025944888879798622e+00
1.025931583241917799e+00
1.025918044633962189e+00
1.025904272472520917e+00
1.025890266225135683e+00
1.025876025411041947e+00
1.025861549601879918e+00
1.025846838422377338e+00
1.025831891551000297e+00
1.025816708720572956e+00
1.025801289718863973e+00
1.025785634389141165e+00
1.025769742630689763e+00
1.025753614399297575e+00
1.025737249707702858e+00
1.025720648626007092e+00
1.025703811282048683e+00
1.025686737861740472e+00
1.025669428609368605e+00
1.025651883827849886e+00
1.025634103878954040e+00
1.025616089183480684e+00
1.025597840221399215e+00
1.025579357531946956e+00
1.025560641713685328e+00
1.025541693424515177e+00
1.025522513381648126e+00
1.025503102361539298e+00
1.025483461199774737e+00
1.025463590790917756e+00
1.025443492088311981e+00
1.025423166103843542e+00
1.025402613907659966e+00
1.025381836627845100e+00
1.025360835450054964e+00
1.025339611617110069e+00
1.025318166428546229e+00
1.025296501240124059e+00
1.025274617463299176e+00
1.025252516564647554e+00
1.025230200065257780e+00
1.025207669540077804e+00
1.025184926617226600e+00
1.025161972977266078e+00
1.025138810352435925e+00
1.025115440525853128e+00
1.025091865330674423e+00
1.025068086649224108e+00
1.025044106412088318e+00
1.025019926597176001e+00
1.024995549228749026e+00
1.024970976376419873e+00
1.024946210154119797e+00
1.024921252719040998e+00
1.024896106270547280e+00
1.024870773049061157e+00
1.024845255334925653e+00
1.024819555447242792e+00
1.024793675742688537e+00
1.024767618614307541e+00
1.024741386490288786e+00
1.024714981832721250e+00
1.024688407136336910e+00
1.024661664927231541e+00
1.024634757761578641e+00
1.024607688224327351e+00
1.024580458927888849e+00
1.024553072510814733e+00
1.024525531636468090e+00
1.024497838991685228e+00
1.024469997285435197e+00
1.024442009247473528e+00
1.024413877626995539e+00
1.024385605191287629e+00
1.024357194724380804e+00
1.024328649025704419e+00
1.024299970908744140e+00
1.024271163199707235e+00
1.024242228736189642e+00
1.024213170365854797e+00
1.024183990945120026e+00
1.024154693337851585e+00
1.024125280414073691e+00
1.024095755048687995e+00
1.024066120120209700e+00
1.024036378509514567e+00
1.024006533098606564e+00
1.023976586769399511e+00
1.023946542402516924e+00
1.023916402876113185e+00
1.023886171064712247e+00
1.023855849838069654e+00
1.023825442060052548e+00
1.023794950587547437e+00
1.023764378269385711e+00
1.023733727945296934e+00
1.023703002444884769e+00
1.023672204586628665e+00
1.023641337176910637e+00
1.023610403009068914e+00
1.023579404862476672e+00
1.023548345501650081e+00
1.023517227675379671e+00
1.023486054115894106e+00
1.023454827538046619e+00
1.023423550638533852e+00
1.023392226095138691e+00
1.023360856566004395e+00
1.023329444688934498e+00
1.023297993080722224e+00
1.023266504336508120e+00
1.023234981029163659e+00
1.023203425708705927e+00
1.023171840901736296e+00
1.023140229110909960e+00
1.023108592814430562e+00
1.023076934465572574e+00
1.023045256492230326e+00
1.023013561296493901e+00
1.022981851254249008e+00
1.022950128714804841e+00
1.022918396000546792e+00
1.022886655406611833e+00
1.022854909200590967e+00
1.022823159622254563e+00
1.022791408883299002e+00
1.022759659167119750e+00
1.022727912628605296e+00
1.022696171393950859e+00
1.022664437560496742e+00
1.022632713196586218e+00
1.022601000341441635e+00
1.022569301005064935e+00
1.022537617168151280e+00
1.022505950782027107e+00
1.022474303768600823e+00
1.022442678020337281e+00
1.022411075400242009e+00
1.022379497741867205e+00
1.022347946849333056e+00
1.022316424497361709e+00
1.022284932431327453e+00
1.022253472367323557e+00
1.022222045992239092e+00
1.022190654963851753e+00
1.022159300910933322e+00
1.022127985433366471e+00
1.022096710102274431e+00
1.022065476460162214e+00
1.022034286021068938e+00
1.022003140270730803e+00
1.021972040666754289e+00
1.021940988638800452e+00
1.021909985588776770e+00
1.021879032891041428e+00
1.021848131892612255e+00
1.021817283913389662e+00
1.021786490246383794e+00
1.021755752157950781e+00
1.021725070888038989e+00
1.021694447650439264e+00
1.021663883633046499e+00
1.021633379998124980e+00
1.021602937882582829e+00
1.021572558398252228e+00
1.021542242632177189e+00
1.021511991646906425e+00
1.021481806480792454e+00
1.021451688148299786e+00
1.021421637640313573e+00
1.021391655924461128e+00
1.021361743945431222e+00
1.021331902625306043e+00
1.021302132863894707e+00
1.021272435539072321e+00
1.021242811507126369e+00
1.021213261603105771e+00
1.021183786641176372e+00
1.021154387414981324e+00
1.021125064698007012e+00
1.021095819243950764e+00
1.021066651787096990e+00
1.021037563042695329e+00
1.021008553707345223e+00
1.020979624459381618e+00
1.020950775959268864e+00
1.020922008849995954e+00
1.020893323757476212e+00
1.020864721290951849e+00
1.020836202043400531e+00
1.020807766591947496e+00
1.020779415498278997e+00
1.020751149309059080e+00
1.020722968556352139e+00
1.020694873758044574e+00
1.020666865418271119e+00
1.020638944027842943e+00
1.020611110064677085e+00
1.020583363994230996e+00
1.020555706269933083e+00
1.020528137333620577e+00
1.020500657615973417e+00
1.020473267536952999e+00
1.020445967506237395e+00
1.020418757923661213e+00
1.020391639179649701e+00
1.020364611655657505e+00
1.020337675724603876e+00
1.020310831751304992e+00
1.020284080092908052e+00
1.020257421099322270e+00
1.020230855113643420e+00
1.020204382472581939e+00
1.020178003506882147e+00
1.020151718541740582e+00
1.020125527897217665e+00
1.020099431888649377e+00
1.020073430827046268e+00
1.020047525019494916e+00
1.020021714769547172e+00
1.019996000377605405e+00
1.019970382141301757e+00
1.019944860355866956e+00
1.019919435314494027e+00
1.019894107308692455e+00
1.019868876628633902e+00
1.019843743563487060e+00
1.019818708401746488e+00
1.019793771431547702e+00
1.019768932940973816e+00
1.019744193218351302e+00
1.019719552552533104e+00
1.019695011233172632e+00
1.019670569550983563e+00
1.019646227797988969e+00
1.019621986267756908e+00
1.019597845255624025e+00
1.019573805058906490e+00
1.019549865977096959e+00
1.019526028312047083e+00
1.019502292368139162e+00
1.019478658452441788e+00
1.019455126874853512e+00
1.019431697948229409e+00
1.019408371988497208e+00
1.019385149314757877e+00
1.019362030249370887e+00
1.019339015118028158e+00
1.019316104249811339e+00
1.019293297977236890e+00
1.019270596636286719e+00
1.019248000566425505e+00
1.019225510110604027e+00
1.019203125615249395e+00
1.019180847430243508e+00
1.019158675908886202e+00
1.019136611407847282e+00
1.019114654287107458e+00
1.019092804909885075e+00
1.019071063642552621e+00
1.019049430854542582e+00
1.019027906918240856e+00
1.019006492208871073e+00
1.018985187104368917e+00
1.018963991985247119e+00
1.018942907234449580e+00
1.018921933237199928e+00
1.018901070380840324e+00
1.018880319054662476e+00
1.018859679649731564e+00
1.018839152558706829e+00
1.018818738175650829e+00
1.018798436895837378e+00
1.018778249115554146e+00
1.018758175231897933e+00
1.018738215642571499e+00
1.018718370745671509e+00
1.018698640939478040e+00
1.018679026622238748e+00
1.018659528191955044e+00
1.018640146046163819e+00
1.018620880581720067e+00
1.018601732194579945e+00
1.018582701279583169e+00
1.018563788230237854e+00
1.018544993438505131e+00
1.018526317294587979e+00
1.018507760186719180e+00
1.018489322500955474e+00
1.018471004620972842e+00
1.018452806927866661e+00
1.018434729799955862e+00
1.018416773612589754e+00
1.018398938737962611e+00
1.018381225544931601e+00
1.018363634398840478e+00
1.018346165661349279e+00
1.018328819690270226e+00
1.018311596839410083e+00
1.018294497458418491e+00
1.018277521892644089e+00
1.018260670482998176e+00
1.018243943565822374e+00
1.018227341472768277e+00
1.018210864530681992e+00
1.018194513061496220e+00
1.018178287382132563e+00
1.018162187804408036e+00
1.018146214634953139e+00
1.018130368175135914e+00
1.018114648720994442e+00
1.018099056563178006e+00
1.018083591986896019e+00
1.018068255271874722e+00
1.018053046692321439e+00
1.018037966516899706e+00
1.018023015008707510e+00
1.018008192425267300e+00
1.017993499018522874e+00
1.017978935034841159e+00
1.017964500715025977e+00
1.017950196294335363e+00
1.017936022002507990e+00
1.017921978063794253e+00
1.017908064696998682e+00
1.017894282115523463e+00
1.017880630527422170e+00
1.017867110135457498e+00
1.017853721137166101e+00
1.017840463724928757e+00
1.017827338086045863e+00
1.017814344402817373e+00
1.017801482852629835e+00
1.017788753608044106e+00
1.017776156836892376e+00
1.017763692702374545e+00
1.017751361363162133e+00
1.017739162973502864e+00
1.017727097683330140e+00
1.017715165638374497e+00
1.017703366980278634e+00
1.017691701846712871e+00
1.017680170371495052e+00
1.017668772684711787e+00
1.017657508912837017e+00
1.017646379178858584e+00
1.017635383602400356e+00
1.017624522299846568e+00
1.017613795384467501e+00
1.017603202966542719e+00
1.017592745153487410e+00
1.017582422049974955e+00
1.017572233758060829e+00
1.017562180377304060e+00
1.017552262004889574e+00
1.017542478735746769e+00
1.017532830662666754e+00
1.017523317876420474e+00
1.017513940465869737e+00
1.017504698518080675e+00
1.017495592118432768e+00
1.017486621350723874e+00
1.017477786297274811e+00
1.017469087039030384e+00
1.017460523655655980e+00
1.017452096225631930e+00
1.017443804826344778e+00
1.017435649534174980e+00
1.017427630424580620e+00
1.017419747572176902e+00
1.017412001050813641e+00
1.017404390933648095e+00
1.017396917293213132e+00
1.017389580201482513e+00
1.017382379729932840e+00
1.017375315949599290e+00
1.017368388931130685e+00
1.017361598744837003e+00
1.017354945460736015e+00
1.017348429148594358e+00
1.017342049877965060e+00
1.017335807718221297e+00
1.017329702738586139e+00
1.017323735008159424e+00
1.017317904595937961e+00
1.017312211570837732e+00
1.017306656001705889e+00
1.017301237957334070e+00
1.017295957506466397e+00
1.017290814717803471e+00
1.017285809660005036e+00
1.017280942401689092e+00
1.017276213011424790e+00
1.017271621557727768e+00
1.017267168109048381e+00
1.017262852733758383e+00
1.017258675500136711e+00
1.017254636476349949e+00
1.017250735730432343e+00
1.017246973330263149e+00
1.017243349343541547e+00
1.017239863837760439e+00
1.017236516880176911e+00
1.017233308537781600e+00
1.017230238877267601e+00
1.017227307964996053e+00
1.017224515866960832e+00
1.017221862648752584e+00
1.017219348375522081e+00
1.017216973111940703e+00
1.017214736922160911e+00
1.017212639869776947e+00
1.017210682017783752e+00
1.017208863428534560e+00
1.017207184163701150e+00
1.017205644284228772e+00
1.017204243850295731e+00
1.017202982921270316e+00
1.017201861555668163e+00
1.017200879811108516e+00
1.017200037744272922e+00
1.017199335410862826e+00
1.017198772865556267e+00
1.017198350161968357e+00
1.017198067352607760e+00
1.017197924488837169e+00
1.017197921620833778e+00
1.017198058797548432e+00
1.017198336066667652e+00
1.017198753474575668e+00
1.017199311066317335e+00
1.017200008885560614e+00
1.017200846974563255e+00
1.017201825374136392e+00
1.017202944123611896e+00
1.017204203260809514e+00
1.017205602822005561e+00
1.017207142841903167e+00
1.017208823353601188e+00
1.017210644388567786e+00
1.017212605976610895e+00
1.017214708145855795e+00
1.017216950922715135e+00
1.017219334331869174e+00
1.017221858396241352e+00
1.017224523136975867e+00
1.017227328573417910e+00
1.017230274723093242e+00
1.017233361601690200e+00
1.017236589223041721e+00
1.017239957599108680e+00
1.017243466739963687e+00
1.017247116653777095e+00
1.017250907346802791e+00
1.017254838823364427e+00
1.017258911085843653e+00
1.017263124134669017e+00
1.017267477968304634e+00
1.017271972583239759e+00
1.017276607973979674e+00
1.017281384133037259e+00
1.017286301050923214e+00
1.017291358716139626e+00
1.017296557115172195e+00
1.017301896232481573e+00
1.017307376050499146e+00
1.017312996549618376e+00
1.017318757708189469e+00
1.017324659502512940e+00
1.017330701906834500e+00
1.017336884893336846e+00
1.017343208432136104e+00
1.017349672491274726e+00
1.017356277036714385e+00
1.017363022032331532e+00
1.017369907439909404e+00
1.017376933219130919e+00
1.017384099327573121e+00
1.017391405720697861e+00
1.017398852351844685e+00
1.017406439172221733e+00
1.017414166130897524e+00
1.017422033174790741e+00
1.017430040248660017e+00
1.017438187295092611e+00
1.017446474254494415e+00
1.017454901065075079e+00
1.017463467662837573e+00
1.017472173981561312e+00
1.017481019952790167e+00
1.017490005505814921e+00
1.017499130567656174e+00
1.017508395063049020e+00
1.017517798914421290e+00
1.017527342041876670e+00
1.017537024363172504e+00
1.017546845793698473e+00
1.017556806246453061e+00
1.017566905632021346e+00
1.017577143858547917e+00
1.017587520831711778e+00
1.017598036454699262e+00
1.017608690628174273e+00
1.017619483250249646e+00
1.017630414216456280e+00
1.017641483419710502e+00
1.017652690750280975e+00
1.017664036095754287e+00
1.017675519340999646e+00
1.017687140368131793e+00
1.017698899056472150e+00
1.017710795282511071e+00
1.017722828919865652e+00
1.017734999839239540e+00
1.017747307908379639e+00
1.017759752992031252e+00
1.017772334951893898e+00
1.017785053646574678e+00
1.017797908931540540e+00
1.017810900659069651e+00
1.017824028678201209e+00
1.017837292834685714e+00
1.017850692970931448e+00
1.017864228925952741e+00
1.017877900535314017e+00
1.017891707631076059e+00
1.017905650041739607e+00
1.017919727592186963e+00
1.017933940103624035e+00
1.017948287393521500e+00
1.017962769275554180e+00
1.017977385559538650e+00
1.017992136051372842e+00
1.018007020552971431e+00
1.018022038862202550e+00
1.018037190772821843e+00
1.018052476074407853e+00
1.018067894552293851e+00
1.018083445987501889e+00
1.018099130156672860e+00
1.018114946831998546e+00
1.018130895781151013e+00
1.018146976767211997e+00
1.018163189548601633e+00
1.018179533879006726e+00
1.018196009507306155e+00
1.018212616177500696e+00
1.018229353628634204e+00
1.018246221594723444e+00
1.018263219804679709e+00
1.018280347982233547e+00
1.018297605845858600e+00
1.018314993108693667e+00
1.018332509478465431e+00
1.018350154657410300e+00
1.018367928342195583e+00
1.018385830223839550e+00
1.018403859987632831e+00
1.018422017313057371e+00
1.018440301873706932e+00
1.018458713337204280e+00
1.018477251365121905e+00
1.018495915612898539e+00
1.018514705729758107e+00
1.018533621358627128e+00
1.018552662136051223e+00
1.018571827692113185e+00
1.018591117650348377e+00
1.018610531627663240e+00
1.018630069234248925e+00
1.018649730073498461e+00
1.018669513741923938e+00
1.018689419829069243e+00
1.018709447917427902e+00
1.018729597582357149e+00
1.018749868391994440e+00
1.018770259907171294e+00
1.018790771681328700e+00
1.018811403260432513e+00
1.018832154182888861e+00
1.018853023979458650e+00
1.018874012173172083e+00
1.018895118279245393e+00
1.018916341804994463e+00
1.018937682249751786e+00
1.018959139104780087e+00
1.018980711853189725e+00
1.019002399969853201e+00
1.019024202921323230e+00
1.019046120165745473e+00
1.019068151152779711e+00
1.019090295323513029e+00
1.019112552110378545e+00
1.019134920937073918e+00
1.019157401218477643e+00
1.019179992360568665e+00
1.019202693760345113e+00
1.019225504805743698e+00
1.019248424875559778e+00
1.019271453339368305e+00
1.019294589557444120e+00
1.019317832880684893e+00
1.019341182650533639e+00
1.019364638198900774e+00
1.019388198848089733e+00
1.019411863910721694e+00
1.019435632689660309e+00
1.019459504477939760e+00
1.019483478558691480e+00
1.019507554205072886e+00
1.019531730680198311e+00
1.019556007237067519e+00
1.019580383118500189e+00
1.019604857557067756e+00
1.019629429775027241e+00
1.019654098984257962e+00
1.019678864386198924e+00
1.019703725171785758e+00
1.019728680521391873e+00
1.019753729604768733e+00
1.019778871580990787e+00
1.019804105598397737e+00
1.019829430794541913e+00
1.019854846296136763e+00
1.019880351219005554e+00
1.019905944668033859e+00
1.019931625737123149e+00
1.019957393509145271e+00
1.019983247055901376e+00
1.020009185438080834e+00
1.020035207705224156e+00
1.020061312895684580e+00
1.020087500036597650e+00
1.020113768143848576e+00
1.020140116222042037e+00
1.020166543264478864e+00
1.020193048253129398e+00
1.020219630158614166e+00
1.020246287940185459e+00
1.020273020545710008e+00
1.020299826911658769e+00
1.020326705963094938e+00
1.020353656613667948e+00
1.020380677765609256e+00
1.020407768309732122e+00
1.020434927125434044e+00
1.020462153080701428e+00
1.020489445032120468e+00
1.020516801824887798e+00
1.020544222292827374e+00
1.020571705258409789e+00
1.020599249532774699e+00
1.020626853915760135e+00
1.020654517195928479e+00
1.020682238150605325e+00
1.020710015545914562e+00
1.020737848136822556e+00
1.020765734667183011e+00
1.020793673869787810e+00
1.020821664466421641e+00
1.020849705167919952e+00
1.020877794674232675e+00
1.020905931674491285e+00
1.020934114847079854e+00
1.020962342859711658e+00
1.020990614369510663e+00
1.021018928023095462e+00
1.021047282456669869e+00
1.021075676296117285e+00
1.021104108157100399e+00
1.021132576645165546e+00
1.021161080355850626e+00
1.021189617874799893e+00
1.021218187777882980e+00
1.021246788631318347e+00
1.021275418991802519e+00
1.021304077406643085e+00
1.021332762413899253e+00
1.021361472542525517e+00
1.021390206312520199e+00
1.021418962235081551e+00
1.021447738812766515e+00
1.021476534539656367e+00
1.021505347901527472e+00
1.021534177376026253e+00
1.021563021432850160e+00
1.021591878533935960e+00
1.021620747133648699e+00
1.021649625678980877e+00
1.021678512609754286e+00
1.021707406358827841e+00
1.021736305352310525e+00
1.021765208009780768e+00
1.021794112744508931e+00
1.021823017963688240e+00
1.021851922068667928e+00
1.021880823455193932e+00
1.021909720513653363e+00
1.021938611629325200e+00
1.021967495182635854e+00
1.021996369549419414e+00
1.022025233101184316e+00
1.022054084205383351e+00
1.022082921225690111e+00
1.022111742522279876e+00
1.022140546452114496e+00
1.022169331369235046e+00
1.022198095625054926e+00
1.022226837568662727e+00
1.022255555547123773e+00
1.022284247905792309e+00
1.022312912988624145e+00
1.022341549138495287e+00
1.022370154697523459e+00
1.022398728007396507e+00
1.022427267409702134e+00
1.022455771246262302e+00
1.022484237859472955e+00
1.022512665592645975e+00
1.022541052790355787e+00
1.022569397798787971e+00
1.022597698966092539e+00
1.022625954642740975e+00
1.022654163181884179e+00
1.022682322939717281e+00
1.022710432275840908e+00
1.022738489553632668e+00
1.022766493140615518e+00
1.022794441408831467e+00
1.022822332735215056e+00
1.022850165501972164e+00
1.022877938096958150e+00
1.022905648914056442e+00
1.022933296353564891e+00
1.022960878822573694e+00
1.022988394735354856e+00
1.023015842513745000e+00
1.023043220587530611e+00
1.023070527394839058e+00
1.023097761382521398e+00
1.023124921006542065e+00
1.023152004732366116e+00
1.023179011035344921e+00
1.023205938401106074e+00
1.023232785325936423e+00
1.023259550317167976e+00
1.023286231893563825e+00
1.023312828585699830e+00
1.023339338936346099e+00
1.023365761500846904e+00
1.023392094847498601e+00
1.023418337557926661e+00
1.023444488227456262e+00
1.023470545465485770e+00
1.023496507895853780e+00
1.023522374157204151e+00
1.023548142903347502e+00
1.023573812803620475e+00
1.023599382543239233e+00
1.023624850823651400e+00
1.023650216362881782e+00
1.023675477895875208e+00
1.023700634174834256e+00
1.023725683969552769e+00
1.023750626067741809e+00
1.023775459275355626e+00
1.023800182416906512e+00
1.023824794335778110e+00
1.023849293894530499e+00
1.023873679975201068e+00
1.023897951479597168e+00
1.023922107329584552e+00
1.023946146467366924e+00
1.023970067855761279e+00
1.023993870478463242e+00
1.024017553340308417e+00
1.024041115467522189e+00
1.024064555907967744e+00
1.024087873731380549e+00
1.024111068029598393e+00
1.024134137916782983e+00
1.024157082529631779e+00
1.024179901027583606e+00
1.024202592593013383e+00
1.024225156431420647e+00
1.024247591771607180e+00
1.024269897865846879e+00
1.024292073990046070e+00
1.024314119443895166e+00
1.024336033551009439e+00
1.024357815659063142e+00
1.024379465139910739e+00
1.024400981389701926e+00
1.024422363828982885e+00
1.024443611902792428e+00
1.024464725080743488e+00
1.024485702857099056e+00
1.024506544750833692e+00
1.024527250305688808e+00
1.024547819090215306e+00
1.024568250697805549e+00
1.024588544746719343e+00
1.024608700880092149e+00
1.024628718765940860e+00
1.024648598097153585e+00
1.024668338591470773e+00
1.024687939991457686e+00
1.024707402064462869e+00
1.024726724602570194e+00
1.024745907422536018e+00
1.024764950365720795e+00
1.024783853298005809e+00
1.024802616109703024e+00
1.024821238715452054e+00
1.024839721054108699e+00
1.024858063088621929e+00
1.024876264805901993e+00
1.024894326216675644e+00
1.024912247355335371e+00
1.024930028279775307e+00
1.024947669071217593e+00
1.024965169834032075e+00
1.024982530695540017e+00
1.024999751805815151e+00
1.025016833337470512e+00
1.025033775485435950e+00
1.025050578466728979e+00
1.025067242520214306e+00
1.025083767906354026e+00
1.025100154906949390e+00
1.025116403824874567e+00
1.025132514983799759e+00
1.025148488727906315e+00
1.025164325421594302e+00
1.025180025449180965e+00
1.025195589214589642e+00
1.025211017141033576e+00
1.025226309670689284e+00
1.025241467264362383e+00
1.025256490401147857e+00
1.025271379578079678e+00
1.025286135309776192e+00
1.025300758128076195e+00
1.025315248581669891e+00
1.025329607235720086e+00
1.025343834671481158e+00
1.025357931485907592e+00
1.025371898291258743e+00
1.025385735714695601e+00
1.025399444397873783e+00
1.025413024996529199e+00
1.025426478180059053e+00
1.025439804631096852e+00
1.025453005045082300e+00
1.025466080129827873e+00
1.025479030605077835e+00
1.025491857202065482e+00
1.025504560663062836e+00
1.025517141740929450e+00
1.025529601198655660e+00
1.025541939808901182e+00
1.025554158353531253e+00
1.025566257623149014e+00
1.025578238416624988e+00
1.025590101540622801e+00
1.025601847809122003e+00
1.025613478042938898e+00
1.025624993069244706e+00
1.025636393721080619e+00
1.025647680836871523e+00
1.025658855259937496e+00
1.025669917838003764e+00
1.025680869422708863e+00
1.025691710869109929e+00
1.025702443035191536e+00
1.025713066781365868e+00
1.025723582969979564e+00
1.025733992464814559e+00
1.025744296130592037e+00
1.025754494832472608e+00
1.025764589435559371e+00
1.025774580804398539e+00
1.025784469802481835e+00
1.025794257291748890e+00
1.025803944132088530e+00
1.025813531180843174e+00
1.025823019292311677e+00
1.025832409317255500e+00
1.025841702102403330e+00
1.025850898489958141e+00
1.025859999317106919e+00
1.025869005415529056e+00
1.025877917610910295e+00
1.025886736722453119e+00
1.025895463562395360e+00
1.025904098935525477e+00
1.025912643638702937e+00
1.025921098460381486e+00
1.025929464180132200e+00
1.025937741568171191e+00
1.025945931384890653e+00
1.025954034380391233e+00
1.025962051294017296e+00
1.025969982853897289e+00
1.025977829776485661e+00
1.025985592766108567e+00
1.025993272514513999e+00
1.026000869700423923e+00
1.026008384989091748e+00
1.026015819031863785e+00
1.026023172465742039e+00
1.026030445912955669e+00
1.026037639980532212e+00
1.026044755259876595e+00
1.026051792326351908e+00
1.026058751738867736e+00
1.026065634039470265e+00
1.026072439752939491e+00
1.026079169386389989e+00
1.026085823428877664e+00
1.026092402351011845e+00
1.026098906604570260e+00
1.026105336622124442e+00
1.026111692816665144e+00
1.026117975581236408e+00
1.026124185288576518e+00
1.026130322290760954e+00
1.026136386918856225e+00
1.026142379482575251e+00
1.026148300269942526e+00
1.026154149546963268e+00
1.026159927557301454e+00
1.026165634521961634e+00
1.026171270638979838e+00
1.026176836083121380e+00
1.026182331005582427e+00
1.026187755533704671e+00
1.026193109770690448e+00
1.026198393795330732e+00
1.026203607661738015e+00
1.026208751399087404e+00
1.026213825011365044e+00
1.026218828477126532e+00
1.026223761749260222e+00
1.026228624754761398e+00
1.026233417394514458e+00
1.026238139543082184e+00
1.026242791048504799e+00
1.026247371732108338e+00
1.026251881388321019e+00
1.026256319784499604e+00
1.026260686660763977e+00
1.026264981729841486e+00
1.026269204676923508e+00
1.026273355159526890e+00
1.026277432807369827e+00
1.026281437222255732e+00
1.026285367977966434e+00
1.026289224620169804e+00
1.026293006666333385e+00
1.026296713605650890e+00
1.026300344898981365e+00
1.026303899978796341e+00
1.026307378249140312e+00
1.026310779085601865e+00
1.026314101835298587e+00
1.026317345816869508e+00
1.026320510320485324e+00
1.026323594607865708e+00
1.026326597912313066e+00
1.026329519438755611e+00
1.026332358363806652e+00
1.026335113835832979e+00
1.026337784975041245e+00
1.026340370873572994e+00
1.026342870595616130e+00
1.026345283177530376e+00
1.026347607627984271e+00
1.026349842928109268e+00
1.026351988031665829e+00
1.026354041865225275e+00
1.026356003328366517e+00
1.026357871293886337e+00
1.026359644608026533e+00
1.026361322090714623e+00
1.026362902535820965e+00
1.026364384711431210e+00
1.026365767360135184e+00
1.026367049199329529e+00
1.026368228921538783e+00
1.026369305194751114e+00
1.026370276662772030e+00
1.026371141945592536e+00
1.026371899639775265e+00
1.026372548318856825e+00
1.026373086533767687e+00
1.026373512813267830e+00
1.026373825664400385e+00
1.026374023572963257e+00
1.026374105003995618e+00
1.026374068402283513e+00
1.026373912192883431e+00
1.026373634781660771e+00
1.026373234555849390e+00
1.026372709884625145e+00
1.026372059119699198e+00
1.026371280595929525e+00
1.026370372631947303e+00
1.026369333530802619e+00
1.026368161580628602e+00
1.026366855055321103e+00
1.026365412215237249e+00
1.026363831307909980e+00
1.026362110568782793e+00
1.026360248221956928e+00
1.026358242480960525e+00
1.026356091549532223e+00
1.026353793622420074e+00
1.026351346886201776e+00
1.026348749520116233e+00
1.026345999696913758e+00
1.026343095583723608e+00
1.026340035342933055e+00
1.026336817133086665e+00
1.026333439109798462e+00
1.026329899426676739e+00
1.026326196236268640e+00
1.026322327691014724e+00
1.026318291944217753e+00
1.026314087151027454e+00
1.026309711469435282e+00
1.026305163061283166e+00
1.026300440093283584e+00
1.026295540738053624e+00
1.026290463175155709e+00
1.026285205592152527e+00
1.026279766185671294e+00
1.026274143162475116e+00
1.026268334740546795e+00
1.026262339150176839e+00
1.026256154635062590e+00
1.026249779453411559e+00
1.026243211879051653e+00
1.026236450202547612e+00
1.026229492732320780e+00
1.026222337795773987e+00
1.026214983740418418e+00
1.026207428935002941e+00
1.026199671770646527e+00
1.026191710661968681e+00
1.026183544048221208e+00
1.026175170394418190e+00
1.026166588192465756e+00
1.026157795962284514e+00
1.026148792252933983e+00
1.026139575643725932e+00
1.026130144745337480e+00
1.026120498200912889e+00
1.026110634687160239e+00
1.026100552915439001e+00
1.026090251632835182e+00
1.026079729623229575e+00
1.026068985708350256e+00
1.026058018748814860e+00
1.026046827645157311e+00
1.026035411338839243e+00
1.026023768813247194e+00
1.026011899094668944e+00
1.025999801253256294e+00
1.025987474403963207e+00
1.025974917707468403e+00
1.025962130371072867e+00
1.025949111649576917e+00
1.025935860846132419e+00
1.025922377313071232e+00
1.025908660452707455e+00
1.025894709718113029e+00
1.025880524613866474e+00
1.025866104696771863e+00
1.025851449576549612e+00
1.025836558916494834e+00
1.025821432434105951e+00
1.025806069901680662e+00
1.025790471146877714e+00
1.025774636053246036e+00
1.025758564560718566e+00
1.025742256666069441e+00
1.025725712423336766e+00
1.025708931944206537e+00
1.025691915398359910e+00
1.025674663013781629e+00
1.025657175077030914e+00
1.025639451933468838e+00
1.025621493987451505e+00
1.025603301702477932e+00
1.025584875601299295e+00
1.025566216265986208e+00
1.025547324337955590e+00
1.025528200517953792e+00
1.025508845565998417e+00
1.025489260301278627e+00
1.025469445602012364e+00
1.025449402405261834e+00
1.025429131706704577e+00
1.025408634560364352e+00
1.025387912078299379e+00
1.025366965430247079e+00
1.025345795843228380e+00
1.025324404601108741e+00
1.025302793044120531e+00
1.025280962568340559e+00
1.025258914625130968e+00
1.025236650720537268e+00
1.025214172414648850e+00
1.025191481320918863e+00
1.025168579105447009e+00
1.025145467486224815e+00
1.025122148232343378e+00
1.025098623163166023e+00
1.025074894147465443e+00
1.025050963102526858e+00
1.025026831993216980e+00
1.025002502831023010e+00
1.024977977673058316e+00
1.024953258621039254e+00
1.024928347820232677e+00
1.024903247458375688e+00
1.024877959764569635e+00
1.024852487008146351e+00
1.024826831497515300e+00
1.024800995578982077e+00
1.024774981635550253e+00
1.024748792085701243e+00
1.024722429382156186e+00
1.024695896010618501e+00
1.024669194488506463e+00
1.024642327363662675e+00
1.024615297213060217e+00
1.024588106641489693e+00
