1.000603444564682754e+00
1.000676900011282511e+00
1.000796879005820816e+00
1.000934606971834784e+00
1.001080195869173295e+00
1.001230913636853792e+00
1.001387593534239784e+00
1.001552033482692394e+00
1.001725193797749824e+00
1.001906536882034793e+00
1.002094390925839074e+00
1.002286797999011769e+00
1.002482085046163318e+00
1.002678668358924385e+00
1.002874362713225054e+00
1.003066064695986581e+00
1.003250515510904162e+00
1.003425945961967436e+00
1.003593427110984981e+00
1.003756720088660792e+00
1.003920622700335219e+00
1.004088996555041469e+00
1.004263617320167334e+00
1.004444180240911866e+00
1.004629134081055586e+00
1.004816647861155765e+00
1.005004990983149549e+00
1.005192149789355005e+00
1.005375290704345170e+00
1.005550973304024431e+00
1.005716464165842261e+00
1.005871435713693973e+00
1.006018679699754115e+00
1.006163094319394435e+00
1.006309632486881878e+00
1.006461562343895721e+00
1.006619835599326329e+00
1.006783539900740543e+00
1.006950900175798802e+00
1.007120059212734065e+00
1.007289101958175781e+00
1.007455526347113661e+00
1.007615999974273091e+00
1.007767138968676868e+00
1.007907170424870325e+00
1.008037329595475651e+00
1.008161745525502750e+00
1.008285749188712721e+00
1.008413786061983952e+00
1.008548136046948596e+00
1.008688824399206929e+00
1.008834418820724554e+00
1.008983026752289680e+00
1.009132757988382645e+00
1.009281426099985168e+00
1.009426050802097130e+00
1.009563059368639548e+00
1.009689579993470643e+00
1.009805165037311658e+00
1.009912578059842359e+00
1.010016837820923552e+00
1.010123145264202327e+00
1.010235059626576559e+00
1.010353775583677782e+00
1.010478515459812821e+00
1.010607520255723424e+00
1.010738872210596107e+00
1.010870582213051705e+00
1.011000094774869407e+00
1.011124025704575935e+00
1.011238894405502187e+00
1.011342771455048029e+00
1.011436733129578158e+00
1.011524842158407544e+00
1.011612503977900701e+00
1.011704343004755868e+00
1.011802841196198788e+00
1.011908174791715354e+00
1.012018973817143230e+00
1.012133332448387435e+00
1.012249322846589639e+00
1.012364740878624492e+00
1.012476604241621558e+00
1.012581303256272713e+00
1.012675846822935766e+00
1.012759602744309539e+00
1.012835175322841064e+00
1.012907542140505601e+00
1.012981997770674658e+00
1.013062270876293525e+00
1.013149720925702324e+00
1.013243671601908424e+00
1.013342387276207957e+00
1.013443929370676955e+00
1.013546295666203578e+00
1.013646945382250752e+00
1.013742501749821834e+00
1.013829422202340069e+00
1.013905620425173737e+00
1.013971977550200299e+00
1.014032429926941870e+00
1.014092392489699623e+00
1.014156614344479568e+00
1.014227743155823980e+00
1.014306088740374090e+00
1.014390342872504291e+00
1.014478599044133844e+00
1.014568913894779767e+00
1.014659094179333643e+00
1.014746186705398401e+00
1.014826572213032296e+00
1.014897155767447323e+00
1.014957117369162942e+00
1.015008879966801114e+00
1.015057347500551543e+00
1.015107876921534480e+00
1.015164343820151194e+00
1.015228260921132941e+00
1.015299051668208996e+00
1.015375009293404185e+00
1.015454184016996830e+00
1.015534573126922968e+00
1.015613666493812683e+00
1.015688113223319977e+00
1.015754325642974631e+00
1.015810068917945896e+00
1.015856023450758094e+00
1.015895981106570201e+00
1.015935343860991713e+00
1.015978967063394300e+00
1.016029653582530390e+00
1.016087844360091808e+00
1.016152296337727190e+00
1.016221108412604712e+00
1.016292328551476221e+00
1.016363782737414123e+00
1.016432558377674544e+00
1.016495040707254827e+00
1.016548043083539632e+00
1.016590561144809612e+00
1.016624827839726519e+00
1.016655656725008017e+00
1.016688450381594722e+00
1.016727220316885116e+00
1.016773628719262579e+00
1.016827200891951222e+00
1.016886263934601908e+00
1.016948861916657565e+00
1.017012996346415177e+00
1.017076194240740250e+00
1.017135140648820268e+00
1.017186214857453308e+00
1.017227041993983949e+00
1.017258100659207631e+00
1.017283027124174843e+00
1.017307195366317085e+00
1.017335555051102736e+00
1.017371058686945773e+00
1.017414278873121525e+00
1.017464041994737389e+00
1.017518457119053865e+00
1.017575566973548007e+00
1.017633220122022397e+00
1.017688550655636570e+00
1.017737958119798058e+00
1.017778174538336078e+00
1.017808015846716874e+00
1.017829519820069084e+00
1.017847397271430365e+00
1.017867083872473266e+00
1.017892719496608311e+00
1.017926114383213232e+00
1.017966898911583318e+00
1.018013438856551156e+00
1.018063775647100488e+00
1.018115916924853703e+00
1.018167429733674689e+00
1.018215041603902637e+00
1.018255108494279249e+00
1.018285123596077479e+00
1.018305364211099295e+00
1.018319302624224099e+00
1.018332272698061924e+00
1.018349309072146713e+00
1.018373510305801588e+00
1.018405582363280271e+00
1.018444425639216000e+00
1.018488163510944622e+00
1.018534835314674591e+00
1.018582313095920622e+00
1.018627780846215858e+00
1.018667659740763121e+00
1.018698609560070967e+00
1.018719271545171834e+00
1.018731484778696572e+00
1.018739847149689570e+00
1.018749816985996315e+00
1.018765656733520597e+00
1.018789324500852356e+00
1.018820559538650139e+00
1.018857770995936107e+00
1.018899000329410054e+00
1.018942261602212795e+00
1.018985162517642928e+00
1.019024477254997452e+00
1.019056546403451780e+00
1.019078738816740604e+00
1.019091131840165865e+00
1.019097027024175706e+00
1.019101707785315725e+00
1.019110285974853980e+00
1.019126003836832162e+00
1.019149703146065677e+00
1.019180363074431162e+00
1.019216125098515224e+00
1.019255026033375922e+00
1.019294960683704065e+00
1.019333164136828174e+00
1.019366084650523696e+00
1.019390317804076851e+00
1.019404335308421228e+00
1.019409775168703458e+00
1.019411113650318113e+00
1.019413822661285662e+00
1.019422282509057531e+00
1.019438599722311434e+00
1.019462626552476880e+00
1.019492820166704838e+00
1.019527224233765406e+00
1.019563858512538168e+00
1.019600370489315733e+00
1.019633583483663619e+00
1.019659829389829131e+00
1.019676359952991662e+00
1.019683054532488864e+00
1.019683038352930726e+00
1.019681535173960985e+00
1.019683727150401342e+00
1.019692998421085406e+00
1.019710329315059560e+00
1.019734782599958312e+00
1.019764521462004137e+00
1.019797580558795103e+00
1.019831875788653086e+00
1.019864693251052890e+00
1.019892512502371451e+00
1.019911872279859022e+00
1.019921080107297984e+00
1.019921571355094203e+00
1.019917692881883609e+00
1.019914921741205571e+00
1.019917751745266443e+00
1.019928438538343141e+00
1.019946951502713306e+00
1.019971800393835393e+00
1.020001033094724896e+00
1.020032673884937013e+00
1.020064408356296415e+00
1.020093110474370013e+00
1.020115109339790882e+00
1.020127546661306894e+00
1.020130106294452554e+00
1.020125732302776145e+00
1.020119580098424183e+00
1.020116895403687440e+00
1.020121202417055617e+00
1.020133622627094061e+00
1.020153307091786088e+00
1.020178444255326111e+00
1.020207066863083156e+00
1.020237109878182835e+00
1.020265909691545847e+00
1.020289980690987530e+00
1.020305811781887506e+00
1.020311551871740718e+00
1.020308432748143534e+00
1.020300664575071181e+00
1.020293721220855154e+00
1.020292205456407419e+00
1.020298522444409217e+00
1.020312762575974919e+00
1.020333492663159314e+00
1.020358766826913843e+00
1.020386612642548041e+00
1.020414751838315315e+00
1.020440110046004767e+00
1.020459019069719142e+00
1.020468517652763252e+00
1.020468097072523950e+00
1.020460515907266608e+00
1.020450852692661226e+00
1.020444409755240978e+00
1.020444849116336927e+00
1.020453435644813833e+00
1.020469413160752126e+00
1.020490998917657599e+00
1.020516224099717206e+00
1.020543040684968039e+00
1.020568834380210399e+00
1.020590157581543256e+00
1.020603456214993709e+00
1.020606726395587138e+00
1.020600995876324024e+00
1.020590331133483852e+00
1.020580194381076611e+00
1.020575292378624210e+00
1.020578179737995139e+00
1.020589071387831170e+00
1.020606595559465202e+00
1.020628814753958391e+00
1.020653758756779883e+00
1.020679183415623470e+00
1.020702066800892371e+00
1.020718748680824461e+00
1.020726171963141082e+00
1.020723638679419398e+00
1.020713718017685068e+00
1.020701403156253573e+00
1.020692045722069619e+00
1.020689442831819171e+00
1.020695004521301685e+00
1.020708071611876822e+00
1.020726893753596265e+00
1.020749501108205282e+00
1.020773860721176041e+00
1.020797406521592565e+00
1.020816731845260783e+00
1.020828246385278248e+00
1.020829799532022797e+00
1.020822215011599310e+00
1.020809408881353075e+00
1.020796823072102066e+00
1.020789262930631436e+00
1.020789431987062290e+00
1.020797672907322484e+00
1.020812679621094343e+00
1.020832525298773774e+00
1.020855241033179261e+00
1.020878614780734051e+00
1.020899677622866264e+00
1.020914782337490223e+00
1.020920783173759672e+00
1.020916796633890344e+00
1.020905199029193522e+00
1.020890889777177790e+00
1.020879262208494787e+00
1.020874245374688627e+00
1.020877395887981764e+00
1.020888155617622806e+00
1.020904810251396455e+00
1.020925389661385685e+00
1.020947874119367160e+00
1.020969744565627835e+00
1.020987637951300320e+00
1.020997934350546199e+00
1.020998342711246343e+00
1.020989483197262571e+00
1.020975115018924573e+00
1.020960651106718631e+00
1.020950989644387352e+00
1.020948982168387031e+00
1.020955102015059346e+00
1.020968113037776348e+00
1.020986101513349009e+00
1.021007099106774119e+00
1.021028923855651804e+00
1.021048660194687097e+00
1.021062678703309246e+00
1.021067752155446762e+00
1.021062815605159990e+00
1.021050049446033059e+00
1.021034251077567845e+00
1.021020847730449876e+00
1.021013896883788075e+00
1.021015102832349308e+00
1.021024012392299563e+00
1.021038950994904049e+00
1.021057949135666165e+00
1.021078998551422146e+00
1.021099625830819146e+00
1.021116513918986834e+00
1.021126019707184973e+00
1.021125718162096518e+00
1.021116026808680743e+00
1.021100541933953387e+00
1.021084638737552730e+00
1.021073302219054568e+00
1.021069530699346917e+00
1.021073930903725557e+00
1.021085340803099317e+00
1.021101862361526891e+00
1.021121527229917891e+00
1.021142181456055287e+00
1.021160962906526581e+00
1.021174264459969727e+00
1.021178784563606445e+00
1.021173281248589415e+00
1.021159736416089370e+00
1.021142837391905811e+00
1.021128037359974039e+00
1.021119518431718776e+00
1.021119133435484327e+00
1.021126537913893628e+00
1.021140100817057750e+00
1.021157854348348604e+00
1.021177800013717718e+00
1.021197508515903074e+00
1.021213710848276390e+00
1.021222746941606196e+00
1.021222064389612161e+00
1.021211879455418359e+00
1.021195619809656341e+00
1.021178614225320747e+00
1.021165928270445278e+00
1.021160705555679282e+00
1.021163688725417629e+00
1.021173794040161287e+00
1.021189141873548589e+00
1.021207763420242332e+00
1.021227530618303403e+00
1.021245634570066230e+00
1.021258494634906810e+00
1.021262742016130431e+00
1.021256962469446972e+00
1.021242937303058040e+00
1.021225235946794596e+00
1.021209329480909034e+00
1.021199520590841292e+00
1.021197811253005128e+00
1.021203969405727552e+00
1.021216411363032872e+00
1.021233172291613256e+00
1.021252261840116304e+00
1.021271293123554802e+00
1.021287046908051721e+00
1.021295852152771966e+00
1.021295035807014084e+00
1.021284614691774895e+00
1.021267842566630168e+00
1.021249993141263968e+00
1.021236206094862098e+00
1.021229768569682061e+00
1.021231561475764327e+00
1.021240583512532218e+00
1.021254976326145147e+00
1.021272770364218152e+00
1.021291861299918224e+00
1.021309493010244207e+00
1.021322115196208635e+00
1.021326298813570066e+00
1.021320462390905792e+00
1.021306185015919077e+00
1.021287910649999020e+00
1.021271120115533115e+00
1.021260232353427000e+00
1.021257398864920507e+00
1.021262503539164257e+00
1.021274013964785343e+00
1.021289969702682932e+00
1.021308387003723395e+00
1.021326919545785694e+00
1.021342399272942902e+00
1.021351149919863754e+00
1.021350384618440632e+00
1.021339922995933458e+00
1.021322840011101185e+00
1.021304345745009723e+00
1.021289647322438654e+00
1.021282173389807646e+00
1.021282945278397136e+00
1.021291048245520416e+00
1.021304648212010058e+00
1.021321774751710709e+00
1.021340345105996583e+00
1.021357655221810656e+00
1.021370188687790170e+00
1.021374463107779240e+00
1.021368735112001991e+00
1.021354380408366458e+00
1.021335710177324385e+00
1.021318206737146905e+00
1.021306400699045991e+00
1.021302593217981780e+00
1.021306787564600471e+00
1.021317506571312483e+00
1.021332795804646310e+00
1.021350676683742353e+00
1.021368841478821565e+00
1.021384174415135515e+00
1.021392999505484678e+00
1.021392422970638147e+00
1.021382069906509482e+00
1.021364831990270172e+00
1.021345847189931266e+00
1.021330383200170111e+00
1.021322007864368997e+00
1.021321884887933962e+00
1.021329190163846601e+00
1.021342117025913154e+00
1.021358694224422603e+00
1.021376858415901756e+00
1.021393956693349425e+00
1.021406509773091109e+00
1.021410988689994914e+00
1.021405493765376482e+00
1.021391196630897946e+00
1.021372268643706338e+00
1.021354185285292093e+00
1.021341583978578438e+00
1.021336915401643175e+00
1.021340305500736623e+00
1.021350336370706380e+00
1.021365061378950667e+00
1.021382505804970586e+00
1.021400398446035584e+00
1.021415676627780655e+00
1.021424669897500914e+00
1.021424384531738117e+00
1.021414254156769674e+00
1.021396983101220179e+00
1.021377628828432194e+00
1.021361512517906744e+00
1.021352338613944477e+00
1.021351414934669855e+00
1.021358012033693363e+00
1.021370353927209429e+00
1.021386468779379664e+00
1.021404310545899641e+00
1.021421276345566787e+00
1.021433926964661287e+00
1.021438693527090269e+00
1.021433525875410142e+00
1.021419391326504611e+00
1.021400314654649533e+00
1.021381756095270932e+00
1.021368454747732191e+00
1.021363010413565808e+00
1.021365674860734041e+00
1.021375093504640841e+00
1.021389329493279430e+00
1.021406410800775877e+00
1.021424100614630959e+00
1.021439389911623863e+00
1.021448618780501638e+00
1.021448700561777390e+00
1.021438880858262399e+00
1.021421673003227504e+00
1.021402045672454406e+00
1.021385366241306603e+00
1.021375472864546330e+00
1.021373818987725501e+00
1.021379773785910494e+00
1.021391595351485826e+00
1.021407311694140674e+00
1.021424892009373586e+00
1.021441782144724364e+00
1.021454585606728749e+00
1.021459700127956616e+00
1.021454931122401044e+00
1.021441041806901762e+00
1.021421903911378770e+00
1.021402953953688186e+00
1.021389027298779117e+00
1.021382872196251235e+00
1.021384869223855851e+00
1.021393731204681909e+00
1.021407533229758524e+00
1.021424304956924489e+00
1.021441841775317938e+00
1.021457188607972633e+00
1.021466700837760033e+00
1.021467205898354491e+00
1.021457765184315747e+00
1.021440697814158582e+00
1.021420875521217742e+00
1.021403704393717859e+00
1.021393153109837471e+00
1.021390822025851852e+00
1.021396182824277243e+00
1.021407531183869510e+00
1.021422895589911839e+00
1.021440258491227659e+00
1.021457113006942308e+00
1.021470107726041077e+00
1.021475613356378265e+00
1.021471297132120037e+00
1.021457718833045147e+00
1.021438590998205109e+00
1.021419317912098723e+00
1.021404825523415383e+00
1.021398009574374210e+00
1.021399382273776801e+00
1.021407727957860834e+00
1.021421136002207852e+00
1.021437636902147394e+00
1.021455056025178720e+00
1.021470492290873278e+00
1.021480320868598746e+00
1.021481290314307788e+00
1.021472281982249264e+00
1.021455417991425918e+00
1.021435465127219944e+00
1.021417860526648624e+00
1.021406699907903670e+00
1.021403731583765406e+00
1.021408533545159036e+00
1.021419442674862843e+00
1.021434488764315862e+00
1.021451665616040394e+00
1.021468512018389951e+00
1.021481723719698476e+00
1.021487650601619279e+00
1.021483828143489925e+00
1.021470613793306503e+00
1.021451555085047591e+00
1.021432015529953219e+00
1.021417005714506221e+00
1.021409567635146010e+00
1.021410347778135774e+00
1.021418206105847215e+00
1.021431248794020252e+00
1.021447506501897529e+00
1.021464832332891870e+00
1.021480379018484319e+00
1.021490545740346256e+00
1.021492009184374883e+00
1.021483475167841881e+00
1.021466866466563594e+00
1.021446837084129644e+00
1.021428847376121052e+00
1.021417116322608898e+00
1.021413540995809388e+00
1.021417809401026222e+00
1.021428303340613519e+00
1.021443054943855566e+00
1.021460067566740237e+00
1.021476923933406944e+00
1.021490368745870736e+00
1.021496737075054284e+00
1.021493439223931432e+00
1.021480631849055687e+00
1.021461692014348666e+00
1.021441933915111067e+00
1.021426446573820979e+00
1.021418416717567279e+00
1.021418627573937199e+00
1.021426018840964067e+00
1.021438716178276529e+00
1.021454749914800120e+00
1.021471998642984547e+00
1.021487668496586343e+00
1.021498186623031046e+00
1.021500164803185395e+00
1.021492138137734429e+00
1.021475828161865884e+00
1.021455768457577129e+00
1.021437434618642559e+00
1.021425164816496256e+00
1.021421005437756602e+00
1.021424758103188335e+00
1.021434853338090587e+00
1.021449326841986416e+00
1.021466189835208649e+00
1.021483067127202826e+00
1.021496753888749831e+00
1.021503576198244723e+00
1.021500825891192399e+00
1.021488460799448550e+00
1.021469682417088132e+00
1.021449747099854033e+00
1.021433815857612837e+00
1.021425218337349561e+00
1.021424876781626079e+00
1.021431814719022224e+00
1.021444180138187940e+00
1.021460002728654448e+00
1.021477184335091382e+00
1.021492983869319637e+00
1.021503860120809515e+00
1.021506366867103166e+00
1.021498873610555247e+00
1.021482899198134842e+00
1.021462849366488346e+00
1.021444206833772794e+00
1.021431424602580407e+00
1.021426698675791389e+00
1.021429947775847502e+00
1.021439655031644245e+00
1.021453861144760999e+00
1.021470583633072859e+00
1.021487487438140995e+00
1.021501419439659442e+00
1.021508702331255236e+00
1.021506516297233880e+00
1.021494622727838530e+00
1.021476042827458075e+00
1.021455966629766454e+00
1.021439620446181973e+00
1.021430474743683980e+00
1.021429592855475299e+00
1.021436086209538185e+00
1.021448128122676380e+00
1.021463747526180077e+00
1.021480867304597639e+00
1.021496798320221666e+00
1.021508034400111953e+00
1.021511078136961848e+00
1.021504138830974462e+00
1.021488531645188935e+00
1.021468527284606687e+00
1.021449607361728962e+00
1.021436335063410805e+00
1.021431056052295450e+00
1.021433809513769830e+00
1.021443135127311441e+00
1.021457080225742109e+00
1.021473667190730517e+00
1.021490599054785786e+00
1.021504775377116925e+00
1.021512520851923789e+00
1.021510910913038472e+00
1.021499513297094097e+00
1.021481164592357382e+00
1.021460980091162263e+00
1.021444244493568743e+00
1.021434566695586188e+00
1.021433152990891102e+00
1.021439206738130601e+00
1.021450929727361512e+00
1.021466350207355545e+00
1.021483409929012875e+00
1.021499470686082711e+00
1.021511064455695283e+00
1.021514649361868088e+00
1.021508280156186110e+00
1.021493067774353447e+00
1.021473140961675963e+00
1.021453971896518098e+00
1.021440229019806356e+00
1.021434407433829294e+00
1.021436670013116332e+00
1.021445616989744121e+00
1.021459304151478786e+00
1.021475757453305988e+00
1.021492715904557702e+00
1.021507132451469735e+00
1.021515338940942819e+00
1.021514313018822451e+00
1.021503431948331375e+00
1.021485343780714317e+00
1.021465080733179764e+00
1.021447978765303244e+00
1.021437782518428872e+00
1.021435842902878033e+00
1.021441459189966761e+00
1.021452864925439741e+00
1.021468087949370052e+00
1.021485086758424199e+00
1.021501272879979716e+00
1.021513219269502226e+00
1.021517346177996277e+00
1.021511559698183191e+00
1.021496766446197135e+00
1.021476946557972720e+00
1.021457554369261000e+00
1.021443358365585308e+00
1.021437002600036781e+00
1.021438776717358721e+00
1.021447345547677354e+00
1.021460775348259631e+00
1.021477094509769756e+00
1.021494075846453242e+00
1.021508726143335100e+00
1.021517389309274160e+00
1.021516952203922912e+00
1.021506605175553473e+00
1.021488804233823711e+00
1.021468490294908937e+00
1.021451043244305135e+00
1.021440340491021281e+00
1.021437878996879878e+00
1.021443057866954884e+00
1.021454145813232905e+00
1.021469170741669430e+00
1.021486105840812897e+00
1.021502411008110567e+00
1.021514702721325829e+00
1.021519369816210165e+00
1.021514175830971372e+00
1.021499823418435149e+00
1.021480137753327133e+00
1.021460546859517482e+00
1.021445913783186388e+00
1.021439030765869616e+00
1.021440317148597732e+00
1.021448506436621662e+00
1.021461677557645498e+00
1.021477860362012713e+00
1.021494859254346466e+00
1.021509735062585023e+00
1.021518848415311487e+00
1.021519002404919219e+00
1.021509204386322978e+00
1.021491715248825205e+00
1.021471376512070206e+00
1.021453604462158715e+00
1.021442406003491898e+00
1.021439425355558539e+00
1.021444165305796847e+00
1.021454933261389364e+00
1.021469757871250827e+00
1.021486625041904128e+00
1.021503041525003486e+00
1.021515669581129604e+00
1.021520872934069679e+00
1.021516278864391669e+00
1.021502386862171097e+00
1.021482861105667883e+00
1.021463094796797977e+00
1.021448039789739859e+00
1.021440635474247127e+00
1.021441433649107999e+00
1.021449240591453034e+00
1.021462150281464698e+00
1.021478193222786768e+00
1.021495203168289567e+00
1.021510294954080855e+00
1.021519850327126777e+00
1.021520595626782102e+00
1.021511359483092463e+00
1.021494205020092139e+00
1.021473866418423970e+00
1.021455788661563835e+00
1.021444104582488244e+00
1.021440606628815084e+00
1.021444905035066686e+00
1.021455349540789204e+00
1.021469970418241946e+00
1.021486764410709736e+00
1.021503283469574530e+00
1.021516237617074108e+00
1.021521971598098766e+00
1.021517982902544031e+00
1.021504569096868931e+00
1.021485227662116468e+00
1.021465308448086917e+00
1.021449846102316039e+00
1.021441925840813170e+00
1.021442234507697222e+00
1.021449655256389644e+00
1.021462299676673346e+00
1.021478198295861617e+00
1.021495211960201432e+00
1.021510509249734078e+00
1.021520497162744512e+00
1.021521832273588837e+00
1.021513169085527251e+00
1.021496370752876359e+00
1.021476056350408168e+00
1.021457691692675418e+00
1.021445531680676755e+00
1.021441517718276959e+00
1.021445371156709969e+00
1.021455487802687800e+00
1.021469900635414652e+00
1.021486615458548908e+00
1.021503227644015688e+00
1.021516496675518582e+00
1.021522754267020439e+00
1.021519374732091201e+00
1.021506455384056267e+00
1.021487321657484237e+00
1.021467271521169451e+00
1.021451416147098445e+00
1.021442984970480250e+00
1.021442802285458473e+00
1.021449832221769549e+00
1.021462206704273123e+00
1.021477955837341689e+00
1.021494965307633063e+00
1.021510456955379897e+00
1.021520866891791224e+00
1.021522788867085918e+00
1.021514708167130969e+00
1.021498286217632945e+00
1.021478019418623040e+00
1.021459386402195690e+00
1.021446759984624642e+00
1.021442231005524670e+00
1.021445635496392335e+00
1.021455419152617061e+00
1.021469618946195590e+00
1.021486248081126647e+00
1.021502943460111057e+00
1.021516515452631335e+00
1.021523288490649328e+00
1.021520520450249325e+00
1.021508110484735665e+00
1.021489207000371158e+00
1.021469047579199430e+00
1.021452813403186166e+00
1.021443876231716619e+00
1.021443200022106979e+00
1.021449833964008125e+00
1.021461933203804628e+00
1.021477527164779797e+00
1.021494524137363413e+00
1.021510198529304247e+00
1.021521019150457565e+00
1.021523523800144106e+00
1.021516033748350871e+00
1.021500007382360353e+00
1.021479811078683575e+00
1.021460928142925884e+00
1.021447844863984766e+00
1.021442801742193041e+00
1.021445752936021467e+00
1.021455197926543157e+00
1.021469179164834706e+00
1.021485715722480148e+00
1.021502484046922010e+00
1.021516346546686105e+00
1.021523625908645538e+00
1.021521470411771215e+00
1.021509583554922163e+00
1.021490932116409400e+00
1.021470684831219833e+00
1.021454086140896944e+00
1.021444647943637651e+00
1.021443475873157869e+00
1.021449708234203779e+00
1.021461526434116918e+00
1.021476959150007247e+00
1.021493935069953451e+00
1.021509780278770041e+00
1.021520999591315260e+00
1.021524081641823400e+00
1.021517189158039685e+00
1.021501576630013508e+00
1.021481473303681664e+00
1.021462358901237266e+00
1.021448828454672553e+00
1.021443272089898047e+00
1.021445765411702622e+00
1.021454865647875021e+00
1.021468622412677885e+00
1.021485059250108574e+00
1.021501890084539177e+00
1.021516030251094165e+00
1.021523806004523083e+00
1.021522262945657955e+00
1.021510911825373347e+00
1.021492533590071528e+00
1.021472219735404474e+00
1.021455270986741048e+00
1.021445336903503698e+00
1.021443666601031364e+00
1.021449491513999330e+00
1.021461022494572157e+00
1.021476287605443289e+00
1.021493233770641496e+00
1.021509237675552573e+00
1.021520843164621217e+00
1.021524496386295500e+00
1.021518207251133514e+00
1.021503025944447529e+00
1.021483037737352717e+00
1.021463710417207960e+00
1.021449742746492362e+00
1.021443674176206073e+00
1.021445704939141219e+00
1.021454454023191349e+00
1.021467980084317162e+00
1.021484309890996478e+00
1.021501192709572514e+00
1.021515597429834443e+00
1.021523858952554820e+00
1.021522927175203099e+00
1.021512123395091676e+00
1.021494038930610415e+00
1.021473679736615736e+00
1.021456395632710512e+00
1.021445971068376535e+00
1.021443800229998367e+00
1.021449211644835042e+00
1.021460448929100817e+00
1.021475539862608972e+00
1.021492447501671119e+00
1.021508597881954472e+00
1.021520576618978993e+00
1.021524793929888819e+00
1.021519112863199519e+00
1.021504379341975355e+00
1.021484528101471501e+00
1.021465006567439993e+00
1.021450611941732589e+00
1.021444032429733806e+00
1.021445595926218530e+00
1.021453987233090555e+00
1.021467276116754475e+00
1.021483491478456740e+00
1.021500415739121204e+00
1.021515071718854806e+00
1.021523807798001116e+00
1.021523485178658319e+00
1.021513239372758619e+00
1.021495468693188302e+00
1.021475085366267299e+00
1.021457480914846006e+00
1.021446571612903975e+00
1.021443898083998381e+00
1.021448889846730435e+00
1.021459826726399900e+00
