1.000603444564682754e+00
1.000677404858184349e+00
1.000799760499956337e+00
1.000943524939149842e+00
1.001099469300403833e+00
1.001263071363660995e+00
1.001431604270753173e+00
1.001603210788958975e+00
1.001776532626046823e+00
1.001950533586130287e+00
1.002124403018115117e+00
1.002297497462510956e+00
1.002469302564548359e+00
1.002639406710953640e+00
1.002807481946780488e+00
1.002973269684026780e+00
1.003136569712163917e+00
1.003297231561854241e+00
1.003455147584640050e+00
1.003610247302379577e+00
1.003762492704865394e+00
1.003911874260124959e+00
1.004058407463964908e+00
1.004202129801453847e+00
1.004343098027785430e+00
1.004481385702223228e+00
1.004617080928456030e+00
1.004750284269126048e+00
1.004881106812663294e+00
1.005009668377812915e+00
1.005136095846234312e+00
1.005260521616915703e+00
1.005383082178445964e+00
1.005503916796738784e+00
1.005623166316861994e+00
1.005740972078257522e+00
1.005857474942865704e+00
1.005972814435476925e+00
1.006087127994991892e+00
1.006200550334206412e+00
1.006313212904310639e+00
1.006425243458609842e+00
1.006536765708200942e+00
1.006647899060615803e+00
1.006758758430965184e+00
1.006869454113966444e+00
1.006980091704570146e+00
1.007090772054713756e+00
1.007201591254060835e+00
1.007312640623366118e+00
1.007424006710314401e+00
1.007535771279176817e+00
1.007648011287348044e+00
1.007760798843665206e+00
1.007874201145264825e+00
1.007988280391534985e+00
1.008103093675408291e+00
1.008218692853752430e+00
1.008335124399952765e+00
1.008452429242888471e+00
1.008570642597418132e+00
1.008689793792191924e+00
1.008809906101114651e+00
1.008930996585120310e+00
1.009053075951073852e+00
1.009176148434632214e+00
1.009300211713755058e+00
1.009425256859271425e+00
1.009551268328485740e+00
1.009678224007243941e+00
1.009806095305152640e+00
1.009934847307807360e+00
1.010064438988860225e+00
1.010194823483633098e+00
1.010325948424708464e+00
1.010457756338552837e+00
1.010590185100783689e+00
1.010723168446169495e+00
1.010856636527956542e+00
1.010990516519625571e+00
1.011124733250792662e+00
1.011259209867706232e+00
1.011393868507707960e+00
1.011528630976169740e+00
1.011663419413825871e+00
1.011798156942107063e+00
1.011932768274095062e+00
1.012067180279023315e+00
1.012201322488883726e+00
1.012335127536605039e+00
1.012468531516447889e+00
1.012601474258647549e+00
1.012733899511917723e+00
1.012865755029105586e+00
1.012996992553072850e+00
1.013127567701662901e+00
1.013257439752387468e+00
1.013386571329198294e+00
1.013514927995321280e+00
1.013642477757676463e+00
1.013769190489809402e+00
1.013895037281553391e+00
1.014019989724830317e+00
1.014144019146082432e+00
1.014267095796837603e+00
1.014389188014855225e+00
1.014510261369200084e+00
1.014630277803474367e+00
1.014749194792272213e+00
1.014866964526766058e+00
1.014983533146099681e+00
1.015098840032012895e+00
1.015212817184726335e+00
1.015325388698601117e+00
1.015436470356329668e+00
1.015545969360369893e+00
1.015653784219908040e+00
1.015759804810711930e+00
1.015863912623769405e+00
1.015965981216454761e+00
1.016065876877097818e+00
1.016163459510173617e+00
1.016258583744866995e+00
1.016351100264520690e+00
1.016440857348508420e+00
1.016527702611523365e+00
1.016611484918289676e+00
1.016692056444561398e+00
1.016769274848258853e+00
1.016843005508016873e+00
1.016913123780712525e+00
1.016979517225020224e+00
1.017042087735130718e+00
1.017100753527754975e+00
1.017155450926683802e+00
1.017206135892634977e+00
1.017252785251917313e+00
1.017295397585463057e+00
1.017333993749747645e+00
1.017368617012656351e+00
1.017399332799905132e+00
1.017426228060572146e+00
1.017449410272990740e+00
1.017469006123993713e+00
1.017485159904661263e+00
1.017498031673816916e+00
1.017507795246104685e+00
1.017514636064386302e+00
1.017518749016374180e+00
1.017520336253005864e+00
1.017519605061381949e+00
1.017516765838567094e+00
1.017512030204697382e+00
1.017505609285212165e+00
1.017497712183156988e+00
1.017488544653892824e+00
1.017478307986571462e+00
1.017467198089723857e+00
1.017455404772431127e+00
1.017443111207882778e+00
1.017430493562707650e+00
1.017417720773153622e+00
1.017404954447927112e+00
1.017392348877090402e+00
1.017380051126707485e+00
1.017368201199774003e+00
1.017356932245220058e+00
1.017346370798310806e+00
1.017336637037503655e+00
1.017327845044652790e+00
1.017320103057338887e+00
1.017313513703964833e+00
1.017308174214106131e+00
1.017304176598327947e+00
1.017301607793350993e+00
1.017300549769955875e+00
1.017301079602401126e+00
1.017303269499374885e+00
1.017307186797591134e+00
1.017312893920082395e+00
1.017320448302067915e+00
1.017329902287945842e+00
1.017341303003548081e+00
1.017354692208272127e+00
1.017370106132094332e+00
1.017387575302814540e+00
1.017407124369134719e+00
1.017428771925394715e+00
1.017452530343957662e+00
1.017478405621331738e+00
1.017506397244170024e+00
1.017536498081266227e+00
1.017568694307536603e+00
1.017602965365789647e+00
1.017639283971735864e+00
1.017677616167249832e+00
1.017717921426285921e+00
1.017760152817111186e+00
1.017804257223607900e+00
1.017850175627349918e+00
1.017897843450966011e+00
1.017947190961983051e+00
1.017998143734934136e+00
1.018050623168039071e+00
1.018104547049266895e+00
1.018159830165107138e+00
1.018216384943987585e+00
1.018274122124963599e+00
1.018332951441223377e+00
1.018392782307034672e+00
1.018453524496125917e+00
1.018515088799146318e+00
1.018577387647798149e+00
1.018640335693505428e+00
1.018703850329067517e+00
1.018767852142616226e+00
1.018832265294340678e+00
1.018897017807809613e+00
1.018962041769278848e+00
1.019027273430054947e+00
1.019092653208756971e+00
1.019158125592115383e+00
1.019223638934749321e+00
1.019289145160073184e+00
1.019354599366171232e+00
1.019419959341987703e+00
1.019485185000641225e+00
1.019550237737963716e+00
1.019615079725568085e+00
1.019679673148842003e+00
1.019743979401276146e+00
1.019807958247478608e+00
1.019871566968126642e+00
1.019934759500968902e+00
1.019997485592833097e+00
1.020059689978415562e+00
1.020121311602404379e+00
1.020182282902226234e+00
1.020242529169332890e+00
1.020301968007442772e+00
1.020360508906435815e+00
1.020418052950604615e+00
1.020474492679601664e+00
1.020529712119593979e+00
1.020583587000760240e+00
1.020635985175242233e+00
1.020686767246910431e+00
1.020735787420798957e+00
1.020782894575725130e+00
1.020827933558501543e+00
1.020870746692299047e+00
1.020911175485248901e+00
1.020949062518446304e+00
1.020984253485395454e+00
1.021016599347842169e+00
1.021045958566296097e+00
1.021072199357626165e+00
1.021095201927381346e+00
1.021114860621265663e+00
1.021131085938831839e+00
1.021143806353240535e+00
1.021152969883978745e+00
1.021158545374862392e+00
1.021160523437294909e+00
1.021158917028467839e+00
1.021153761645476887e+00
1.021145115128814007e+00
1.021133057081627715e+00
1.021117687923978057e+00
1.021099127613289248e+00
1.021077514072712855e+00
1.021053001377618008e+00
1.021025757756482744e+00
1.020995963465857415e+00
1.020963808599703260e+00
1.020929490891431701e+00
1.020893213562629631e+00
1.020855183266201616e+00
1.020815608163951449e+00
1.020774696170077434e+00
1.020732653383138011e+00
1.020689682720329561e+00
1.020645982759765369e+00
1.020601746789219000e+00
1.020557162053680633e+00
1.020512409189172853e+00
1.020467661826617078e+00
1.020423086347040265e+00
1.020378841767956901e+00
1.020335079740207096e+00
1.020291944634711623e+00
1.020249573699361978e+00
1.020208097267457426e+00
1.020167639000598481e+00
1.020128316150666237e+00
1.020090239827326606e+00
1.020053515259407684e+00
1.020018242040368950e+00
1.019984514349939531e+00
1.019952421145775112e+00
1.019922046320663966e+00
1.019893468822359761e+00
1.019866762734553012e+00
1.019841997318756022e+00
1.019819237018016578e+00
1.019798541424350891e+00
1.019779965212638473e+00
1.019763558044430196e+00
1.019749364445730944e+00
1.019737423663316100e+00
1.019727769504558568e+00
1.019720430166092484e+00
1.019715428056911843e+00
1.019712779621742449e+00
1.019712495170687738e+00
1.019714578721273579e+00
1.019719027859071758e+00
1.019725833623071010e+00
1.019734980421868276e+00
1.019746445986547734e+00
1.019760201365829122e+00
1.019776210968605046e+00
1.019794432658432726e+00
1.019814817903809789e+00
1.019837311987185302e+00
1.019861854274633828e+00
1.019888378546939700e+00
1.019916813391543498e+00
1.019947082653402060e+00
1.019979105941337671e+00
1.020012799184958796e+00
1.020048075235731933e+00
1.020084844504373756e+00
1.020123015625411078e+00
1.020162496138605768e+00
1.020203193176004719e+00
1.020245014142687534e+00
1.020287867378864899e+00
1.020331662790896932e+00
1.020376312438994404e+00
1.020421731069910187e+00
1.020467836583735410e+00
1.020514550425032585e+00
1.020561797889849576e+00
1.020609508341704164e+00
1.020657615331288959e+00
1.020706056616406787e+00
1.020754774080453009e+00
1.020803713549554459e+00
1.020852824510232404e+00
1.020902059731118694e+00
1.020951374793827693e+00
1.021000727539548070e+00
1.021050077439235704e+00
1.021099384896521300e+00
1.021148610493550102e+00
1.021197714190998695e+00
1.021246654494471606e+00
1.021295387600375415e+00
1.021343866535250111e+00
1.021392040303372717e+00
1.021439853058268898e+00
1.021487243314566751e+00
1.021534143217357471e+00
1.021580477886888882e+00
1.021626164856932917e+00
1.021671113625505001e+00
1.021715225336665478e+00
1.021758392611849864e+00
1.021800499548430885e+00
1.021841421901948266e+00
1.021881027466543301e+00
1.021919176665515572e+00
1.021955723360559176e+00
1.021990515884035222e+00
1.022023398293688601e+00
1.022054211843460791e+00
1.022082796657714399e+00
1.022108993589297299e+00
1.022132646234779951e+00
1.022153603073070460e+00
1.022171719686852498e+00
1.022186861020212056e+00
1.022198903620839872e+00
1.022207737811666739e+00
1.022213269735064767e+00
1.022215423213115537e+00
1.022214141370082707e+00
1.022209387968210148e+00
1.022201148415250005e+00
1.022189430411456712e+00
1.022174264214863681e+00
1.022155702515936682e+00
1.022133819925636677e+00
1.022108712093819705e+00
1.022080494487090929e+00
1.022049300866073818e+00
1.022015281510948004e+00
1.021978601250662644e+00
1.021939437355110281e+00
1.021897977350696651e+00
1.021854416818217981e+00
1.021808957228015347e+00
1.021761803861436224e+00
1.021713163860143769e+00
1.021663244436366247e+00
1.021612251268289917e+00
1.021560387095995948e+00
1.021507850525059879e+00
1.021454835037511000e+00
1.021401528203504050e+00
1.021348111081944898e+00
1.021294757794416252e+00
1.021241635254039437e+00
1.021188903029291772e+00
1.021136713322075895e+00
1.021085211039404861e+00
1.021034533938741884e+00
1.020984812828142019e+00
1.020936171803816350e+00
1.020888728509415255e+00
1.020842594403138293e+00
1.020797875020670098e+00
1.020754670223825267e+00
1.020713074426657929e+00
1.020673176792568082e+00
1.020635061397651810e+00
1.020598807357108395e+00
1.020564488912967693e+00
1.020532175482705695e+00
1.020501931669474338e+00
1.020473817235665326e+00
1.020447887042420732e+00
1.020424190958414634e+00
1.020402773741872604e+00
1.020383674900301241e+00
1.020366928532836726e+00
1.020352563160475512e+00
1.020340601549743376e+00
1.020331060535591972e+00
1.020323950849505223e+00
1.020319276958908450e+00
1.020317036924060616e+00
1.020317222278600777e+00
1.020319817939835394e+00
1.020324802154693344e+00
1.020332146486969904e+00
1.020341815851085077e+00
1.020353768597026534e+00
1.020367956650448882e+00
1.020384325711057638e+00
1.020402815511393779e+00
1.020423360136999635e+00
1.020445888407653712e+00
1.020470324317995114e+00
1.020496587534380994e+00
1.020524593943328284e+00
1.020554256245401747e+00
1.020585484586953529e+00
1.020618187220797335e+00
1.020652271185710447e+00
1.020687642993667765e+00
1.020724209312991793e+00
1.020761877635115500e+00
1.020800556912520030e+00
1.020840158155547961e+00
1.020880594976270039e+00
1.020921784068351545e+00
1.020963645612919857e+00
1.021006103601723503e+00
1.021049086070370038e+00
1.021092525236080295e+00
1.021136357536143846e+00
1.021180523565051956e+00
1.021224967910105530e+00
1.021269638887032372e+00
1.021314488178861168e+00
1.021359470382870782e+00
1.021404542471920918e+00
1.021449663177820710e+00
1.021494792305630561e+00
1.021539889988923200e+00
1.021584915897070012e+00
1.021629828406587892e+00
1.021674583749482945e+00
1.021719135152417968e+00
1.021763431981366654e+00
1.021807418907243248e+00
1.021851035108803485e+00
1.021894213529849882e+00
1.021936880208457410e+00
1.021978953696482506e+00
1.022020344587986074e+00
1.022060955175317698e+00
1.022100679251392474e+00
1.022139402076038817e+00
1.022177000523131873e+00
1.022213343423452159e+00
1.022248292115725432e+00
1.022281701215083105e+00
1.022313419604135909e+00
1.022343291647035191e+00
1.022371158621296461e+00
1.022396860355901715e+00
1.022420237057409143e+00
1.022441131298721162e+00
1.022459390138005908e+00
1.022474867328425852e+00
1.022487425573078479e+00
1.022496938774358988e+00
1.022503294223109149e+00
1.022506394670857910e+00
1.022506160228399796e+00
1.022502530036184520e+00
1.022495463656533321e+00
1.022484942144562758e+00
1.022470968763689481e+00
1.022453569322366196e+00
1.022432792120802958e+00
1.022408707509305348e+00
1.022381407072803672e+00
1.022351002468524062e+00
1.022317623954902110e+00
1.022281418659120922e+00
1.022242548637671167e+00
1.022201188788728121e+00
1.022157524676778895e+00
1.022111750328901669e+00
1.022064066058572473e+00
1.022014676367269503e+00
1.021963787966902348e+00
1.021911607957774137e+00
1.021858342187941249e+00
1.021804193810972095e+00
1.021749362050705656e+00
1.021694041173995871e+00
1.021638419665884978e+00
1.021582679596291676e+00
1.021526996163179213e+00
1.021471537394263995e+00
1.021416463987490308e+00
1.021361929269638757e+00
1.021308079252364109e+00
1.021255052765528415e+00
1.021202981648739128e+00
1.021151990983416802e+00
1.021102199349359863e+00
1.021053719091567169e+00
1.021006656584964034e+00
1.020961112486563183e+00
1.020917181966469744e+00
1.020874954910941934e+00
1.020834516092440136e+00
1.020795945303196728e+00
1.020759317450313119e+00
1.020724702611723878e+00
1.020692166053537298e+00
1.020661768210321174e+00
1.020633564630771595e+00
1.020607605891976633e+00
1.020583937486134962e+00
1.020562599684105898e+00
1.020543627380633867e+00
1.020527049926448937e+00
1.020512890952748775e+00
1.020501168193816977e+00
1.020491893313722587e+00
1.020485071743188144e+00
1.020480702532786665e+00
1.020478778228652850e+00
1.020479284776817153e+00
1.020482201462126870e+00
1.020487500887440557e+00
1.020495148998412427e+00
1.020505105158638015e+00
1.020517322279292038e+00
1.020531747006534484e+00
1.020548319969021955e+00
1.020566976086703548e+00
1.020587644940857963e+00
1.020610251203935448e+00
1.020634715126338410e+00
1.020660953075760435e+00
1.020688878123221510e+00
1.020718400668469084e+00
1.020749429096059924e+00
1.020781870452220241e+00
1.020815631131560597e+00
1.020850617561930074e+00
1.020886736875183942e+00
1.020923897551423210e+00
1.020962010024354161e+00
1.021000987235836543e+00
1.021040745128401594e+00
1.021081203065519860e+00
1.021122284170660865e+00
1.021163915577637749e+00
1.021206028586358894e+00
1.021248558719841659e+00
1.021291445680135190e+00
1.021334633202609421e+00
1.021378068809833284e+00
1.021421703467975117e+00
1.021465491150264304e+00
1.021509388313554201e+00
1.021553353295404420e+00
1.021597345640353538e+00
1.021641325365212349e+00
1.021685252174255432e+00
1.021729084636170626e+00
1.021772779335546666e+00
1.021816290012556028e+00
1.021859566705348499e+00
1.021902554910493421e+00
1.021945194777619026e+00
1.021987420355151777e+00
1.022029158904752322e+00
1.022070330302623065e+00
1.022110846546266272e+00
1.022150611385443275e+00
1.022189520095932780e+00
1.022227459414127404e+00
1.022264307649440873e+00
1.022299934989844727e+00
1.022334204013509495e+00
1.022366970416441090e+00
1.022398083962120729e+00
1.022427389654469554e+00
1.022454729130013451e+00
1.022479942258956997e+00
1.022502868938194753e+00
1.022523351052226026e+00
1.022541234570788937e+00
1.022556371745092063e+00
1.022568623358147910e+00
1.022577860979279052e+00
1.022583969168753271e+00
1.022586847576085534e+00
1.022586412875099438e+00
1.022582600480625770e+00
1.022575365995834984e+00
1.022564686345641460e+00
1.022550560560234967e+00
1.022533010183273028e+00
1.022512079291173048e+00
1.022487834122713934e+00
1.022460362331147010e+00
1.022429771883550442e+00
1.022396189643580477e+00
1.022359759683446390e+00
1.022320641378395623e+00
1.022279007341900581e+00
1.022235041261885469e+00
1.022188935697783574e+00
1.022140889895131188e+00
1.022091107669150123e+00
1.022039795401782358e+00
1.021987160188497779e+00
1.021933408162383650e+00
1.021878743014154711e+00
1.021823364718176474e+00
1.021767468466840523e+00
1.021711243808848923e+00
1.021654873981398204e+00
1.021598535421900600e+00
1.021542397441744132e+00
1.021486622042594217e+00
1.021431363854679031e+00
1.021376770176331661e+00
1.021322981094489712e+00
1.021270129666852267e+00
1.021218342147720115e+00
1.021167738241179235e+00
1.021118431367037394e+00
1.021070528926813825e+00
1.021024132558957964e+00
1.020979338374366385e+00
1.020936237165079419e+00
1.020894914580775747e+00
1.020855451269317316e+00
1.020817922979082581e+00
1.020782400622191055e+00
1.020748950298931312e+00
1.020717633284764947e+00
1.020688505982201288e+00
1.020661619840619094e+00
1.020637021247781551e+00
1.020614751397335596e+00
1.020594846137057754e+00
1.020577335802984376e+00
1.020562245044885019e+00
1.020549592648785975e+00
1.020539391362463189e+00
1.020531647729964186e+00
1.020526361941316740e+00
1.020523527703604438e+00
1.020523132139544487e+00
1.020525155719559152e+00
1.020529572233096260e+00
1.020536348804585769e+00
1.020545445958922492e+00
1.020556817740728039e+00
1.020570411890849627e+00
1.020586170082604216e+00
1.020604028219187498e+00
1.020623916792427366e+00
1.020645761301719689e+00
1.020669482730546029e+00
1.020694998076476567e+00
1.020722220929070057e+00
1.020751062088603334e+00
1.020781430217192920e+00
1.020813232512611801e+00
1.020846375394057759e+00
1.020880765188276307e+00
1.020916308803895500e+00
1.020952914381535681e+00
1.020990491907312947e+00
1.021028953777693093e+00
1.021068215304328231e+00
1.021108195148453079e+00
1.021148815675621657e+00
1.021190003223004794e+00
1.021231688273052551e+00
1.021273805529051337e+00
1.021316293889886095e+00
1.021359096323133375e+00
1.021402159637379903e+00
1.021445434156394771e+00
1.021488873299401412e+00
1.021532433073219170e+00
1.021576071483450754e+00
1.021619747873155237e+00
1.021663422198640259e+00
1.021707054253051972e+00
1.021750602849455625e+00
1.021794024976011128e+00
1.021837274936749917e+00
1.021880303492300079e+00
1.021923057015759140e+00
1.021965476679704388e+00
1.022007497691116429e+00
1.022049048591684661e+00
1.022090050641580206e+00
1.022130417305208594e+00
1.022170053857688332e+00
1.022208857130706861e+00
1.022246715415934926e+00
1.022283508543207375e+00
1.022319108149151390e+00
1.022353378149721603e+00
1.022386175427167698e+00
1.022417350738219266e+00
1.022446749845750791e+00
1.022474214870850329e+00
1.022499585856209370e+00
1.022522702525124005e+00
1.022543406213404893e+00
1.022561541944331243e+00
1.022576960609781871e+00
1.022589521214174013e+00
1.022599093132193548e+00
1.022605558326929120e+00
1.022608813472241529e+00
1.022608771922392856e+00
1.022605365473299166e+00
1.022598545863460995e+00
1.022588285968646815e+00
1.022574580652627407e+00
1.022557447246431828e+00
1.022536925640266325e+00
1.022513077984901209e+00
1.022485988012324931e+00
1.022455759998148528e+00
1.022422517399891984e+00
1.022386401215354512e+00
1.022347568113151084e+00
1.022306188392900106e+00
1.022262443835211920e+00
1.022216525501572493e+00
1.022168631541577000e+00
1.022118965060083262e+00
1.022067732090158776e+00
1.022015139709711029e+00
1.021961394330976880e+00
1.021906700183133232e+00
1.021851257999669027e+00
1.021795263914220264e+00
1.021738908561604653e+00
1.021682376374980494e+00
1.021625845065482707e+00
1.021569485267339150e+00
1.021513460329246392e+00
1.021457926231596147e+00
1.021403031608780765e+00
1.021348917856173655e+00
1.021295719302252714e+00
1.021243563427633561e+00
1.021192571114346359e+00
1.021142856910436603e+00
1.021094529296834086e+00
1.021047690945314557e+00
1.021002438958281466e+00
1.020958865082909339e+00
1.020917055893961756e+00
1.020877092941235187e+00
1.020839052859102036e+00
1.020803007437018906e+00
1.020769023651091123e+00
1.020737163657885027e+00
1.020707484752620964e+00
1.020680039294689756e+00
1.020654874604116413e+00
1.020632032833178382e+00
1.020611550817851487e+00
1.020593459914160395e+00
1.020577785824837713e+00
1.020564548421955431e+00
1.020553761571414642e+00
1.020545432965329402e+00
1.020539563968449137e+00
1.020536149484801758e+00
1.020535177850707687e+00
1.020536630760190411e+00
1.020540483228591144e+00
1.020546703599849447e+00
1.020555253602452028e+00
1.020566088458422005e+00
1.020579157048971286e+00
1.020594402139512802e+00
1.020611760665660839e+00
1.020631164080644027e+00
1.020652538763220818e+00
1.020675806483773096e+00
1.020700884924758522e+00
1.020727688250210985e+00
1.020756127717488582e+00
1.020786112323083028e+00
1.020817549473006070e+00
1.020850345667196235e+00
1.020884407186481990e+00
1.020919640770042491e+00
1.020955954270957200e+00
1.020993257277429844e+00
1.021031461687559538e+00
1.021070482226138054e+00
1.021110236892857959e+00
1.021150647332472294e+00
1.021191639118839367e+00
1.021233141946356948e+00
1.021275089723986174e+00
1.021317420568843559e+00
1.021360076698147434e+00
1.021403004220093225e+00
1.021446152825966402e+00
1.021489475387447499e+00
1.021532927464608331e+00
1.021576466731517918e+00
1.021620052327676609e+00
1.021663644144696459e+00
1.021707202058722341e+00
1.021750685120095259e+00
1.021794050712710344e+00
1.021837253696394221e+00
1.021880245546511023e+00
1.021922973505828836e+00
1.021965379764495863e+00
1.022007400684760370e+00
1.022048966087781618e+00
1.022089998620508977e+00
1.022130413221082224e+00
1.022170116701473841e+00
1.022209007466069242e+00
1.022246975384486278e+00
1.022283901836067876e+00
1.022319659942053871e+00
1.022354114999363350e+00
1.022387125127112828e+00
1.022418542133414432e+00
1.022448212605608919e+00
1.022475979221915132e+00
1.022501682276570234e+00
1.022525161404018057e+00
1.022546257480764442e+00
1.022564814676358846e+00
1.022580682617910686e+00
1.022593718625924186e+00
1.022603789973397515e+00
1.022610776115500997e+00
1.022614570834046388e+00
1.022615084239754557e+00
1.022612244576271312e+00
1.022605999773118945e+00
1.022596318700367490e+00
1.022583192085638526e+00
1.022566633063901165e+00
1.022546677341933385e+00
1.022523382971866734e+00
1.022496829741197155e+00
1.022467118199450242e+00
1.022434368353576595e+00
1.022398718074553514e+00
1.022360321265997296e+00
1.022319345851466998e+00
1.022275971640327574e+00
1.022230388132473244e+00
1.022182792320041944e+00
1.022133386539749722e+00
1.022082376423072203e+00
1.022029968983720005e+00
1.021976370873233897e+00
1.021921786826603507e+00
1.021866418311113911e+00
1.021810462383527573e+00
1.021754110753548161e+00
1.021697549045475162e+00
1.021640956245164045e+00
1.021584504315817599e+00
1.021528357963730205e+00
1.021472674533717484e+00
1.021417604013476144e+00
1.021363289126355323e+00
1.021309865492808999e+00
1.021257461842031145e+00
1.021206200256801866e+00
1.021156196436289854e+00
1.021107559963400746e+00
1.021060394565155960e+00
1.021014798356465469e+00
1.020970864059514982e+00
1.020928679192755872e+00
1.020888326225149134e+00
1.020849882692875576e+00
1.020813421277115385e+00
1.020779009842787133e+00
1.020746711439231458e+00
1.020716584264818483e+00
1.020688681598274972e+00
1.020663051700238633e+00
1.020639737689148507e+00
1.020618777396061549e+00
1.020600203203405609e+00
1.020584041873013881e+00
1.020570314369066089e+00
1.020559035681776860e+00
1.020550214657851562e+00
1.020543853843832061e+00
1.020539949348519881e+00
1.020538490730629633e+00
1.020539460917737173e+00
1.020542836162373845e+00
1.020548586040807448e+00
1.020556673499599221e+00
1.020567054954447883e+00
1.020579680445086845e+00
1.020594493849118267e+00
1.020611433156618508e+00
1.020630430806175770e+00
1.020651414081705788e+00
1.020674305567986773e+00
1.020699023661376215e+00
1.020725483130674682e+00
1.020753595721610951e+00
1.020783270797006592e+00
1.020814416003370972e+00
1.020846937953546085e+00
1.020880742914097583e+00
1.020915737485469377e+00
1.020951829262547461e+00
1.020988927463188478e+00
1.021026943512507890e+00
1.021065791571279746e+00
1.021105388997630925e+00
1.021145656732349583e+00
1.021186519599458276e+00
1.021227906515261186e+00
1.021269750600736215e+00
1.021311989193920189e+00
1.021354563760738632e+00
1.021397419704524800e+00
1.021440506076215282e+00
1.021483775188891219e+00
1.021527182141871659e+00
1.021570684261031037e+00
1.021614240463329937e+00
1.021657810554753354e+00
1.021701354471964196e+00
1.021744831478991866e+00
1.021788199331233438e+00
1.021831413419933554e+00
1.021874425911193818e+00
1.021917184894384434e+00
1.021959633555665992e+00
1.022001709393109969e+00
1.022043343490634193e+00
1.022084459868634720e+00
1.022124974929677466e+00
1.022164797017952376e+00
1.022203826111210967e+00
1.022241953663594494e+00
1.022279062616989087e+00
1.022315027597223258e+00
1.022349715309481155e+00
1.022382985144629552e+00
1.022414690004734616e+00
1.022444677351796116e+00
1.022472790478697657e+00
1.022498869995594584e+00
1.022522755518552096e+00
1.022544287540352315e+00
1.022563309456273162e+00
1.022579669710525607e+00
1.022593224022320335e+00
1.022603837644512126e+00
1.022611387602893274e+00
1.022615764860782983e+00
1.022616876352001380e+00
1.022614646825817264e+00
1.022609020450288675e+00
1.022599962125561035e+00
1.022587458466122978e+00
1.022571518420514858e+00
1.022552173508150641e+00
1.022529477665274689e+00
1.022503506705040088e+00
1.022474357409550505e+00
1.022442146283841335e+00
1.022407008012478524e+00
1.022369093668216822e+00
1.022328568728496201e+00
1.022285610959270397e+00
1.022240408226587904e+00
1.022193156294644245e+00
1.022144056664930911e+00
1.022093314505016393e+00
1.022041136707931841e+00
1.021987730114623849e+00
1.021933299923034166e+00
1.021878048298594743e+00
1.021822173192676875e+00
1.021765867368198855e+00
1.021709317625328906e+00
1.021652704215188390e+00
1.021596200425666900e+00
1.021539972320823830e+00
1.021484178613802474e+00
1.021428970652533685e+00
1.021374492497610476e+00
1.021320881072425468e+00
1.021268266366825106e+00
1.021216771676991319e+00
1.021166513865982228e+00
1.021117603631165105e+00
1.021070145766670878e+00
1.021024239410895262e+00
1.020979978270920574e+00
1.020937450817525072e+00
1.020896740446136874e+00
1.020857925600656468e+00
1.020821079858512004e+00
1.020786271976601434e+00
1.020753565898922410e+00
1.020723020727690056e+00
1.020694690660596038e+00
1.020668624897598464e+00
1.020644867521244059e+00
1.020623457355030350e+00
1.020604427804745251e+00
1.020587806688076027e+00
1.020573616058058075e+00
1.020561872026175987e+00
1.020552584591101652e+00
1.020545757479179194e+00
1.020541388002839334e+00
1.020539466943104934e+00
1.020539978462278619e+00
1.020542900052709090e+00
1.020548202527247206e+00
1.020555850056569902e+00
1.020565800258007805e+00
1.020578004339787626e+00
1.020592407303749338e+00
1.020608948208582056e+00
1.020627560494464126e+00
1.020648172368704643e+00
1.020670707250598719e+00
1.020695084272233322e+00
1.020721218830491051e+00
1.020749023183993742e+00
1.020778407087304496e+00
1.020809278453369329e+00
1.020841544034012616e+00
1.020875110107335892e+00
1.020909883160143750e+00
1.020945770553088883e+00
1.020982681156082261e+00
1.021020525941699120e+00
1.021059218524802858e+00
1.021098675637393649e+00
1.021138817528776332e+00
1.021179568282429839e+00
1.021220856042487801e+00
1.021262613144384934e+00
1.021304776145984583e+00
1.021347285757299606e+00
1.021390086668723551e+00
1.021433127279442576e+00
1.021476359329386074e+00
1.021519737439654518e+00
1.021563218567826059e+00
1.021606761385898121e+00
1.021650325589843256e+00
1.021693871150888056e+00
1.021737357519649336e+00
1.021780742795235009e+00
1.021823982872313241e+00
1.021867030580035696e+00
1.021909834827541275e+00
1.021952339771590834e+00
1.021994484022680449e+00
1.022036199906725340e+00
1.022077412800070029e+00
1.022118040556124097e+00
1.022157993042271729e+00
1.022197171805801830e+00
1.022235469887355475e+00
