1.000603444564682754e+00
1.000677454311307724e+00
1.000800038348743426e+00
1.000944410027314380e+00
1.001101568891973770e+00
1.001267200012152969e+00
1.001438766182749962e+00
1.001614585779650124e+00
1.001793461523727835e+00
1.001974501359364389e+00
1.002157019505978131e+00
1.002340476258342328e+00
1.002524438804948792e+00
1.002708554502070637e+00
1.002892532038973439e+00
1.003076127852849053e+00
1.003259136158685116e+00
1.003441381527961918e+00
1.003622713293951474e+00
1.003803001281397878e+00
1.003982132505339742e+00
1.004160008584959574e+00
1.004336543689335670e+00
1.004511662882362044e+00
1.004685300770153500e+00
1.004857400380136045e+00
1.005027912219664810e+00
1.005196793475480854e+00
1.005364007325066700e+00
1.005529522338068471e+00
1.005693311951132429e+00
1.005855354003337254e+00
1.006015630322241394e+00
1.006174126352691101e+00
1.006330830822156130e+00
1.006485735437584683e+00
1.006638834609728361e+00
1.006790125201630026e+00
1.006939606298549617e+00
1.007087278997067292e+00
1.007233146211469421e+00
1.007377212495812469e+00
1.007519483880302769e+00
1.007659967720806238e+00
1.007798672560465736e+00
1.007935608002514138e+00
1.008070784593479763e+00
1.008204213716048958e+00
1.008335907490931493e+00
1.008465878687107686e+00
1.008594140639901049e+00
1.008720707176341991e+00
1.008845592547330750e+00
1.008968811366126594e+00
1.009090378552722100e+00
1.009210309283680385e+00
1.009328618947033407e+00
1.009445323101860525e+00
1.009560437442180492e+00
1.009673977764812491e+00
1.009785959940878719e+00
1.009896399890629404e+00
1.010005313561302298e+00
1.010112716907725527e+00
1.010218625875412446e+00
1.010323056385886265e+00
1.010426024324012850e+00
1.010527545527115212e+00
1.010627635775674049e+00
1.010726310785421411e+00
1.010823586200658930e+00
1.010919477588637649e+00
1.011014000434856897e+00
1.011107170139150746e+00
1.011199002012441728e+00
1.011289511274054975e+00
1.011378713049502220e+00
1.011466622368645485e+00
1.011553254164171411e+00
1.011638623270314064e+00
1.011722744421766462e+00
1.011805632252742004e+00
1.011887301296141128e+00
1.011967765982799250e+00
1.012047040640782658e+00
1.012125139494723047e+00
1.012202076665168482e+00
1.012277866167947238e+00
1.012352521913535419e+00
1.012426057706425908e+00
1.012498487244503753e+00
1.012569824118420225e+00
1.012640081810979975e+00
1.012709273696541068e+00
1.012777413040435004e+00
1.012844512998411384e+00
1.012910586616118103e+00
1.012975646828619292e+00
1.013039706459960332e+00
1.013102778222783495e+00
1.013164874717999986e+00
1.013226008434523706e+00
1.013286191749068976e+00
1.013345436926013310e+00
1.013403756117329468e+00
1.013461161362584573e+00
1.013517664589008493e+00
1.013573277611626189e+00
1.013628012133454659e+00
1.013681879745762071e+00
1.013734891928380399e+00
1.013787060050072020e+00
1.013838395368942713e+00
1.013888909032897301e+00
1.013938612080127921e+00
1.013987515439636722e+00
1.014035629931775429e+00
1.014082966268809116e+00
1.014129535055484865e+00
1.014175346789610188e+00
1.014220411862627902e+00
1.014264740560187006e+00
1.014308343062701345e+00
1.014351229445893621e+00
1.014393409681319635e+00
1.014434893636869228e+00
1.014475691077243003e+00
1.014515811664397527e+00
1.014555264957964553e+00
1.014594060415635379e+00
1.014632207393514784e+00
1.014669715146442996e+00
1.014706592828287013e+00
1.014742849492197951e+00
1.014778494090842642e+00
1.014813535476606798e+00
1.014847982401771542e+00
1.014881843518669280e+00
1.014915127379818482e+00
1.014947842438041370e+00
1.014979997046570714e+00
1.015011599459141767e+00
1.015042657830083517e+00
1.015073180214401738e+00
1.015103174567866251e+00
1.015132648747100186e+00
1.015161610509678569e+00
1.015190067514236461e+00
1.015218027320591965e+00
1.015245497389887230e+00
1.015272485084750098e+00
1.015298997669476844e+00
1.015325042310243342e+00
1.015350626075343765e+00
1.015375755935456814e+00
1.015400438763949698e+00
1.015424681337210977e+00
1.015448490335020937e+00
1.015471872340960813e+00
1.015494833842856437e+00
1.015517381233263183e+00
1.015539520809991547e+00
1.015561258776671139e+00
1.015582601243356642e+00
1.015603554227175298e+00
1.015624123653015909e+00
1.015644315354259142e+00
1.015664135073550467e+00
1.015683588463613063e+00
1.015702681088104686e+00
1.015721418422512956e+00
1.015739805855093936e+00
1.015757848687850018e+00
1.015775552137548443e+00
1.015792921336777788e+00
1.015809961335045974e+00
1.015826677099914477e+00
1.015843073518170270e+00
1.015859155397035307e+00
1.015874927465410638e+00
1.015890394375155825e+00
1.015905560702401456e+00
1.015920430948894060e+00
1.015935009543373457e+00
1.015949300842975189e+00
1.015963309134667814e+00
1.015977038636710184e+00
1.015990493500135816e+00
1.016003677810260797e+00
1.016016595588209448e+00
1.016029250792461536e+00
1.016041647320411245e+00
1.016053789009944586e+00
1.016065679641023234e+00
1.016077322937279703e+00
1.016088722567616065e+00
1.016099882147807332e+00
1.016110805242102400e+00
1.016121495364823879e+00
1.016131955981960155e+00
1.016142190512749677e+00
1.016152202331250809e+00
1.016161994767898813e+00
1.016171571111042615e+00
1.016180934608460262e+00
1.016190088468851949e+00
1.016199035863302402e+00
1.016207779926715959e+00
1.016216323759218776e+00
1.016224670427523735e+00
1.016232822966259830e+00
1.016240784379260909e+00
1.016248557640811345e+00
1.016256145696849522e+00
1.016263551466124682e+00
1.016270777841306039e+00
1.016277827690044155e+00
1.016284703855982574e+00
1.016291409159719050e+00
1.016297946399714380e+00
1.016304318353150826e+00
1.016310527776737693e+00
1.016316577407464949e+00
1.016322469963306219e+00
1.016328208143867151e+00
1.016333794630986720e+00
1.016339232089284783e+00
1.016344523166661906e+00
1.016349670494750779e+00
1.016354676689321224e+00
1.016359544350636135e+00
1.016364276063768113e+00
1.016368874398868583e+00
1.016373341911399830e+00
1.016377681142324185e+00
1.016381894618259896e+00
1.016385984851596147e+00
1.016389954340579882e+00
1.016393805569367981e+00
1.016397541008049465e+00
1.016401163112641282e+00
1.016404674325059432e+00
1.016408077073062355e+00
1.016411373770177651e+00
1.016414566815604381e+00
1.016417658594100493e+00
1.016420651475852255e+00
1.016423547816329487e+00
1.016426349956129016e+00
1.016429060220804370e+00
1.016431680920689029e+00
1.016434214350708576e+00
1.016436662790187961e+00
1.016439028502651443e+00
1.016441313735620078e+00
1.016443520720405003e+00
1.016445651671897821e+00
1.016447708788361215e+00
1.016449694251219338e+00
1.016451610224847979e+00
1.016453458856367176e+00
1.016455242275434490e+00
1.016456962594044278e+00
1.016458621906326742e+00
1.016460222288353199e+00
1.016461765797946448e+00
1.016463254474495592e+00
1.016464690338774401e+00
1.016466075392771007e+00
1.016467411619517591e+00
1.016468700982931628e+00
1.016469945427662447e+00
1.016471146878945131e+00
1.016472307242461959e+00
1.016473428404212065e+00
1.016474512230391980e+00
1.016475560567278613e+00
1.016476575241127556e+00
1.016477558058078046e+00
1.016478510804063706e+00
1.016479435244738827e+00
1.016480333125411306e+00
1.016481206170984031e+00
1.016482056085909136e+00
1.016482884554151589e+00
1.016483693239162767e+00
1.016484483783864690e+00
1.016485257810646248e+00
1.016486016921368307e+00
1.016486762697381918e+00
1.016487496699556292e+00
1.016488220468318104e+00
1.016488935523701898e+00
1.016489643365413809e+00
1.016490345472902845e+00
1.016491043305446151e+00
1.016491738302244707e+00
1.016492431882531022e+00
1.016493125445685042e+00
1.016493820371364709e+00
1.016494518019645188e+00
1.016495219731167854e+00
1.016495926827301499e+00
1.016496640610313751e+00
1.016497362363548707e+00
1.016498093351620113e+00
1.016498834820607877e+00
1.016499587998267451e+00
1.016500354094245662e+00
1.016501134300304976e+00
1.016501929790556868e+00
1.016502741721699854e+00
1.016503571233266623e+00
1.016504419447876284e+00
1.016505287471493046e+00
1.016506176393689564e+00
1.016507087287915834e+00
1.016508021211772972e+00
1.016508979207287888e+00
1.016509962301195724e+00
1.016510971505221628e+00
1.016512007816365859e+00
1.016513072217191116e+00
1.016514165676111192e+00
1.016515289147679191e+00
1.016516443572877515e+00
1.016517629879406748e+00
1.016518848981973644e+00
1.016520101782579566e+00
1.016521389170805367e+00
1.016522712024095387e+00
1.016524071208039670e+00
1.016525467576650854e+00
1.016526901972641950e+00
1.016528375227697234e+00
1.016529888162740480e+00
1.016531441588199636e+00
1.016533036304265947e+00
1.016534673101150421e+00
1.016536352759332296e+00
1.016538076049806172e+00
1.016539843734319826e+00
1.016541656565610907e+00
1.016543515287632982e+00
1.016545420635781127e+00
1.016547373337106652e+00
1.016549374110529591e+00
1.016551423667043430e+00
1.016553522709913393e+00
1.016555671934868954e+00
1.016557872030290577e+00
1.016560123677389793e+00
1.016562427550383063e+00
1.016564784316658754e+00
1.016567194636938565e+00
1.016569659165433848e+00
1.016572178549992156e+00
1.016574753432243128e+00
1.016577384447733046e+00
1.016580072226056508e+00
1.016582817390981219e+00
1.016585620560567449e+00
1.016588482347281719e+00
1.016591403358104051e+00
1.016594384194630774e+00
1.016597425453170889e+00
1.016600527724839109e+00
1.016603691595640901e+00
1.016606917646554642e+00
1.016610206453608445e+00
1.016613558587950994e+00
1.016616974615919489e+00
1.016620455099100928e+00
1.016624000594391619e+00
1.016627611654049579e+00
1.016631288825744495e+00
1.016635032652603687e+00
1.016638843673251635e+00
1.016642722421850165e+00
1.016646669428130867e+00
1.016650685217424854e+00
1.016654770310692069e+00
1.016658925224541932e+00
1.016663150471255772e+00
1.016667446558803700e+00
1.016671813990858375e+00
1.016676253266806995e+00
1.016680764881760402e+00
1.016685349326558185e+00
1.016690007087774239e+00
1.016694738647716090e+00
1.016699544484426010e+00
1.016704425071677464e+00
1.016709380878969338e+00
1.016714412371519938e+00
1.016719520010259448e+00
1.016724704251818379e+00
1.016729965548516468e+00
1.016735304348349800e+00
1.016740721094977262e+00
1.016746216227703892e+00
1.016751790181465331e+00
1.016757443386810067e+00
1.016763176269882107e+00
1.016768989252401667e+00
1.016774882751645848e+00
1.016780857180428876e+00
1.016786912947082788e+00
1.016793050455435665e+00
1.016799270104792763e+00
1.016805572289914972e+00
1.016811957400998612e+00
1.016818425823656113e+00
1.016824977938895369e+00
1.016831614123099969e+00
1.016838334748011885e+00
1.016845140180711260e+00
1.016852030783599314e+00
1.016859006914381691e+00
1.016866068926051803e+00
1.016873217166875509e+00
1.016880451980378242e+00
1.016887773705329234e+00
1.016895182675731313e+00
1.016902679220809347e+00
1.016910263665000258e+00
1.016917936327944361e+00
1.016925697524478700e+00
1.016933547564630835e+00
1.016941486753613288e+00
1.016949515391822434e+00
1.016957633774834280e+00
1.016965842193406910e+00
1.016974140933478488e+00
1.016982530276172803e+00
1.016991010497800829e+00
1.016999581869867164e+00
1.017008244659077354e+00
1.017016999127345001e+00
1.017025845531802197e+00
1.017034784124810631e+00
1.017043815153972464e+00
1.017052938862146316e+00
1.017062155487459929e+00
1.017071465263327479e+00
1.017080868418466899e+00
1.017090365176916755e+00
1.017099955758058005e+00
1.017109640376632651e+00
1.017119419242765721e+00
1.017129292561987253e+00
1.017139260535255829e+00
1.017149323358982338e+00
1.017159481225053952e+00
1.017169734320860552e+00
1.017180082829317822e+00
1.017190526928896777e+00
1.017201066793647524e+00
1.017211702593227240e+00
1.017222434492926819e+00
1.017233262653698844e+00
1.017244187232183794e+00
1.017255208380738463e+00
1.017266326247462160e+00
1.017277540976224692e+00
1.017288852706692559e+00
1.017300261574356046e+00
1.017311767710555648e+00
1.017323371242506713e+00
1.017335072293326093e+00
1.017346870982056117e+00
1.017358767423689692e+00
1.017370761729192274e+00
1.017382854005526305e+00
1.017395044355671185e+00
1.017407332878646375e+00
1.017419719669530043e+00
1.017432204819479047e+00
1.017444788415746704e+00
1.017457470541700104e+00
1.017470251276836768e+00
1.017483130696798188e+00
1.017496108873384930e+00
1.017509185874568178e+00
1.017522361764502614e+00
1.017535636603534854e+00
1.017549010448212776e+00
1.017562483351293512e+00
1.017576055361748999e+00
1.017589726524771754e+00
1.017603496881777092e+00
1.017617366470406459e+00
1.017631335324527431e+00
1.017645403474233490e+00
1.017659570945842251e+00
1.017673837761891242e+00
1.017688203941133462e+00
1.017702669498532719e+00
1.017717234445253638e+00
1.017731898788654110e+00
1.017746662532275970e+00
1.017761525675830558e+00
1.017776488215188735e+00
1.017791550142365109e+00
1.017806711445502499e+00
1.017821972108855277e+00
1.017837332112770943e+00
1.017852791433671245e+00
1.017868350044029757e+00
1.017884007912353006e+00
1.017899765003153378e+00
1.017915621276928473e+00
1.017931576690133344e+00
1.017947631195154301e+00
1.017963784740281374e+00
1.017980037269679450e+00
1.017996388723358514e+00
1.018012839037141903e+00
1.018029388142634772e+00
1.018046035967191898e+00
1.018062782433882152e+00
1.018079627461454528e+00
1.018096570964302838e+00
1.018113612852427519e+00
1.018130753031399660e+00
1.018147991402321484e+00
1.018165327861787262e+00
1.018182762301844679e+00
1.018200294609952206e+00
1.018217924668938235e+00
1.018235652356959342e+00
1.018253477547457209e+00
1.018271400109115321e+00
1.018289419905813897e+00
1.018307536796586366e+00
1.018325750635572735e+00
1.018344061271974743e+00
1.018362468550009448e+00
1.018380972308860599e+00
1.018399572382634011e+00
1.018418268600306487e+00
1.018437060785679860e+00
1.018455948757331253e+00
1.018474932328564009e+00
1.018494011307357727e+00
1.018513185496318751e+00
1.018532454692630651e+00
1.018551818688001376e+00
1.018571277268614628e+00
1.018590830215077458e+00
1.018610477302369643e+00
1.018630218299790613e+00
1.018650052970909492e+00
1.018669981073510922e+00
1.018690002359543989e+00
1.018710116575070490e+00
1.018730323460209419e+00
1.018750622749087675e+00
1.018771014169784772e+00
1.018791497444281102e+00
1.018812072288404202e+00
1.018832738411775685e+00
1.018853495517759056e+00
1.018874343303404650e+00
1.018895281459398117e+00
1.018916309670006681e+00
1.018937427613025637e+00
1.018958634959725940e+00
1.018979931374799808e+00
1.019001316516309652e+00
1.019022790035633008e+00
1.019044351577411911e+00
1.019066000779498715e+00
1.019087737272903915e+00
1.019109560681744409e+00
1.019131470623190872e+00
1.019153466707415578e+00
1.019175548537540887e+00
1.019197715709588614e+00
1.019219967812427186e+00
1.019242304427722567e+00
1.019264725129885862e+00
1.019287229486024238e+00
1.019309817055890965e+00
1.019332487391835240e+00
1.019355240038752886e+00
1.019378074534039058e+00
1.019400990407538066e+00
1.019423987181496072e+00
1.019447064370515132e+00
1.019470221481503902e+00
1.019493458013633447e+00
1.019516773458289949e+00
1.019540167299030298e+00
1.019563639011537903e+00
1.019587188063577177e+00
1.019610813914951564e+00
1.019634516017460690e+00
1.019658293814858396e+00
1.019682146742810991e+00
1.019706074228857950e+00
1.019730075692371729e+00
1.019754150544518678e+00
1.019778298188221743e+00
1.019802518018122939e+00
1.019826809420548042e+00
1.019851171773471066e+00
1.019875604446479400e+00
1.019900106800742279e+00
1.019924678188976808e+00
1.019949317955418433e+00
1.019974025435791187e+00
1.019998799957277047e+00
1.020023640838491730e+00
1.020048547389454718e+00
1.020073518911566834e+00
1.020098554697586035e+00
1.020123654031603655e+00
1.020148816189025309e+00
1.020174040436550467e+00
1.020199326032153131e+00
1.020224672225068074e+00
1.020250078255771742e+00
1.020275543355972925e+00
1.020301066748596774e+00
1.020326647647777918e+00
1.020352285258849134e+00
1.020377978778336470e+00
1.020403727393952131e+00
1.020429530284593378e+00
1.020455386620338523e+00
1.020481295562449819e+00
1.020507256263373241e+00
1.020533267866744698e+00
1.020559329507396029e+00
1.020585440311362113e+00
1.020611599395893077e+00
1.020637805869464509e+00
1.020664058831795451e+00
1.020690357373862156e+00
1.020716700577919189e+00
1.020743087517520298e+00
1.020769517257543058e+00
1.020795988854213743e+00
1.020822501355136858e+00
1.020849053799326667e+00
1.020875645217240280e+00
1.020902274630813400e+00
1.020928941053500294e+00
1.020955643490314646e+00
1.020982380937873080e+00
1.021009152384442675e+00
1.021035956809990264e+00
1.021062793186234607e+00
1.021089660476702576e+00
1.021116557636783995e+00
1.021143483613797143e+00
1.021170437347048265e+00
1.021197417767901072e+00
1.021224423799845571e+00
1.021251454358569788e+00
1.021278508352037706e+00
1.021305584680566092e+00
1.021332682236907985e+00
1.021359799906336630e+00
1.021386936566735404e+00
1.021414091088686860e+00
1.021441262335570643e+00
1.021468449163658088e+00
1.021495650422216350e+00
1.021522864953611442e+00
1.021550091593415921e+00
1.021577329170520798e+00
1.021604576507249895e+00
1.021631832419477526e+00
1.021659095716749510e+00
1.021686365202409075e+00
1.021713639673723195e+00
1.021740917922014935e+00
1.021768198732798894e+00
1.021795480885918206e+00
1.021822763155687541e+00
1.021850044311037209e+00
1.021877323115662373e+00
1.021904598328175595e+00
1.021931868702260493e+00
1.021959132986832941e+00
1.021986389926202055e+00
1.022013638260235169e+00
1.022040876724528813e+00
1.022068104050579906e+00
1.022095318965961841e+00
1.022122520194503892e+00
1.022149706456472851e+00
1.022176876468760653e+00
1.022204028945071563e+00
1.022231162596115350e+00
1.022258276129803356e+00
1.022285368251446336e+00
1.022312437663956519e+00
1.022339483068053001e+00
1.022366503162470019e+00
1.022393496644167232e+00
1.022420462208544656e+00
1.022447398549659603e+00
1.022474304360446062e+00
1.022501178332938299e+00
1.022528019158496004e+00
1.022554825528033451e+00
1.022581596132249082e+00
1.022608329661859772e+00
1.022635024807837745e+00
1.022661680261648831e+00
1.022688294715492496e+00
1.022714866862547201e+00
1.022741395397214648e+00
1.022767879015367587e+00
1.022794316414601612e+00
1.022820706294484516e+00
1.022847047356812755e+00
1.022873338305865687e+00
1.022899577848663810e+00
1.022925764695228334e+00
1.022951897558841639e+00
1.022977975156309283e+00
1.023003996208225352e+00
1.023029959439235359e+00
1.023055863578304470e+00
1.023081707358983516e+00
1.023107489519678559e+00
1.023133208803918226e+00
1.023158863960627274e+00
1.023184453744392375e+00
1.023209976915737673e+00
1.023235432241394127e+00
1.023260818494571511e+00
1.023286134455231755e+00
1.023311378910360503e+00
1.023336550654238453e+00
1.023361648488715137e+00
1.023386671223478706e+00
1.023411617676328822e+00
1.023436486673446444e+00
1.023461277049664053e+00
1.023485987648734774e+00
1.023510617323601934e+00
1.023535164936663744e+00
1.023559629360042855e+00
1.023584009475847267e+00
1.023608304176437001e+00
1.023632512364683667e+00
1.023656632954230927e+00
1.023680664869753176e+00
1.023704607047211113e+00
1.023728458434105981e+00
1.023752217989730706e+00
1.023775884685420579e+00
1.023799457504797950e+00
1.023822935444019366e+00
1.023846317512014048e+00
1.023869602730723916e+00
1.023892790135338071e+00
1.023915878774526167e+00
1.023938867710667111e+00
1.023961756020073111e+00
1.023984542793213048e+00
1.024007227134930309e+00
1.024029808164656608e+00
1.024052285016623376e+00
1.024074656840067155e+00
1.024096922799432541e+00
1.024119082074569365e+00
1.024141133860926756e+00
1.024163077369741659e+00
1.024184911828223132e+00
1.024206636479732424e+00
1.024228250583955724e+00
1.024249753417076914e+00
1.024271144271938772e+00
1.024292422458204621e+00
1.024313587302511319e+00
1.024334638148618248e+00
1.024355574357550758e+00
1.024376395307737386e+00
1.024397100395141758e+00
1.024417689033389145e+00
1.024438160653886598e+00
1.024458514705937295e+00
1.024478750656850012e+00
1.024498867992039486e+00
1.024518866215124557e+00
1.024538744848018101e+00
1.024558503431009626e+00
1.024578141522843655e+00
1.024597658700790337e+00
1.024617054560711171e+00
1.024636328717115408e+00
1.024655480803213337e+00
1.024674510470960032e+00
1.024693417391095096e+00
1.024712201253173305e+00
1.024730861765589696e+00
1.024749398655598664e+00
1.024767811669325734e+00
1.024786100571770664e+00
1.024804265146807225e+00
1.024822305197174543e+00
1.024840220544460223e+00
1.024858011029079030e+00
1.024875676510242695e+00
1.024893216865925716e+00
1.024910631992820731e+00
1.024927921806289444e+00
1.024945086240307113e+00
1.024962125247397493e+00
1.024979038798564668e+00
1.024995826883215999e+00
1.025012489509077085e+00
1.025029026702104495e+00
1.025045438506386519e+00
1.025061724984040801e+00
1.025077886215104872e+00
1.025093922297418914e+00
1.025109833346502741e+00
1.025125619495427687e+00
1.025141280894678708e+00
1.025156817712014945e+00
1.025172230132318507e+00
1.025187518357441707e+00
1.025202682606047411e+00
1.025217723113438062e+00
1.025232640131388262e+00
1.025247433927961360e+00
1.025262104787328488e+00
1.025276653009575600e+00
1.025291078910508968e+00
1.025305382821452671e+00
1.025319565089041873e+00
1.025333626075010551e+00
1.025347566155972112e+00
1.025361385723197571e+00
1.025375085182386403e+00
1.025388664953433837e+00
1.025402125470191272e+00
1.025415467180223361e+00
1.025428690544560872e+00
1.025441796037447340e+00
1.025454784146079934e+00
1.025467655370351894e+00
1.025480410222581185e+00
1.025493049227245379e+00
1.025505572920702768e+00
1.025517981850916360e+00
1.025530276577170774e+00
1.025542457669786245e+00
1.025554525709828191e+00
1.025566481288813891e+00
1.025578325008416503e+00
1.025590057480163075e+00
1.025601679325132132e+00
1.025613191173647243e+00
1.025624593664967055e+00
1.025635887446972205e+00
1.025647073175851354e+00
1.025658151515782324e+00
1.025669123138611472e+00
1.025679988723532166e+00
1.025690748956757936e+00
1.025701404531197181e+00
1.025711956146121429e+00
1.025722404506835828e+00
1.025732750324345188e+00
1.025742994315019585e+00
1.025753137200257292e+00
1.025763179706146833e+00
1.025773122563128581e+00
1.025782966505653260e+00
1.025792712271840212e+00
1.025802360603134566e+00
1.025811912243963731e+00
1.025821367941393447e+00
1.025830728444780737e+00
1.025839994505429731e+00
1.025849166876244833e+00
1.025858246311383226e+00
1.025867233565908254e+00
1.025876129395442593e+00
1.025884934555819861e+00
1.025893649802739116e+00
1.025902275891414916e+00
1.025910813576232261e+00
1.025919263610399534e+00
1.025927626745601895e+00
1.025935903731656440e+00
1.025944095316164706e+00
1.025952202244170053e+00
1.025960225257814384e+00
1.025968165095993312e+00
1.025976022494015982e+00
1.025983798183262685e+00
1.025991492890847123e+00
1.025999107339275795e+00
1.026006642246112044e+00
1.026014098323639878e+00
1.026021476278529798e+00
1.026028776811505505e+00
1.026036000617013944e+00
1.026043148382893788e+00
1.026050220790049483e+00
1.026057218512125058e+00
1.026064142215179942e+00
1.026070992557367667e+00
1.026077770188615013e+00
1.026084475750305369e+00
1.026091109874962992e+00
1.026097673185939918e+00
1.026104166297105547e+00
1.026110589812538221e+00
1.026116944326219027e+00
1.026123230421728927e+00
1.026129448671948996e+00
1.026135599638760887e+00
1.026141683872753507e+00
1.026147701912929922e+00
1.026153654286418471e+00
1.026159541508185669e+00
1.026165364080754205e+00
1.026171122493921395e+00
1.026176817224483173e+00
1.026182448735959651e+00
1.026188017478325554e+00
1.026193523887741987e+00
1.026198968386293320e+00
1.026204351381726498e+00
1.026209673267195255e+00
1.026214934421005864e+00
1.026220135206368456e+00
1.026225275971150985e+00
1.026230357047638098e+00
1.026235378752291538e+00
1.026240341385517230e+00
1.026245245231435232e+00
1.026250090557652594e+00
1.026254877615042638e+00
1.026259606637526023e+00
1.026264277841858252e+00
1.026268891427419394e+00
1.026273447576010689e+00
1.026277946451651601e+00
1.026282388200387086e+00
1.026286772950094406e+00
1.026291100810295953e+00
1.026295371871979167e+00
1.026299586207418013e+00
1.026303743870001561e+00
1.026307844894066124e+00
1.026311889294732715e+00
1.026315877067750737e+00
1.026319808189346094e+00
1.026323682616073096e+00
1.026327500284674787e+00
1.026331261111944837e+00
1.026334964994599197e+00
1.026338611809150425e+00
1.026342201411786892e+00
1.026345733638262203e+00
1.026349208303784399e+00
1.026352625202916702e+00
1.026355984109480035e+00
1.026359284776464431e+00
1.026362526935944430e+00
1.026365710299003364e+00
1.026368834555660747e+00
1.026371899374809882e+00
1.026374904404157684e+00
1.026377849270175613e+00
1.026380733578053928e+00
1.026383556911665051e+00
1.026386318833532485e+00
1.026389018884806603e+00
1.026391656585249113e+00
1.026394231433224391e+00
1.026396742905696158e+00
1.026399190458233690e+00
1.026401573525026478e+00
1.026403891518902212e+00
1.026406143831358309e+00
1.026408329832597222e+00
1.026410448871569958e+00
1.026412500276031148e+00
1.026414483352597218e+00
1.026416397386817447e+00
1.026418241643250351e+00
1.026420015365550942e+00
1.026421717776563103e+00
1.026423348078426168e+00
1.026424905452684833e+00
1.026426389060410616e+00
1.026427798042333528e+00
1.026429131518979521e+00
1.026430388590820808e+00
1.026431568338433076e+00
1.026432669822662014e+00
1.026433692084802951e+00
1.026434634146784930e+00
1.026435495011367882e+00
1.026436273662350018e+00
1.026436969064782545e+00
1.026437580165196373e+00
1.026438105891838815e+00
1.026438545154919613e+00
1.026438896846867621e+00
1.026439159842599036e+00
1.026439332999793397e+00
1.026439415159182023e+00
1.026439405144848438e+00
1.026439301764534573e+00
1.026439103809963171e+00
1.026438810057166862e+00
1.026438419266830326e+00
1.026437930184643577e+00
1.026437341541662107e+00
1.026436652054684817e+00
1.026435860426635260e+00
1.026434965346960215e+00
1.026433965492036027e+00
1.026432859525585162e+00
1.026431646099106976e+00
1.026430323852315585e+00
1.026428891413593281e+00
1.026427347400449275e+00
1.026425690419994652e+00
1.026423919069424873e+00
1.026422031936515156e+00
1.026420027600124296e+00
1.026417904630711586e+00
1.026415661590863726e+00
1.026413297035830841e+00
1.026410809514076039e+00
1.026408197567831637e+00
1.026405459733668923e+00
1.026402594543076141e+00
1.026399600523047351e+00
1.026396476196681729e+00
1.026393220083791080e+00
1.026389830701517347e+00
1.026386306564962325e+00
1.026382646187821157e+00
1.026378848083031814e+00
1.026374910763426129e+00
1.026370832742395489e+00
1.026366612534562517e+00
1.026362248656458753e+00
1.026357739627215437e+00
1.026353083969256730e+00
1.026348280209004038e+00
1.026343326877584783e+00
1.026338222511550269e+00
1.026332965653597995e+00
1.026327554853301294e+00
1.026321988667844742e+00
1.026316265662765126e+00
1.026310384412695065e+00
1.026304343502117078e+00
1.026298141526114538e+00
1.026291777091132840e+00
1.026285248815739903e+00
1.026278555331392894e+00
1.026271695283204277e+00
1.026264667330713420e+00
1.026257470148657536e+00
1.026250102427743949e+00
1.026242562875425701e+00
1.026234850216672712e+00
1.026226963194748043e+00
1.026218900571979287e+00
1.026210661130530166e+00
1.026202243673171477e+00
1.026193647024046474e+00
1.026184870029436702e+00
1.026175911558522724e+00
1.026166770504140402e+00
1.026157445783532296e+00
1.026147936339097066e+00
1.026138241139127327e+00
1.026128359178546168e+00
1.026118289479634349e+00
1.026108031092749062e+00
1.026097583097036692e+00
1.026086944601135365e+00
1.026076114743867507e+00
1.026065092694921965e+00
1.026053877655529023e+00
1.026042468859118095e+00
1.026030865571968320e+00
1.026019067093844939e+00
1.026007072758620353e+00
1.025994881934886305e+00
1.025982494026544956e+00
1.025969908473390868e+00
1.025957124751674332e+00
1.025944142374648482e+00
1.025930960893099098e+00
1.025917579895860188e+00
1.025903999010306489e+00
1.025890217902831969e+00
1.025876236279305909e+00
1.025862053885510994e+00
1.025847670507561205e+00
1.025833085972297498e+00
1.025818300147664397e+00
1.025803312943062595e+00
1.025788124309681804e+00
1.025772734240808060e+00
1.025757142772110608e+00
1.025741349981903250e+00
1.025725355991384147e+00
1.025709160964848543e+00
1.025692765109877946e+00
1.025676168677506217e+00
1.025659371962357902e+00
1.025642375302760367e+00
1.025625179080834837e+00
1.025607783722555677e+00
1.025590189697786148e+00
1.025572397520287726e+00
1.025554407747703900e+00
1.025536220981513313e+00
1.025517837866960935e+00
1.025499259092958138e+00
1.025480485391959018e+00
1.025461517539808298e+00
1.025442356355561468e+00
1.025423002701280062e+00
1.025403457481797842e+00
1.025383721644463231e+00
1.025363796178851095e+00
1.025343682116452104e+00
1.025323380530332784e+00
1.025302892534772692e+00
1.025282219284871843e+00
1.025261361976137042e+00
1.025240321844039126e+00
1.025219100163548891e+00
1.025197698248646150e+00
1.025176117451805480e+00
1.025154359163459983e+00
1.025132424811438403e+00
1.025110315860383814e+00
1.025088033811146992e+00
1.025065580200161364e+00
1.025042956598792632e+00
1.025020164612672868e+00
1.024997205881011064e+00
1.024974082075887249e+00
1.024950794901527296e+00
1.024927346093558178e+00
1.024903737418250138e+00
1.024879970671738638e+00
1.024856047679232995e+00
1.024831970294210359e+00
1.024807740397593259e+00
1.024783359896918267e+00
1.024758830725487790e+00
1.024734154841512535e+00
1.024709334227244417e+00
1.024684370888095941e+00
1.024659266851754458e+00
1.024634024167286217e+00
1.024608644904232202e+00
1.024583131151700632e+00
1.024557485017450142e+00
1.024531708626971183e+00
1.024505804122562092e+00
1.024479773662402504e+00
1.024453619419624761e+00
1.024427343581383543e+00
1.024400948347926166e+00
1.024374435931662219e+00
1.024347808556235861e+00
1.024321068455596784e+00
1.024294217873081170e+00
1.024267259060486435e+00
1.024240194277161065e+00
1.024213025789090015e+00
1.024185755867995207e+00
1.024158386790434694e+00
1.024130920836916037e+00
1.024103360291012343e+00
1.024075707438492522e+00
1.024047964566457303e+00
1.024020133962486812e+00
1.023992217913798797e+00
1.023964218706419071e+00
1.023936138624363279e+00
1.023907979948832203e+00
1.023879744957418181e+00
1.023851435923327502e+00
1.023823055114615688e+00
1.023794604793437202e+00
1.023766087215311371e+00
1.023737504628402295e+00
1.023708859272814964e+00
1.023680153379907809e+00
1.023651389171622128e+00
1.023622568859825277e+00
1.023593694645676511e+00
1.023564768719003482e+00
1.023535793257701165e+00
1.023506770427145440e+00
1.023477702379625764e+00
1.023448591253795392e+00
1.023419439174138690e+00
1.023390248250458878e+00
1.023361020577380875e+00
1.023331758233873900e+00
1.023302463282792285e+00
1.023273137770433827e+00
1.023243783726115907e+00
1.023214403161771369e+00
1.023184998071559271e+00
1.023155570431496075e+00
1.023126122199103705e+00
1.023096655313075143e+00
1.023067171692956467e+00
1.023037673238847534e+00
1.023008161831119311e+00
1.022978639330147210e+00
1.022949107576061945e+00
1.022919568388516165e+00
1.022890023566467299e+00
1.022860474887977489e+00
1.022830924110026407e+00
1.022801372968341838e+00
1.022771823177244688e+00
1.022742276429508212e+00
1.022712734396232559e+00
1.022683198726732634e+00
1.022653671048439517e+00
1.022624152966818079e+00
1.022594646065293267e+00
1.022565151905194147e+00
1.022535672025707498e+00
1.022506207943844281e+00
1.022476761154419211e+00
1.022447333130040548e+00
1.022417925321111865e+00
1.022388539155846265e+00
1.022359176040287698e+00
1.022329837358347815e+00
1.022300524471848160e+00
1.022271238720575237e+00
1.022241981422344903e+00
1.022212753873073865e+00
1.022183557346862948e+00
1.022154393096088798e+00
1.022125262351500474e+00
1.022096166322330024e+00
1.022067106196406838e+00
1.022038083140280662e+00
1.022009098299352825e+00
1.021980152798015018e+00
1.021951247739793622e+00
1.021922384207502699e+00
1.021893563263401417e+00
1.021864785949360588e+00
1.021836053287034307e+00
1.021807366278035367e+00
1.021778725904121776e+00
1.021750133127383275e+00
1.021721588890438071e+00
1.021693094116631340e+00
1.021664649710242401e+00
1.021636256556694100e+00
1.021607915522768639e+00
1.021579627456828954e+00
1.021551393189042312e+00
1.021523213531611685e+00
1.021495089279008228e+00
1.021467021208212422e+00
1.021439010078954546e+00
1.021411056633962922e+00
1.021383161599216383e+00
1.021355325684196069e+00
1.021327549582147221e+00
1.021299833970340964e+00
1.021272179510340550e+00
1.021244586848271130e+00
1.021217056615093544e+00
1.021189589426880318e+00
1.021162185885096108e+00
1.021134846576880362e+00
1.021107572075333980e+00
1.021080362939806641e+00
1.021053219716191229e+00
1.021026142937216274e+00
1.020999133122742375e+00
1.020972190780063737e+00
1.020945316404209269e+00
1.020918510478244556e+00
1.020891773473580511e+00
1.020865105850278898e+00
1.020838508057364091e+00
1.020811980533131713e+00
1.020785523705463049e+00
1.020759137992137688e+00
1.020732823801148825e+00
1.020706581531018564e+00
1.020680411571113666e+00
1.020654314301964405e+00
1.020628290095578095e+00
1.020602339315760165e+00
1.020576462318427025e+00
1.020550659451926467e+00
1.020524931057350093e+00
1.020499277468850385e+00
1.020473699013953794e+00
1.020448196013873599e+00
1.020422768783820100e+00
1.020397417633310599e+00
1.020372142866475151e+00
1.020346944782361653e+00
1.020321823675237383e+00
1.020296779834887868e+00
1.020271813546911321e+00
1.020246925093011736e+00
1.020222114751287545e+00
1.020197382796513175e+00
1.020172729500421260e+00
1.020148155131975987e+00
1.020123659957643536e+00
1.020099244241657210e+00
1.020074908246275669e+00
1.020050652232038058e+00
1.020026476458009812e+00
1.020002381182024243e+00
1.019978366660917901e+00
1.019954433150757067e+00
1.019930580907059348e+00
1.019906810185006840e+00
1.019883121239651302e+00
1.019859514326113548e+00
1.019835989699772405e+00
1.019812547616447462e+00
1.019789188332572927e+00
1.019765912105363048e+00
1.019742719192967106e+00
1.019719609854619513e+00
1.019696584350777258e+00
1.019673642943250691e+00
1.019650785895323652e+00
1.019628013471864936e+00
1.019605325939432205e+00
1.019582723566362592e+00
1.019560206622858178e+00
1.019537775381059497e+00
1.019515430115110810e+00
1.019493171101215179e+00
1.019470998617681090e+00
1.019448912944959318e+00
1.019426914365670900e+00
1.019405003164625345e+00
1.019383179628830405e+00
1.019361444047493404e+00
1.019339796712011914e+00
1.019318237915958658e+00
1.019296767955056193e+00
1.019275387127141386e+00
1.019254095732127219e+00
1.019232894071951945e+00
1.019211782450521797e+00
1.019190761173648152e+00
1.019169830548973588e+00
1.019148990885896833e+00
1.019128242495485281e+00
1.019107585690385509e+00
1.019087020784724240e+00
1.019066548094006874e+00
1.019046167935008906e+00
1.019025880625661129e+00
1.019005686484932838e+00
1.018985585832708152e+00
1.018965578989659670e+00
1.018945666277117468e+00
1.018925848016935420e+00
1.018906124531353097e+00
1.018886496142857645e+00
1.018866963174040130e+00
1.018847525947450539e+00
1.018828184785453450e+00
1.018808940010079933e+00
1.018789791942878775e+00
1.018770740904767269e+00
1.018751787215882887e+00
1.018732931195432290e+00
1.018714173161543224e+00
1.018695513431116195e+00
1.018676952319675477e+00
1.018658490141224782e+00
1.018640127208100488e+00
1.018621863830830865e+00
1.018603700317992633e+00
1.018585636976075737e+00
1.018567674109345012e+00
1.018549812019708067e+00
1.018532051006586503e+00
1.018514391366788896e+00
1.018496833394388013e+00
1.018479377380602457e+00
1.018462023613681211e+00
1.018444772378793939e+00
1.018427623957923966e+00
1.018410578629766583e+00
1.018393636669633118e+00
1.018376798349356793e+00
1.018360063937207682e+00
1.018343433697809441e+00
1.018326907892062039e+00
1.018310486777070700e+00
1.018294170606079962e+00
1.018277959628410612e+00
1.018261854089407059e+00
1.018245854230384939e+00
1.018229960288587588e+00
1.018214172497147851e+00
1.018198491085051671e+00
1.018182916277114325e+00
1.018167448293954003e+00
1.018152087351977153e+00
1.018136833663366714e+00
1.018121687436074563e+00
1.018106648873822184e+00
1.018091718176103777e+00
1.018076895538196469e+00
1.018062181151174528e+00
1.018047575201928900e+00
1.018033077873191417e+00
1.018018689343563210e+00
1.018004409787549358e+00
1.017990239375596850e+00
1.017976178274135224e+00
1.017962226645625412e+00
1.017948384648608151e+00
1.017934652437760379e+00
1.017921030163950524e+00
1.017907517974302234e+00
1.017894116012258099e+00
1.017880824417647601e+00
1.017867643326758831e+00
1.017854572872409769e+00
1.017841613184026883e+00
1.017828764387723073e+00
1.017816026606376489e+00
1.017803399959715804e+00
1.017790884564402365e+00
1.017778480534117680e+00
1.017766187979649795e+00
1.017754007008981887e+00
1.017741937727382862e+00
1.017729980237495058e+00
1.017718134639428396e+00
1.017706401030848751e+00
1.017694779507070768e+00
1.017683270161148901e+00
1.017671873083969114e+00
1.017660588364338592e+00
1.017649416089078107e+00
1.017638356343109507e+00
1.017627409209546308e+00
1.017616574769780513e+00
1.017605853103570102e+00
1.017595244289123402e+00
1.017584748403183692e+00
1.017574365521111357e+00
1.017564095716964712e+00
1.017553939063577939e+00
1.017543895632639250e+00
1.017533965494763715e+00
1.017524148719568089e+00
1.017514445375738985e+00
1.017504855531102148e+00
1.017495379252687959e+00
1.017486016606793164e+00
1.017476767659042824e+00
1.017467632474448047e+00
1.017458611117459721e+00
1.017449703652022697e+00
1.017440910141623522e+00
1.017432230649340408e+00
1.017423665237883856e+00
1.017415213969640408e+00
1.017406876906709945e+00
1.017398654110941658e+00
1.017390545643967137e+00
1.017382551567230120e+00
1.017374671942014031e+00
1.017366906829465290e+00
1.017359256290617520e+00
1.017351720386407976e+00
1.017344299177694866e+00
1.017336992725272227e+00
1.017329801089879471e+00
1.017322724332210937e+00
1.017315762512922550e+00
1.017308915692633597e+00
1.017302183931931392e+00
1.017295567291368386e+00
1.017289065831459283e+00
1.017282679612677043e+00
1.017276408695445333e+00
1.017270253140129643e+00
1.017264213007025520e+00
1.017258288356348572e+00
1.017252479248216490e+00
1.017246785742636384e+00
1.017241207899485467e+00
1.017235745778493294e+00
1.017230399439221111e+00
1.017225168941040314e+00
1.017220054343110469e+00
1.017215055704355109e+00
1.017210173083438418e+00
1.017205406538738366e+00
1.017200756128321615e+00
1.017196221909915987e+00
1.017191803940884487e+00
1.017187502278195321e+00
1.017183316978394814e+00
1.017179248097579647e+00
1.017175295691365777e+00
1.017171459814861567e+00
1.017167740522637365e+00
1.017164137868696638e+00
1.017160651906447999e+00
1.017157282688674336e+00
1.017154030267507281e+00
1.017150894694395014e+00
1.017147876020077835e+00
1.017144974294558413e+00
1.017142189567076027e+00
1.017139521886079923e+00
1.017136971299202219e+00
1.017134537853235043e+00
1.017132221594103214e+00
1.017130022566843595e+00
1.017127940815579334e+00
1.017125976383499886e+00
1.017124129312839020e+00
1.017122399644853736e+00
1.017120787419806494e+00
1.017119292676946118e+00
1.017117915454489596e+00
1.017116655789607416e+00
1.017115513718406694e+00
1.017114489275917411e+00
1.017113582496079749e+00
1.017112793411730332e+00
1.017112122054593337e+00
1.017111568455268067e+00
1.017111132643222060e+00
1.017110814646781325e+00
1.017110614493124565e+00
1.017110532208277185e+00
1.017110567817105515e+00
1.017110721343314594e+00
1.017110992809443504e+00
1.017111382236864481e+00
1.017111889645782252e+00
1.017112515055232702e+00
1.017113258483084648e+00
1.017114119946041395e+00
1.017115099459643179e+00
1.017116197038270275e+00
1.017117412695146328e+00
1.017118746442344124e+00
1.017120198290791144e+00
1.017121768250274005e+00
1.017123456329445785e+00
1.017125262535834462e+00
1.017127186875847356e+00
1.017129229354783115e+00
1.017131389976836386e+00
1.017133668745108910e+00
1.017136065661617739e+00
1.017138580727304786e+00
1.017141213942046152e+00
1.017143965304662112e+00
1.017146834812926670e+00
1.017149822463577102e+00
1.017152928252324617e+00
1.017156152173863681e+00
1.017159494221881788e+00
1.017162954389069229e+00
1.017166532667128642e+00
1.017170229046783447e+00
1.017174043517788729e+00
1.017177976068937895e+00
1.017182026688072005e+00
1.017186195362088208e+00
1.017190482076946179e+00
1.017194886817675670e+00
1.017199409568383839e+00
1.017204050312260577e+00
1.017208809031583616e+00
1.017213685707725190e+00
1.017218680321154700e+00
1.017223792851442710e+00
1.017229023277263611e+00
1.017234371576400065e+00
1.017239837725741447e+00
1.017245421701286734e+00
1.017251123478143393e+00
1.017256943030528493e+00
1.017262880331764041e+00
1.017268935354277870e+00
1.017275108069597866e+00
1.017281398448349528e+00
1.017287806460250188e+00
1.017294332074104357e+00
1.017300975257794393e+00
1.017307735978276950e+00
1.017314614201570766e+00
1.017321609892750001e+00
1.017328723015931802e+00
1.017335953534267867e+00
1.017343301409929790e+00
1.017350766604098400e+00
1.017358349076947555e+00
1.017366048787632149e+00
1.017373865694270574e+00
1.017381799753930061e+00
1.017389850922607142e+00
1.017398019155212330e+00
1.017406304405548356e+00
1.017414706626292631e+00
1.017423225768975925e+00
1.017431861783959501e+00
1.017440614620416239e+00
1.017449484226303991e+00
1.017458470548343819e+00
1.017467573531995573e+00
1.017476793121431466e+00
1.017486129259510985e+00
1.017495581887754241e+00
1.017505150946313996e+00
1.017514836373947240e+00
1.017524638107987656e+00
1.017534556084314978e+00
1.017544590237325686e+00
1.017554740499901689e+00
1.017565006803379690e+00
1.017575389077518544e+00
1.017585887250467724e+00
1.017596501248732910e+00
1.017607230997143564e+00
1.017618076418818740e+00
1.017629037435131334e+00
1.017640113965674553e+00
1.017651305928224836e+00
1.017662613238706104e+00
1.017674035811154454e+00
1.017685573557678858e+00
1.017697226388425413e+00
1.017708994211538931e+00
1.017720876933124519e+00
1.017732874457209391e+00
1.017744986685702679e+00
1.017757213518357240e+00
1.017769554852728575e+00
1.017782010584136199e+00
1.017794580605621224e+00
1.017807264807907064e+00
1.017820063079357240e+00
1.017832975305934085e+00
1.017846001371157882e+00
1.017859141156062908e+00
1.017872394539155678e+00
1.017885761396373656e+00
1.017899241601039728e+00
1.017912835023821128e+00
1.017926541532684803e+00
1.017940360992852789e+00
1.017954293266760457e+00
1.017968338214009449e+00
1.017982495691324818e+00
1.017996765552510174e+00
1.018011147648401060e+00
1.018025641826822092e+00
1.018040247932538334e+00
1.018054965807212220e+00
1.018069795289355817e+00
1.018084736214285524e+00
1.018099788414074780e+00
1.018114951717507655e+00
1.018130225950032663e+00
1.018145610933713918e+00
1.018161106487185386e+00
1.018176712425602481e+00
1.018192428560594553e+00
1.018208254700216031e+00
1.018224190648899796e+00
1.018240236207406557e+00
1.018256391172778885e+00
1.018272655338289923e+00
1.018289028493394754e+00
1.018305510423683113e+00
1.018322100910827199e+00
1.018338799732533495e+00
1.018355606662492807e+00
1.018372521470329417e+00
1.018389543921551565e+00
1.018406673777501270e+00
1.018423910795302145e+00
1.018441254727810108e+00
1.018458705323561198e+00
1.018476262326721837e+00
1.018493925477034878e+00
1.018511694509770971e+00
1.018529569155674164e+00
1.018547549140911279e+00
1.018565634187020841e+00
1.018583824010857342e+00
1.018602118324543060e+00
1.018620516835411882e+00
1.018639019245958455e+00
1.018657625253784893e+00
1.018676334551547491e+00
1.018695146826902764e+00
1.018714061762456602e+00
1.018733079035707423e+00
1.018752198318994884e+00
1.018771419279445922e+00
1.018790741578919912e+00
1.018810164873955593e+00
1.018829688815717560e+00
1.018849313049940308e+00
1.018869037216875828e+00
1.018888860951238318e+00
1.018908783882151781e+00
1.018928805633092738e+00
1.018948925821838047e+00
1.018969144060410059e+00
1.018989459955021770e+00
1.019009873106023090e+00
1.019030383107845994e+00
1.019050989548950792e+00
1.019071692011770169e+00
1.019092490072657675e+00
1.019113383301831099e+00
1.019134371263319849e+00
1.019155453514909881e+00
1.019176629608091300e+00
1.019197899088002401e+00
1.019219261493378825e+00
1.019240716356497822e+00
1.019262263203126739e+00
1.019283901552467952e+00
1.019305630917108907e+00
1.019327450802966606e+00
1.019349360709237429e+00
1.019371360128344506e+00
1.019393448545885317e+00
1.019415625440581730e+00
1.019437890284227599e+00
1.019460242541638806e+00
1.019482681670603075e+00
1.019505207121830459e+00
1.019527818338902936e+00
1.019550514758226001e+00
1.019573295808981150e+00
1.019596160913077032e+00
1.019619109485101927e+00
1.019642140932278007e+00
1.019665254654414266e+00
1.019688450043861661e+00
1.019711726485468706e+00
1.019735083356535732e+00
1.019758520026773141e+00
1.019782035858258329e+00
1.019805630205392610e+00
1.019829302414863026e+00
1.019853051825598378e+00
1.019876877768733703e+00
1.019900779567569415e+00
1.019924756537535337e+00
1.019948807986152506e+00
1.019972933213000310e+00
1.019997131509680299e+00
1.020021402159783097e+00
1.020045744438857316e+00
1.020070157614377804e+00
1.020094640945716336e+00
1.020119193684112746e+00
1.020143815072648064e+00
1.020168504346218752e+00
1.020193260731512286e+00
1.020218083446983171e+00
1.020242971702832735e+00
1.020267924700987594e+00
1.020292941635081885e+00
1.020318021690439725e+00
1.020343164044060558e+00
1.020368367864603831e+00
1.020393632312378118e+00
1.020418956539330013e+00
1.020444339689036140e+00
1.020469780896695600e+00
1.020495279289125312e+00
1.020520833984756681e+00
1.020546444093635596e+00
1.020572108717421100e+00
1.020597826949390496e+00
1.020623597874442456e+00
1.020649420569105459e+00
1.020675294101546671e+00
1.020701217531581495e+00
1.020727189910690669e+00
1.020753210282032697e+00
1.020779277680464947e+00
1.020805391132561635e+00
1.020831549656639137e+00
1.020857752262779750e+00
1.020883997952860556e+00
1.020910285720583177e+00
1.020936614551507970e+00
1.020962983423088222e+00
1.020989391304709892e+00
1.021015837157731365e+00
1.021042319935527409e+00
1.021068838583536920e+00
1.021095392039310656e+00
1.021121979232563870e+00
1.021148599085232034e+00
1.021175250511527688e+00
1.021201932418001945e+00
1.021228643703608441e+00
1.021255383259770166e+00
1.021282149970448971e+00
1.021308942712219281e+00
1.021335760354344036e+00
1.021362601758853739e+00
1.021389465780628836e+00
1.021416351267485645e+00
1.021443257060265841e+00
1.021470181992927717e+00
1.021497124892641217e+00
1.021524084579888303e+00
1.021551059868563538e+00
1.021578049566080448e+00
1.021605052473479214e+00
1.021632067385539466e+00
1.021659093090895976e+00
1.021686128372157665e+00
1.021713172006028403e+00
1.021740222763435346e+00
1.021767279409655949e+00
1.021794340704452075e+00
1.021821405402204341e+00
1.021848472252054441e+00
1.021875539998045035e+00
1.021902607379268968e+00
1.021929673130017147e+00
1.021956735979932862e+00
1.021983794654169220e+00
1.022010847873547901e+00
1.022037894354724141e+00
1.022064932810353488e+00
1.022091961949261663e+00
1.022118980476619754e+00
1.022145987094120301e+00
1.022172980500158701e+00
1.022199959390016843e+00
1.022226922456050069e+00
1.022253868387878573e+00
1.022280795872580139e+00
1.022307703594887318e+00
1.022334590237388374e+00
1.022361454480729570e+00
1.022388295003822556e+00
1.022415110484052425e+00
1.022441899597491100e+00
1.022468661019112712e+00
1.022495393423011656e+00
1.022522095482624183e+00
1.022548765870951115e+00
1.022575403260785887e+00
1.022602006324943691e+00
1.022628573736493518e+00
1.022655104168991747e+00
1.022681596296720397e+00
1.022708048794926938e+00
1.022734460340064100e+00
1.022760829610036115e+00
1.022787155284444971e+00
1.022813436044836877e+00
1.022839670574954951e+00
1.022865857560990577e+00
1.022891995691837419e+00
1.022918083659348998e+00
1.022944120158594261e+00
1.022970103888119375e+00
1.022996033550206629e+00
1.023021907851137335e+00
1.023047725501455396e+00
1.023073485216233536e+00
1.023099185715335979e+00
1.023124825723687792e+00
1.023150403971542000e+00
1.023175919194747596e+00
1.023201370135019550e+00
1.023226755540207034e+00
1.023252074164564984e+00
1.023277324769024332e+00
1.023302506121460675e+00
1.023327616996968281e+00
1.023352656178127873e+00
1.023377622455277969e+00
1.023402514626785553e+00
1.023427331499314308e+00
1.023452071888095949e+00
1.023476734617196904e+00
1.023501318519786540e+00
1.023525822438403843e+00
1.023550245225222977e+00
1.023574585742317966e+00
1.023598842861925817e+00
1.023623015466707198e+00
1.023647102450008450e+00
1.023671102716117387e+00
1.023695015180521750e+00
1.023718838770163009e+00
1.023742572423687935e+00
1.023766215091699294e+00
1.023789765737003865e+00
1.023813223334856470e+00
1.023836586873203558e+00
1.023859855352921233e+00
1.023883027788054179e+00
1.023906103206046581e+00
1.023929080647975720e+00
1.023951959168775350e+00
1.023974737837463067e+00
1.023997415737357031e+00
1.024019991966295340e+00
1.024042465636846089e+00
1.024064835876517421e+00
1.024087101827961366e+00
1.024109262649174568e+00
1.024131317513694128e+00
1.024153265610788566e+00
1.024175106145645220e+00
1.024196838339553217e+00
1.024218461430079774e+00
1.024239974671244724e+00
1.024261377333685274e+00
1.024282668704821653e+00
1.024303848089012536e+00
1.024324914807707820e+00
1.024345868199595611e+00
1.024366707620742556e+00
1.024387432444730406e+00
1.024408042062785240e+00
1.024428535883902258e+00
1.024448913334963462e+00
1.024469173860850901e+00
1.024489316924552806e+00
1.024509342007263291e+00
1.024529248608478049e+00
1.024549036246080291e+00
1.024568704456425561e+00
1.024588252794413901e+00
1.024607680833561130e+00
1.024626988166060126e+00
1.024646174402839005e+00
1.024665239173606857e+00
1.024684182126901710e+00
1.024703002930122508e+00
1.024721701269561525e+00
1.024740276850426790e+00
1.024758729396857637e+00
1.024777058651935135e+00
1.024795264377684534e+00
1.024813346355072152e+00
1.024831304383992503e+00
1.024849138283253414e+00
1.024866847890550048e+00
1.024884433062433597e+00
1.024901893674274866e+00
1.024919229620217420e+00
1.024936440813127625e+00
1.024953527184535584e+00
1.024970488684569636e+00
1.024987325281885742e+00
1.025004036963587772e+00
1.025020623735141800e+00
1.025037085620286170e+00
1.025053422660930247e+00
1.025069634917051609e+00
1.025085722466581917e+00
1.025101685405291008e+00
1.025117523846660550e+00
1.025133237921753260e+00
1.025148827779075233e+00
1.025164293584432951e+00
1.025179635520780952e+00
1.025194853788069071e+00
1.025209948603076571e+00
1.025224920199245382e+00
1.025239768826505582e+00
1.025254494751094647e+00
1.025269098255371603e+00
1.025283579637624509e+00
1.025297939211872844e+00
1.025312177307666106e+00
1.025326294269871763e+00
1.025340290458463643e+00
1.025354166248301890e+00
1.025367922028908030e+00
1.025381558204234711e+00
1.025395075192432115e+00
1.025408473425605482e+00
1.025421753349574638e+00
1.025434915423619753e+00
1.025447960120231317e+00
1.025460887924848574e+00
1.025473699335598621e+00
1.025486394863027284e+00
1.025498975029829118e+00
1.025511440370570515e+00
1.025523791431410370e+00
1.025536028769816532e+00
1.025548152954279146e+00
1.025560164564017551e+00
1.025572064188689181e+00
1.025583852428087583e+00
1.025595529891844659e+00
1.025607097199123130e+00
1.025618554978311447e+00
1.025629903866711823e+00
1.025641144510227587e+00
1.025652277563045889e+00
1.025663303687319949e+00
1.025674223552848208e+00
1.025685037836749025e+00
1.025695747223136500e+00
1.025706352402790955e+00
1.025716854072829864e+00
1.025727252936375233e+00
1.025737549702220752e+00
1.025747745084494067e+00
1.025757839802321936e+00
1.025767834579490723e+00
1.025777730144106226e+00
1.025787527228253504e+00
1.025797226567652265e+00
1.025806828901316692e+00
1.025816334971208832e+00
1.025825745521894206e+00
1.025835061300197193e+00
1.025844283054852646e+00
1.025853411536160387e+00
1.025862447495638374e+00
1.025871391685674761e+00
1.025880244859179502e+00
1.025889007769237971e+00
1.025897681168762787e+00
1.025906265810146545e+00
1.025914762444913864e+00
1.025923171823375668e+00
1.025931494694280577e+00
1.025939731804471844e+00
1.025947883898539859e+00
1.025955951718477754e+00
1.025963936003338572e+00
1.025971837488890870e+00
1.025979656907277882e+00
1.025987394986676016e+00
1.025995052450955125e+00
1.026002630019340334e+00
1.026010128406074529e+00
1.026017548320082629e+00
1.026024890464637185e+00
1.026032155537025536e+00
1.026039344228219186e+00
1.026046457222543618e+00
1.026053495197351895e+00
1.026060458822697807e+00
1.026067348761012354e+00
1.026074165666783333e+00
1.026080910186233597e+00
1.026087582957005084e+00
1.026094184607843740e+00
1.026100715758285320e+00
1.026107177018346750e+00
1.026113568988216151e+00
1.026119892257949306e+00
1.026126147407165234e+00
1.026132335004746654e+00
1.026138455608542221e+00
1.026144509765071877e+00
1.026150498009235967e+00
1.026156420864023477e+00
1.026162278840229813e+00
1.026168072436171030e+00
1.026173802137405167e+00
1.026179468416456464e+00
1.026185071732539811e+00
1.026190612531292734e+00
1.026196091244507613e+00
1.026201508289869002e+00
1.026206864070693392e+00
1.026212158975673638e+00
1.026217393378624942e+00
1.026222567638237937e+00
1.026227682097832217e+00
1.026232737085115199e+00
1.026237732911944533e+00
1.026242669874095181e+00
1.026247548251028929e+00
1.026252368305669460e+00
1.026257130284181196e+00
1.026261834415751917e+00
1.026266480912378931e+00
1.026271069968662131e+00
1.026275601761599265e+00
1.026280076450385215e+00
1.026284494176218143e+00
1.026288855062107430e+00
1.026293159212690043e+00
1.026297406714046900e+00
1.026301597633528573e+00
1.026305732019581418e+00
1.026309809901583936e+00
1.026313831289682899e+00
1.026317796174639030e+00
1.026321704527673795e+00
1.026325556300324848e+00
1.026329351424305258e+00
1.026333089811368282e+00
1.026336771353177690e+00
1.026340395921183646e+00
1.026343963366505463e+00
1.026347473519816367e+00
1.026350926191240687e+00
1.026354321170249051e+00
1.026357658225566682e+00
1.026360937105083249e+00
1.026364157535770261e+00
1.026367319223605801e+00
1.026370421853503911e+00
1.026373465089252424e+00
1.026376448573454780e+00
1.026379371927481410e+00
1.026382234751425093e+00
1.026385036624066327e+00
1.026387777102841792e+00
1.026390455723823703e+00
1.026393072001703821e+00
1.026395625429786129e+00
1.026398115479985496e+00
1.026400541602835226e+00
1.026402903227501273e+00
1.026405199761805331e+00
1.026407430592253034e+00
1.026409595084073700e+00
1.026411692581265633e+00
1.026413722406650075e+00
1.026415683861932937e+00
1.026417576227776740e+00
1.026419398763878110e+00
1.026421150709056818e+00
1.026422831281350811e+00
1.026424439678121914e+00
1.026425975076168617e+00
1.026427436631850876e+00
1.026428823481219776e+00
1.026430134740159872e+00
1.026431369504539060e+00
1.026432526850368232e+00
1.026433605833971363e+00
1.026434605492161811e+00
1.026435524842434166e+00
1.026436362883159203e+00
1.026437118593794162e+00
1.026437790935099459e+00
1.026438378849367172e+00
1.026438881260659297e+00
1.026439297075055546e+00
1.026439625180912918e+00
1.026439864449134154e+00
1.026440013733446399e+00
1.026440071870692972e+00
1.026440037681132011e+00
1.026439909968748898e+00
1.026439687521577770e+00
1.026439369112033706e+00
1.026438953497256446e+00
1.026438439419465221e+00
1.026437825606322685e+00
1.026437110771311279e+00
1.026436293614121587e+00
1.026435372821047798e+00
1.026434347065398489e+00
1.026433215007916289e+00
1.026431975297207533e+00
1.026430626570185911e+00
1.026429167452523883e+00
1.026427596559116306e+00
1.026425912494556503e+00
1.026424113853620756e+00
1.026422199221764586e+00
1.026420167175630782e+00
1.026418016283566548e+00
1.026415745106152633e+00
1.026413352196741791e+00
1.026410836102009894e+00
1.026408195362513265e+00
1.026405428513261775e+00
1.026402534084298379e+00
1.026399510601288867e+00
1.026396356586122938e+00
1.026393070557524823e+00
1.026389651031672123e+00
1.026386096522824865e+00
1.026382405543965648e+00
1.026378576607444471e+00
1.026374608225636642e+00
1.026370498911608031e+00
1.026366247179786750e+00
1.026361851546644832e+00
1.026357310531389455e+00
1.026352622656656610e+00
1.026347786449218091e+00
1.026342800440690928e+00
1.026337663168255698e+00
1.026332373175381507e+00
1.026326929012555844e+00
1.026321329238021107e+00
1.026315572418515565e+00
1.026309657130020314e+00
1.026303581958510680e+00
1.026297345500711167e+00
1.026290946364854850e+00
1.026284383171446990e+00
1.026277654554028640e+00
1.026270759159947144e+00
1.026263695651125074e+00
1.026256462704831396e+00
1.026249059014457288e+00
1.026241483290287082e+00
1.026233734260272978e+00
1.026225810670809091e+00
1.026217711287503942e+00
1.026209434895951178e+00
1.026200980302498511e+00
1.026192346335015770e+00
1.026183531843658070e+00
1.026174535701624979e+00
1.026165356805917472e+00
1.026155994078088884e+00
1.026146446464990536e+00
1.026136712939510698e+00
1.026126792501310003e+00
1.026116684177545091e+00
1.026106387023587363e+00
1.026095900123734417e+00
1.026085222591909263e+00
1.026074353572352216e+00
1.026063292240301683e+00
1.026052037802664074e+00
1.026040589498673272e+00
1.026028946600535674e+00
1.026017108414065016e+00
1.026005074279302320e+00
1.025992843571122748e+00
1.025980415699825787e+00
1.025967790111714351e+00
1.025954966289653214e+00
1.025941943753614360e+00
1.025928722061205001e+00
1.025915300808175390e+00
1.025901679628913321e+00
1.025887858196913971e+00
1.025873836225235980e+00
1.025859613466934217e+00
1.025845189715473227e+00
1.025830564805120249e+00
1.025815738611316918e+00
1.025800711051027658e+00
1.025785482083068967e+00
1.025770051708411179e+00
1.025754419970462239e+00
1.025738586955324383e+00
1.025722552792027731e+00
1.025706317652740118e+00
1.025689881752952726e+00
1.025673245351637064e+00
1.025656408751382642e+00
1.025639372298503105e+00
1.025622136383121052e+00
1.025604701439223998e+00
1.025587067944694564e+00
1.025569236421314923e+00
1.025551207434744372e+00
1.025532981594469373e+00
1.025514559553728056e+00
1.025495942009406969e+00
1.025477129701909629e+00
1.025458123415001310e+00
1.025438923975624306e+00
1.025419532253686983e+00
1.025399949161825752e+00
1.025380175655141279e+00
1.025360212730907161e+00
1.025340061428252181e+00
1.025319722827817692e+00
1.025299198051387473e+00
1.025278488261492704e+00
1.025257594660991423e+00
1.025236518492623095e+00
1.025215261038538106e+00
1.025193823619802824e+00
1.025172207595881790e+00
1.025150414364095708e+00
1.025128445359055007e+00
1.025106302052074758e+00
1.025083985950562937e+00
1.025061498597390930e+00
1.025038841570242054e+00
1.025016016480937875e+00
1.024993024974748979e+00
1.024969868729683098e+00
1.024946549455756362e+00
1.024923068894247447e+00
1.024899428816934410e+00
1.024875631025315093e+00
1.024851677349811752e+00
1.024827569648963044e+00
1.024803309808599350e+00
1.024778899741007443e+00
1.024754341384082279e+00
1.024729636700465907e+00
1.024704787676677942e+00
1.024679796322235381e+00
1.024654664668762871e+00
1.024629394769095647e+00
1.024603988696376256e+00
1.024578448543143283e+00
1.024552776420414979e+00
1.024526974456768880e+00
1.024501044797419436e+00
1.024474989603287201e+00
1.024448811050073571e+00
