1.000603444564682754e+00
1.000677449925983620e+00
1.000800013900705387e+00
1.000944332868927367e+00
1.001101387518409158e+00
1.001266846310773229e+00
1.001438157087419345e+00
1.001613624370863320e+00
1.001792037956734660e+00
1.001972493782298468e+00
1.002154294996661532e+00
1.002336891759774584e+00
1.002519842029789610e+00
1.002702784782358414e+00
1.002885421108206554e+00
1.003067500558074254e+00
1.003248811108056415e+00
1.003429171683816179e+00
1.003608426523205033e+00
1.003786440874834707e+00
1.003963097675883098e+00
1.004138294952985566e+00
1.004311943760916037e+00
1.004483966524308602e+00
1.004654295684005216e+00
1.004822872575836801e+00
1.004989646488610999e+00
1.005154573861837708e+00
1.005317617593719959e+00
1.005478746437218351e+00
1.005637934467345396e+00
1.005795160606780314e+00
1.005950408199815627e+00
1.006103664626853300e+00
1.006254920953318699e+00
1.006404171608144216e+00
1.006551414087952123e+00
1.006696648683840234e+00
1.006839878228275253e+00
1.006981107860073887e+00
1.007120344805830570e+00
1.007257598176450664e+00
1.007392878777676470e+00
1.007526198933686779e+00
1.007657572322985029e+00
1.007787013825906186e+00
1.007914539383154562e+00
1.008040165864845683e+00
1.008163910949572806e+00
1.008285793013044884e+00
1.008405831025869670e+00
1.008524044460064273e+00
1.008640453203887510e+00
1.008755077484585483e+00
1.008867937798648029e+00
1.008979054849173718e+00
1.009088449489929262e+00
1.009196142675703012e+00
1.009302155418540403e+00
1.009406508749449705e+00
1.009509223685177481e+00
1.009610321199646998e+00
1.009709822199659435e+00
1.009807747504473330e+00
1.009904117828877679e+00
1.009998953769389418e+00
1.010092275793220917e+00
1.010184104229676860e+00
1.010274459263656333e+00
1.010363360930956578e+00
1.010450829115095761e+00
1.010536883545384512e+00
1.010621543796014876e+00
1.010704829285939965e+00
1.010786759279348690e+00
1.010867352886567261e+00
1.010946629065232472e+00
1.011024606621607091e+00
1.011101304211933671e+00
1.011176740343736169e+00
1.011250933377003003e+00
1.011323901525200242e+00
1.011395662856082067e+00
1.011466235292274529e+00
1.011535636611634370e+00
1.011603884447376700e+00
1.011670996287995061e+00
1.011736989476986981e+00
1.011801881212419207e+00
1.011865688546359721e+00
1.011928428384210932e+00
1.011990117483984264e+00
1.012050772455542980e+00
1.012110409759856999e+00
1.012169045708294135e+00
1.012226696461979714e+00
1.012283378031253012e+00
1.012339106275233602e+00
1.012393896901520929e+00
1.012447765466036431e+00
1.012500727373012666e+00
1.012552797875136523e+00
1.012603992073836778e+00
1.012654324919715965e+00
1.012703811213111482e+00
1.012752465604774166e+00
1.012800302596644775e+00
1.012847336542713750e+00
1.012893581649936259e+00
1.012939051979190097e+00
1.012983761446244024e+00
1.013027723822722770e+00
1.013070952737041619e+00
1.013113461675293259e+00
1.013155263982065568e+00
1.013196372861176364e+00
1.013236801376308449e+00
1.013276562451534080e+00
1.013315668871718200e+00
1.013354133282797775e+00
1.013391968191927894e+00
1.013429185967501311e+00
1.013465798839034981e+00
1.013501818896938689e+00
1.013537258092162441e+00
1.013572128235740610e+00
1.013606440998239933e+00
1.013640207909124680e+00
1.013673440356055888e+00
1.013706149584137073e+00
1.013738346695123527e+00
1.013770042646615410e+00
1.013801248251244624e+00
1.013831974175877448e+00
1.013862230940846931e+00
1.013892028919232136e+00
1.013921378336192891e+00
1.013950289268385596e+00
1.013978771643456067e+00
1.014006835239637638e+00
1.014034489685450291e+00
1.014061744459518577e+00
1.014088608890509224e+00
1.014115092157200193e+00
1.014141203288679849e+00
1.014166951164682917e+00
1.014192344516066324e+00
1.014217391925422485e+00
1.014242101827833586e+00
1.014266482511766654e+00
1.014290542120103389e+00
1.014314288651312790e+00
1.014337729960750556e+00
1.014360873762097492e+00
1.014383727628923371e+00
1.014406298996377576e+00
1.014428595163003433e+00
1.014450623292669995e+00
1.014472390416622627e+00
1.014493903435642830e+00
1.014515169122319982e+00
1.014536194123423218e+00
1.014556984962378783e+00
1.014577548041840416e+00
1.014597889646353224e+00
1.014618015945103480e+00
1.014637932994753911e+00
1.014657646742351815e+00
1.014677163028312235e+00
1.014696487589462848e+00
1.014715626062150822e+00
1.014734583985399174e+00
1.014753366804108659e+00
1.014771979872295171e+00
1.014790428456354476e+00
1.014808717738349575e+00
1.014826852819303626e+00
1.014844838722496423e+00
1.014862680396751982e+00
1.014880382719706153e+00
1.014897950501044921e+00
1.014915388485705172e+00
1.014932701357024847e+00
1.014949893739834685e+00
1.014966970203480701e+00
1.014983935264768711e+00
1.015000793390821165e+00
1.015017549001838049e+00
1.015034206473753198e+00
1.015050770140780489e+00
1.015067244297840787e+00
1.015083633202864544e+00
1.015099941078964729e+00
1.015116172116478754e+00
1.015132330474867839e+00
1.015148420284481379e+00
1.015164445648177427e+00
1.015180410642800624e+00
1.015196319320518237e+00
1.015212175710012987e+00
1.015227983817537538e+00
1.015243747627831095e+00
1.015259471104899003e+00
1.015275158192665561e+00
1.015290812815497157e+00
1.015306438878605499e+00
1.015322040268334725e+00
1.015337620852338807e+00
1.015353184479654169e+00
1.015368734980676146e+00
1.015384276167043964e+00
1.015399811831441568e+00
1.015415345747323395e+00
1.015430881668568430e+00
1.015446423329071202e+00
1.015461974442278592e+00
1.015477538700673588e+00
1.015493119775220610e+00
1.015508721314769103e+00
1.015524346945429590e+00
1.015540000269923526e+00
1.015555684866913611e+00
1.015571404290319002e+00
1.015587162068621874e+00
1.015602961704165752e+00
1.015618806672456298e+00
1.015634700421460757e+00
1.015650646370914290e+00
1.015666647911636300e+00
1.015682708404854750e+00
1.015698831181547135e+00
1.015715019541794550e+00
1.015731276754154422e+00
1.015747606055052987e+00
1.015764010648194215e+00
1.015780493703993592e+00
1.015797058359031668e+00
1.015813707715530034e+00
1.015830444840849722e+00
1.015847272767013809e+00
1.015864194490250672e+00
1.015881212970563663e+00
1.015898331131319665e+00
1.015915551858862287e+00
1.015932878002147932e+00
1.015950312372401410e+00
1.015967857742795299e+00
1.015985516848149084e+00
1.016003292384647150e+00
1.016021187009579885e+00
1.016039203341101205e+00
1.016057343958005177e+00
1.016075611399521961e+00
1.016094008165129070e+00
1.016112536714380177e+00
1.016131199466751678e+00
1.016149998801501031e+00
1.016168937057543520e+00
1.016188016533340788e+00
1.016207239486803804e+00
1.016226608135207821e+00
1.016246124655121985e+00
1.016265791182347167e+00
1.016285609811866220e+00
1.016305582597805346e+00
1.016325711553404121e+00
1.016345998650994620e+00
1.016366445821986986e+00
1.016387054956867653e+00
1.016407827905198680e+00
1.016428766475626633e+00
1.016449872435896129e+00
1.016471147512869155e+00
1.016492593392546606e+00
1.016514211720095595e+00
1.016536004099877655e+00
1.016557972095479823e+00
1.016580117229748614e+00
1.016602440984821110e+00
1.016624944802160257e+00
1.016647630082585296e+00
1.016670498186305061e+00
1.016693550432945514e+00
1.016716788101578395e+00
1.016740212430741419e+00
1.016763824618460710e+00
1.016787625822264118e+00
1.016811617159190551e+00
1.016835799705795296e+00
1.016860174498146474e+00
1.016884742531816821e+00
1.016909504761867256e+00
1.016934462102822678e+00
1.016959615428639552e+00
1.016984965572666599e+00
1.017010513327593291e+00
1.017036259445392332e+00
1.017062204637249057e+00
1.017088349573485262e+00
1.017114694883469284e+00
1.017141241155516296e+00
1.017167988936780176e+00
1.017194938733131382e+00
1.017222091009027496e+00
1.017249446187369344e+00
1.017277004649349781e+00
1.017304766734287824e+00
1.017332732739455459e+00
1.017360902919890453e+00
1.017389277488200072e+00
1.017417856614354355e+00
1.017446640425468285e+00
1.017475629005572646e+00
1.017504822395377762e+00
1.017534220592023697e+00
1.017563823548823354e+00
1.017593631174996460e+00
1.017623643335392902e+00
1.017653859850208509e+00
1.017684280494693949e+00
1.017714904998853198e+00
1.017745733047136891e+00
1.017776764278128798e+00
1.017807998284224080e+00
1.017839434611304661e+00
1.017871072758406825e+00
1.017902912177385932e+00
1.017934952272576021e+00
1.017967192400446308e+00
1.017999631869255461e+00
1.018032269938702550e+00
1.018065105819577543e+00
1.018098138673410702e+00
1.018131367612121974e+00
1.018164791697671046e+00
1.018198409941708293e+00
1.018232221305229057e+00
1.018266224698230360e+00
1.018300418979370292e+00
1.018334802955634721e+00
1.018369375382006448e+00
1.018404134961141683e+00
1.018439080343055858e+00
1.018474210124813872e+00
1.018509522850231219e+00
1.018545017009584885e+00
1.018580691039334685e+00
1.018616543321856582e+00
1.018652572185187788e+00
1.018688775902785837e+00
1.018725152693302327e+00
1.018761700720372865e+00
1.018798418092420111e+00
1.018835302862479475e+00
1.018872353028037914e+00
1.018909566530895816e+00
1.018946941257046879e+00
1.018984475036580406e+00
1.019022165643606481e+00
1.019060010796202009e+00
1.019098008156384294e+00
1.019136155330106819e+00
1.019174449867284338e+00
1.019212889261840838e+00
1.019251470951791472e+00
1.019290192319348032e+00
1.019329050691057947e+00
1.019368043337974150e+00
1.019407167475853804e+00
1.019446420265395226e+00
1.019485798812502342e+00
1.019525300168589554e+00
1.019564921330917917e+00
1.019604659242970168e+00
1.019644510794861958e+00
1.019684472823789712e+00
1.019724542114520016e+00
1.019764715399916533e+00
1.019804989361506209e+00
1.019845360630089237e+00
1.019885825786386091e+00
1.019926381361731416e+00
1.019967023838806108e+00
1.020007749652414919e+00
1.020048555190307127e+00
1.020089436794039628e+00
1.020130390759886208e+00
1.020171413339789890e+00
1.020212500742361250e+00
1.020253649133920693e+00
1.020294854639586024e+00
1.020336113344404660e+00
1.020377421294534237e+00
1.020418774498462522e+00
1.020460168928278843e+00
1.020501600520984820e+00
1.020543065179854381e+00
1.020584558775834205e+00
1.020626077148990785e+00
1.020667616110000342e+00
1.020709171441679830e+00
1.020750738900564336e+00
1.020792314218522012e+00
1.020833893104412082e+00
1.020875471245783483e+00
1.020917044310610589e+00
1.020958607949069563e+00
1.021000157795349583e+00
1.021041689469502689e+00
1.021083198579326723e+00
1.021124680722281797e+00
1.021166131487439621e+00
1.021207546457464144e+00
1.021248921210619498e+00
1.021290251322808151e+00
1.021331532369632367e+00
1.021372759928483198e+00
1.021413929580647917e+00
1.021455036913442749e+00
1.021496077522359824e+00
1.021537047013234556e+00
1.021577941004425005e+00
1.021618755129005240e+00
1.021659485036969128e+00
1.021700126397441011e+00
1.021740674900894152e+00
1.021781126261371409e+00
1.021821476218708113e+00
1.021861720540751861e+00
1.021901855025582506e+00
1.021941875503721953e+00
1.021981777840337502e+00
1.022021557937434988e+00
1.022061211736035924e+00
1.022100735218341550e+00
1.022140124409874229e+00
1.022179375381602195e+00
1.022218484252036763e+00
1.022257447189305335e+00
1.022296260413193991e+00
1.022334920197159658e+00
1.022373422870307635e+00
1.022411764819333380e+00
1.022449942490423203e+00
1.022487952391116117e+00
1.022525791092120162e+00
1.022563455229081431e+00
1.022600941504307137e+00
1.022638246688436059e+00
1.022675367622053688e+00
1.022712301217257425e+00
1.022749044459156931e+00
1.022785594407321419e+00
1.022821948197161657e+00
1.022858103041248468e+00
1.022894056230567728e+00
1.022929805135704306e+00
1.022965347207962505e+00
1.023000679980410332e+00
1.023035801068855832e+00
1.023070708172745702e+00
1.023105399075994182e+00
1.023139871647730681e+00
1.023174123842972350e+00
1.023208153703218937e+00
1.023241959356966380e+00
1.023275539020140013e+00
1.023308890996448950e+00
1.023342013677656315e+00
1.023374905543768421e+00
1.023407565163139354e+00
1.023439991192495402e+00
1.023472182376872874e+00
1.023504137549474002e+00
1.023535855631439562e+00
1.023567335631536013e+00
1.023598576645760483e+00
1.023629577856862038e+00
1.023660338533781244e+00
1.023690858031004236e+00
1.023721135787838854e+00
1.023751171327604848e+00
1.023780964256749471e+00
1.023810514263876037e+00
1.023839821118698978e+00
1.023868884670919410e+00
1.023897704849023427e+00
1.023926281659004012e+00
1.023954615183009453e+00
1.023982705577919372e+00
1.024010553073845919e+00
1.024038157972566587e+00
1.024065520645888627e+00
1.024092641533943526e+00
1.024119521143417311e+00
1.024146160045717568e+00
1.024172558875074746e+00
1.024198718326585045e+00
1.024224639154195371e+00
1.024250322168627658e+00
1.024275768235250794e+00
1.024300978271898366e+00
1.024325953246635112e+00
1.024350694175472309e+00
1.024375202120039186e+00
1.024399478185204604e+00
1.024423523516658996e+00
1.024447339298453663e+00
1.024470926750499888e+00
1.024494287126031633e+00
1.024517421709032927e+00
1.024540331811633287e+00
1.024563018771471157e+00
1.024585483949028264e+00
1.024607728724938216e+00
1.024629754497270451e+00
1.024651562678789762e+00
1.024673154694200949e+00
1.024694531977366818e+00
1.024715695968517748e+00
1.024736648111443493e+00
1.024757389850674105e+00
1.024777922628649307e+00
1.024798247882881430e+00
1.024818367043114797e+00
1.024838281528476447e+00
1.024857992744629520e+00
1.024877502080924874e+00
1.024896810907556244e+00
1.024915920572719408e+00
1.024934832399777340e+00
1.024953547684435140e+00
1.024972067691924504e+00
1.024990393654201526e+00
1.025008526767157591e+00
1.025026468187849815e+00
1.025044219031746362e+00
1.025061780369995290e+00
1.025079153226713835e+00
1.025096338576305444e+00
1.025113337340799458e+00
1.025130150387221883e+00
1.025146778524998137e+00
1.025163222503385763e+00
1.025179483008942904e+00
1.025195560663035632e+00
1.025211456019381240e+00
1.025227169561636620e+00
1.025242701701025716e+00
1.025258052774016271e+00
1.025273223040040538e+00
1.025288212679271282e+00
1.025303021790444413e+00
1.025317650388738233e+00
1.025332098403711312e+00
1.025346365677297200e+00
1.025360451961861097e+00
1.025374356918321350e+00
1.025388080114335354e+00
1.025401621022557386e+00
1.025414979018964834e+00
1.025428153381259921e+00
1.025441143287347812e+00
1.025453947813892874e+00
1.025466565934958219e+00
1.025478996520728936e+00
1.025491238336321942e+00
1.025503290040687077e+00
1.025515150185600577e+00
1.025526817214753583e+00
1.025538289462939900e+00
1.025549565155343235e+00
1.025560642406933232e+00
1.025571519221962546e+00
1.025582193493579375e+00
1.025592663003548344e+00
1.025602925422092415e+00
1.025612978307849144e+00
1.025622819107951944e+00
1.025632445158233486e+00
1.025641853683560534e+00
1.025651041798294472e+00
1.025660006506890820e+00
1.025668744704629987e+00
1.025677253178489901e+00
1.025685528608160979e+00
1.025693567567202535e+00
1.025701366524350400e+00
1.025708921844969090e+00
1.025716229792660306e+00
1.025723286531023959e+00
1.025730088125574424e+00
1.025736630545817096e+00
1.025742909667483715e+00
1.025748921274931558e+00
1.025754661063704720e+00
1.025760124643259941e+00
1.025765307539861837e+00
1.025770205199642238e+00
1.025774812991827822e+00
1.025779126212138959e+00
1.025783140086355072e+00
1.025786849774048548e+00
1.025790250372490497e+00
1.025793336920720833e+00
1.025796104403789322e+00
1.025798547757158730e+00
1.025800661871277164e+00
1.025802441596309844e+00
1.025803881747033630e+00
1.025804977107888316e+00
1.025805722438183132e+00
1.025806112477457344e+00
1.025806141950984518e+00
1.025805805575426000e+00
1.025805098064619392e+00
1.025804014135503150e+00
1.025802548514169743e+00
1.025800695942042706e+00
1.025798451182167614e+00
1.025795809025616068e+00
1.025792764297988935e+00
1.025789311866016851e+00
1.025785446644245980e+00
1.025781163601801493e+00
1.025776457769220773e+00
1.025771324245344118e+00
1.025765758204256528e+00
1.025759754902267451e+00
1.025753309684918513e+00
1.025746417994007231e+00
1.025739075374618281e+00
1.025731277482144765e+00
1.025723020089293502e+00
1.025714299093055004e+00
1.025705110521632601e+00
1.025695450541310283e+00
1.025685315463251035e+00
1.025674701750209472e+00
1.025663606023144769e+00
1.025652025067723017e+00
1.025639955840688122e+00
1.025627395476097270e+00
1.025614341291394727e+00
1.025600790793321782e+00
1.025586741683638170e+00
1.025572191864648319e+00
1.025557139444515542e+00
1.025541582742350410e+00
1.025525520293060211e+00
1.025508950851948153e+00
1.025491873399045684e+00
1.025474287143168795e+00
1.025456191525687011e+00
1.025437586223989728e+00
1.025418471154641908e+00
1.025398846476220704e+00
1.025378712591818342e+00
1.025358070151206391e+00
1.025336920052652978e+00
1.025315263444383174e+00
1.025293101725679445e+00
1.025270436547611741e+00
1.025247269813400752e+00
1.025223603678398820e+00
1.025199440549698249e+00
1.025174783085354591e+00
1.025149634193232462e+00
1.025123997029467215e+00
1.025097874996549807e+00
1.025071271741033296e+00
1.025044191150865425e+00
1.025016637352354376e+00
1.024988614706769052e+00
1.024960127806583632e+00
1.024931181471374186e+00
1.024901780743375124e+00
1.024871930882705673e+00
1.024841637362278401e+00
1.024810905862398647e+00
1.024779742265072624e+00
1.024748152648033095e+00
1.024716143278499247e+00
1.024683720606686110e+00
1.024650891259080820e+00
1.024617662031497289e+00
1.024584039881934583e+00
1.024550031923249893e+00
1.024515645415668086e+00
1.024480887759144920e+00
1.024445766485604370e+00
1.024410289251068473e+00
1.024374463827700588e+00
1.024338298095777144e+00
1.024301800035613441e+00
1.024264977719461456e+00
1.024227839303393894e+00
1.024190393019200895e+00
1.024152647166314045e+00
1.024114610103776357e+00
1.024076290242277532e+00
1.024037696036270928e+00
1.023998835976190680e+00
1.023959718580781608e+00
1.023920352389562805e+00
1.023880745955433991e+00
1.023840907837443304e+00
1.023800846593726055e+00
1.023760570774628675e+00
1.023720088916028725e+00
1.023679409532860962e+00
1.023638541112856792e+00
1.023597492110511098e+00
1.023556270941275104e+00
1.023514885975989719e+00
1.023473345535558465e+00
1.023431657885869095e+00
1.023389831232960567e+00
1.023347873718445822e+00
1.023305793415183018e+00
1.023263598323201018e+00
1.023221296365876887e+00
1.023178895386363862e+00
1.023136403144263795e+00
1.023093827312548942e+00
1.023051175474719354e+00
1.023008455122198290e+00
1.022965673651957674e+00
1.022922838364366260e+00
1.022879956461256512e+00
1.022837035044200871e+00
1.022794081112992526e+00
1.022751101564319809e+00
1.022708103190628215e+00
1.022665092679161614e+00
1.022622076611171771e+00
1.022579061461291516e+00
1.022536053597059569e+00
1.022493059278586358e+00
1.022450084658360181e+00
1.022407135781173482e+00
1.022364218584171924e+00
1.022321338897008269e+00
1.022278502442100168e+00
1.022235714834978548e+00
1.022192981584721938e+00
1.022150308094469384e+00
1.022107699662001545e+00
1.022065161480386841e+00
1.022022698638684002e+00
1.021980316122697685e+00
1.021938018815776505e+00
1.021895811499654139e+00
1.021853698855323955e+00
1.021811685463945407e+00
1.021769775807777503e+00
1.021727974271134487e+00
1.021686285141363060e+00
1.021644712609834471e+00
1.021603260772954602e+00
1.021561933633182262e+00
1.021520735100061916e+00
1.021479668991263523e+00
1.021438739033631027e+00
1.021397948864236849e+00
1.021357302031445258e+00
1.021316801995979517e+00
1.021276452131995027e+00
1.021236255728160902e+00
1.021196215988744438e+00
1.021156336034703571e+00
1.021116618904787998e+00
1.021077067556643403e+00
1.021037684867930340e+00
1.020998473637446224e+00
1.020959436586261759e+00
1.020920576358865572e+00
1.020881895524321958e+00
1.020843396577441275e+00
1.020805081939963888e+00
1.020766953961758317e+00
1.020729014922036271e+00
1.020691267030582328e+00
1.020653712429002269e+00
1.020616353191988956e+00
1.020579191328606417e+00
1.020542228783593242e+00
1.020505467438687752e+00
1.020468909113970479e+00
1.020432555569229738e+00
1.020396408505348074e+00
1.020360469565709138e+00
1.020324740337625880e+00
1.020289222353792491e+00
1.020253917093755458e+00
1.020218825985405697e+00
1.020183950406495121e+00
1.020149291686169857e+00
1.020114851106525666e+00
1.020080629904183578e+00
1.020046629271883054e+00
1.020012850360093815e+00
1.019979294278645199e+00
1.019945962098371295e+00
1.019912854852770501e+00
1.019879973539679963e+00
1.019847319122961338e+00
1.019814892534195661e+00
1.019782694674390644e+00
1.019750726415690867e+00
1.019718988603096843e+00
1.019687482056183425e+00
1.019656207570820428e+00
1.019625165920892584e+00
1.019594357860013289e+00
1.019563784123232564e+00
1.019533445428735030e+00
1.019503342479525232e+00
1.019473475965098075e+00
1.019443846563090394e+00
1.019414454940911652e+00
1.019385301757347762e+00
1.019356387664141383e+00
1.019327713307535133e+00
1.019299279329786589e+00
1.019271086370640234e+00
1.019243135068761852e+00
1.019215426063128094e+00
1.019187959994367176e+00
1.019160737506052072e+00
1.019133759245937298e+00
1.019107025867141747e+00
1.019080538029272454e+00
1.019054296399483972e+00
1.019028301653478685e+00
1.019002554476437172e+00
1.018977055563881517e+00
1.018951805622468898e+00
1.018926805370714339e+00
1.018902055539638862e+00
1.018877556873346357e+00
1.018853310129523182e+00
1.018829316079864711e+00
1.018805575510425498e+00
1.018782089221894616e+00
1.018758858029795711e+00
1.018735882764612688e+00
1.018713164271843219e+00
1.018690703411977871e+00
1.018668501060410847e+00
1.018646558107278999e+00
1.018624875457236900e+00
1.018603454029163302e+00
1.018582294755808526e+00
1.018561398583378796e+00
1.018540766471067283e+00
1.018520399390525188e+00
1.018500298325288655e+00
1.018480464270151487e+00
1.018460898230497236e+00
1.018441601221589554e+00
1.018422574267824343e+00
1.018403818401947936e+00
1.018385334664245079e+00
1.018367124101701382e+00
1.018349187767139785e+00
1.018331526718340596e+00
1.018314142017143542e+00
1.018297034728538275e+00
1.018280205919743997e+00
1.018263656659286198e+00
1.018247388016068733e+00
1.018231401058445229e+00
1.018215696853298269e+00
1.018200276465119902e+00
1.018185140955103485e+00
1.018170291380249060e+00
1.018155728792477843e+00
1.018141454237767807e+00
1.018127468755303910e+00
1.018113773376651654e+00
1.018100369124949056e+00
1.018087257014125502e+00
1.018074438048143016e+00
1.018061913220265735e+00
1.018049683512355141e+00
1.018037749894194377e+00
1.018026113322840764e+00
1.018014774742010298e+00
1.018003735081489003e+00
1.017992995256577604e+00
1.017982556167565278e+00
1.017972418699236714e+00
1.017962583720406489e+00
1.017953052083488519e+00
1.017943824624091942e+00
1.017934902160651189e+00
1.017926285494083150e+00
1.017917975407475417e+00
1.017909972665802076e+00
1.017902278015668793e+00
1.017894892185085887e+00
1.017887815883264935e+00
1.017881049800446691e+00
1.017874594607747429e+00
1.017868450957035042e+00
1.017862619480825348e+00
1.017857100792200153e+00
1.017851895484748415e+00
1.017847004132524713e+00
1.017842427290028606e+00
1.017838165492200631e+00
1.017834219254435180e+00
1.017830589072608483e+00
1.017827275423121236e+00
1.017824278762954560e+00
1.017821599529736609e+00
1.017819238141820293e+00
1.017817194998372754e+00
1.017815470479469298e+00
1.017814064946198638e+00
1.017812978740770813e+00
1.017812212186632426e+00
1.017811765588584549e+00
1.017811639232904408e+00
1.017811833387467058e+00
1.017812348301870395e+00
1.017813184207556176e+00
1.017814341317933469e+00
1.017815819828498114e+00
1.017817619916947081e+00
1.017819741743292816e+00
1.017822185449968053e+00
1.017824951161928393e+00
1.017828038986746009e+00
1.017831449014697576e+00
1.017835181318840210e+00
1.017839235955085408e+00
1.017843612962256117e+00
1.017848312362138685e+00
1.017853334159521062e+00
1.017858678342221879e+00
1.017864344881107552e+00
1.017870333730094057e+00
1.017876644826140931e+00
1.017883278089227961e+00
1.017890233422321433e+00
1.017897510711324838e+00
1.017905109825017362e+00
1.017913030614974845e+00
1.017921272915481179e+00
1.017929836543421285e+00
1.017938721298160543e+00
1.017947926961410454e+00
1.017957453297078096e+00
1.017967300051100477e+00
1.017977466951267562e+00
1.017987953707023774e+00
1.017998760009261705e+00
1.018009885530097414e+00
1.018021329922630613e+00
1.018033092820693319e+00
1.018045173838580952e+00
1.018057572570772562e+00
1.018070288591633732e+00
1.018083321455109269e+00
1.018096670694399908e+00
1.018110335821626578e+00
1.018124316327482459e+00
1.018138611680871275e+00
1.018153221328534919e+00
1.018168144694667099e+00
1.018183381180517433e+00
1.018198930163981331e+00
1.018214790999183439e+00
1.018230963016046209e+00
1.018247445519850247e+00
1.018264237790784454e+00
1.018281339083488168e+00
1.018298748626581762e+00
1.018316465622191025e+00
1.018334489245461771e+00
1.018352818644067792e+00
1.018371452937711918e+00
1.018390391217617763e+00
1.018409632546019461e+00
1.018429175955640531e+00
1.018449020449171849e+00
1.018469164998740739e+00
1.018489608545379177e+00
1.018510349998486220e+00
1.018531388235285551e+00
1.018552722100282804e+00
1.018574350404720441e+00
1.018596271926026864e+00
1.018618485407269070e+00
1.018640989556600651e+00
1.018663783046712901e+00
1.018686864514281920e+00
1.018710232559421058e+00
1.018733885745131351e+00
1.018757822596755069e+00
1.018782041601432820e+00
1.018806541207562422e+00
1.018831319824260895e+00
1.018856375820834659e+00
1.018881707526249070e+00
1.018907313228607947e+00
1.018933191174638875e+00
1.018959339569183165e+00
1.018985756574696033e+00
1.019012440310753442e+00
1.019039388853569816e+00
1.019066600235522868e+00
1.019094072444691745e+00
1.019121803424404060e+00
1.019149791072797573e+00
1.019178033242391423e+00
1.019206527739672907e+00
1.019235272324698682e+00
1.019264264710709966e+00
1.019293502563765497e+00
1.019322983502387148e+00
1.019352705097229084e+00
1.019382664870760236e+00
1.019412860296968093e+00
1.019443288801082481e+00
1.019473947759320653e+00
1.019504834498652368e+00
1.019535946296590279e+00
1.019567280381001417e+00
1.019598833929944881e+00
1.019630604071533941e+00
1.019662587883823912e+00
1.019694782394728882e+00
1.019727184581963986e+00
1.019759791373018754e+00
1.019792599645158226e+00
1.019825606225456038e+00
1.019858807890858587e+00
1.019892201368281404e+00
1.019925783334738600e+00
1.019959550417505856e+00
1.019993499194320030e+00
1.020027626193612313e+00
1.020061927894777565e+00
1.020096400728485175e+00
1.020131041077021239e+00
1.020165845274674243e+00
1.020200809608158288e+00
1.020235930317078488e+00
1.020271203594432796e+00
1.020306625587158678e+00
1.020342192396721970e+00
1.020377900079745936e+00
1.020413744648684062e+00
1.020449722072537924e+00
1.020485828277615914e+00
1.020522059148340599e+00
1.020558410528094928e+00
1.020594878220119073e+00
1.020631457988449231e+00
1.020668145558901951e+00
1.020704936620103975e+00
1.020741826824570264e+00
1.020778811789823326e+00
1.020815887099560282e+00
1.020853048304867672e+00
1.020890290925475785e+00
1.020927610451064060e+00
1.020965002342607342e+00
1.021002462033767877e+00
1.021039984932332390e+00
1.021077566421688898e+00
1.021115201862351052e+00
1.021152886593521991e+00
1.021190615934698620e+00
1.021228385187320731e+00
1.021266189636454769e+00
1.021304024552520673e+00
1.021341885193053800e+00
1.021379766804504818e+00
1.021417664624074906e+00
1.021455573881585588e+00
1.021493489801380328e+00
1.021531407604258312e+00
1.021569322509439770e+00
1.021607229736556821e+00
1.021645124507673419e+00
1.021683002049329714e+00
1.021720857594609733e+00
1.021758686385231707e+00
1.021796483673655498e+00
1.021834244725210894e+00
1.021871964820238787e+00
1.021909639256248559e+00
1.021947263350084789e+00
1.021984832440103741e+00
1.022022341888357833e+00
1.022059787082784554e+00
1.022097163439395606e+00
1.022134466404469366e+00
1.022171691456739584e+00
1.022208834109577635e+00
1.022245889913170558e+00
1.022282854456686207e+00
1.022319723370428868e+00
1.022356492327977540e+00
1.022393157048307799e+00
1.022429713297893894e+00
1.022466156892789524e+00
1.022502483700679088e+00
1.022538689642906951e+00
1.022574770696471624e+00
1.022610722895990865e+00
1.022646542335628350e+00
1.022682225170984172e+00
1.022717767620946461e+00
1.022753165969495726e+00
1.022788416567469216e+00
1.022823515834274444e+00
1.022858460259554070e+00
1.022893246404797951e+00
1.022927870904902781e+00
1.022962330469672221e+00
1.022996621885260193e+00
1.023030742015554218e+00
1.023064687803495243e+00
1.023098456272331758e+00
1.023132044526809503e+00
1.023165449754293466e+00
1.023198669225816815e+00
1.023231700297063229e+00
1.023264540409271728e+00
1.023297187090072224e+00
1.023329637954239590e+00
1.023361890704378441e+00
1.023393943131521766e+00
1.023425793115658733e+00
1.023457438626175886e+00
1.023488877722223966e+00
1.023520108552997243e+00
1.023551129357936684e+00
1.023581938466846086e+00
1.023612534299928711e+00
1.023642915367738659e+00
1.023673080271049862e+00
1.023703027700641810e+00
1.023732756437000901e+00
1.023762265349939415e+00
1.023791553398130993e+00
1.023820619628561968e+00
1.023849463175903862e+00
1.023878083261799743e+00
1.023906479194071295e+00
1.023934650365844856e+00
1.023962596254598401e+00
1.023990316421127922e+00
1.024017810508435877e+00
1.024045078240543472e+00
1.024072119421227001e+00
1.024098933932677813e+00
1.024125521734089883e+00
1.024151882860174556e+00
1.024178017419606013e+00
1.024203925593393461e+00
1.024229607633190042e+00
1.024255063859532910e+00
1.024280294660017354e+00
1.024305300487411641e+00
1.024330081857706354e+00
1.024354639348107998e+00
1.024378973594970876e+00
1.024403085291677673e+00
1.024426975186462307e+00
1.024450644080181494e+00
1.024474092824038784e+00
1.024497322317257542e+00
1.024520333504707947e+00
1.024543127374492713e+00
1.024565704955487488e+00
1.024588067314843531e+00
1.024610215555450843e+00
1.024632150813367337e+00
1.024653874255212926e+00
1.024675387075532074e+00
1.024696690494127704e+00
1.024717785753367583e+00
1.024738674115463155e+00
1.024759356859729298e+00
1.024779835279820306e+00
1.024800110680946563e+00
1.024820184377075671e+00
1.024840057688118922e+00
1.024859731937104446e+00
1.024879208447339041e+00
1.024898488539562891e+00
1.024917573529097403e+00
1.024936464722988827e+00
1.024955163417148984e+00
1.024973670893494671e+00
1.024991988417092603e+00
1.025010117233303486e+00
1.025028058564934952e+00
1.025045813609402057e+00
1.025063383535894879e+00
1.025080769482562548e+00
1.025097972553707271e+00
1.025114993816995668e+00
1.025131834300687661e+00
1.025148494990886672e+00
1.025164976828809582e+00
1.025181280708081566e+00
1.025197407472056899e+00
1.025213357911168410e+00
1.025229132760305362e+00
1.025244732696224848e+00
1.025260158334996508e+00
1.025275410229483652e+00
1.025290488866863026e+00
1.025305394666184755e+00
1.025320127975974049e+00
1.025334689071879524e+00
1.025349078154366378e+00
1.025363295346460202e+00
1.025377340691541184e+00
1.025391214151193164e+00
1.025404915603105760e+00
1.025418444839039545e+00
1.025431801562845857e+00
1.025444985388555441e+00
1.025457995838528369e+00
1.025470832341673688e+00
1.025483494231739456e+00
1.025495980745673830e+00
1.025508291022064977e+00
1.025520424099656491e+00
1.025532378915944065e+00
1.025544154305856104e+00
1.025555749000521155e+00
1.025567161626121493e+00
1.025578390702841514e+00
1.025589434643909392e+00
1.025600291754736215e+00
1.025610960232154145e+00
1.025621438163759835e+00
1.025631723527362427e+00
1.025641814190540346e+00
1.025651707910311572e+00
1.025661402332915806e+00
1.025670894993717441e+00
1.025680183317228877e+00
1.025689264617254182e+00
1.025698136097163538e+00
1.025706794850295367e+00
1.025715237860489903e+00
1.025723462002758435e+00
1.025731464044093766e+00
1.025739240644414130e+00
1.025746788357659645e+00
1.025754103633026215e+00
1.025761182816354200e+00
1.025768022151664294e+00
1.025774617782849507e+00
1.025780965755520135e+00
1.025787062019007267e+00
1.025792902428527498e+00
1.025798482747507290e+00
1.025803798650069876e+00
1.025808845723688023e+00
1.025813619472003557e+00
1.025818115317810975e+00
1.025822328606210920e+00
1.025826254607932864e+00
1.025829888522822975e+00
1.025833225483506084e+00
1.025836260559212176e+00
1.025838988759773418e+00
1.025841405039789933e+00
1.025843504302959674e+00
1.025845281406574827e+00
1.025846731166184078e+00
1.025847848360412762e+00
1.025848627735945318e+00
1.025849064012662515e+00
1.025849151888932997e+00
1.025848886047054265e+00
1.025848261158838204e+00
1.025847271891340062e+00
1.025845912912721980e+00
1.025844178898248860e+00
1.025842064536409914e+00
1.025839564535157233e+00
1.025836673628260476e+00
1.025833386581763484e+00
1.025829698200542150e+00
1.025825603334949765e+00
1.025821096887546080e+00
1.025816173819896093e+00
1.025810829159435889e+00
1.025805058006387771e+00
1.025798855540722698e+00
1.025792217029152242e+00
1.025785137832142535e+00
1.025777613410940425e+00
1.025769639334594974e+00
1.025761211286967178e+00
1.025752325073711946e+00
1.025742976629221204e+00
1.025733162023513945e+00
1.025722877469062544e+00
1.025712119327537586e+00
1.025700884116459211e+00
1.025689168515743876e+00
1.025676969374127667e+00
1.025664283715455039e+00
1.025651108744817908e+00
1.025637441854531096e+00
1.025623280629930356e+00
1.025608622854977448e+00
1.025593466517659369e+00
1.025577809815170660e+00
1.025561651158856336e+00
1.025544989178916566e+00
1.025527822728844907e+00
1.025510150889599625e+00
1.025491972973487043e+00
1.025473288527753324e+00
1.025454097337866299e+00
1.025434399430483090e+00
1.025414195076087553e+00
1.025393484791294441e+00
1.025372269340807385e+00
1.025350549739026063e+00
1.025328327251291860e+00
1.025305603394771392e+00
1.025282379938966759e+00
1.025258658905855658e+00
1.025234442569648463e+00
1.025209733456170502e+00
1.025184534341860410e+00
1.025158848252389898e+00
1.025132678460899616e+00
1.025106028485861742e+00
1.025078902088563115e+00
1.025051303270220648e+00
1.025023236268728155e+00
1.024994705555047902e+00
1.024965715829245116e+00
1.024936272016183647e+00
1.024906379260885236e+00
1.024876042923565489e+00
1.024845268574357871e+00
1.024814061987740388e+00
1.024782429136670503e+00
1.024750376186455370e+00
1.024717909488358281e+00
1.024685035572967751e+00
1.024651761143341666e+00
1.024618093067940050e+00
1.024584038373372641e+00
1.024549604236970612e+00
1.024514797979206859e+00
1.024479627055980613e+00
1.024444099050789037e+00
1.024408221666798902e+00
1.024372002718846320e+00
1.024335450125376301e+00
1.024298571900348342e+00
1.024261376145120916e+00
1.024223871040339517e+00
1.024186064837845134e+00
1.024147965852620912e+00
1.024109582454796330e+00
1.024070923061727090e+00
1.024031996130165822e+00
1.023992810148542265e+00
1.023953373629366892e+00
1.023913695101775989e+00
1.023873783104228163e+00
1.023833646177369605e+00
1.023793292857076764e+00
1.023752731667694427e+00
1.023711971115470742e+00
1.023671019682208305e+00
1.023629885819131946e+00
1.023588577940985900e+00
1.023547104420367226e+00
1.023505473582293490e+00
1.023463693699022681e+00
1.023421772985114941e+00
1.023379719592748760e+00
1.023337541607284962e+00
1.023295247043089162e+00
1.023252843839600246e+00
1.023210339857654860e+00
1.023167742876057051e+00
1.023125060588395696e+00
1.023082300600103522e+00
1.023039470425752828e+00
1.022996577486584791e+00
1.022953629108265039e+00
1.022910632518859053e+00
1.022867594847021611e+00
1.022824523120391405e+00
1.022781424264186168e+00
1.022738305099985867e+00
1.022695172344698866e+00
1.022652032609702832e+00
1.022608892400148850e+00
1.022565758114422740e+00
1.022522636043754041e+00
1.022479532371962208e+00
1.022436453175333604e+00
1.022393404422618834e+00
1.022350391975144213e+00
1.022307421587025589e+00
1.022264498905478547e+00
1.022221629471217419e+00
1.022178818718935789e+00
1.022136071977857164e+00
1.022093394472355588e+00
1.022050791322634211e+00
1.022008267545458260e+00
1.021965828054933523e+00
1.021923477663331692e+00
1.021881221081948343e+00
1.021839062921997110e+00
1.021797007695529391e+00
1.021755059816382261e+00
1.021713223601144360e+00
1.021671503270141113e+00
1.021629902948437474e+00
1.021588426666851124e+00
1.021547078362977867e+00
1.021505861882229249e+00
1.021464780978873721e+00
1.021423839317090021e+00
1.021383040472024106e+00
1.021342387930854523e+00
1.021301885093861550e+00
1.021261535275503896e+00
1.021221341705500496e+00
1.021181307529919424e+00
1.021141435812272569e+00
1.021101729534619196e+00
1.021062191598675728e+00
1.021022824826935071e+00
1.020983631963797711e+00
1.020944615676709022e+00
1.020905778557311905e+00
1.020867123122610076e+00
1.020828651816144017e+00
1.020790367009184685e+00
1.020752271001936329e+00
1.020714366024761510e+00
1.020676654239419667e+00
1.020639137740323665e+00
1.020601818555814777e+00
1.020564698649458979e+00
1.020527779921358569e+00
1.020491064209488208e+00
1.020454553291049171e+00
1.020418248883845358e+00
1.020382152647680396e+00
1.020346266185777173e+00
1.020310591046215576e+00
1.020275128723397984e+00
1.020239880659528087e+00
1.020204848246119012e+00
1.020170032825515882e+00
1.020135435692443027e+00
1.020101058095568280e+00
1.020066901239089052e+00
1.020032966284333931e+00
1.019999254351385609e+00
1.019965766520716022e+00
1.019932503834841242e+00
1.019899467299987261e+00
1.019866657887769978e+00
1.019834076536886069e+00
1.019801724154814515e+00
1.019769601619523236e+00
1.019737709781185053e+00
1.019706049463894537e+00
1.019674621467388187e+00
1.019643426568762612e+00
1.019612465524190492e+00
1.019581739070630544e+00
1.019551247927529047e+00
1.019520992798509162e+00
1.019490974373047809e+00
1.019461193328133897e+00
1.019431650329907013e+00
1.019402346035273244e+00
1.019373281093492345e+00
1.019344456147738276e+00
1.019315871836624421e+00
1.019287528795692399e+00
1.019259427658863348e+00
1.019231569059843467e+00
1.019203953633487147e+00
1.019176582017107702e+00
1.019149454851737691e+00
1.019122572783334846e+00
1.019095936463926932e+00
1.019069546552702654e+00
1.019043403717031726e+00
1.019017508633424995e+00
1.018991861988427061e+00
1.018966464479435619e+00
1.018941316815456410e+00
1.018916419717779354e+00
1.018891773920586497e+00
1.018867380171481374e+00
1.018843239231947972e+00
1.018819351877729762e+00
1.018795718899137448e+00
1.018772341101278567e+00
1.018749219304214471e+00
1.018726354343043150e+00
1.018703747067908782e+00
1.018681398343939337e+00
1.018659309051116679e+00
1.018637480084075619e+00
1.018615912351840791e+00
1.018594606777494693e+00
1.018573564297791112e+00
1.018552785862705035e+00
1.018532272434929276e+00
1.018512024989318920e+00
1.018492044512285366e+00
1.018472332001145730e+00
1.018452888463429851e+00
1.018433714916145538e+00
1.018414812385013191e+00
1.018396181903663766e+00
1.018377824512811447e+00
1.018359741259401652e+00
1.018341933195735294e+00
1.018324401378579047e+00
1.018307146868259849e+00
1.018290170727747412e+00
1.018273474021734515e+00
1.018257057815705746e+00
1.018240923175013801e+00
1.018225071163950890e+00
1.018209502844830583e+00
1.018194219277073875e+00
1.018179221516307464e+00
1.018164510613476015e+00
1.018150087613966193e+00
1.018135953556752904e+00
1.018122109473560855e+00
1.018108556388049202e+00
1.018095295315018856e+00
1.018082327259645092e+00
1.018069653216732817e+00
1.018057274170002469e+00
1.018045191091402124e+00
1.018033404940447362e+00
1.018021916663591542e+00
1.018010727193628062e+00
1.017999837449118594e+00
1.017989248333855734e+00
1.017978960736356076e+00
1.017968975529382814e+00
1.017959293569500323e+00
1.017949915696659158e+00
1.017940842733811913e+00
1.017932075486558396e+00
1.017923614742822114e+00
1.017915461272552280e+00
1.017907615827459589e+00
1.017900079140774627e+00
1.017892851927036713e+00
1.017885934881908039e+00
1.017879328682011142e+00
1.017873033984795228e+00
1.017867051428421155e+00
1.017861381631672391e+00
1.017856025193884850e+00
1.017850982694899820e+00
1.017846254695033537e+00
1.017841841735065866e+00
1.017837744336247630e+00
1.017833963000320363e+00
1.017830498209554513e+00
1.017827350426798061e+00
1.017824520095540031e+00
1.017822007639982873e+00
1.017819813465127732e+00
1.017817937956865038e+00
1.017816381482076427e+00
1.017815144388740878e+00
1.017814227006045957e+00
1.017813629644507056e+00
1.017813352596084409e+00
1.017813396134306547e+00
1.017813760514393540e+00
1.017814445973378668e+00
1.017815452730232995e+00
1.017816780985983716e+00
1.017818430923831841e+00
1.017820402709267213e+00
1.017822696490175094e+00
1.017825312396942516e+00
1.017828250542552659e+00
1.017831511022675883e+00
1.017835093915752109e+00
1.017838999283064316e+00
1.017843227168801157e+00
1.017847777600113801e+00
1.017852650587157903e+00
1.017857846123125576e+00
1.017863364184269592e+00
1.017869204729909605e+00
1.017875367702430367e+00
1.017881853027263972e+00
1.017888660612863205e+00
1.017895790350654694e+00
1.017903242114984952e+00
1.017911015763047988e+00
1.017919111134800714e+00
1.017927528052862352e+00
1.017936266322400529e+00
1.017945325731001827e+00
1.017954706048527669e+00
1.017964407026956231e+00
1.017974428400208131e+00
1.017984769883957030e+00
1.017995431175428012e+00
1.018006411953178425e+00
1.018017711876865405e+00
1.018029330586998515e+00
1.018041267704678177e+00
1.018053522831320556e+00
1.018066095548366690e+00
1.018078985416980498e+00
1.018092191977730376e+00
1.018105714750260127e+00
1.018119553232944119e+00
1.018133706902533131e+00
1.018148175213784423e+00
1.018162957599082041e+00
1.018178053468044464e+00
1.018193462207120259e+00
1.018209183179174193e+00
1.018225215723061350e+00
1.018241559153190146e+00
1.018258212759078907e+00
1.018275175804898680e+00
1.018292447529009603e+00
1.018310027143487506e+00
1.018327913833641851e+00
1.018346106757527458e+00
1.018364605045447790e+00
1.018383407799449580e+00
1.018402514092813904e+00
1.018421922969539706e+00
1.018441633443821548e+00
1.018461644499521812e+00
1.018481955089641122e+00
1.018502564135778998e+00
1.018523470527597619e+00
1.018544673122276922e+00
1.018566170743969712e+00
1.018587962183254536e+00
1.018610046196586127e+00
1.018632421505744956e+00
1.018655086797286557e+00
1.018678040721991307e+00
1.018701281894313304e+00
