1.015878325046326580e+00
1.015885707523657810e+00
1.015893015243730435e+00
1.015900248924340499e+00
1.015907409277262419e+00
1.015914497008358675e+00
1.015921512817682171e+00
1.015928457399577267e+00
1.015935331442775924e+00
1.015942135630491627e+00
1.015948870640506874e+00
1.015955537145263099e+00
1.015962135811939948e+00
1.015968667302537654e+00
1.015975132273953419e+00
1.015981531378054914e+00
1.015987865261751777e+00
1.015994134567063778e+00
1.016000339931184993e+00
1.016006481986547971e+00
1.016012561360880584e+00
1.016018578677265527e+00
1.016024534554192948e+00
1.016030429605610852e+00
1.016036264440975057e+00
1.016042039665293162e+00
1.016047755879168069e+00
1.016053413678838169e+00
1.016059013656214427e+00
1.016064556398913910e+00
1.016070042490292202e+00
1.016075472509472721e+00
1.016080847031370915e+00
1.016086166626720022e+00
1.016091431862089056e+00
1.016096643299902347e+00
1.016101801498453749e+00
1.016106907011919525e+00
1.016111960390366775e+00
1.016116962179761662e+00
1.016121912921973403e+00
1.016126813154775821e+00
1.016131663411846464e+00
1.016136464222764157e+00
1.016141216113002121e+00
1.016145919603921532e+00
1.016150575212760199e+00
1.016155183452620792e+00
1.016159744832455747e+00
1.016164259857052166e+00
1.016168729027010942e+00
1.016173152838729887e+00
1.016177531784378640e+00
1.016181866351878238e+00
1.016186157024874692e+00
1.016190404282713011e+00
1.016194608600410554e+00
1.016198770448628608e+00
1.016202890293643080e+00
1.016206968597315630e+00
1.016211005817062585e+00
1.016215002405825185e+00
1.016218958812037165e+00
1.016222875479596777e+00
1.016226752847833037e+00
1.016230591351477308e+00
1.016234391420632877e+00
1.016238153480745865e+00
1.016241877952577477e+00
1.016245565252175354e+00
1.016249215790848481e+00
1.016252829975142546e+00
1.016256408206816619e+00
1.016259950882821395e+00
1.016263458395280317e+00
1.016266931131470930e+00
1.016270369473810886e+00
1.016273773799844182e+00
1.016277144482229833e+00
1.016280481888735432e+00
1.016283786382230936e+00
1.016287058320686443e+00
1.016290298057172636e+00
1.016293505939863895e+00
1.016296682312046507e+00
1.016299827512126441e+00
1.016302941873643118e+00
1.016306025725286499e+00
1.016309079390916192e+00
1.016312103189584093e+00
1.016315097435561920e+00
1.016318062438370085e+00
1.016320998502810991e+00
1.016323905929005900e+00
1.016326785012435341e+00
1.016329636043980855e+00
1.016332459309972958e+00
1.016335255092239320e+00
1.016338023668158952e+00
1.016340765310716154e+00
1.016343480288560919e+00
1.016346168866068433e+00
1.016348831303405031e+00
1.016351467856593249e+00
1.016354078777582881e+00
1.016356664314318703e+00
1.016359224710819298e+00
1.016361760207247666e+00
1.016364271039991607e+00
1.016366757441741209e+00
1.016369219641571009e+00
1.016371657865020151e+00
1.016374072334177203e+00
1.016376463267762764e+00
1.016378830881215833e+00
1.016381175386778857e+00
1.016383496993582991e+00
1.016385795907736700e+00
1.016388072332410353e+00
1.016390326467924377e+00
1.016392558511833855e+00
1.016394768659016457e+00
1.016396957101757259e+00
1.016399124029833345e+00
1.016401269630597959e+00
1.016403394089064438e+00
1.016405497587987483e+00
1.016407580307944425e+00
1.016409642427413607e+00
1.016411684122854764e+00
1.016413705568783188e+00
1.016415706937845220e+00
1.016417688400891528e+00
1.016419650127048158e+00
1.016421592283784925e+00
1.016423515036984027e+00
1.016425418551002879e+00
1.016427302988739401e+00
1.016429168511690850e+00
1.016431015280012895e+00
1.016432843452575563e+00
1.016434653187017201e+00
1.016436444639795766e+00
1.016438217966237900e+00
1.016439973320585111e+00
1.016441710856038849e+00
1.016443430724802255e+00
1.016445133078119234e+00
1.016446818066312208e+00
1.016448485838816751e+00
1.016450136544214899e+00
1.016451770330263127e+00
1.016453387343924097e+00
1.016454987731389092e+00
1.016456571638104434e+00
1.016458139208791245e+00
1.016459690587465658e+00
1.016461225917457467e+00
1.016462745341424112e+00
1.016464249001365339e+00
1.016465737038635631e+00
1.016467209593953536e+00
1.016468666807410992e+00
1.016470108818479767e+00
1.016471535766017453e+00
1.016472947788270575e+00
1.016474345022877923e+00
1.016475727606871882e+00
1.016477095676677322e+00
1.016478449368111603e+00
1.016479788816381236e+00
1.016481114156079002e+00
1.016482425521180177e+00
1.016483723045035870e+00
1.016485006860368134e+00
1.016486277099262647e+00
1.016487533893160933e+00
1.016488777372852148e+00
1.016490007668465090e+00
1.016491224909457980e+00
1.016492429224609140e+00
1.016493620742006554e+00
1.016494799589037878e+00
1.016495965892379338e+00
1.016497119777984626e+00
1.016498261371074685e+00
1.016499390796124391e+00
1.016500508176853446e+00
1.016501613636214163e+00
1.016502707296379260e+00
1.016503789278731862e+00
1.016504859703853070e+00
1.016505918691511745e+00
1.016506966360653408e+00
1.016508002829389135e+00
1.016509028214985122e+00
1.016510042633853139e+00
1.016511046201539425e+00
1.016512039032715808e+00
1.016513021241170378e+00
