1.020844609376626577e+00
1.020854274768424830e+00
1.020863840245931131e+00
1.020873306836546313e+00
1.020882675557150288e+00
1.020891947414218848e+00
1.020901123403940902e+00
1.020910204512330166e+00
1.020919191715339958e+00
1.020928085978972888e+00
1.020936888259389219e+00
1.020945599503015888e+00
1.020954220646651978e+00
1.020962752617571745e+00
1.020971196333628983e+00
1.020979552703357829e+00
1.020987822626071573e+00
1.020996006991963689e+00
1.021004106682201762e+00
1.021012122569025404e+00
1.021020055515838854e+00
1.021027906377305783e+00
1.021035675999439229e+00
1.021043365219692189e+00
1.021050974867048433e+00
1.021058505762107771e+00
1.021065958717175093e+00
1.021073334536344301e+00
1.021080634015583133e+00
1.021087857942817312e+00
1.021095007098010932e+00
1.021102082253249055e+00
1.021109084172816761e+00
1.021116013613278417e+00
1.021122871323555836e+00
1.021129658045004440e+00
1.021136374511490530e+00
1.021143021449464339e+00
1.021149599578035971e+00
1.021156109609048013e+00
1.021162552247147026e+00
1.021168928189854830e+00
1.021175238127640883e+00
1.021181482743989566e+00
1.021187662715470790e+00
1.021193778711805944e+00
1.021199831395938507e+00
1.021205821424095994e+00
1.021211749445859684e+00
1.021217616104227677e+00
1.021223422035678174e+00
1.021229167870234988e+00
1.021234854231529265e+00
1.021240481736860994e+00
1.021246050997261623e+00
1.021251562617554232e+00
1.021257017196412820e+00
1.021262415326423589e+00
1.021267757594141345e+00
1.021273044580150113e+00
1.021278276859118872e+00
1.021283454999859730e+00
1.021288579565383436e+00
1.021293651112956447e+00
1.021298670194154212e+00
1.021303637354918248e+00
1.021308553135608532e+00
1.021313418071057910e+00
1.021318232690625827e+00
1.021322997518249176e+00
1.021327713072496257e+00
1.021332379866617401e+00
1.021336998408596264e+00
1.021341569201200672e+00
1.021346092742032585e+00
1.021350569523578056e+00
1.021355000033256299e+00
1.021359384753467880e+00
1.021363724161644448e+00
1.021368018730295812e+00
1.021372268927057236e+00
1.021376475214736734e+00
1.021380638051362144e+00
1.021384757890225981e+00
1.021388835179933618e+00
1.021392870364445926e+00
1.021396863883126560e+00
1.021400816170785486e+00
1.021404727657722944e+00
1.021408598769774079e+00
1.021412429928352239e+00
1.021416221550491388e+00
1.021419974048889845e+00
1.021423687831951810e+00
1.021427363303830216e+00
1.021431000864466920e+00
1.021434600909635559e+00
1.021438163830981738e+00
1.021441690016063664e+00
1.021445179848392781e+00
1.021448633707472631e+00
1.021452051968839703e+00
1.021455435004101631e+00
1.021458783180977381e+00
1.021462096863334112e+00
1.021465376411226700e+00
1.021468622180934815e+00
1.021471834525002453e+00
1.021475013792272124e+00
1.021478160327924156e+00
1.021481274473512890e+00
1.021484356567002205e+00
1.021487406942803489e+00
1.021490425931808499e+00
1.021493413861427557e+00
1.021496371055622854e+00
1.021499297834944420e+00
1.021502194516564321e+00
1.021505061414310411e+00
1.021507898838700967e+00
1.021510707096978443e+00
1.021513486493141443e+00
1.021516237327980470e+00
1.021518959899107681e+00
1.021521654500991527e+00
1.021524321424988946e+00
1.021526960959375785e+00
1.021529573389380108e+00
1.021532158997212614e+00
1.021534718062098168e+00
1.021537250860307111e+00
1.021539757665184567e+00
1.021542238747182196e+00
1.021544694373887285e+00
1.021547124810052942e+00
1.021549530317627852e+00
1.021551911155785142e+00
1.021554267580950581e+00
1.021556599846833668e+00
1.021558908204453608e+00
1.021561192902168624e+00
1.021563454185704378e+00
1.021565692298180394e+00
1.021567907480139370e+00
1.021570099969572043e+00
1.021572270001945837e+00
1.021574417810231505e+00
1.021576543624928224e+00
1.021578647674091567e+00
1.021580730183358376e+00
1.021582791375972299e+00
1.021584831472809984e+00
1.021586850692405957e+00
1.021588849250977482e+00
1.021590827362449660e+00
1.021592785238479628e+00
1.021594723088480539e+00
1.021596641119646431e+00
1.021598539536975547e+00
1.021600418543294087e+00
1.021602278339278858e+00
1.021604119123481258e+00
1.021605941092349479e+00
1.021607744440252485e+00
1.021609529359500224e+00
1.021611296040368266e+00
1.021613044671117354e+00
1.021614775438017375e+00
1.021616488525367794e+00
1.021618184115518524e+00
1.021619862388892797e+00
1.021621523524006037e+00
1.021623167697487622e+00
1.021624795084101089e+00
1.021626405856765007e+00
1.021628000186571850e+00
1.021629578242808645e+00
1.021631140192976961e+00
1.021632686202810891e+00
1.021634216436298370e+00
1.021635731055698493e+00
1.021637230221561055e+00
1.021638714092744760e+00
1.021640182826435872e+00
1.021641636578167534e+00
1.021643075501835973e+00
1.021644499749718937e+00
1.021645909472494562e+00
1.021647304819257140e+00
1.021648685937535994e+00
1.021650052973310352e+00
1.021651406071029111e+00
1.021652745373625493e+00
1.021654071022534360e+00
1.021655383157708430e+00
1.021656681917634035e+00
1.021657967439348447e+00
1.021659239858454082e+00
1.021660499309135606e+00
1.021661745924174358e+00
