1.025501956751873944e+00
1.025514713564456448e+00
1.025527334990810946e+00
1.025539822468021001e+00
1.025552177417992095e+00
1.025564401247607282e+00
1.025576495348885508e+00
1.025588461099133930e+00
1.025600299861102460e+00
1.025612012983132315e+00
1.025623601799308782e+00
1.025635067629607988e+00
1.025646411780043454e+00
1.025657635542812862e+00
1.025668740196440609e+00
1.025679727005920583e+00
1.025690597222858269e+00
1.025701352085609308e+00
1.025711992819418050e+00
1.025722520636554780e+00
1.025732936736451162e+00
1.025743242305833913e+00
1.025753438518858252e+00
1.025763526537239789e+00
1.025773507510383098e+00
1.025783382575512714e+00
1.025793152857798374e+00
1.025802819470483351e+00
1.025812383515008808e+00
1.025821846081136579e+00
1.025831208247073301e+00
1.025840471079590088e+00
1.025849635634143775e+00
1.025858702954995039e+00
1.025867674075325642e+00
1.025876550017357225e+00
1.025885331792461663e+00
1.025894020401281193e+00
1.025902616833835657e+00
1.025911122069638637e+00
1.025919537077805144e+00
1.025927862817161973e+00
1.025936100236356729e+00
1.025944250273964187e+00
1.025952313858592646e+00
1.025960291908988964e+00
1.025968185334142246e+00
1.025975995033387544e+00
1.025983721896507106e+00
1.025991366803830296e+00
1.025998930626335293e+00
1.026006414225746344e+00
1.026013818454631465e+00
1.026021144156500142e+00
1.026028392165897474e+00
1.026035563308500764e+00
1.026042658401211671e+00
1.026049678252249242e+00
1.026056623661242284e+00
1.026063495419319960e+00
1.026070294309201270e+00
1.026077021105284981e+00
1.026083676573735559e+00
1.026090261472573317e+00
1.026096776551758127e+00
1.026103222553276240e+00
1.026109600211222883e+00
1.026115910251888641e+00
1.026122153393839387e+00
1.026128330347999773e+00
1.026134441817733611e+00
1.026140488498923586e+00
1.026146471080051858e+00
1.026152390242276669e+00
1.026158246659511608e+00
1.026164040998501781e+00
1.026169773918899963e+00
1.026175446073340769e+00
1.026181058107517030e+00
1.026186610660252185e+00
1.026192104363573110e+00
1.026197539842783168e+00
1.026202917716532159e+00
1.026208238596888478e+00
1.026213503089408174e+00
1.026218711793203342e+00
1.026223865301012506e+00
1.026228964199266791e+00
1.026234009068156761e+00
1.026239000481700137e+00
1.026243939007805750e+00
1.026248825208339932e+00
1.026253659639189575e+00
1.026258442850325636e+00
1.026263175385867088e+00
1.026267857784142645e+00
1.026272490577751606e+00
1.026277074293625358e+00
1.026281609453087995e+00
1.026286096571915607e+00
1.026290536160394229e+00
1.026294928723380462e+00
1.026299274760357427e+00
1.026303574765492277e+00
1.026307829227692814e+00
1.026312038630664558e+00
1.026316203452963816e+00
1.026320324168054521e+00
1.026324401244361084e+00
1.026328435145323015e+00
1.026332426329447545e+00
1.026336375250361588e+00
1.026340282356865252e+00
1.026344148092980468e+00
1.026347972898005168e+00
1.026351757206561022e+00
1.026355501448644736e+00
1.026359206049676231e+00
1.026362871430547496e+00
1.026366498007672323e+00
1.026370086193031606e+00
1.026373636394222411e+00
1.026377149014503942e+00
1.026380624452843504e+00
1.026384063103962907e+00
1.026387465358382656e+00
1.026390831602468134e+00
1.026394162218472239e+00
1.026397457584580453e+00
1.026400718074953478e+00
1.026403944059770978e+00
1.026407135905272217e+00
1.026410293973800236e+00
1.026413418623841611e+00
1.026416510210068633e+00
1.026419569083379280e+00
1.026422595590937625e+00
1.026425590076214034e+00
1.026428552879024014e+00
1.026431484335566857e+00
1.026434384778465603e+00
1.026437254536803234e+00
1.026440093936161979e+00
1.026442903298659504e+00
1.026445682942986659e+00
1.026448433184443454e+00
1.026451154334975691e+00
1.026453846703209827e+00
1.026456510594489391e+00
1.026459146310909176e+00
1.026461754151351213e+00
1.026464334411516299e+00
1.026466887383961080e+00
1.026469413358129135e+00
1.026471912620385396e+00
1.026474385454049232e+00
1.026476832139425532e+00
1.026479252953838017e+00
1.026481648171660765e+00
1.026484018064349080e+00
1.026486362900471461e+00
1.026488682945739805e+00
1.026490978463040271e+00
1.026493249712462585e+00
1.026495496951331354e+00
1.026497720434233374e+00
1.026499920413048716e+00
1.026502097136978930e+00
1.026504250852575684e+00
1.026506381803768075e+00
1.026508490231892612e+00
1.026510576375718298e+00
1.026512640471476390e+00
1.026514682752885932e+00
1.026516703451180401e+00
1.026518702795136351e+00
1.026520681011096503e+00
1.026522638322997949e+00
1.026524574952396796e+00
1.026526491118493700e+00
1.026528387038159407e+00
1.026530262925959391e+00
1.026532118994177623e+00
1.026533955452841873e+00
1.026535772509747924e+00
1.026537570370481989e+00
1.026539349238445809e+00
1.026541109314878630e+00
1.026542850798881856e+00
1.026544573887439915e+00
1.026546278775444021e+00
1.026547965655714822e+00
1.026549634719022830e+00
1.026551286154112175e+00
1.026552920147720815e+00
1.026554536884602964e+00
1.026556136547548626e+00
1.026557719317407358e+00
1.026559285373105368e+00
1.026560834891669050e+00
