1.019677168844581372e+00
1.019729494511421475e+00
1.019781841440344117e+00
1.019834201970874599e+00
1.019886568393172599e+00
1.019938932953616373e+00
1.019991287860508855e+00
1.020043625289893230e+00
1.020095937391476859e+00
1.020148216294654242e+00
1.020200454114617017e+00
1.020252642958550560e+00
1.020304774931900083e+00
1.020356842144705123e+00
1.020408836717986656e+00
1.020460750790179061e+00
1.020512576523599613e+00
1.020564306110941732e+00
1.020615931781782670e+00
1.020667445809093632e+00
1.020718840515744352e+00
1.020770108280987465e+00
1.020821241546911784e+00
1.020872232824854731e+00
1.020923074701761246e+00
1.020973759846476314e+00
1.021024281015960433e+00
1.021074631061416049e+00
1.021124802934314291e+00
1.021174789692306462e+00
1.021224584505013633e+00
1.021274180659678787e+00
1.021323571566673083e+00
1.021372750764842907e+00
1.021421711926685960e+00
1.021470448863350589e+00
1.021518955529442607e+00
1.021567226027629394e+00
1.021615254613036816e+00
1.021663035697424782e+00
1.021710563853132081e+00
1.021757833816786309e+00
1.021804840492765987e+00
1.021851578956408435e+00
1.021898044456959198e+00
1.021944232420251009e+00
1.021990138451110086e+00
1.022035758335483102e+00
1.022081088042279040e+00
1.022126123724919733e+00
1.022170861722600410e+00
1.022215298561249819e+00
1.022259430954191917e+00
1.022303255802506250e+00
1.022346770195083021e+00
1.022389971408371068e+00
1.022432856905824972e+00
1.022475424337042194e+00
1.022517671536595341e+00
1.022559596522562675e+00
1.022601197494752867e+00
1.022642472832631544e+00
1.022683421092949629e+00
1.022724041007075257e+00
1.022764331478039246e+00
1.022804291577288138e+00
1.022843920541160134e+00
1.022883217767081021e+00
1.022922182809489655e+00
1.022960815375499433e+00
1.022999115320295971e+00
1.023037082642288098e+00
1.023074717478008822e+00
1.023112020096778707e+00
1.023148990895139443e+00
1.023185630391065803e+00
1.023221939217959120e+00
1.023257918118437582e+00
1.023293567937929582e+00
1.023328889618073667e+00
1.023363884189944617e+00
1.023398552767103453e+00
1.023432896538491566e+00
1.023466916761167411e+00
1.023500614752904880e+00
1.023533991884657324e+00
1.023567049572900789e+00
1.023599789271861127e+00
1.023632212465640956e+00
1.023664320660253368e+00
1.023696115375571480e+00
1.023727598137205597e+00
1.023758770468321533e+00
1.023789633881398764e+00
1.023820189869957265e+00
1.023850439900242826e+00
1.023880385402898163e+00
1.023910027764619368e+00
1.023939368319814580e+00
1.023968408342271097e+00
1.023997149036845133e+00
1.024025591531182000e+00
1.024053736867479136e+00
1.024081585994303101e+00
1.024109139758469400e+00
1.024136398896999367e+00
1.024163364029161416e+00
1.024190035648612662e+00
1.024216414115647122e+00
1.024242499649567151e+00
1.024268292321185214e+00
1.024293792045471996e+00
1.024318998574360595e+00
1.024343911489718151e+00
1.024368530196500648e+00
1.024392853916101354e+00
1.024416881679905078e+00
1.024440612323063604e+00
1.024464044478504698e+00
1.024487176571186264e+00
1.024510006812613172e+00
1.024532533195628092e+00
1.024554753489490766e+00
1.024576665235261697e+00
1.024598265741503145e+00
1.024619552080313412e+00
1.024640521083708844e+00
1.024661169340368438e+00
1.024681493192759252e+00
1.024701488734652610e+00
1.024721151809051545e+00
1.024740478006544109e+00
1.024759462664094789e+00
1.024778100864294661e+00
1.024796387435083611e+00
1.024814316949957060e+00
1.024831883728678505e+00
1.024849081838507647e+00
1.024865905095961649e+00
1.024882347069124178e+00
1.024898401080512889e+00
1.024914060210523559e+00
1.024929317301459974e+00
1.024944164962164894e+00
1.024958595573259190e+00
1.024972601293006047e+00
1.024986174063803768e+00
1.024999305619320955e+00
1.025011987492276289e+00
1.025024211022875775e+00
1.025035967367906364e+00
1.025047247510491477e+00
1.025058042270513337e+00
1.025068342315698100e+00
1.025078138173363573e+00
1.025087420242826841e+00
1.025096178808467595e+00
1.025104404053434282e+00
1.025112086073992401e+00
1.025119214894491648e+00
1.025125780482948556e+00
1.025131772767218452e+00
1.025137181651744722e+00
1.025141997034857866e+00
1.025146208826602567e+00
1.025149806967063704e+00
1.025152781445162642e+00
1.025155122317889411e+00
1.025156819729934998e+00
1.025157863933686020e+00
1.025158245309539584e+00
1.025157954386494819e+00
1.025156981862971772e+00
1.025155318627813283e+00
1.025152955781411634e+00
1.025149884656910704e+00
1.025146096841422771e+00
1.025141584197205358e+00
1.025136338882731479e+00
1.025130353373597814e+00
1.025123620483199050e+00
1.025116133383110473e+00
1.025107885623102622e+00
1.025098871150732505e+00
1.025089084330431444e+00
1.025078519962028478e+00
1.025067173298639833e+00
1.025055040063856726e+00
1.025042116468158682e+00
1.025028399224500397e+00
1.025013885562989113e+00
1.024998573244608524e+00
1.024982460573912180e+00
1.024965546410644190e+00
1.024947830180218178e+00
1.024929311883014726e+00
1.024909992102442491e+00
1.024889872011723657e+00
1.024868953379359349e+00
1.024847238573250552e+00
