1.020508853440724728e+00
1.020536330929602276e+00
1.020558194546421937e+00
1.020572287996750482e+00
1.020577292740165509e+00
1.020573230533778020e+00
1.020561617615168837e+00
1.020545183390893840e+00
1.020527275456828420e+00
1.020511190602321872e+00
1.020499636583413139e+00
1.020494415257724885e+00
1.020496329606001451e+00
1.020505284217035236e+00
1.020520532268831992e+00
1.020540990370470080e+00
1.020565510667819975e+00
1.020593006465305486e+00
1.020622390640692378e+00
1.020652379476278959e+00
1.020681290689846588e+00
1.020706988730568865e+00
1.020727090096941403e+00
1.020739437950269002e+00
1.020742713375671240e+00
1.020736938000285754e+00
1.020723628189064369e+00
1.020705513675161491e+00
1.020685942475161978e+00
1.020668211781208923e+00
1.020655029647097756e+00
1.020648198073528468e+00
1.020648520016278926e+00
1.020655899888051499e+00
1.020669590578565433e+00
1.020688508344784307e+00
1.020711504958059290e+00
1.020737493346203006e+00
1.020765386003252395e+00
1.020793898799299271e+00
1.020821348992285493e+00
1.020845600526936625e+00
1.020864269390440393e+00
1.020875198295896347e+00
1.020877068024653056e+00
1.020869900103987149e+00
1.020855211011399977e+00
1.020835730755621951e+00
1.020814807704533589e+00
1.020795739384940060e+00
1.020781234097274837e+00
1.020773093960607447e+00
1.020772121910538122e+00
1.020778222215520614e+00
1.020790647529142614e+00
1.020808313819896007e+00
1.020830072551994760e+00
1.020854836343979333e+00
1.020881517374685465e+00
1.020908831176355447e+00
1.020935094631719497e+00
1.020958171276159732e+00
1.020975676684381828e+00
1.020985453210317750e+00
1.020986181394415437e+00
1.020977882688014038e+00
1.020962073662871061e+00
1.020941484550786704e+00
1.020919464000051846e+00
1.020899309800488597e+00
1.020883730441180637e+00
1.020874528124330993e+00
1.020872505756542203e+00
1.020877567478456927e+00
1.020888965744290111e+00
1.020905616284231154e+00
1.020926370312601250e+00
1.020950140199542222e+00
1.020975837873434600e+00
1.021002178599969223e+00
1.021027478966804125e+00
1.021049602187748206e+00
1.021066163513710823e+00
1.021075005017202386e+00
1.021074807050851074e+00
1.021065591008185169e+00
1.021048873536266388e+00
1.021027385041262114e+00
1.021004474387251726e+00
1.020983439561743644e+00
1.020966989188876184e+00
1.020956925519986846e+00
1.020954051421491648e+00
1.020958270917004862e+00
1.020968836290131687e+00
1.020984663073893017e+00
1.021004602281033513e+00
1.021027566085845883e+00
1.021052466222933885e+00
1.021078017753933587e+00
1.021102537041006508e+00
1.021123887051435863e+00
1.021139682786911029e+00
1.021147766102741716e+00
1.021146817206513013e+00
1.021136857447248802e+00
1.021119403529960667e+00
1.021097185993700807e+00
1.021073553864448424e+00
1.021051805273762714e+00
1.021034648937614087e+00
1.021023887129890895e+00
1.021020322669201619e+00
1.021023859472472539e+00
1.021033749677522140e+00
1.021048908654820231e+00
1.021068187255701698e+00
1.021090497501943917e+00
1.021114750980788966e+00
1.021139662600640596e+00
1.021163548554327560e+00
1.021184271622748829e+00
1.021199446617674367e+00
1.021206915227806045e+00
1.021205357548854442e+00
1.021194794894976443e+00
1.021176744014661741e+00
1.021153935546884384e+00
1.021129718637702410e+00
1.021107391522219743e+00
1.021089662976981893e+00
1.021078335281012439e+00
1.021074211202922077e+00
1.021077194564715462e+00
1.021086537380996750e+00
1.021101154889094254e+00
1.021119897811715749e+00
1.021141678052448043e+00
1.021165407087118782e+00
1.021189799709741219e+00
1.021213171986518287e+00
1.021233386557660827e+00
1.021248058090088895e+00
1.021255028144287147e+00
1.021252976729105644e+00
1.021241925130848216e+00
1.021223390130285402e+00
1.021200102441537361e+00
1.021175411300095703e+00
1.021152615016037046e+00
1.021134422405971964e+00
1.021122635744826868e+00
1.021118057753862107e+00
1.021120592173242914e+00
1.021129490915022364e+00
1.021143669108264485e+00
1.021161977373342689e+00
1.021183327521980599e+00
1.021206630945245220e+00
1.021230602351031580e+00
1.021253557709909998e+00
1.021273359554760951e+00
1.021287622440808951e+00
1.021294187828734490e+00
1.021291735659101363e+00
1.021280287195594383e+00
1.021261359243099687e+00
1.021237682573019168e+00
1.021212606488738572e+00
1.021189429356187839e+00
1.021170860019766202e+00
1.021158700747030412e+00
1.021153754217725584e+00
1.021155924103616996e+00
1.021164462232730941e+00
1.021178283646654972e+00
1.021196238884208407e+00
1.021217239685033418e+00
1.021240197374630565e+00
1.021263826594691171e+00
1.021286443241981923e+00
1.021305909765831021e+00
1.021319840633750697e+00
1.021326077227441731e+00
1.021323299432962628e+00
1.021311528495438159e+00
1.021292281238165511e+00
1.021268288477249486e+00
1.021242899569158702e+00
1.021219412923252357e+00
1.021200537404946207e+00
1.021188075274746865e+00
1.021182829178113538e+00
1.021184702731153804e+00
1.021192947693952524e+00
1.021206479037709114e+00
1.021224147235971547e+00
1.021244863971045191e+00
1.021267540516550998e+00
1.021290891461851036e+00
