1.021249824938689432e+00
1.021281524279539443e+00
1.021310114721974749e+00
1.021335378197857358e+00
1.021357112074526619e+00
1.021375133851537109e+00
1.021389285679295877e+00
1.021399438529968728e+00
1.021405495854694534e+00
1.021407396574650406e+00
1.021405117276893204e+00
1.021398673518243871e+00
1.021388120180090286e+00
1.021373550861295776e+00
1.021355096342262403e+00
1.021332922197220494e+00
1.021307225670570640e+00
1.021278231963715033e+00
1.021246190099056594e+00
1.021211368536588893e+00
1.021174050715714987e+00
1.021134530681631514e+00
1.021093108933814220e+00
1.021050088606368700e+00
1.021005772059182082e+00
1.020960457927663656e+00
1.020914438649836775e+00
1.020867998464423110e+00
1.020821411853457539e+00
1.020774942388326112e+00
1.020728841928749686e+00
1.020683350119535815e+00
1.020638694129060831e+00
1.020595088575450227e+00
1.020552735590415816e+00
1.020511824975905757e+00
1.020472534414538668e+00
1.020435029700802243e+00
1.020399464965933811e+00
1.020365982875118593e+00
1.020334714781082841e+00
1.020305780823261621e+00
1.020279289966530500e+00
1.020255339977959697e+00
1.020234017344192834e+00
1.020215397135851410e+00
1.020199542828796879e+00
1.020186506095107415e+00
1.020176326579225634e+00
1.020169031676848803e+00
1.020164636335738173e+00
1.020163142898632636e+00
1.020164541008865555e+00
1.020168807598981875e+00
1.020175906981623193e+00
1.020185791060152614e+00
1.020198399673860390e+00
1.020213661089181434e+00
1.020231492644161575e+00
1.020251801548529347e+00
1.020274485836281109e+00
1.020299435461854642e+00
1.020326533524956503e+00
1.020355657603182031e+00
1.020386681166013831e+00
1.020419475038892632e+00
1.020453908882064997e+00
1.020489852646139006e+00
1.020527177964820398e+00
1.020565759445350107e+00
1.020605475818704200e+00
1.020646210914618379e+00
1.020687854430826658e+00
1.020730302471330786e+00
1.020773457834831532e+00
1.020817230041301205e+00
1.020861535091827310e+00
1.020906294963997318e+00
1.020951436852003846e+00
1.020996892167157055e+00
1.021042595320466484e+00
1.021088482314369328e+00
1.021134489175533400e+00
1.021180550265017528e+00
1.021226596505994566e+00
1.021272553572849073e+00
1.021318340088792631e+00
1.021363865882235933e+00
1.021409030354993863e+00
1.021453721017869576e+00
1.021497812251050075e+00
1.021541164347808284e+00
1.021583622899862265e+00
1.021625018580949451e+00
1.021665167381303974e+00
1.021703871339282088e+00
1.021740919806951808e+00
1.021776091273759235e+00
1.021809155756256526e+00
1.021839877742415359e+00
1.021868019656706927e+00
1.021893345787592500e+00
1.021915626593492554e+00
1.021934643278107790e+00
1.021950192502901533e+00
1.021962091085507396e+00
1.021970180519747196e+00
1.021974331147557979e+00
1.021974445816808741e+00
1.021970462872522578e+00
1.021962358352396905e+00
1.021950147289899746e+00
1.021933884067841358e+00
1.021913661809642271e+00
1.021889610841423934e+00
1.021861896302055372e+00
1.021830715017077562e+00
1.021796291783024779e+00
1.021758875228907737e+00
1.021718733430363457e+00
1.021676149449170401e+00
1.021631416957522909e+00
1.021584836084628467e+00
1.021536709595418646e+00
1.021487339480303458e+00
1.021437024003756688e+00
1.021386055230472767e+00
1.021334717022709837e+00
1.021283283482331328e+00
1.021232017796415814e+00
1.021181171435919577e+00
1.021130983652204449e+00
1.021081681215366244e+00
1.021033478340317213e+00
1.020986576750572361e+00
1.020941165834885034e+00
1.020897422857701020e+00
1.020855513190401576e+00
1.020815590536257478e+00
1.020777797127728315e+00
1.020742263880178413e+00
1.020709110491194282e+00
1.020678445479493046e+00
1.020650366161877098e+00
1.020624958570843122e+00
1.020602297319242124e+00
1.020582445421826190e+00
1.020565454086537649e+00
1.020551362491000980e+00
1.020540197561783380e+00
1.020531973775606005e+00
1.020526693002691276e+00
1.020524344412840900e+00
1.020524904464544358e+00
1.020528336996384677e+00
1.020534593438207960e+00
1.020543613156900342e+00
1.020555323948194815e+00
1.020569642681743883e+00
1.020586476101806861e+00
1.020605721780453834e+00
1.020627269214356758e+00
1.020651001050215223e+00
1.020676794417957112e+00
1.020704522345286636e+00
1.020734055222255243e+00
1.020765262280565633e+00
1.020798013049514896e+00
1.020832178749055519e+00
1.020867633580475164e+00
1.020904255876762923e+00
1.020941929077712418e+00
1.020980542499154264e+00
1.021019991871138011e+00
1.021060179626192888e+00
1.021101014925658745e+00
1.021142413419217077e+00
1.021184296739907404e+00
1.021226591743818801e+00
1.021269229510148202e+00
1.021312144123307286e+00
1.021355271264161590e+00
1.021398546642346084e+00
1.021441904305946613e+00
1.021485274868771942e+00
1.021528583699032211e+00
1.021571749116576777e+00
1.021614680648947449e+00
1.021657277399325103e+00
1.021699426581924586e+00
1.021741002282277488e+00
1.021781864500908243e+00
1.021821858538747296e+00
1.021860814780853222e+00
1.021898548931125861e+00
1.021934862744251937e+00
1.021969545291703696e+00
1.022002374785886181e+00
1.022033120970410103e+00
1.022061548065005043e+00
