1.020617557046337165e+00
1.020652362183256612e+00
1.020683288026315250e+00
1.020709655890272405e+00
1.020730846295703653e+00
1.020746339500667288e+00
1.020755753526754184e+00
1.020758875510628272e+00
1.020755682690837940e+00
1.020746350477063302e+00
1.020731246690083971e+00
1.020710912903518564e+00
1.020686035483349574e+00
1.020657410057890901e+00
1.020625903543601165e+00
1.020592417484352588e+00
1.020557855510814571e+00
1.020523096493313631e+00
1.020488973765087515e+00
1.020456259875830440e+00
1.020425655812507326e+00
1.020397783485114784e+00
1.020373180424942294e+00
1.020352295957038358e+00
1.020335488473642194e+00
1.020323023770208115e+00
1.020315074662604848e+00
1.020311722260063725e+00
1.020312959314812806e+00
1.020318696005921177e+00
1.020328768349122228e+00
1.020342949173479230e+00
1.020360961299317637e+00
1.020382492231693972e+00
1.020407209400067350e+00
1.020434774778261833e+00
1.020464857650022150e+00
1.020497144365745790e+00
1.020531344161804244e+00
1.020567190457288831e+00
1.020604437458927372e+00
1.020642852342128926e+00
1.020682203689410539e+00
1.020722247225800405e+00
1.020762710179450528e+00
1.020803275811640098e+00
1.020843569803415285e+00
1.020883150248665050e+00
1.020921502963593852e+00
1.020958043643186652e+00
1.020992128031510848e+00
1.021023070687339329e+00
1.021050172111091170e+00
1.021072752995711097e+00
1.021090193280448144e+00
1.021101972695059423e+00
1.021107708796452851e+00
1.021107188327623261e+00
1.021100388207716536e+00
1.021087483599928847e+00
1.021068842145648858e+00
1.021045005296598029e+00
1.021016659342140809e+00
1.020984599865795817e+00
1.020949693757694288e+00
1.020912842541685794e+00
1.020874949824440714e+00
1.020836894440169562e+00
1.020799509667796201e+00
1.020763567980150555e+00
1.020729770261753711e+00
1.020698738292488583e+00
1.020671009444420463e+00
1.020647032853312375e+00
1.020627166691543186e+00
1.020611676504085574e+00
1.020600734826215827e+00
1.020594422457618666e+00
1.020592731813905418e+00
1.020595572713106414e+00
1.020602780788878228e+00
1.020614128471190263e+00
1.020629338168731248e+00
1.020648096967067042e+00
1.020670071872908036e+00
1.020694924438269258e+00
1.020722323529521081e+00
1.020751955086677043e+00
1.020783527944168156e+00
1.020816775127901810e+00
1.020851450459404397e+00
1.020887320735175852e+00
1.020924154162764719e+00
1.020961706093468591e+00
1.020999703380240264e+00
1.021037828905344336e+00
1.021075707965352519e+00
1.021112898263604851e+00
1.021148885220358071e+00
1.021183084131408236e+00
1.021214850342119229e+00
1.021243498018261198e+00
1.021268327279431842e+00
1.021288658457244480e+00
1.021303871156641341e+00
1.021313444807119941e+00
1.021316996705097679e+00
1.021314313376544103e+00
1.021305371568181464e+00
1.021290346313707964e+00
1.021269605163568350e+00
1.021243689510470620e+00
1.021213285608546073e+00
1.021179189021043099e+00
1.021142266624135875e+00
1.021103419926238098e+00
1.021063552510619088e+00
1.021023543175131998e+00
1.020984225145848967e+00
1.020946370823983873e+00
1.020910681002415998e+00
1.020877777348849769e+00
1.020848197102661503e+00
1.020822389246831996e+00
1.020800711781591374e+00
1.020783430061403596e+00
1.020770716413969659e+00
1.020762651415929589e+00
1.020759227246308853e+00
1.020760353475260729e+00
1.020765865479832168e+00
1.020775535427441483e+00
1.020789085461213164e+00
1.020806202401060236e+00
1.020826552990703684e+00
1.020849798524244179e+00
1.020875607617119041e+00
1.020903665966668816e+00
1.020933682173483792e+00
1.020965389038311244e+00
1.020998540165384938e+00
1.021032902140403653e+00
1.021068242964831008e+00
1.021104317786621696e+00
1.021140853256147452e+00
1.021177532052102377e+00
1.021213979265164440e+00
1.021249752389738807e+00
1.021284336634153966e+00
1.021317147080204712e+00
1.021347538859019410e+00
1.021374825924611152e+00
1.021398308190749393e+00
1.021417305793085095e+00
1.021431198154536757e+00
1.021439464540301545e+00
1.021441722103267891e+00
1.021437757248545353e+00
1.021427546625105931e+00
1.021411265190865780e+00
1.021389280439794378e+00
1.021362133723528132e+00
1.021330511265811314e+00
1.021295208605146110e+00
1.021257092593742755e+00
1.021217064712542477e+00
1.021176028510378586e+00
1.021134862741178928e+00
1.021094400575982331e+00
1.021055414349012480e+00
1.021018604773965777e+00
1.020984593427361364e+00
1.020953917445881931e+00
1.020927025698981527e+00
1.020904276063336225e+00
1.020885933760740549e+00
1.020872170978118554e+00
1.020863068144357788e+00
1.020858617285008929e+00
1.020858727812429478e+00
1.020863234943075515e+00
1.020871910682612071e+00
1.020884477012924840e+00
1.020900620594854313e+00
1.020920008016747760e+00
1.020942300422345905e+00
1.020967166282745975e+00
1.020994291157591771e+00
1.021023383516613370e+00
1.021054176036299665e+00
1.021086422202576394e+00
1.021119888487798555e+00
1.021154342783814784e+00
1.021189540131316464e+00
1.021225207074385910e+00
1.021261026185131149e+00
1.021296622446328684e+00
1.021331553242496470e+00
1.021365303669873104e+00
1.021397288696263228e+00
